763730
 648852
 626895
 706857
 651198
 763722
 406669
 964695
 769663
 1023498
 766716
 107110
 593028
 1009603
 527527
 542235
 208489
 1062197
 707510
 964283
 984138
 704258
 676324
 1084168
 101257
 744595
 26970
 1006275
 326240
 962025
 320062
 931376
 1090593
 441629
 193859
 516608
 333264
 76986
 368863
 575317
 704233
 977938
 753163
 679264
 298929
 951829
 165460
 994105
 855615
 1053583
 506588
 770766
 82735
 290012
 664972
 398194
 775899
 168414
 981004
 50602
 523310
 319675
 466971
 1007248
 602249
 486355
 107960
 592729
 386600
 340984
 293446
 50681
 185778
 180651
 281340
 344569
 725602
 697866
 171237
 550530
 1014027
 487784
 477396
 899757
 102328
 882641
 343074
 927192
 609766
 775794
 313488
 175570
 786705
 235305
 250421
 587539
 1066540
 771132
 175668
 623877
 410042
 282784
 877968
 476542
 222476
 373048
 65255
 340283
 546149
 672306
 840614
 711473
 555618
 1043541
 529413
 385698
 917502
 58472
 543483
 198253
 247181
 431905
 568955
 591273
 68780
 572841
 641896
 206829
 661066
 878218
 1014026
 897170
 79573
 150493
 618260
 1032341
 482611
 258603
 57476
 403157
 956721
 853042
 719781
 365167
 614795
 883520
 315095
 118414
 302636
 957568
 773325
 908789
 552463
 28576
 1004859
 964809
 8317
 97037
 173809
 617982
 487970
 523008
 361044
 883952
 1033251
 1014356
 529575
 13389
 548420
 629388
 66358
 855816
 149079
 614713
 959999
 1039329
 685557
 32153
 201597
 26016
 797053
 153619
 937151
 824491
 746588
 473630
 237723
 1087901
 961402
 1057143
 971898
 823003
 11528
 862233
 981833
 288845
 508919
 201633
 190671
 304619
 677639
 585439
 1067337
 495664
 692951
 441427
 1026202
 396535
 291466
 498064
 486217
 967473
 206029
 491027
 558992
 711611
 1352
 371059
 2235
 252832
 484356
 226808
 927505
 787777
 461448
 132968
 677303
 460843
 1040676
 560965
 594428
 130171
 53126
 574514
 198932
 191751
 965737
 247077
 215706
 544521
 835150
 481356
 626002
 522886
 940771
 213111
 148632
 850533
 520410
 188779
 859919
 477209
 176100
 552871
 22887
 1097801
 776193
 423004
 1074380
 548110
 522499
 597372
 113237
 395335
 909989
 524501
 409450
 626912
 78769
 685186
 680176
 942581
 507129
 409522
 146854
 390701
 866704
 79503
 777948
 539372
 968614
 367755
 652550
 600224
 976303
 1055632
 31107
 369700
 143066
 813419
 867894
 1065600
 623084
 888667
 1025701
 633474
 1092847
 528415
 478459
 702882
 311772
 135805
 325871
 6593
 242942
 764941
 1016536
 962672
 619447
 174552
 124345
 686705
 791632
 242205
 939835
 782037
 425320
 478156
 107960
 552062
 819676
 925610
 1051650
 1021045
 459206
 989753
 237402
 1090146
 654083
 674304
 527025
 945948
 253358
 141087
 143872
 672716
 539997
 153957
 512379
 538369
 832418
 180061
 457223
 197952
 383748
 783110
 159866
 175369
 1079097
 618816
 325095
 1097197
 254681
 699534
 1039051
 1036125
 557498
 289690
 1004604
 269815
 474905
 698199
 831943
 717460
 1011370
 919508
 436485
 448312
 1029113
 1092375
 301631
 66957
 743525
 645248
 145014
 810122
 429444
 155183
 906930
 1069542
 285152
 984903
 208200
 985049
 1049160
 296597
 771341
 895630
 589842
 876284
 563370
 441760
 1033303
 161542
 814527
 448482
 408319
 1016990
 915867
 875298
 61304
 472319
 522640
 579825
 994753
 853292
 607552
 1055991
 1093565
 59709
 1012022
 1005169
 780158
 618275
 124097
 298156
 144376
 99971
 455933
 859484
 926841
 995088
 470733
 218595
 379866
 645367
 1084686
 45005
 564078
 499598
 789540
 271173
 107515
 837085
 974646
 402896
 300595
 687080
 239083
 533485
 704671
 1050302
 453476
 799300
 1063831
 960525
 689565
 961060
 486169
 740118
 422370
 465950
 436488
 514453
 235360
 13982
 161977
 1079716
 987470
 892058
 198701
 575036
 407939
 20320
 130912
 446693
 151254
 618516
 520649
 27567
 90364
 626318
 181787
 455943
 224720
 580664
 643888
 665207
 856638
 891321
 873132
 291837
 388320
 529479
 310595
 1011443
 165153
 705929
 762501
 592158
 542656
 660138
 479147
 210077
 168653
 691394
 984506
 289224
 112209
 657501
 874956
 190378
 571380
 12491
 448895
 814596
 959521
 136192
 584650
 536149
 1072018
 27926
 905626
 405818
 551528
 428083
 323356
 672296
 969298
 260031
 366964
 473906
 978231
 765354
 407517
 31307
 1006714
 846921
 192705
 1083834
 880509
 106981
 865117
 313549
 610270
 433403
 31157
 745817
 161026
 1035409
 368240
 897805
 890146
 826579
 114186
 229802
 310406
 968814
 82523
 494159
 921816
 518473
 729959
 767171
 891595
 1052963
 172284
 1086094
 1010069
 15750
 296044
 927706
 1041643
 456177
 721396
 431247
 632488
 934485
 229900
 112099
 1013195
 553094
 431358
 83643
 829354
 631698
 557411
 55683
 750070
 892988
 332016
 654957
 373937
 146880
 617132
 104854
 744868
 577369
 462984
 947934
 27423
 959888
 807017
 737738
 693863
 626054
 722115
 127755
 96482
 209930
 1028476
 78234
 114284
 315816
 650651
 762213
 467958
 622385
 83706
 226736
 583530
 962139
 585274
 647921
 669777
 6419
 848321
 433245
 1012613
 722959
 331670
 192110
 1088752
 548261
 698720
 689565
 407714
 514883
 175970
 869947
 563274
 56614
 982895
 13869
 123767
 974568
 346183
 502161
 258675
 880390
 680904
 996149
 869632
 990353
 229543
 504786
 162406
 452336
 566983
 745349
 121186
 156642
 676218
 523567
 394752
 181685
 782930
 587492
 958052
 224186
 212721
 461252
 434337
 624740
 922686
 1020745
 542037
 683248
 624729
 641152
 1026711
 483788
 218240
 653266
 720222
 181622
 659860
 1011946
 301051
 991561
 610853
 144052
 659974
 789826
 151800
 1098102
 275841
 739947
 55500
 425116
 1039939
 499466
 108022
 17830
 537477
 1034
 716763
 182778
 81794
 164638
 531731
 68930
 645255
 87703
 802550
 51090
 757379
 126624
 262675
 280537
 507906
 358079
 493774
 414922
 713456
 851457
 340855
 601635
 483077
 158137
 606642
 585552
 141322
 998748
 783211
 1052033
 227119
 674976
 598624
 312536
 753672
 994447
 847461
 692677
 41268
 449371
 492752
 78710
 969649
 348302
 825792
 958554
 845327
 969174
 31632
 277722
 1043356
 1017708
 996377
 859279
 189868
 948623
 125170
 856286
 52107
 110278
 441423
 766864
 628467
 656743
 442816
 637574
 276569
 1042983
 896349
 620993
 502261
 686823
 1096403
 513141
 462625
 41930
 314083
 172674
 624817
 1052763
 496062
 549834
 223290
 416011
 706909
 9430
 14566
 453720
 572820
 395835
 74715
 337823
 275600
 263441
 321729
 21128
 583180
 212297
 267744
 51153
 1038408
 191334
 704987
 328505
 188684
 712300
 718137
 906999
 248637
 995376
 124650
 454113
 880613
 283156
 703394
 931248
 730886
 449718
 39321
 336205
 342983
 410911
 526585
 436116
 471950
 170373
 274455
 287343
 209379
 836322
 671673
 972155
 197234
 807770
 1023586
 694293
 127497
 553448
 932353
 349297
 926597
 667984
 127031
 62104
 59444
 358478
 607416
 244189
 107246
 44135
 758255
 10538
 411952
 218480
 517804
 462064
 145754
 374324
 1097682
 208607
 986975
 677454
 1063813
 23732
 552904
 717808
 430904
 1054077
 603187
 652777
 1032527
 353891
 1039930
 611607
 857081
 819523
 223202
 655665
 233292
 618961
 983478
 460215
 671340
 1076531
 118465
 894569
 793674
 1061315
 1069373
 131543
 623168
 824807
 286132
 663971
 619634
 393816
 865360
 603605
 986903
 210569
 856895
 370433
 241183
 865516
 680546
 309602
 206216
 897179
 893093
 104261
 777266
 9867
 991979
 395569
 261550
 986426
 262124
 427391
 621944
 475360
 424291
 412527
 86332
 450398
 296839
 855602
 501019
 432360
 654728
 542107
 234546
 339885
 938514
 743755
 213537
 447697
 1018679
 613535
 293439
 965701
 737226
 974057
 297301
 800613
 865184
 216198
 470965
 654739
 999457
 693551
 265504
 678002
 81513
 192017
 90628
 631775
 888951
 976843
 1063880
 101205
 555506
 176448
 641018
 387638
 649084
 510745
 796635
 9268
 1064498
 802963
 693936
 157873
 83710
 658724
 103267
 719620
 520921
 459762
 499121
 522628
 537235
 147063
 253812
 1039263
 898470
 204072
 300849
 594535
 550407
 47153
 784272
 896685
 585564
 406004
 788517
 416381
 843507
 971320
 1032983
 158731
 432666
 818832
 524852
 202080
 482894
 739111
 602398
 614096
 468059
 379418
 331728
 8394
 853483
 338184
 470788
 1058510
 48255
 133878
 1031922
 136572
 62297
 674563
 963964
 129137
 14073
 172432
 337256
 172132
 973192
 739594
 889220
 320247
 609901
 867458
 936213
 843509
 996538
 292493
 762128
 103127
 35247
 939858
 114226
 848812
 516078
 450160
 41476
 1084534
 231249
 650393
 977452
 766818
 530059
 820845
 920249
 127997
 691919
 581484
 739809
 784116
 276170
 395405
 1011319
 812332
 417354
 364592
 155219
 233463
 529580
 181324
 809272
 276131
 846865
 834684
 486330
 336198
 74209
 203080
 828630
 541060
 121622
 574127
 1007717
 173132
 152129
 500522
 158579
 427513
 670591
 244283
 923987
 78303
 501958
 517563
 932528
 348572
 64302
 1016462
 548342
 1079091
 857780
 888808
 392393
 245527
 39449
 1063290
 885277
 57050
 184994
 867078
 596491
 19345
 550571
 1042048
 92500
 612246
 989071
 211406
 572400
 219320
 207952
 871904
 791294
 768212
 113181
 911673
 240225
 342324
 103165
 938538
 23291
 110823
 121741
 178890
 1020848
 1087273
 712506
 627180
 472529
 767847
 868395
 406829
 212418
 69727
 735734
 587185
 421301
 612209
 733261
 911595
 467213
 218820
 822395
 85646
 867752
 516399
 91806
 360540
 487218
 82848
 912131
 825674
 94493
 754783
 44203
 561331
 951796
 947273
 350079
 447081
 826590
 648696
 177689
 945686
 629868
 687347
 424662
 866742
 161203
 1000027
 186991
 890922
 347868
 158114
 763412
 647730
 940902
 411585
 580304
 563133
 960799
 331300
 66777
 960466
 919864
 665651
 460477
 752162
 1044363
 804604
 598616
 596871
 152848
 502236
 758598
 1027669
 1089060
 498076
 869539
 253079
 882509
 234067
 844206
 1002357
 762640
 1014384
 647082
 155899
 89414
 770930
 348321
 458171
 230817
 149700
 303679
 560163
 226037
 46842
 927565
 819623
 945886
 197016
 666315
 846304
 14194
 578693
 348105
 218218
 369991
 326625
 362270
 527503
 950822
 121348
 986988
 10332
 718739
 151769
 62210
 594267
 693175
 661179
 932357
 903362
 740724
 657537
 435143
 717361
 500757
 380502
 835973
 500049
 512358
 741899
 1067182
 747582
 407763
 1042462
 787946
 96087
 339529
 128434
 941925
 332914
 838858
 213077
 1007534
 545407
 927058
 146800
 995980
 226131
 106733
 465321
 480341
 51825
 1003888
 952584
 623585
 798642
 186269
 1054703
 157921
 827802
 726511
 786797
 910271
 677659
 214307
 552463
 324439
 1023477
 316323
 419799
 234493
 896475
 1072434
 925303
 138673
 198719
 121324
 720125
 806538
 97416
 506856
 939534
 683060
 1032958
 1096053
 515909
 1095840
 911640
 395722
 112120
 535935
 301795
 682218
 130027
 39884
 947802
 473793
 460223
 188423
 100988
 117404
 1095144
 976924
 690052
 762046
 323539
 638749
 53908
 235715
 427004
 544686
 721035
 22232
 71969
 878389
 9472
 367554
 750541
 101321
 155470
 775998
 236176
 653421
 624034
 1036992
 22521
 934977
 637312
 611681
 752228
 917538
 445147
 1052825
 740313
 669101
 586426
 14809
 294102
 572371
 520574
 814780
 1079476
 821517
 943910
 730747
 52211
 19657
 366147
 161009
 428651
 386739
 608296
 459593
 1005157
 905658
 438509
 848181
 149548
 961463
 871657
 528076
 96588
 448481
 273698
 611682
 589082
 264327
 179357
 647546
 677593
 176242
 806373
 27801
 265389
 434879
 900211
 167978
 868010
 242856
 679113
 225505
 56311
 33147
 969131
 866519
 1027133
 205786
 863791
 789244
 62122
 473862
 77824
 566130
 941216
 369709
 609172
 40789
 525337
 1022011
 141884
 911078
 342252
 983967
 160777
 69594
 133976
 906753
 118267
 363935
 628135
 524302
 961401
 153926
 74797
 463479
 560262
 340221
 410028
 364265
 277703
 457780
 690667
 943933
 560003
 767680
 1031659
 529051
 478865
 982810
 354920
 673121
 68950
 652633
 961454
 806656
 992519
 485404
 1043352
 53651
 1090213
 153166
 287514
 880112
 332235
 897811
 548322
 76138
 628837
 953466
 646954
 396304
 142858
 11949
 16841
 500170
 1094201
 752132
 574259
 705099
 377501
 682671
 61183
 360687
 237838
 542015
 192799
 448904
 477582
 538984
 845079
 849184
 236111
 378984
 617882
 592822
 1002595
 92324
 1071626
 1075981
 812688
 298933
 666533
 674654
 144679
 175250
 407905
 482025
 578586
 720228
 611679
 711188
 939984
 639674
 768378
 90706
 978723
 137004
 431749
 140975
 541697
 57733
 779827
 654096
 855909
 902758
 203083
 107573
 976647
 683837
 289626
 141831
 564221
 345779
 583504
 385123
 515966
 807528
 982955
 830616
 954525
 68230
 274128
 569082
 30747
 474433
 882095
 271742
 540732
 705028
 923285
 115594
 752680
 691367
 844474
 342196
 895900
 1093447
 525601
 306606
 886940
 135652
 511926
 1028459
 267468
 855982
 108372
 134151
 478356
 225795
 889298
 899349
 634703
 700935
 217891
 405600
 837562
 632307
 626543
 478653
 995721
 63349
 1032649
 400618
 251168
 99163
 625159
 510598
 323636
 505261
 273964
 791478
 511611
 1087675
 465372
 146219
 194938
 776175
 210932
 1043016
 1059972
 568065
 179179
 637816
 402797
 33559
 280696
 602209
 907554
 292210
 897075
 616419
 922196
 778837
 873676
 809741
 754589
 935146
 584309
 122612
 61364
 31482
 232959
 77050
 101721
 894777
 490210
 644671
 50137
 465302
 143182
 941296
 991674
 94471
 171167
 83571
 198114
 546735
 540167
 141303
 978707
 9939
 1756
 362985
 101651
 871072
 791414
 141139
 246316
 148045
 680088
 330774
 874480
 1005820
 458311
 1053431
 768207
 328890
 254117
 854649
 630383
 1056603
 298020
 583809
 927378
 1039323
 966371
 115056
 643757
 801940
 876133
 28029
 289168
 567850
 25641
 647057
 696036
 1046759
 585182
 706985
 470836
 1052809
 62444
 654813
 481211
 600584
 154623
 199554
 1046638
 988426
 123122
 582097
 897947
 64231
 147530
 884487
 271176
 597813
 324395
 972159
 810568
 778391
 619173
 743758
 960630
 211693
 242898
 916898
 1044493
 386067
 48392
 366778
 893520
 136913
 355377
 1018581
 880608
 1023238
 727301
 359557
 91581
 96100
 669934
 482929
 311096
 154740
 321402
 828674
 708280
 311195
 1049848
 669536
 465067
 739566
 714911
 101305
 303088
 141444
 505154
 172926
 252186
 647830
 953651
 898445
 822611
 902267
 594847
 66012
 291530
 235906
 542705
 74236
 63003
 631557
 512782
 1063371
 1096765
 759929
 427298
 997838
 277286
 972423
 425480
 711454
 491346
 288531
 203267
 8987
 1076625
 311130
 532981
 1078203
 200521
 13904
 564933
 92550
 151524
 66273
 483935
 836081
 125610
 505426
 174324
 410413
 381416
 633155
 1073310
 1083998
 876342
 815013
 697795
 139993
 698864
 854782
 512030
 69611
 39980
 758188
 283739
 229970
 95695
 481840
 709500
 882520
 587577
 659678
 654869
 60353
 602645
 155275
 618887
 955543
 144967
 542361
 1026640
 857999
 394530
 816284
 425999
 623616
 103787
 918647
 64709
 285369
 522934
 86908
 211340
 327752
 440595
 475441
 396669
 569111
 602554
 896721
 126303
 518201
 969776
 46596
 468235
 807732
 386317
 222995
 83936
 902639
 208349
 871208
 684427
 522229
 56120
 1080781
 96937
 171805
 439099
 460252
 126055
 580192
 23838
 884969
 784154
 1033400
 270567
 923951
 862840
 814365
 536182
 233440
 561729
 1086997
 1069812
 439545
 912902
 17490
 45363
 20883
 986062
 983013
 481521
 789753
 976050
 669225
 795846
 913396
 893925
 159183
 248053
 726041
 460644
 411289
 712341
 353309
 1035591
 257661
 1044240
 566867
 136721
 873768
 1054445
 631849
 343695
 985598
 48039
 754682
 1024949
 694838
 762018
 624439
 796135
 717519
 128679
 98429
 1010620
 155410
 163279
 458906
 36930
 710335
 270453
 138509
 104195
 80585
 700750
 342570
 1077071
 314061
 143272
 610809
 97311
 386248
 97795
 471396
 364373
 720741
 774313
 306941
 480799
 164583
 120349
 181102
 171635
 80335
 683228
 893638
 37392
 505262
 1040848
 796444
 564635
 27041
 571132
 729540
 563373
 370055
 692858
 581017
 685269
 751375
 890509
 639474
 555878
 975010
 645318
 408374
 763037
 734773
 516572
 224150
 797419
 1091732
 937903
 62106
 960736
 918470
 840688
 478382
 58061
 1095200
 93841
 947272
 136135
 994356
 1028802
 510791
 804847
 784727
 311127
 1087082
 503658
 515619
 307859
 87984
 633847
 303835
 84264
 998626
 225928
 811798
 666423
 707744
 467161
 2778
 5843
 68791
 863312
 885412
 875429
 271753
 687750
 561332
 686862
 511342
 626305
 212018
 1021711
 847617
 842764
 143915
 840941
 1026354
 425090
 81252
 560920
 37361
 78574
 1088698
 160251
 432678
 724754
 393142
 430178
 146107
 591607
 679911
 246296
 575922
 775660
 1016546
 735069
 602363
 16020
 149081
 478363
 6674
 624230
 1061892
 1036441
 750841
 622003
 1067295
 289021
 4788
 365834
 274940
 863794
 602102
 486986
 730213
 167456
 591473
 377914
 769367
 252351
 250966
 31025
 543744
 854369
 672059
 1095136
 717890
 592881
 956535
 243308
 126397
 862821
 123548
 587196
 502638
 1014755
 620955
 219157
 356324
 996140
 1073629
 590714
 665657
 596309
 961143
 430071
 511890
 676201
 924148
 66082
 814424
 620271
 845527
 113497
 649756
 512523
 402796
 118386
 409962
 559532
 159857
 720115
 873061
 98414
 488306
 487982
 533474
 491185
 243115
 954135
 789870
 1080975
 993470
 962945
 698559
 203670
 1077487
 666462
 1480
 982776
 448606
 281303
 82206
 322340
 819992
 357198
 298312
 486918
 86838
 814643
 697214
 239239
 534336
 699182
 708121
 640113
 171702
 212588
 635195
 718105
 276834
 468307
 114784
 1049007
 385360
 229465
 551517
 408098
 433305
 408144
 1004871
 339137
 671266
 552577
 960023
 135050
 89867
 882710
 1006802
 967302
 214838
 698294
 907870
 975271
 967044
 191265
 371035
 590559
 574618
 866822
 671792
 265084
 337495
 857587
 837409
 633587
 211581
 8677
 723930
 1038409
 42272
 969037
 683289
 1007317
 193625
 647422
 717806
 980818
 938640
 1006592
 629185
 998005
 512198
 763466
 235447
 38491
 327915
 534615
 85684
 24928
 397588
 780584
 102861
 206709
 1063704
 191958
 1079355
 53019
 146181
 632096
 694125
 214308
 949790
 529621
 649780
 823829
 328465
 479198
 73127
 982336
 794622
 268487
 902173
 511128
 532293
 599340
 820980
 283468
 175152
 558957
 630050
 289757
 16230
 183951
 332169
 904341
 1068706
 456232
 596441
 374066
 100872
 45446
 724069
 890820
 184829
 818122
 819214
 858000
 903331
 52919
 1025599
 432919
 627945
 508044
 79084
 38351
 1027263
 685095
 847101
 298301
 586490
 691751
 94026
 727159
 352709
 439859
 107879
 438873
 471891
 160358
 616891
 340482
 853625
 352707
 686702
 902397
 33165
 1085415
 228528
 952299
 221111
 779778
 530575
 628201
 410817
 31188
 729953
 458424
 669616
 284354
 775322
 618634
 252349
 221540
 920
 587105
 320375
 666936
 663690
 146646
 493189
 451062
 85692
 586904
 565964
 197590
 969653
 656867
 783584
 398824
 411468
 252079
 968086
 758807
 639542
 941450
 405433
 659000
 349344
 660161
 28825
 80228
 700645
 1058736
 282061
 636744
 976217
 183421
 522122
 956898
 223793
 384383
 202443
 788139
 91995
 289593
 151850
 533838
 51860
 908736
 835840
 10343
 203212
 111693
 587784
 924535
 951577
 183936
 51771
 378397
 40413
 325617
 512558
 185823
 724513
 37682
 98816
 1051205
 922033
 152506
 272954
 353025
 430264
 692387
 598933
 766068
 906337
 959009
 803704
 385717
 51020
 727126
 1005292
 1070732
 708533
 883862
 527311
 937754
 182832
 187453
 296464
 1098966
 318092
 378096
 675236
 90514
 710525
 97548
 471315
 524509
 93236
 970407
 229836
 532439
 177295
 705895
 817166
 336273
 823734
 768834
 898484
 791646
 1074276
 173795
 528776
 935698
 718506
 317019
 1085858
 272446
 606788
 29574
 226273
 381641
 565040
 822617
 160444
 213476
 1059927
 449316
 412609
 734355
 195245
 579632
 946376
 522922
 834273
 1074116
 43290
 292973
 245467
 108119
 443892
 569061
 329596
 944137
 603769
 326938
 1008731
 965483
 364797
 656236
 369070
 621053
 156444
 632267
 94035
 311192
 569970
 83266
 146280
 830397
 598955
 609441
 142797
 989132
 1064362
 227628
 374456
 738521
 925367
 204381
 873040
 753303
 1052133
 142262
 636688
 592891
 193246
 758902
 267999
 868808
 234663
 1098231
 162766
 1039148
 47106
 556257
 487765
 49613
 670265
 459149
 1079447
 853204
 8852
 485882
 253940
 474981
 909858
 887541
 902140
 313174
 135110
 220495
 731066
 920951
 763518
 91666
 913481
 453919
 537197
 307945
 559008
 924561
 246876
 999267
 448800
 423459
 33751
 703540
 811878
 806726
 367780
 137358
 410746
 573250
 902169
 19936
 98060
 586888
 687600
 47925
 805930
 903697
 319058
 731932
 548801
 859197
 125366
 518802
 402037
 814071
 648784
 875007
 127313
 327792
 97086
 38133
 376105
 280165
 123691
 471086
 388431
 419183
 376143
 439316
 886354
 966209
 371951
 78332
 641196
 674041
 435702
 700822
 907028
 265436
 240906
 733062
 81238
 16017
 583794
 813639
 338512
 327014
 187769
 805957
 391769
 224719
 521511
 870556
 792513
 716146
 11603
 173589
 206184
 847620
 112905
 529859
 618851
 41174
 732911
 33699
 792930
 57723
 89330
 770663
 494037
 81683
 553911
 771175
 719912
 223961
 991864
 733913
 452072
 608070
 917550
 1066194
 809265
 1020666
 361413
 186254
 976437
 1070386
 477346
 472086
 174082
 507177
 564632
 531974
 879909
 280804
 842014
 368973
 763473
 1002360
 890465
 488606
 374894
 404979
 151434
 94834
 794452
 829117
 678324
 228277
 123522
 916671
 248188
 251886
 555730
 382903
 248284
 266550
 1047023
 534880
 442170
 338312
 300678
 185439
 347455
 332989
 939116
 714746
 261236
 801982
 666523
 824314
 1034095
 14287
 939833
 185092
 511535
 190564
 881738
 538525
 187218
 343410
 953658
 129532
 385966
 774609
 900251
 195983
 39251
 711946
 740899
 966029
 580750
 665010
 89914
 1002458
 497988
 1021207
 1033259
 250266
 1064169
 594726
 244200
 563476
 286658
 79241
 903272
 14290
 134695
 856761
 849497
 924932
 1082485
 1007250
 906572
 827289
 800242
 288924
 808828
 469381
 650779
 777921
 7480
 413008
 849239
 27385
 52078
 184307
 307223
 13347
 588254
 23608
 654708
 776586
 1099922
 121985
 600391
 430479
 994192
 544635
 7752
 581973
 915690
 263452
 505323
 1032211
 1090418
 980001
 1099113
 990666
 197448
 700278
 979729
 869846
 42819
 513861
 641110
 459637
 1019237
 847410
 349201
 949585
 941004
 202923
 472858
 557409
 561312
 624632
 912159
 339569
 7677
 862430
 1027056
 195389
 590160
 871469
 778262
 534807
 790577
 818521
 732549
 503339
 401932
 730499
 1065294
 969846
 367241
 290977
 763847
 244287
 113701
 793046
 938047
 400557
 575360
 806419
 147351
 560811
 657536
 675465
 231779
 363341
 662654
 540508
 660764
 72222
 568996
 76080
 698241
 988288
 823681
 966160
 54047
 1076892
 273349
 509845
 874493
 637682
 641680
 987316
 689492
 1064880
 326928
 822227
 596641
 574120
 704274
 34245
 50081
 641193
 700932
 1022676
 718524
 741598
 910354
 226787
 992037
 581284
 481064
 768688
 597108
 370336
 524004
 531814
 254554
 916196
 169013
 845342
 481698
 544858
 224174
 549155
 944560
 432839
 1096702
 325996
 977017
 74657
 550777
 13000
 606276
 959781
 707096
 803796
 667445
 872247
 169547
 817529
 1090321
 748480
 465724
 152110
 88018
 743809
 354258
 345881
 492734
 779034
 552140
 243242
 371027
 839759
 993878
 895273
 776139
 68701
 875350
 721303
 500255
 88826
 363700
 690522
 632938
 382236
 1072118
 891261
 795415
 124038
 825537
 243112
 187966
 175342
 317918
 291446
 853591
 123258
 555739
 1035975
 431857
 144519
 759112
 114751
 187847
 206211
 879321
 610796
 987749
 255485
 416111
 675463
 224601
 346478
 755266
 445145
 525854
 910449
 593890
 1046693
 357797
 976606
 704153
 657835
 991440
 623419
 910611
 308944
 415255
 1074205
 907291
 336668
 374770
 641035
 218920
 691665
 627494
 670559
 703601
 177970
 568189
 229722
 894365
 132595
 735144
 80253
 799638
 453135
 1050344
 259402
 662390
 1021936
 900798
 49665
 967449
 479090
 828973
 101140
 482299
 534586
 135146
 927188
 785153
 991396
 985146
 954574
 1067774
 680353
 131168
 14717
 149703
 1051878
 14338
 848714
 867716
 465761
 1056773
 652056
 758606
 905161
 239030
 145696
 180735
 311419
 176421
 234866
 70985
 996392
 829645
 1073394
 648980
 653950
 1005103
 170866
 9188
 118224
 315766
 763704
 6499
 958867
 76118
 678582
 508465
 714666
 720161
 393576
 1097392
 155268
 727605
 867137
 922848
 494748
 799437
 389729
 893075
 528267
 405988
 227254
 933287
 168148
 735297
 571618
 564888
 273209
 15731
 39015
 512557
 878962
 637597
 398291
 174775
 1041274
 108882
 578411
 462216
 478513
 979652
 676288
 1059793
 490711
 777826
 244892
 888342
 990633
 785930
 655736
 108688
 817070
 874640
 623716
 461041
 981014
 580264
 462433
 387695
 354690
 249983
 116873
 929270
 36782
 841454
 869098
 245196
 179314
 809933
 635868
 156015
 954626
 564618
 379352
 379002
 95857
 1039288
 603177
 492403
 523874
 916665
 526366
 117632
 1022995
 476674
 424698
 898542
 336825
 3925
 35905
 1038352
 659324
 1002312
 171294
 1015104
 1033387
 34588
 458360
 777822
 96746
 230911
 411303
 834079
 666629
 796866
 115427
 1024156
 941810
 510450
 420486
 947220
 259286
 1011180
 526908
 475754
 352034
 887706
 827393
 887744
 519426
 26448
 2933
 624896
 563668
 640756
 663393
 588549
 535266
 778761
 576602
 823928
 268075
 782357
 128897
 11234
 80746
 817815
 767737
 542120
 1036156
 734615
 510796
 163058
 260795
 926556
 695557
 117975
 392354
 301902
 942869
 192454
 414327
 805625
 713739
 421435
 512522
 1071867
 141347
 257799
 636540
 870205
 250552
 196668
 124230
 351346
 2845
 765207
 585312
 482640
 188068
 187098
 917343
 913731
 1033219
 779490
 379708
 802522
 392906
 640377
 509142
 743163
 529040
 224331
 884727
 862943
 187298
 491627
 352633
 273312
 737747
 630254
 928678
 378216
 1045641
 353617
 1046588
 554983
 703155
 854954
 847950
 767337
 161950
 669417
 885613
 609022
 285664
 141681
 428278
 321197
 559184
 682815
 305800
 639946
 999919
 943634
 679473
 680345
 920324
 897542
 1026610
 533562
 141
 324575
 180464
 414020
 634502
 537733
 503748
 232082
 988641
 42131
 504119
 158176
 533599
 626396
 976207
 1007874
 970406
 37090
 70013
 638076
 19017
 1024293
 87647
 379975
 1007404
 1042891
 890659
 715060
 920831
 774727
 62382
 655879
 769082
 70741
 14159
 61188
 952511
 611659
 662995
 1022874
 563878
 84325
 340677
 144639
 10213
 572315
 707572
 95933
 361682
 67517
 463367
 996067
 708632
 254695
 960481
 10026
 677773
 117640
 501093
 128610
 760317
 761128
 691056
 953512
 387133
 363484
 875272
 393214
 549564
 761404
 559450
 12476
 914196
 859515
 428919
 769438
 666832
 945004
 336666
 959824
 125122
 81746
 1034961
 504342
 328793
 186182
 26137
 727842
 630922
 732096
 520449
 1057454
 311970
 391871
 788711
 848099
 605496
 278315
 922124
 571207
 954548
 1080928
 1057675
 833094
 894526
 613637
 487333
 71071
 337617
 594122
 852885
 24560
 892771
 236537
 359791
 469200
 367804
 773528
 351964
 575645
 1096581
 108781
 825380
 6810
 2178
 244588
 481146
 689042
 505434
 358957
 343846
 417681
 1088781
 766554
 795544
 844371
 1067904
 1076168
 682481
 992684
 488716
 227285
 928980
 261231
 571299
 86437
 849127
 745028
 791580
 281820
 588179
 537557
 633851
 957433
 942598
 523393
 203419
 617726
 494632
 571289
 792390
 932876
 547332
 676605
 865522
 657010
 581732
 63692
 580765
 249525
 107880
 402929
 696872
 703212
 564570
 1015047
 623068
 731278
 191056
 703348
 933978
 487458
 114530
 968439
 472769
 241301
 630347
 515562
 702861
 498583
 625226
 195436
 118101
 785241
 594485
 746559
 886813
 530460
 422804
 14374
 439136
 809814
 403618
 726826
 164709
 500164
 215672
 543076
 151222
 426492
 638894
 858360
 858789
 267670
 211875
 61674
 875721
 419141
 187944
 371497
 830991
 561001
 950102
 597902
 186984
 373818
 534263
 331856
 182130
 90414
 816762
 841607
 845624
 1042656
 164438
 92556
 741677
 176655
 454750
 590630
 50728
 113433
 565316
 894703
 117512
 130905
 68188
 280984
 1048725
 773698
 792380
 55454
 274872
 370347
 184125
 977420
 173579
 995377
 396983
 953543
 699828
 349279
 911986
 228417
 107254
 1069536
 714627
 796787
 1066442
 649883
 101974
 197782
 993683
 780559
 80847
 62605
 300588
 580718
 36733
 98551
 398981
 425347
 616694
 57015
 1082457
 375871
 605259
 243769
 336045
 39915
 258928
 976363
 745941
 563831
 390881
 971644
 926665
 241217
 238584
 742598
 616483
 1024319
 195731
 951567
 432687
 343863
 283223
 322674
 1067488
 990774
 560223
 61267
 579068
 178730
 520133
 956745
 23722
 845846
 301652
 1028576
 473406
 259792
 760447
 103930
 88181
 1080520
 860371
 1058553
 717546
 246762
 63488
 451245
 633107
 699695
 662183
 241676
 172646
 401283
 737128
 48706
 30949
 553836
 1025895
 818543
 9043
 492506
 254414
 34661
 601485
 185077
 853262
 339686
 794023
 27152
 374504
 776846
 742517
 636054
 478851
 1025868
 413302
 992334
 462524
 242289
 340185
 232898
 705421
 821572
 689052
 749018
 11492
 327981
 736528
 480874
 383799
 48264
 674948
 966175
 721224
 549988
 464842
 846391
 178133
 852336
 856828
 625361
 1058062
 22104
 75897
 792091
 195373
 293455
 1021729
 955559
 545258
 835169
 231452
 732328
 281400
 618721
 293494
 788338
 431434
 983371
 373877
 818227
 472344
 833053
 624096
 529291
 15039
 987854
 329976
 406208
 447188
 547345
 403133
 697569
 1023746
 458352
 583233
 141066
 320950
 854863
 507099
 1041282
 329722
 192630
 921447
 442203
 574307
 151474
 1004080
 606928
 623112
 388873
 582171
 863268
 214334
 123995
 462080
 542776
 1036339
 304040
 198349
 528471
 1042830
 102954
 764034
 157657
 581958
 793553
 156236
 941978
 777667
 528736
 708548
 589596
 146767
 333772
 15814
 208210
 993862
 234841
 118676
 1006068
 777360
 544251
 838909
 202141
 210193
 1094329
 326817
 672147
 1094578
 466620
 453085
 530100
 227771
 229208
 425837
 625824
 996576
 610728
 823776
 544342
 230207
 229671
 540178
 99669
 189170
 833736
 432758
 149312
 977434
 102680
 554785
 1095122
 741641
 745366
 257482
 124438
 593697
 1053290
 919390
 912099
 20388
 243977
 604668
 858007
 927945
 966251
 648621
 909585
 420079
 412950
 701792
 858514
 513767
 768844
 1053804
 837724
 864473
 686160
 693180
 245289
 857585
 324686
 576269
 712487
 882147
 780988
 1048780
 782522
 383857
 449492
 292511
 850117
 1019888
 263421
 859618
 60612
 736464
 1067796
 987709
 757383
 819920
 40575
 1067573
 550277
 712820
 844293
 314069
 450042
 888246
 751689
 156231
 998341
 395742
 1028222
 624692
 487849
 1012901
 459981
 642722
 693035
 738568
 541945
 622467
 705932
 146339
 1040182
 871606
 876735
 945914
 70615
 221907
 563924
 69012
 384597
 869315
 472346
 1031864
 106824
 922921
 605484
 421815
 70560
 557198
 391826
 157625
 808696
 423045
 912260
 489608
 266846
 593832
 387611
 562004
 535057
 14541
 729293
 539811
 747900
 224297
 429939
 727960
 890350
 244850
 676574
 15414
 607022
 963782
 504439
 768467
 374294
 334469
 655790
 139873
 172318
 43302
 471387
 14448
 498504
 117490
 1074552
 952832
 603254
 483489
 973886
 1079827
 860032
 208001
 245572
 20857
 822780
 968456
 558986
 276782
 965302
 520009
 131630
 1064556
 314814
 387381
 316710
 764784
 1026719
 2444
 1016956
 223458
 700230
 4809
 712579
 119121
 558254
 252601
 50688
 800412
 156787
 212946
 152861
 636052
 389729
 380376
 881007
 589356
 707622
 2189
 64959
 799652
 391960
 966978
 3269
 713693
 554307
 551682
 153122
 859848
 622112
 754762
 878422
 947577
 39487
 1016356
 740797
 141948
 273730
 580066
 670965
 1061184
 690307
 841009
 376379
 748293
 592513
 1087622
 626354
 830871
 783704
 34139
 1026001
 327269
 796900
 549177
 577153
 606599
 513251
 163257
 849503
 395762
 895169
 420786
 325186
 830354
 860444
 513594
 130658
 562205
 460267
 809222
 186720
 391535
 718262
 633524
 782955
 36315
 1082101
 368423
 745809
 146541
 134658
 789899
 1016346
 211598
 855059
 835563
 3909
 38192
 979278
 785196
 148491
 453904
 949623
 1075068
 449676
 573262
 601122
 996095
 153755
 700989
 21763
 447311
 936161
 1059647
 55645
 685042
 1014497
 802393
 355511
 162036
 881918
 684401
 241192
 317529
 768622
 825422
 151874
 396889
 696738
 581525
 917447
 980883
 1060266
 264956
 919129
 399375
 871891
 133816
 910178
 794198
 95471
 82091
 898436
 571517
 641495
 1026505
 870792
 310834
 263457
 765770
 899547
 323465
 214761
 207898
 573255
 445720
 1018934
 277691
 440980
 689623
 176315
 110731
 156314
 729720
 273780
 293434
 217854
 258146
 640709
 445313
 657841
 158764
 717127
 83933
 138536
 917069
 934973
 802584
 952333
 193800
 88065
 320123
 816703
 117682
 599903
 258979
 1032134
 847739
 875642
 826977
 137481
 990145
 169282
 837989
 864127
 112814
 813891
 146154
 271081
 856361
 884178
 586092
 438439
 415614
 111524
 331420
 411776
 237346
 1091599
 74935
 130486
 952235
 225564
 249249
 285685
 142838
 375593
 477412
 293404
 70563
 1090915
 468517
 855222
 653576
 919316
 727976
 721583
 1079585
 827317
 409946
 485234
 552393
 489595
 885968
 332382
 997730
 567416
 225619
 752096
 1058167
 67972
 660206
 241942
 962125
 865783
 339717
 351562
 530167
 841894
 574288
 379094
 86957
 381713
 834182
 482518
 140932
 642676
 1037797
 315122
 67033
 133251
 437751
 978671
 1026891
 314149
 928378
 497989
 1053818
 546611
 896153
 1012412
 560528
 474373
 512534
 539565
 196963
 146629
 1069238
 117341
 811835
 150958
 132033
 689023
 1069131
 750063
 339561
 14835
 980551
 272421
 621231
 52698
 814085
 905265
 424378
 858565
 502911
 1025842
 338501
 704263
 609842
 296104
 917613
 514666
 441744
 309931
 580983
 636951
 849799
 361066
 143026
 21404
 556570
 1078111
 528765
 1012888
 150227
 1071648
 556996
 362124
 230348
 78741
 113267
 465926
 648913
 300118
 185991
 307547
 772841
 1024915
 1039554
 168237
 662395
 840919
 901080
 433595
 850292
 594213
 1001454
 973285
 886141
 423890
 440389
 737741
 43276
 833170
 600568
 534253
 258367
 698930
 763074
 296509
 176324
 541401
 666171
 53277
 265581
 270894
 932061
 356615
 397005
 412364
 303146
 188622
 633737
 187980
 653462
 605958
 772085
 962192
 9752
 653029
 510355
 356253
 947719
 244800
 903696
 438733
 436372
 946880
 353372
 16827
 187748
 814670
 559274
 412185
 711632
 132878
 109252
 24817
 15269
 31315
 326182
 1093379
 502969
 577442
 857109
 30894
 537588
 142641
 833510
 763684
 846020
 291687
 125237
 910529
 969639
 995882
 8796
 723536
 1026389
 737267
 957910
 122004
 36274
 529129
 721930
 943886
 375811
 938036
 104133
 343066
 332337
 245012
 579597
 521287
 526360
 81633
 912063
 65896
 318680
 1093848
 917362
 914047
 848740
 834333
 977717
 882337
 457520
 155599
 264318
 575766
 520089
 31887
 199270
 664765
 1070379
 417643
 688947
 164500
 610481
 20628
 581557
 836136
 437130
 223585
 821634
 752634
 103015
 937022
 886944
 826567
 416118
 599685
 860677
 1076966
 616461
 222677
 240431
 101940
 341872
 367302
 604955
 820365
 14767
 157583
 1090304
 102907
 1021339
 444239
 339935
 473489
 603823
 633774
 897018
 496183
 991017
 778404
 303376
 486590
 1066525
 407187
 399912
 714259
 135675
 968694
 186812
 953063
 735836
 533331
 268878
 1042959
 925335
 26408
 657267
 801513
 157201
 572508
 277065
 780435
 961881
 39182
 268606
 776450
 915325
 825767
 442938
 52817
 335905
 370896
 396130
 995448
 114701
 778075
 529993
 864873
 704171
 378511
 711679
 1022661
 216937
 187669
 834788
 151126
 401446
 762107
 889076
 587904
 348292
 847885
 4090
 380642
 563926
 213100
 285247
 957075
 706854
 1059032
 591928
 934827
 389020
 321375
 745549
 916861
 750884
 980191
 638420
 529106
 641856
 177732
 1062470
 985518
 332272
 224902
 530411
 1053542
 701252
 143877
 230665
 638680
 1075325
 13008
 280996
 524516
 386698
 515825
 499328
 649634
 815847
 656199
 548972
 323955
 628607
 327256
 908143
 934647
 272847
 990274
 388119
 279534
 666530
 456507
 489171
 24210
 111188
 515001
 143391
 145000
 397768
 15931
 628189
 510376
 383443
 845592
 445446
 409402
 783955
 309461
 242996
 543739
 870041
 76804
 863262
 424025
 255304
 124362
 76177
 663981
 191189
 337897
 28615
 528634
 980523
 252324
 197486
 866580
 351580
 1072462
 233562
 996335
 475987
 182252
 984764
 735166
 756303
 580374
 642634
 43425
 316225
 180110
 779251
 623085
 565505
 581622
 516744
 466203
 408124
 709027
 853221
 1061792
 888966
 760443
 920841
 1018703
 558534
 776894
 503229
 917037
 326622
 247743
 343130
 175856
 369372
 1074535
 97843
 192522
 882243
 512636
 504249
 587275
 604752
 426554
 1023083
 532309
 331688
 576290
 1016720
 39188
 1018463
 483615
 238406
 319412
 485272
 366169
 746345
 7670
 436963
 418879
 721745
 780544
 466969
 1067228
 910428
 922278
 247127
 57268
 248051
 713758
 166009
 930075
 504680
 159519
 338805
 1067702
 983705
 708843
 192554
 304386
 752779
 701033
 924336
 473797
 819549
 1049641
 438034
 680304
 603135
 1008014
 984364
 877205
 978600
 423360
 973204
 636508
 424455
 487165
 367797
 338159
 241605
 1082586
 688814
 143387
 696328
 107769
 411845
 536961
 508148
 999065
 469876
 129264
 229753
 295056
 205663
 486563
 689766
 509460
 855025
 1061009
 690607
 367521
 502966
 904258
 375736
 789797
 514170
 738800
 565473
 752881
 1010532
 1047154
 56870
 815897
 633401
 1013133
 435976
 556814
 870228
 29645
 756124
 875544
 157183
 940940
 256652
 507498
 985710
 987762
 1064008
 588715
 207978
 784553
 481265
 685573
 297092
 36598
 1036941
 167026
 630795
 1078695
 210299
 43524
 654572
 365270
 231824
 278045
 657151
 205934
 107658
 829858
 63012
 674310
 159802
 1040668
 31433
 663813
 328706
 997224
 1079830
 345333
 346582
 813545
 355668
 481894
 341890
 308940
 589315
 201947
 749922
 677544
 423746
 1066957
 80553
 95672
 242583
 116817
 978571
 141953
 748066
 482152
 912796
 315761
 750348
 1045737
 414290
 227274
 682504
 399236
 1087404
 1069162
 943630
 85636
 220111
 641481
 484377
 358084
 857406
 389502
 727235
 428169
 644763
 1026001
 607633
 383981
 1089488
 484505
 13014
 52151
 300971
 416996
 703852
 230153
 178021
 580580
 382409
 202398
 396780
 704844
 1079155
 835225
 13980
 1011378
 106736
 405999
 364861
 506254
 790982
 929476
 14108
 291462
 348452
 897721
 491305
 518618
 347023
 772308
 585412
 1093699
 206364
 570527
 559174
 413974
 404831
 861282
 1009505
 968863
 1001355
 322697
 794627
 813575
 280460
 1070762
 932883
 987708
 955069
 1044025
 210427
 86417
 172686
 600794
 112083
 398017
 266651
 969767
 27027
 174914
 809937
 594836
 545057
 359778
 692548
 420848
 617370
 766884
 384596
 93641
 885444
 843912
 932278
 736009
 1002024
 452524
 194970
 397320
 881103
 504757
 7422
 595252
 936108
 953150
 904722
 1085466
 632549
 1037772
 335929
 630402
 593749
 447348
 194492
 622402
 433110
 1087586
 63731
 407276
 889726
 1045298
 902125
 714686
 813343
 392225
 575454
 352664
 931258
 790107
 72911
 254287
 312761
 589244
 916492
 475222
 950258
 1067657
 1012211
 142017
 8648
 551280
 494653
 520865
 601548
 406535
 230815
 70732
 1051769
 1081563
 135455
 599277
 812568
 663659
 597657
 812123
 55051
 8025
 178574
 408419
 715596
 295708
 306740
 834008
 957804
 887139
 850502
 783591
 388630
 241685
 343610
 90096
 338469
 690014
 1049744
 284045
 1019175
 110677
 721406
 625411
 1003285
 321124
 178346
 538303
 1035958
 1051008
 1077952
 350802
 641534
 215230
 1083523
 529291
 496487
 26013
 16586
 626387
 1051255
 542218
 894449
 502752
 926898
 793646
 1019428
 788464
 386185
 293964
 47421
 43666
 154153
 69030
 1050681
 529753
 1082163
 491747
 963210
 79341
 750413
 804567
 39665
 188462
 667037
 225262
 1096152
 845007
 80022
 692650
 381178
 274460
 183045
 572077
 692830
 114840
 472584
 486026
 483626
 360812
 672764
 576501
 593817
 553374
 507372
 46425
 344222
 152614
 1039488
 25318
 559222
 579159
 579550
 78931
 695210
 978736
 304124
 187831
 945195
 693226
 545666
 910968
 820373
 750956
 796059
 166108
 615755
 290999
 987115
 807164
 695812
 43726
 803942
 564039
 320067
 582792
 665966
 635655
 253815
 951631
 210636
 311914
 157158
 413752
 247460
 236147
 139713
 603210
 152194
 908909
 519772
 192209
 173520
 568766
 158441
 353462
 220581
 199322
 88780
 398621
 332998
 938295
 993023
 938659
 486992
 929735
 801331
 7554
 279812
 443199
 910687
 759130
 336618
 670326
 242280
 754192
 943564
 1089725
 683560
 769077
 91364
 621393
 104317
 107359
 720986
 96120
 189313
 947354
 718375
 698999
 184919
 654381
 443384
 473527
 801409
 1060299
 11304
 10111
 1034888
 823038
 294501
 995376
 894099
 932962
 991526
 344787
 669024
 1062831
 318382
 1068807
 544548
 950101
 391795
 130008
 712993
 689172
 244856
 794566
 445194
 806293
 53665
 114915
 41338
 581745
 344828
 788553
 565525
 777501
 686514
 680877
 459727
 971812
 730386
 356797
 870166
 620522
 724817
 469672
 249617
 852273
 581083
 937311
 1090629
 505869
 34575
 226357
 235472
 893221
 248454
 1003750
 661071
 445444
 575713
 440006
 923972
 1029518
 70083
 282586
 585671
 1049941
 1095325
 81294
 63806
 193017
 204095
 1007462
 363601
 645723
 675059
 1026704
 501880
 600104
 882633
 1005940
 678631
 373809
 351248
 1081418
 508939
 477850
 781978
 735405
 34639
 812655
 510887
 550458
 132505
 888896
 305732
 749230
 186552
 272185
 787309
 931746
 957561
 299087
 710353
 489646
 219648
 220387
 480766
 125501
 281823
 284490
 41746
 945893
 640025
 849132
 968650
 237602
 666587
 336998
 914841
 798884
 405551
 176687
 817000
 480141
 3845
 576018
 343915
 818999
 1031620
 291394
 841099
 198058
 1022742
 846230
 1016088
 641782
 445904
 38625
 815834
 955606
 526810
 1027198
 582878
 464587
 953347
 860841
 513212
 758417
 1093872
 827228
 514957
 968019
 574116
 567996
 1068731
 1047196
 279894
 521342
 506484
 969412
 982576
 287247
 529727
 948262
 327824
 769984
 649265
 347661
 471170
 1082962
 892124
 969184
 642430
 532527
 571697
 535992
 737993
 1039322
 832173
 590554
 965374
 1080307
 31492
 205235
 422439
 966264
 203574
 624589
 354623
 25305
 332928
 911767
 852139
 526214
 352322
 545608
 284987
 937601
 540815
 1050588
 1012703
 203959
 35638
 267782
 226748
 597122
 307225
 607132
 859158
 485365
 189810
 402560
 1006885
 559523
 858103
 116698
 1009838
 631054
 990135
 799367
 1030169
 1030989
 793586
 412202
 269724
 32580
 883618
 95508
 990104
 253752
 165470
 228310
 415446
 406218
 730060
 1049322
 909896
 963362
 40329
 382731
 593752
 598185
 3119
 428208
 735005
 812578
 1020883
 803468
 116450
 1063396
 260571
 289111
 766046
 519454
 26239
 924453
 1012242
 219432
 156139
 660989
 960384
 228079
 660598
 108036
 930185
 723314
 920294
 39616
 92432
 293138
 1042540
 479113
 224686
 663611
 909205
 693696
 772897
 447249
 783107
 288910
 724468
 17820
 810280
 766739
 116546
 36552
 642911
 766118
 214715
 503921
 164068
 449979
 933129
 56162
 1035167
 414435
 1056730
 534856
 127176
 958104
 996445
 388224
 962438
 431306
 865343
 343316
 960612
 736440
 651307
 624252
 993486
 825395
 121211
 876221
 762219
 851725
 970372
 103546
 915092
 1015802
 898130
 59811
 1079802
 496738
 463053
 951748
 602733
 440794
 508594
 819375
 270947
 873633
 477342
 302263
 477851
 687873
 520953
 739098
 584949
 703313
 917320
 127477
 105181
 657375
 653940
 928912
 674676
 529109
 535545
 865012
 808509
 858709
 390634
 631902
 189954
 910011
 810646
 760140
 283588
 1083674
 195078
 303747
 441537
 215304
 709542
 996264
 265264
 1093782
 496646
 1065975
 1063139
 847323
 496100
 442011
 599371
 289869
 671122
 647041
 655065
 566670
 321745
 604535
 423428
 395362
 212121
 875487
 890288
 547633
 68222
 524077
 539734
 241709
 604599
 1060551
 228392
 416283
 959932
 633691
 495543
 448665
 89033
 904731
 141744
 485937
 1045766
 142103
 286581
 691689
 928513
 220187
 856417
 155149
 1038840
 538056
 919605
 93534
 33785
 742856
 528650
 170763
 188377
 151211
 186830
 536881
 79501
 956728
 60190
 318406
 323593
 1058364
 1097603
 534118
 391603
 292437
 67362
 1041516
 48022
 815173
 921264
 601552
 966734
 236716
 405093
 158613
 769765
 1045616
 506564
 662138
 564276
 806068
 977519
 113178
 117964
 382930
 469095
 518428
 264653
 52114
 841321
 269136
 1081462
 426810
 1023740
 874605
 178800
 325237
 907003
 663928
 811522
 995015
 924943
 310935
 875049
 694421
 406514
 789619
 474350
 568303
 874084
 208355
 922816
 123646
 504654
 160159
 201989
 44005
 180676
 891708
 936742
 103134
 855597
 657266
 1015221
 82469
 831509
 1042030
 998092
 825530
 687021
 393663
 732234
 605391
 979167
 258500
 1014809
 245803
 505701
 400370
 76722
 160870
 665318
 204502
 708201
 310252
 1072709
 656100
 37387
 313058
 366770
 383406
 1062684
 303292
 34593
 180971
 597672
 255291
 1018602
 283368
 865655
 649859
 275433
 811873
 996373
 237670
 248943
 630869
 633761
 722231
 82280
 756558
 1085339
 1011937
 261677
 548497
 482420
 39068
 327397
 197399
 856588
 691951
 913127
 239514
 64454
 580137
 374036
 610713
 735072
 1082983
 524676
 873992
 763018
 826363
 389360
 856506
 525871
 91839
 364479
 596759
 804687
 849149
 75452
 262783
 990364
 645076
 573969
 152802
 1077317
 867735
 294802
 699638
 200820
 326197
 116348
 881388
 32263
 58693
 16980
 969807
 555536
 843461
 525560
 528362
 603993
 144694
 591126
 168560
 266044
 800375
 294551
 434619
 544940
 232658
 702715
 998868
 341183
 923101
 733825
 742749
 853436
 185928
 96568
 708676
 25309
 523581
 229766
 1025833
 574478
 681584
 851157
 744771
 948204
 342027
 733330
 456110
 710629
 117936
 478013
 1052928
 286995
 555434
 922267
 467863
 1078406
 753497
 45978
 769046
 997883
 40891
 279527
 180587
 737496
 245952
 702777
 934102
 395521
 315194
 713801
 163173
 708471
 544307
 53597
 24625
 574649
 814632
 423362
 303188
 677398
 34221
 481806
 618478
 475183
 29337
 176144
 536277
 680948
 643435
 265240
 166982
 349445
 542666
 148973
 562017
 1034144
 1022343
 1095049
 736501
 880996
 159924
 995718
 868474
 922447
 126076
 767166
 1090520
 447799
 476032
 553465
 511129
 367431
 792294
 229122
 486532
 503934
 1044514
 910741
 1037323
 125285
 440203
 270995
 560335
 549353
 364218
 207659
 562689
 838878
 201545
 497821
 791629
 461882
 767081
 716561
 193651
 441034
 101283
 255104
 911085
 1045122
 809701
 951387
 1054527
 652627
 1058191
 837359
 337048
 1049479
 179974
 371293
 979312
 651767
 737438
 832824
 404516
 628566
 224538
 795922
 766832
 207514
 889952
 115467
 280078
 917420
 1062009
 248814
 778792
 372404
 747263
 527565
 874461
 131395
 931799
 1004778
 753090
 1027158
 812944
 668020
 343305
 695970
 991473
 325023
 742543
 555911
 715714
 913678
 229193
 860894
 438802
 1027643
 369432
 564989
 973180
 361560
 498894
 278426
 988854
 443008
 919602
 1068859
 240664
 463356
 515294
 1024648
 557605
 568325
 1011903
 45996
 377944
 599839
 459019
 1030291
 739375
 571255
 1083378
 836282
 384045
 699803
 656187
 765717
 471229
 413991
 657537
 216836
 570004
 857971
 541631
 659893
 13052
 820518
 173782
 1082446
 630006
 289362
 948404
 738365
 748974
 139146
 2809
 975914
 810154
 1080405
 148851
 576677
 1035093
 396176
 406495
 624492
 431117
 238656
 784800
 306441
 376559
 224671
 918079
 283049
 156317
 724950
 928660
 665241
 913861
 871043
 919501
 280384
 60789
 1046983
 395906
 560969
 759717
 371722
 139216
 1050582
 143025
 864811
 755267
 330302
 140675
 1029407
 845058
 271114
 787469
 845229
 911719
 946756
 119776
 544866
 848259
 113380
 884868
 1098757
 962348
 709836
 138437
 756683
 153211
 207546
 825479
 409073
 828516
 52793
 513542
 1013277
 714369
 718414
 226771
 240367
 464598
 396419
 104492
 896339
 789049
 430593
 342723
 242141
 648012
 825220
 324452
 109733
 141924
 146077
 42940
 453121
 473044
 194051
 744389
 233322
 535540
 221788
 58925
 565356
 477466
 732064
 84506
 667739
 999983
 831471
 380921
 747406
 184763
 563147
 689733
 1093999
 407612
 907814
 263101
 793842
 38320
 70861
 14586
 816289
 300121
 580341
 814555
 931149
 392695
 477067
 893052
 256091
 805921
 36396
 996
 991331
 406327
 220102
 108774
 1027486
 128875
 290086
 313118
 624939
 73590
 437919
 364068
 98980
 686008
 66298
 154507
 692258
 763094
 1070893
 942995
 387656
 787014
 90575
 798926
 884142
 207085
 283583
 575696
 591068
 415142
 778124
 317103
 1067966
 741017
 279100
 1032096
 49568
 660775
 187342
 558956
 583600
 457732
 447342
 567976
 319021
 571130
 143788
 1039842
 761183
 454645
 392521
 496125
 275764
 862425
 855772
 757132
 952934
 1096713
 919402
 473067
 1087752
 1090223
 942637
 527920
 351364
 558542
 390884
 99005
 254177
 1055593
 759188
 204864
 267368
 118678
 468953
 925611
 73213
 769068
 105808
 440526
 464322
 234128
 680663
 328368
 18720
 656126
 108963
 589575
 220203
 664151
 552120
 554210
 74439
 666318
 326976
 531089
 815773
 769073
 44981
 1014677
 494244
 798674
 1073094
 893286
 742728
 498583
 809526
 814987
 664853
 847867
 281563
 967164
 877175
 107361
 207450
 800015
 883
 406131
 547749
 1007592
 2927
 47599
 204352
 499627
 334032
 443459
 743838
 975784
 598783
 726590
 890884
 143958
 449693
 487453
 913461
 157088
 814635
 13520
 1000028
 489836
 88784
 773655
 92637
 58457
 240128
 485386
 216663
 834714
 1020937
 1018634
 38992
 778350
 1099601
 1025048
 536066
 291077
 98491
 83268
 948545
 798685
 41748
 935827
 72151
 998427
 143795
 305605
 194730
 870013
 88345
 174771
 133213
 1091845
 831937
 829272
 302279
 1051751
 303194
 274333
 656345
 756365
 681135
 1089026
 919541
 439202
 31520
 1011937
 1073199
 1039904
 783431
 1085816
 249887
 293349
 16355
 1059103
 844339
 81545
 865807
 980149
 32408
 223499
 862292
 277442
 372452
 38079
 288516
 54017
 74688
 58620
 732231
 397116
 418651
 847311
 39719
 1026656
 182611
 174539
 504525
 467606
 254960
 382119
 687829
 224562
 545045
 504942
 372412
 575348
 885101
 308006
 1046047
 802833
 534946
 117195
 306546
 842545
 853061
 949005
 940119
 105887
 47275
 630489
 719465
 739089
 333640
 939016
 767456
 233228
 141956
 457883
 787465
 943670
 162936
 664071
 300743
 629513
 821413
 1018879
 60829
 11608
 908517
 445934
 873908
 451419
 239728
 572551
 180623
 518469
 818760
 58160
 872204
 233742
 656542
 637571
 112335
 331978
 65547
 198829
 158218
 665535
 545902
 451779
 799913
 599001
 399687
 927103
 273953
 313581
 762938
 287703
 884865
 642255
 447562
 736026
 325616
 47096
 142403
 327412
 1086902
 341485
 207187
 282111
 246176
 567460
 55968
 440304
 395631
 543375
 152637
 386537
 653889
 1068181
 1049494
 777304
 246477
 328552
 4805
 873083
 396599
 1048501
 492990
 230874
 432601
 33693
 333439
 150243
 291219
 329940
 439870
 494832
 101970
 935073
 464744
 1013233
 451146
 971123
 622126
 936552
 797158
 45640
 264021
 223746
 293021
 32440
 737964
 979893
 883989
 327203
 137840
 477979
 239448
 946318
 771100
 718032
 878176
 823709
 1079507
 661244
 445197
 499128
 536319
 852989
 280731
 771958
 750345
 949207
 583238
 446260
 817040
 566871
 557063
 141860
 1011355
 461771
 562594
 571260
 37917
 1030559
 901400
 939258
 130345
 904822
 838877
 919945
 959590
 632690
 376028
 1085544
 955126
 435591
 831063
 217426
 481305
 1048451
 867811
 165226
 691743
 795185
 353849
 759263
 790349
 683535
 675233
 517641
 622483
 1043435
 382190
 564056
 866373
 37964
 206251
 408328
 206516
 446968
 250225
 571232
 824189
 197112
 1056436
 859725
 688702
 9419
 847504
 410624
 681901
 487014
 274746
 611200
 992369
 998669
 134050
 558269
 954626
 513261
 634430
 1024166
 861805
 241227
 305406
 1034005
 25957
 558744
 761266
 176531
 406845
 106944
 101304
 756200
 574517
 89983
 157424
 631007
 885490
 624328
 580162
 538445
 635119
 579853
 857888
 571688
 901055
 1075411
 836341
 941424
 466036
 323410
 621158
 881768
 675230
 596645
 1075082
 573484
 375022
 921567
 325386
 750979
 952285
 832684
 750627
 739494
 162155
 320637
 554289
 223677
 971947
 321085
 523541
 35401
 683899
 800737
 363095
 614989
 742508
 357784
 915165
 1023561
 366566
 369346
 929079
 611718
 719732
 884009
 306651
 958125
 1028951
 336687
 1015601
 623957
 514896
 985465
 536158
 910654
 182730
 452439
 962263
 727022
 850023
 43502
 150851
 415719
 158432
 303378
 715944
 294508
 237353
 209605
 186954
 302229
 359803
 771648
 109990
 802041
 101472
 299153
 144792
 921379
 82022
 150771
 375052
 269441
 521925
 437198
 167497
 453317
 539589
 991799
 152511
 755525
 918808
 78981
 448801
 826239
 500724
 345059
 595271
 109875
 309396
 995676
 123439
 72156
 952930
 386174
 528344
 895079
 277729
 95566
 1060694
 973948
 334926
 1097705
 1088696
 716121
 263344
 565402
 686923
 790375
 719957
 901475
 135049
 902882
 889590
 144039
 843047
 974667
 960186
 277561
 1006548
 628403
 242613
 54915
 1027365
 692400
 815530
 129507
 718148
 459773
 663313
 12231
 369339
 493543
 824670
 613219
 628961
 705300
 116595
 616724
 1036548
 764076
 536765
 547853
 614880
 1028130
 761669
 713069
 723582
 832435
 91572
 227442
 277324
 371335
 805407
 348521
 860419
 98437
 96140
 1061821
 213387
 40089
 470705
 602062
 487974
 871147
 518368
 602323
 1052167
 743735
 823574
 1014182
 106909
 424891
 508804
 1073377
 329552
 316692
 97871
 577786
 22561
 475539
 569517
 397244
 966338
 268705
 1055582
 743599
 786047
 36455
 322860
 925106
 843685
 931318
 774995
 748141
 380559
 799844
 838503
 694318
 196643
 108319
 1066068
 520767
 760894
 648962
 112267
 624939
 1053144
 681025
 391836
 782439
 910914
 696395
 718440
 1070909
 297477
 904860
 850662
 676065
 431980
 957793
 131836
 88551
 755049
 830953
 919650
 127932
 289510
 675218
 167984
 809894
 138995
 299847
 947772
 545217
 695737
 55208
 538194
 1006108
 297064
 33735
 250748
 491833
 741874
 665831
 732383
 610542
 526948
 993947
 1475
 822603
 787620
 636522
 1080929
 276233
 54238
 357382
 864735
 696646
 975311
 644309
 469964
 302396
 216181
 366448
 280584
 972240
 261616
 425898
 424191
 950749
 106383
 615683
 420035
 1077641
 965388
 885935
 381984
 757021
 347380
 495816
 807946
 996475
 239829
 203726
 850487
 175742
 380069
 822581
 561831
 395991
 425345
 116892
 680010
 207912
 521958
 19557
 993889
 454024
 461213
 1047455
 905188
 618338
 1097806
 430177
 722740
 621059
 587336
 462640
 173892
 539877
 965100
 227411
 464576
 207267
 311607
 615026
 93968
 680152
 956045
 351591
 380046
 155054
 783705
 880289
 828369
 913427
 796593
 1014085
 334066
 732350
 207898
 964679
 931319
 592610
 895555
 730964
 138880
 760537
 709743
 303359
 78919
 354178
 564424
 39458
 818889
 1090011
 166408
 431068
 852409
 517030
 1068984
 46020
 763076
 940862
 826636
 1036669
 260175
 705424
 343058
 1008034
 263486
 993542
 113526
 496336
 470428
 853252
 283844
 363679
 53519
 375430
 555414
 228702
 684770
 365402
 716134
 550604
 124248
 988270
 740653
 880890
 84569
 162272
 27463
 243793
 726562
 30093
 19072
 662225
 1032860
 624399
 1013240
 601398
 419713
 359310
 875623
 368131
 930247
 815560
 300607
 655668
 523194
 849125
 507216
 998993
 450243
 606361
 338928
 1087169
 421025
 321037
 203209
 437167
 618992
 262354
 274958
 351244
 540776
 342703
 178661
 830150
 1031420
 436126
 396064
 477140
 134964
 310822
 270695
 136257
 17835
 717553
 201453
 721276
 302995
 955746
 180629
 587881
 544580
 815173
 1028605
 986133
 886572
 160146
 252578
 138646
 844261
 209902
 861083
 80845
 874603
 171234
 643070
 369693
 151727
 180092
 463181
 892166
 298536
 122379
 534232
 444616
 665811
 687458
 265157
 22068
 866370
 422493
 1001053
 984599
 832538
 790420
 1061252
 954198
 640927
 724741
 530472
 525493
 812062
 907015
 1034066
 4555
 596777
 918864
 200564
 154751
 765224
 943464
 443879
 68722
 955370
 1029890
 136059
 895651
 867816
 423672
 332479
 480005
 652067
 852939
 384810
 173740
 755269
 1035235
 711796
 12896
 749211
 105717
 915614
 571416
 1061447
 1038062
 95494
 125853
 379577
 336248
 178598
 979295
 816981
 197411
 1070150
 833212
 855760
 883412
 789461
 863153
 298368
 631593
 1077521
 544548
 326563
 989669
 206070
 627895
 902053
 538403
 726659
 4281
 863011
 903404
 28482
 647525
 793716
 240229
 1069173
 593536
 97721
 489966
 766425
 900574
 233556
 726802
 420436
 643672
 685087
 327325
 71884
 873734
 814331
 1049513
 347206
 285462
 692385
 943974
 482918
 94386
 1038661
 797568
 1009517
 331473
 78367
 73838
 100115
 998382
 924261
 515784
 522365
 590044
 718387
 594050
 803287
 193060
 689824
 209227
 51950
 1094590
 313114
 846164
 683434
 985366
 747189
 109532
 877194
 133259
 615307
 913656
 172328
 767746
 852580
 581117
 610910
 633918
 46209
 1096224
 246456
 374301
 881197
 796683
 958102
 617412
 351087
 791458
 891297
 70378
 44382
 480955
 680612
 648693
 128645
 214936
 1014055
 960642
 368159
 1003464
 356830
 537328
 248788
 856040
 173254
 480902
 830424
 329315
 406056
 177732
 654534
 964661
 191613
 1049085
 1029340
 1003926
 78349
 699367
 734984
 341883
 1002180
 34008
 992402
 651332
 944886
 873691
 190310
 114828
 527091
 477750
 236630
 1084321
 489714
 910310
 1067161
 922896
 85642
 1021543
 204506
 44583
 280997
 500663
 1023362
 888009
 539807
 675726
 368711
 360423
 228750
 262629
 459427
 794415
 120364
 234926
 148122
 593381
 632354
 903264
 749005
 446126
 786727
 719896
 1069771
 834721
 800130
 810913
 910659
 270792
 219865
 204382
 402143
 52528
 1015621
 660559
 376683
 932750
 227050
 863838
 216800
 670900
 206656
 681029
 534518
 185179
 135426
 383799
 237142
 955808
 572910
 398044
 256540
 577621
 879965
 769836
 728101
 141512
 648423
 149284
 286330
 169421
 1010094
 130370
 412714
 229456
 433997
 804294
 347719
 92525
 742062
 444324
 896496
 646327
 1016933
 555534
 119826
 823922
 549109
 54880
 93215
 43896
 342743
 1064132
 259921
 908610
 16129
 404953
 931807
 786142
 778006
 397601
 300913
 30494
 517100
 273531
 903190
 408700
 817289
 13279
 415590
 913383
 142986
 455346
 720349
 460035
 696343
 22939
 124437
 3103
 1027704
 1096594
 92592
 609185
 316573
 110743
 932979
 167480
 732440
 728547
 74761
 399731
 249833
 25816
 37061
 466206
 698822
 263883
 876489
 542256
 643145
 360323
 638216
 37746
 693880
 737464
 737835
 779431
 1067425
 118376
 516959
 803965
 190017
 1088988
 356433
 555280
 250476
 651214
 997376
 208885
 727622
 651066
 360805
 542657
 157930
 201287
 736984
 993230
 772684
 375276
 671310
 349952
 406755
 1054845
 785882
 497867
 900691
 791393
 111912
 818095
 271306
 282574
 780106
 37075
 317293
 181098
 902474
 977360
 763881
 76188
 495375
 497858
 943783
 939866
 685920
 9164
 409595
 221764
 116957
 768931
 881985
 589680
 237660
 605110
 564152
 950307
 872666
 920569
 759825
 493411
 1082701
 100591
 1065659
 959812
 702974
 25000
 903629
 92828
 201503
 579935
 98547
 116049
 832201
 1072846
 667395
 216487
 714491
 226329
 410392
 641082
 120983
 237685
 471612
 765297
 872544
 940264
 917
 670244
 1061122
 88308
 164901
 661431
 334758
 539460
 315858
 320800
 302779
 415732
 838636
 343567
 964040
 317145
 64348
 382808
 141306
 429075
 140040
 684571
 127005
 170299
 1034840
 719661
 861093
 408061
 161892
 1076516
 207658
 1077221
 1000418
 434714
 741502
 606647
 589142
 475521
 707489
 501030
 239551
 561046
 715184
 1094084
 143472
 381288
 188619
 326174
 20494
 416048
 256886
 910090
 875702
 327820
 202465
 444226
 930171
 942400
 454883
 1038232
 531851
 441965
 302375
 431085
 870014
 550303
 590483
 1087884
 996092
 253640
 1032389
 93920
 170899
 110361
 569679
 837516
 820517
 449399
 811256
 1000457
 243373
 413040
 340201
 101353
 1029535
 90919
 997531
 520465
 1010200
 1090689
 513784
 621134
 793449
 534961
 346171
 123371
 1021219
 696367
 488889
 1084874
 460795
 195556
 767858
 512911
 184823
 450136
 165044
 1044302
 463244
 77102
 616870
 358272
 392413
 492004
 81799
 885142
 363707
 508163
 612465
 642980
 366363
 165228
 567237
 224875
 940850
 423804
 376709
 1070275
 334945
 402710
 394514
 967721
 208745
 579767
 904791
 341491
 158726
 532796
 84302
 306456
 972363
 149498
 907540
 233707
 1081117
 169103
 200625
 216802
 325708
 339213
 723373
 958608
 405309
 939461
 300237
 1005791
 71471
 378496
 1052263
 1026185
 784021
 145125
 147720
 445697
 750128
 451729
 52229
 531110
 1031775
 871944
 348390
 96598
 583795
 800699
 667651
 116543
 143205
 362712
 281706
 258166
 389072
 447590
 201627
 86942
 540527
 839848
 729839
 797589
 511273
 567674
 697564
 792861
 177203
 685905
 1087674
 772880
 870116
 723819
 381390
 582115
 209338
 24834
 747045
 890639
 405879
 334920
 448930
 146172
 209237
 481932
 1020910
 74024
 794706
 149363
 203847
 858935
 361309
 768961
 366244
 994627
 862039
 724189
 967298
 31557
 696411
 396419
 989221
 806409
 471891
 878945
 979603
 35430
 1008098
 848182
 301736
 897837
 1063231
 414008
 118722
 1026200
 840756
 743114
 888670
 703781
 101148
 151363
 325977
 22815
 129048
 1079147
 616001
 450303
 961599
 343003
 100641
 2676
 345133
 732733
 428331
 765177
 16571
 606270
 854122
 468617
 371666
 601703
 834419
 361995
 423562
 224183
 1055301
 1087482
 937270
 879011
 40931
 216178
 386309
 492647
 1020655
 1090814
 559771
 331440
 958945
 890617
 79365
 200037
 256682
 64293
 956085
 357119
 142529
 164229
 716894
 505146
 981372
 976168
 565287
 881126
 852442
 137604
 247436
 822778
 1068775
 954829
 369532
 179987
 728176
 781802
 541176
 168030
 824346
 119568
 455552
 1087236
 591302
 343936
 779553
 821130
 957610
 813783
 704500
 194912
 348241
 288728
 244062
 135602
 890911
 708469
 758774
 182557
 428655
 951982
 376185
 709112
 155021
 766050
 759491
 60760
 709982
 332564
 1048059
 741923
 746560
 285672
 752571
 775866
 313041
 299281
 858460
 262841
 777508
 681558
 53188
 1052555
 476398
 397080
 1071133
 963590
 160105
 461625
 796903
 675147
 328631
 1004046
 1083830
 717294
 926978
 480167
 855998
 128662
 486588
 536467
 755508
 569872
 164816
 613101
 1039072
 384089
 1049897
 862058
 443645
 133060
 815293
 720470
 112771
 664188
 260626
 1077869
 494243
 804753
 844827
 664472
 696451
 579818
 540953
 662465
 588085
 262205
 993726
 157985
 1031557
 306380
 578204
 223882
 555252
 724429
 459009
 240322
 1080628
 175778
 76952
 33751
 765933
 691515
 902192
 1099105
 856093
 845063
 511907
 789267
 241433
 446720
 91499
 306311
 110502
 124133
 860390
 509454
 264629
 828672
 1048875
 356470
 992602
 463454
 1035355
 395088
 427793
 476226
 999243
 756900
 524519
 289892
 243482
 961259
 809014
 969071
 512367
 870864
 219493
 809800
 74457
 991249
 497583
 561419
 65385
 970726
 1092708
 490081
 582615
 1003313
 358539
 1011841
 179822
 143575
 106684
 895425
 653416
 1057412
 991703
 680063
 451652
 222447
 563542
 337117
 922493
 859121
 722552
 200873
 496461
 508025
 666890
 1032937
 444640
 654160
 219152
 93676
 490711
 589214
 307338
 842613
 607890
 1000044
 674096
 769537
 943425
 599
 1084689
 45452
 469446
 209330
 566725
 541764
 808124
 852953
 241485
 384244
 554298
 311063
 511540
 41359
 564188
 428748
 96621
 744659
 579891
 672620
 118174
 415842
 552147
 464650
 638632
 376827
 263071
 478289
 527013
 787289
 865828
 345380
 577614
 770693
 208505
 181237
 882916
 555780
 833025
 405309
 581678
 943902
 1005756
 1082327
 1039285
 1035328
 342203
 534602
 862960
 308657
 620088
 56130
 876783
 194756
 18568
 179633
 89461
 687941
 42252
 15284
 624395
 110495
 1008614
 42161
 1007123
 847997
 281019
 51573
 243410
 450465
 1015869
 25278
 499162
 825982
 709605
 907567
 961750
 1071630
 127748
 532299
 934920
 1034848
 312793
 701551
 770380
 1031989
 845294
 777822
 233851
 312745
 1043594
 413689
 1061017
 1043980
 503449
 451563
 397704
 42268
 296243
 811429
 615510
 679106
 618194
 209815
 240510
 685853
 834869
 151152
 340214
 756249
 327124
 973834
 536059
 1097507
 416229
 225677
 546914
 1087918
 881540
 856156
 693032
 71024
 264936
 997652
 1083743
 621473
 697727
 551889
 524325
 681987
 328682
 189837
 563995
 139697
 347870
 232148
 242996
 663491
 552275
 561732
 616300
 659950
 161478
 834759
 1002475
 154559
 375651
 621013
 809618
 428858
 792736
 466685
 272870
 123237
 1012467
 427098
 526583
 519667
 995294
 64749
 862751
 223549
 776507
 378137
 884928
 714035
 179248
 330962
 388941
 233561
 520335
 723020
 834088
 1005055
 758481
 308353
 865046
 850805
 905652
 287315
 158354
 1047164
 406710
 406104
 759397
 1075636
 895283
 922508
 602790
 128277
 1067301
 126298
 309155
 608460
 242768
 718176
 785632
 7719
 89321
 1071216
 463169
 738194
 408267
 388391
 177573
 1060297
 378908
 31594
 956837
 252821
 748715
 979619
 297271
 759158
 31915
 137005
 365206
 951980
 242448
 830640
 398652
 1072983
 237904
 1020902
 532579
 1049674
 235170
 329874
 351329
 302965
 769656
 916867
 1073331
 988530
 525927
 1006173
 534686
 519119
 99667
 697107
 724770
 801150
 630158
 496570
 723910
 179452
 18182
 864193
 834462
 888106
 1061601
 539777
 1020511
 192643
 856597
 856630
 177292
 111594
 1062563
 783361
 410807
 785200
 165467
 865438
 1027743
 163034
 244985
 667551
 786746
 914427
 970379
 316120
 696565
 355209
 613030
 632468
 717089
 571075
 2274
 92647
 84118
 855927
 688219
 108511
 37703
 798924
 61800
 301280
 1824
 858710
 185558
 967934
 122712
 757854
 1022888
 766086
 7801
 212131
 465826
 142200
 269638
 228957
 1032406
 91345
 253461
 1033176
 508028
 672263
 1043048
 779147
 247775
 1069536
 491685
 972267
 801432
 749088
 264877
 823742
 31005
 862081
 109495
 890258
 586175
 31119
 627763
 507747
 806126
 648463
 905880
 364987
 555299
 42797
 1091474
 161284
 738318
 251609
 229854
 814296
 1059332
 643813
 164684
 69997
 635302
 283690
 693301
 148941
 118967
 841699
 1027900
 427898
 662674
 997088
 35000
 50988
 567359
 523693
 172845
 687794
 373209
 501110
 750538
 885910
 269110
 495516
 706608
 95576
 735963
 813728
 721631
 565915
 185174
 916860
 176021
 852937
 1079266
 988895
 349784
 977717
 51793
 969020
 743431
 547889
 149703
 1070487
 324791
 470594
 74960
 115104
 657662
 1088972
 369413
 532879
 938459
