557679
 106256
 6338
 1015644
 476026
 335940
 931920
 299689
 8475
 197531
 768072
 232485
 213749
 824751
 586332
 345253
 360412
 898885
 725323
 861042
 106750
 619250
 996269
 226906
 53019
 536449
 821704
 754271
 873594
 1088304
 621561
 453586
 822668
 569755
 923465
 140511
 1011274
 463409
 104426
 1067594
 1030889
 639109
 377856
 856195
 778910
 947405
 679147
 341684
 1060357
 313781
 81623
 695224
 749723
 499278
 897278
 827316
 801756
 123422
 113879
 866965
 598440
 585240
 1056645
 459318
 452496
 1076461
 180053
 104766
 830403
 100924
 810365
 430427
 630862
 716549
 280823
 284460
 376658
 838154
 372193
 105742
 875177
 539994
 672395
 100503
 284505
 492771
 162752
 455644
 582063
 181083
 135184
 1086393
 60727
 801904
 580621
 228890
 147599
 786597
 1045536
 617273
 281541
 635713
 640516
 269743
 598953
 727473
 904637
 257762
 473354
 457080
 472362
 32738
 651436
 1048709
 85715
 403936
 459487
 16292
 548033
 300965
 736365
 669081
 1083406
 1081257
 969076
 1023694
 413449
 734026
 168144
 493198
 40109
 997606
 589789
 414510
 320231
 258747
 932651
 420207
 11818
 96768
 260823
 947610
 901720
 802736
 673819
 573303
 733462
 857500
 800172
 322551
 946620
 729529
 176758
 77716
 866679
 53803
 198808
 879279
 913958
 1095933
 414482
 206921
 1070150
 215232
 689681
 23925
 420718
 93904
 629971
 465067
 792851
 1080371
 692190
 1088588
 264487
 114102
 250437
 984923
 727252
 966908
 546049
 42288
 957548
 571753
 109993
 335044
 768104
 308321
 846630
 985478
 810797
 799412
 236562
 493197
 75521
 993761
 581848
 178404
 830429
 442838
 307952
 970319
 1007329
 748893
 333875
 409043
 240534
 576169
 637647
 34469
 572718
 834714
 67258
 996182
 47548
 226772
 93331
 810826
 33578
 176619
 885649
 389397
 342825
 866357
 809746
 861508
 139962
 818729
 179943
 616977
 229728
 236247
 34556
 546495
 374919
 49428
 830053
 292989
 964150
 113275
 332414
 769229
 626805
 42286
 715989
 678951
 384872
 928328
 443458
 189627
 803053
 1584
 373622
 825866
 464276
 395821
 132357
 412173
 5136
 995111
 745545
 758779
 390395
 766316
 902538
 1037811
 105019
 341407
 684413
 822730
 866100
 31161
 975319
 837168
 558641
 896392
 1041954
 740636
 309631
 761798
 659791
 169027
 3441
 516826
 935241
 965035
 785896
 883303
 293192
 148814
 1011311
 295093
 564173
 729971
 350185
 1031743
 842981
 239488
 1029164
 615406
 190948
 1013973
 11345
 182881
 276272
 135724
 899601
 1039083
 337128
 61530
 395108
 99624
 105642
 399875
 637806
 686056
 317641
 716394
 932326
 138054
 1029463
 724826
 809780
 518299
 608294
 9805
 84919
 347580
 143767
 281203
 426123
 270855
 798998
 349870
 359573
 106866
 161603
 922270
 337736
 1014489
 127549
 374060
 346728
 302904
 429638
 711345
 516930
 963762
 451253
 879327
 308938
 517854
 432165
 991576
 307777
 673582
 713241
 343569
 64615
 259265
 914818
 247524
 533558
 477450
 598936
 1096577
 1029419
 897173
 327351
 702271
 70635
 891834
 1014895
 447537
 869051
 786450
 594750
 619713
 603855
 619152
 737658
 677562
 608292
 711446
 388347
 702800
 566696
 172925
 138359
 249820
 256825
 246275
 929010
 615175
 809399
 634735
 1005380
 928895
 205687
 41494
 870144
 1822
 484040
 711777
 1013822
 450825
 373214
 728092
 92067
 580980
 249316
 635226
 194201
 209645
 7065
 942282
 913234
 4977
 523977
 916592
 283079
 449820
 427607
 773669
 600296
 258350
 821471
 900817
 478878
 614909
 1040319
 337772
 1091482
 70559
 405265
 259182
 986369
 15935
 134683
 721506
 146722
 941045
 423048
 156251
 494610
 351023
 56798
 448291
 292668
 526565
 955014
 613200
 414665
 1005423
 997297
 1062666
 836113
 964989
 721786
 441541
 363246
 168830
 572503
 315370
 189691
 5414
 133615
 269630
 550000
 710406
 869946
 164061
 880939
 73234
 422443
 3670
 72569
 378866
 165276
 1084275
 837479
 271440
 258688
 640527
 748420
 399810
 9974
 563067
 1026607
 576692
 840800
 699529
 468787
 224130
 239648
 878633
 759967
 188863
 588155
 385252
 307515
 239078
 152949
 551851
 410885
 1092313
 903628
 946166
 1072022
 100465
 3874
 780877
 450268
 756065
 546604
 496329
 877941
 910515
 648443
 32178
 41627
 909914
 664407
 840441
 1058189
 339924
 29412
 671485
 543717
 175765
 677928
 63379
 839944
 988334
 901363
 344914
 88662
 798736
 312531
 633132
 771598
 882901
 935971
 755071
 14556
 219226
 605234
 634006
 438704
 775014
 403847
 241132
 338094
 177310
 367947
 339995
 698162
 744869
 267898
 151205
 670267
 295148
 730674
 153584
 545673
 5345
 728973
 511572
 62315
 791153
 235704
 321545
 51788
 548780
 730439
 1013038
 723221
 43576
 435159
 807244
 1003198
 82463
 408352
 20387
 306370
 703313
 737227
 861691
 922694
 869030
 23273
 569878
 247945
 899364
 107759
 1089128
 262957
 480302
 545241
 636297
 130504
 179089
 331667
 722004
 614189
 80434
 112671
 986364
 126974
 932955
 395267
 762135
 335549
 523237
 939568
 451843
 250502
 364434
 305562
 480900
 964666
 340630
 345985
 129953
 527877
 845585
 88076
 58369
 803077
 21259
 900400
 711239
 703913
 904071
 52316
 249642
 59252
 309789
 66495
 579143
 464899
 867908
 636425
 922729
 980729
 191802
 297712
 856224
 1081962
 578056
 768424
 907498
 422541
 569913
 141277
 830001
 318462
 531422
 1014583
 107096
 335576
 610260
 435890
 680040
 904644
 705490
 890351
 856171
 998147
 893012
 245453
 81269
 380530
 442990
 798572
 265506
 370535
 801501
 1069311
 639911
 131200
 183792
 704998
 197422
 852607
 402925
 1009107
 35215
 701769
 433716
 342332
 867593
 285808
 796970
 464866
 463762
 532608
 53476
 12044
 120868
 213946
 624081
 183465
 262065
 174434
 946683
 243535
 912198
 999405
 133706
 1068150
 267906
 308823
 218982
 212323
 554624
 32377
 800986
 61124
 620595
 305380
 348079
 239222
 1056316
 906391
 928483
 692763
 616575
 1077451
 392791
 316080
 216601
 1072094
 457985
 308544
 87093
 140786
 816238
 589417
 224392
 495689
 1043839
 451932
 859226
 506155
 514954
 431494
 685867
 427264
 862702
 658698
 945882
 156173
 953389
 838056
 285292
 653518
 794224
 482533
 204584
 1086815
 390371
 361877
 21767
 231697
 249810
 148015
 352931
 783633
 48950
 404018
 119774
 322733
 613785
 847810
 114497
 85176
 373302
 520
 82561
 568297
 104807
 271618
 540155
 358302
 451608
 719683
 808539
 13041
 1084240
 24808
 130981
 271043
 122911
 711507
 199878
 413265
 461565
 1007915
 554465
 720514
 60768
 709999
 553667
 1050551
 571866
 965353
 842505
 605525
 903946
 796486
 300412
 424227
 383003
 305489
 145463
 949814
 746311
 130917
 365190
 386605
 450068
 676584
 153229
 896506
 776305
 97556
 1044742
 642372
 622524
 745962
 1043361
 917021
 977001
 181050
 986688
 986308
 178919
 391791
 743538
 188127
 511625
 1020401
 384251
 304732
 850142
 976671
 750296
 902275
 755655
 850135
 205329
 642859
 200676
 227347
 387756
 492530
 731465
 735274
 1051049
 416296
 456986
 997134
 698695
 371271
 514124
 833188
 403532
 962776
 1010193
 570759
 539124
 109901
 351548
 193443
 227019
 213515
 63148
 972799
 694000
 746278
 618825
 892483
 699696
 961589
 256316
 24536
 106522
 71815
 638892
 392483
 440369
 567582
 499825
 224411
 404992
 576682
 292131
 442248
 261201
 889654
 711538
 841085
 732788
 402206
 72388
 358309
 965594
 682110
 577186
 112589
 821358
 207077
 148136
 389580
 924581
 255370
 399487
 1038085
 637737
 442239
 815900
 275139
 1006028
 494128
 428322
 277280
 979191
 279612
 969904
 220329
 764251
 1031603
 86311
 649394
 1010352
 157922
 248435
 122449
 453239
 661490
 114938
 915371
 177773
 423964
 1004223
 691166
 862053
 507144
 354654
 113833
 130880
 286227
 1095662
 669924
 642983
 601223
 309543
 115742
 284659
 1032092
 743797
 1043635
 602545
 255303
 193183
 264605
 389433
 974030
 1068654
 1021264
 38849
 503954
 921854
 431777
 571221
 125734
 39859
 813944
 835613
 477231
 996799
 894316
 525988
 329998
 685988
 961691
 553890
 579563
 104247
 245303
 433912
 44427
 269795
 1064303
 392351
 82618
 34231
 337714
 999469
 340965
 939472
 397743
 304090
 844745
 967643
 634059
 79905
 909277
 267568
 28548
 44177
 403007
 132913
 435791
 253234
 80477
 798275
 166303
 742449
 481934
 123405
 764286
 629414
 1025474
 621454
 122507
 267839
 820063
 879214
 902424
 653625
 397972
 171391
 768226
 233139
 480801
 1018148
 304509
 115140
 943617
 727988
 236888
 78862
 850075
 805146
 493317
 668747
 773990
 235910
 78881
 257859
 607633
 519638
 1075495
 837548
 712492
 722456
 239572
 60778
 40275
 69763
 743427
 42357
 64862
 868077
 813421
 823199
 959740
 545515
 282371
 1058149
 213647
 1079283
 62856
 308014
 459749
 338254
 106263
 998696
 697021
 806280
 671204
 608780
 110141
 993701
 66170
 1018696
 61825
 17355
 749188
 1097135
 182028
 118011
 1097925
 826186
 197209
 790504
 887892
 647142
 506438
 705177
 704798
 564626
 33752
 401369
 841383
 814057
 431991
 807881
 633392
 654694
 221734
 726547
 7338
 809593
 359248
 905311
 944101
 42743
 293101
 720281
 440217
 84048
 431628
 719248
 23592
 1009627
 787353
 989035
 131205
 60088
 155129
 419355
 1059864
 1052659
 655808
 689222
 888320
 986274
 490107
 239073
 803015
 891326
 608120
 384847
 564145
 551950
 98081
 348502
 16271
 449472
 546027
 872858
 777468
 453642
 243082
 491435
 1074703
 1078544
 921852
 186812
 55824
 732981
 1049324
 224978
 276295
 557838
 191592
 877332
 977481
 695509
 352760
 798728
 1011660
 784113
 557911
 300964
 53465
 406975
 719364
 727438
 762408
 87788
 2010
 263006
 618330
 204695
 968460
 940075
 977187
 62842
 939423
 380660
 233215
 457298
 523055
 409511
 457759
 51164
 561337
 139385
 835984
 682496
 611858
 636100
 677346
 558039
 806728
 412511
 39940
 334751
 625676
 594953
 828424
 97805
 475517
 266946
 335619
 625691
 961483
 449452
 774451
 877389
 843677
 1076633
 1025744
 73668
 902858
 167042
 299474
 725080
 8956
 848690
 359913
 862522
 24667
 651807
 735324
 160304
 676613
 984070
 522060
 888050
 633711
 4697
 274785
 586806
 282988
 566848
 858193
 22337
 385524
 607940
 204420
 336575
 545016
 377607
 63357
 900455
 907728
 833995
 1067950
 20813
 398785
 493670
 99666
 787400
 807774
 598246
 635183
 711853
 388483
 17364
 874244
 428458
 578096
 486565
 795609
 1080962
 1024449
 28375
 241097
 205276
 1061987
 192742
 63444
 554176
 941789
 117912
 212445
 529272
 419356
 450272
 339289
 517249
 348601
 667402
 944868
 190474
 846153
 277365
 680387
 398450
 689524
 35513
 284988
 206890
 721120
 386904
 445033
 217287
 366084
 849699
 56388
 319337
 585983
 747403
 1066601
 832866
 691904
 969343
 459907
 724868
 718606
 974575
 76273
 114202
 622785
 74112
 567460
 554287
 452968
 847968
 934119
 470674
 916923
 814625
 310466
 606821
 762091
 502411
 965275
 867120
 320833
 785692
 10687
 875525
 382091
 176559
 901209
 903617
 674930
 1031158
 1009561
 152637
 677054
 831295
 907247
 652266
 222905
 267729
 1001434
 787199
 922679
 63567
 294385
 867665
 308354
 104987
 877100
 6749
 615277
 364038
 294146
 700008
 112546
 724883
 545735
 511755
 64289
 335739
 309151
 161314
 304753
 190336
 118597
 5759
 424342
 866246
 572608
 346455
 58153
 151699
 1028799
 266142
 348113
 647645
 1090399
 1287
 1029750
 480138
 460949
 239714
 500688
 590952
 746581
 26623
 287447
 201136
 1026178
 85216
 778871
 70754
 663445
 351192
 57682
 632993
 430329
 257921
 333223
 679032
 869742
 50132
 607435
 158682
 455537
 327629
 793038
 1056254
 568108
 559472
 1031461
 323922
 817214
 801886
 840430
 614796
 185270
 171038
 629254
 837296
 949426
 470470
 212209
 540672
 758092
 776716
 777853
 1053395
 676468
 147126
 809678
 593852
 610434
 896209
 350432
 56875
 894561
 150470
 1024511
 531033
 842617
 1050643
 487405
 664203
 968914
 1009907
 777223
 456788
 773640
 476999
 683047
 668989
 991784
 78452
 1087986
 573849
 144409
 914622
 146390
 870950
 915240
 529564
 588878
 844383
 802877
 450334
 287412
 736349
 742716
 61718
 1027088
 601129
 956704
 442301
 521224
 188639
 983772
 721937
 720128
 843118
 756135
 7528
 66812
 455775
 1016043
 1020338
 840933
 1076534
 166981
 757962
 70407
 551439
 783650
 52942
 510165
 963088
 1058526
 398803
 976304
 701594
 386225
 817047
 98672
 249904
 705151
 144169
 59682
 354475
 696688
 855056
 558562
 66106
 103347
 690310
 720114
 907030
 205347
 83650
 511096
 1098462
 715414
 268118
 808488
 432421
 83033
 943179
 549557
 1049988
 38243
 598462
 161473
 191565
 229261
 601733
 964887
 212771
 96025
 991774
 585002
 543889
 201940
 239157
 867244
 328806
 941550
 757753
 194387
 284218
 711025
 533917
 94589
 480640
 1055983
 402806
 991103
 517311
 425121
 979899
 262726
 920258
 104624
 1095118
 84203
 507399
 965630
 515720
 957995
 833036
 524276
 636302
 790475
 35030
 182632
 1040605
 917116
 830600
 297705
 736925
 956538
 1009469
 146730
 28356
 410851
 896362
 32332
 534303
 192204
 537880
 464340
 288439
 1057354
 588795
 702192
 923205
 645204
 1023141
 752364
 503831
 544443
 925640
 393104
 545737
 480231
 11593
 578717
 572309
 211174
 879061
 764626
 840395
 372863
 65669
 455622
 599865
 25143
 473425
 73908
 361039
 719952
 313170
 627305
 57584
 535554
 59916
 548620
 481506
 674114
 1087597
 1055326
 124897
 544856
 449906
 207926
 4595
 346846
 115844
 1007028
 736972
 302356
 74651
 463418
 618169
 1076755
 525480
 760390
 582041
 838785
 982339
 197740
 462352
 785523
 856551
 288117
 627362
 188855
 558621
 270532
 350668
 873747
 129137
 350412
 621735
 551519
 665647
 542956
 952683
 51252
 795173
 315811
 962232
 537215
 247664
 505610
 209983
 226244
 1083961
 1057732
 1078456
 415646
 112317
 214716
 588386
 138739
 922242
 682982
 840461
 130284
 599152
 784091
 607377
 1022043
 390506
 1037987
 383843
 89444
 391834
 535003
 498694
 277952
 867636
 437813
 582998
 612834
 373623
 434875
 803056
 771760
 18114
 720738
 472779
 290356
 497983
 93703
 672462
 75423
 445354
 89472
 1048263
 121768
 500913
 678815
 209263
 864283
 380487
 803081
 605650
 181699
 416155
 182418
 632014
 253185
 65876
 902309
 1013396
 756340
 287667
 707047
 327484
 216655
 860642
 181226
 710354
 582106
 7986
 1081419
 525847
 888762
 38464
 696510
 969712
 209525
 54875
 365175
 482542
 633167
 638882
 568157
 496635
 772091
 225762
 613439
 388805
 771604
 750912
 467738
 227056
 733197
 251122
 262406
 522196
 1090037
 971097
 329058
 752628
 191064
 952613
 7794
 271553
 510642
 110213
 615938
 121068
 360116
 240519
 883442
 1054427
 134336
 1060051
 961541
 347987
 330524
 1020767
 1036218
 370704
 1011112
 596918
 155040
 172927
 186016
 348072
 567055
 78338
 98279
 739040
 556936
 859995
 864352
 1040102
 240096
 777104
 539592
 801535
 1034085
 100845
 678496
 952775
 9959
 984269
 836881
 616881
 435565
 533967
 448102
 68492
 403594
 194606
 755818
 630028
 472496
 107439
 348928
 721874
 494108
 479473
 596866
 679028
 466531
 478513
 839021
 177703
 450128
 909065
 39677
 582867
 1018019
 845153
 996750
 179098
 414191
 969446
 324213
 1037049
 485094
 959853
 498178
 795451
 818087
 259821
 787694
 719022
 346769
 687837
 1005028
 104325
 125379
 471729
 962385
 988407
 89324
 345305
 761322
 560289
 278848
 49008
 704136
 156550
 708364
 418131
 589378
 1010253
 1066655
 642775
 829502
 983834
 709298
 715008
 738045
 931054
 661714
 1018568
 13284
 569003
 475211
 985837
 131027
 711725
 501320
 418402
 1013981
 285900
 856752
 834326
 1043016
 415505
 135288
 838240
 969184
 905992
 532178
 66602
 101099
 840905
 897711
 791421
 374445
 484131
 168516
 156628
 936918
 665294
 243510
 456980
 668595
 854137
 649529
 351789
 315719
 1031
 640473
 21868
 797425
 755188
 433091
 794538
 1065476
 837089
 263897
 982293
 431621
 1034589
 453916
 227266
 225877
 1085432
 567879
 627798
 171671
 1040835
 399643
 322772
 26396
 895330
 169843
 206951
 1011598
 776201
 1074573
 927779
 909089
 40094
 519261
 763307
 1018211
 652711
 924366
 247582
 635993
 126537
 366389
 556129
 87777
 451178
 441224
 713122
 56534
 6438
 595628
 229028
 834567
 325614
 48555
 333846
 143495
 701666
 889757
 881352
 984466
 977341
 262710
 82661
 695047
 640596
 42720
 54772
 229514
 866181
 838079
 1055753
 395763
 160595
 381778
 88821
 529272
 916826
 630132
 371331
 958221
 826050
 364896
 1048495
 551466
 789889
 97584
 510211
 936612
 1061530
 1050192
 79229
 994327
 506003
 283868
 224740
 364250
 825826
 520894
 752729
 385059
 834263
 1041677
 658796
 204246
 1084428
 588443
 490335
 597454
 772637
 407262
 874572
 458579
 764121
 622536
 544615
 526357
 1069190
 26799
 939381
 919221
 511916
 876912
 1027619
 149939
 1077615
 1079589
 306236
 428949
 749683
 1077143
 571622
 1012524
 592954
 717871
 13870
 32010
 222392
 707291
 42798
 261941
 508712
 653277
 591937
 827227
 1094322
 1005912
 527801
 701380
 1044319
 596367
 720262
 448330
 710725
 54631
 715791
 679736
 1032107
 1005886
 37649
 1086693
 442759
 834059
 578931
 772073
 293600
 381186
 87068
 462953
 296352
 785492
 290027
 362258
 673459
 83415
 981188
 294493
 94982
 132656
 753781
 484736
 718535
 364199
 926898
 45096
 96626
 624901
 199454
 115367
 956954
 957770
 953730
 739731
 477244
 832380
 669249
 992899
 128200
 1017986
 749075
 700508
 250068
 137715
 679474
 532620
 391017
 262815
 862687
 503031
 14124
 125178
 963445
 988292
 1053560
 338418
 1042222
 818536
 663309
 693330
 675464
 662323
 1083973
 525624
 190815
 297292
 109276
 107363
 379489
 665199
 200505
 670555
 451311
 100921
 205676
 458428
 161933
 1051
 1006953
 356001
 1076705
 89700
 259802
 1074270
 442862
 119517
 659075
 597278
 993928
 591885
 996627
 421971
 558082
 434891
 919720
 775548
 473980
 916326
 529247
 326322
 132350
 881886
 551675
 1065715
 601945
 1027049
 618976
 981689
 633353
 152607
 859211
 346642
 542666
 339925
 1090531
 1074176
 1081634
 301915
 589044
 883752
 898230
 233402
 705689
 749268
 1052887
 1029862
 805691
 1004248
 1093847
 1010180
 480962
 1039805
 773640
 784644
 523950
 608114
 626857
 381263
 883905
 882659
 234982
 858954
 715837
 967017
 153976
 795084
 576970
 942149
 863092
 760604
 345690
 330136
 811656
 691239
 125163
 597425
 439599
 838973
 60120
 703744
 781292
 729073
 32777
 423670
 262768
 120503
 170602
 364341
 205017
 16555
 20152
 652992
 227060
 1015673
 1081672
 786340
 1000740
 587023
 62371
 637263
 134140
 1042270
 783989
 953079
 161599
 369107
 445636
 762044
 659611
 645894
 828931
 1044494
 506273
 222006
 431757
 182391
 674943
 438162
 1096362
 547886
 42543
 617014
 949019
 1075443
 320127
 56582
 496739
 255524
 512353
 779678
 622750
 193460
 284435
 308648
 3192
 972247
 1055389
 75936
 398821
 92180
 379571
 650610
 195170
 496673
 43756
 737569
 689946
 667704
 348552
 501155
 120848
 419725
 823455
 979805
 1076601
 873979
 198285
 463468
 1022678
 764137
 610705
 598406
 105346
 833560
 422824
 1087891
 771637
 739047
 707688
 151070
 579358
 376830
 169828
 90664
 1027085
 952846
 192970
 102101
 25721
 1026434
 269303
 1035444
 740638
 947592
 746735
 28490
 644261
 743582
 308087
 166185
 725407
 1026398
 923978
 116260
 889758
 1042003
 518617
 749155
 314351
 30353
 900930
 612928
 561177
 920815
 1040993
 575150
 47860
 175320
 506025
 312285
 510732
 1050987
 213327
 877761
 432608
 256960
 460074
 1034323
 866334
 325286
 48255
 329674
 149951
 878648
 782704
 317486
 739722
 804581
 189911
 967489
 293721
 775340
 226959
 129501
 501691
 789914
 21947
 420409
 210558
 203177
 924980
 56939
 684576
 806870
 968257
 815621
 519082
 370857
 1096026
 1956
 1079335
 151516
 1058867
 157181
 957258
 666186
 184216
 619773
 384543
 499076
 453619
 180738
 1089316
 765117
 29879
 600958
 854152
 180857
 1011145
 418366
 138727
 433666
 222945
 554381
 674591
 626516
 678663
 660851
 323543
 204448
 315679
 1054237
 964788
 192649
 143328
 365070
 440946
 1046454
 536444
 805504
 296286
 994128
 514369
 58382
 697863
 693781
 520589
 45262
 344739
 274600
 984653
 894321
 650310
 799168
 1088596
 289239
 897889
 984142
 767251
 1099511
 1064656
 674981
 142216
 451298
 240400
 630494
 429833
 520316
 63281
 637316
 241783
 883249
 140478
 594733
 296159
 679613
 29654
 281806
 583736
 146228
 868236
 799126
 199066
 654889
 165961
 490573
 519944
 694801
 165059
 386269
 583033
 190718
 615065
 1064247
 701935
 787311
 890412
 1073816
 380066
 143040
 554464
 353592
 552007
 662517
 365125
 364300
 181466
 1068878
 606835
 460610
 898938
 664176
 1069682
 566177
 594360
 819335
 243820
 782546
 118007
 1004125
 586854
 929097
 426881
 827867
 340181
 469537
 1026431
 344868
 780189
 254817
 21122
 739860
 806850
 399848
 380572
 370867
 400402
 997808
 837564
 314616
 63554
 542122
 542688
 640892
 456940
 1019895
 952678
 938181
 118837
 145944
 824762
 261608
 490912
 277279
 440957
 805704
 152675
 926809
 558425
 895134
 643267
 1052613
 687987
 353641
 210382
 900998
 1064098
 905280
 166788
 478029
 741018
 644557
 567905
 311232
 160250
 229303
 621947
 370223
 660307
 411464
 761226
 589619
 939335
 150840
 534024
 488184
 377133
 875520
 285831
 697541
 783915
 915301
 13188
 405776
 384953
 464847
 799420
 534884
 1023529
 1059428
 78104
 872994
 231770
 93104
 1043472
 884971
 980905
 812412
 723654
 30909
 508718
 725985
 327603
 608233
 758177
 203852
 815222
 215830
 73909
 413176
 1006738
 313795
 995704
 249621
 919927
 468268
 195372
 809957
 175148
 483821
 636588
 655363
 566290
 380088
 98380
 74430
 968945
 193480
 838641
 391469
 877462
 870335
 929633
 627894
 892942
 593124
 429591
 458565
 127441
 961035
 915003
 702026
 936296
 541612
 349803
 375040
 497240
 356149
 692940
 1008418
 726352
 1006015
 269075
 824696
 265603
 531520
 490240
 177673
 587993
 883822
 280108
 693376
 456191
 994726
 1030849
 844214
 632890
 934929
 490106
 303019
 1072308
 909386
 1086018
 1062745
 397548
 289595
 939171
 917483
 601730
 996532
 768041
 114812
 47351
 776614
 687011
 1074689
 731483
 978869
 569606
 824179
 1039576
 1033303
 21464
 580286
 926898
 24221
 8662
 1045847
 810855
 1087851
 171191
 539070
 693229
 545813
 94852
 703759
 761757
 469870
 128816
 240591
 109781
 917142
 353794
 601995
 639492
 709348
 904874
 431959
 502166
 817853
 418461
 859686
 915829
 511822
 440826
 830521
 34817
 221031
 751041
 650787
 329481
 80258
 941983
 327264
 873451
 572891
 169027
 925079
 262855
 355694
 154885
 13574
 482051
 766861
 502014
 835444
 958888
 142095
 513185
 232337
 431257
 630520
 1052933
 201838
 147052
 236518
 24782
 430678
 262762
 941098
 299279
 618248
 1067622
 148827
 207648
 282262
 876263
 265270
 568163
 257712
 136283
 690230
 544544
 1019350
 998020
 840641
 18787
 922971
 244840
 220156
 371930
 411090
 408480
 104628
 451348
 743933
 289429
 611383
 766538
 256957
 392576
 928349
 492839
 426028
 878350
 820299
 1095212
 452045
 966745
 728970
 786994
 768833
 778430
 558918
 920986
 283939
 257387
 497497
 135077
 37018
 205569
 818350
 992285
 863916
 463338
 841671
 57663
 545800
 170646
 1058218
 840887
 332262
 615555
 883783
 369946
 1083516
 69038
 433124
 509795
 374620
 229637
 463134
 688047
 751206
 5570
 274715
 360369
 328395
 110810
 536670
 364025
 468278
 514190
 1018746
 74799
 316382
 1093275
 915709
 472935
 206381
 174387
 356260
 542031
 504627
 279851
 929668
 304498
 861826
 154209
 929100
 328024
 296294
 525740
 235439
 802685
 176846
 276262
 476257
 517413
 579970
 409433
 1038305
 36165
 540643
 282635
 242021
 46117
 585612
 282402
 574663
 877296
 569399
 508764
 697352
 88379
 1025103
 665518
 189550
 288325
 691625
 928125
 916926
 323298
 1075689
 75074
 267118
 827413
 525414
 595312
 343512
 42668
 775349
 844488
 551702
 881268
 437356
 656060
 935877
 507917
 296057
 290236
 333238
 261469
 7166
 25144
 429428
 992554
 814604
 898860
 743509
 670729
 950006
 866481
 187245
 179125
 163015
 162653
 1094468
 34435
 80491
 922938
 120932
 1016852
 46431
 92688
 797202
 623289
 364699
 978863
 243995
 452376
 780378
 125854
 584056
 464541
 87517
 946042
 831476
 130285
 1022126
 329747
 750298
 919014
 667525
 779893
 296770
 152098
 572966
 507224
 703858
 253957
 109559
 937278
 778219
 399449
 1012674
 187446
 211162
 561750
 124389
 98515
 228629
 1032101
 971529
 1059517
 232367
 1020574
 196773
 1028696
 465770
 885520
 538151
 917941
 750972
 872162
 49303
 84397
 327285
 455472
 958279
 967164
 140525
 998273
 852206
 85932
 462738
 531373
 1085290
 10768
 649614
 259727
 622829
 1001236
 109724
 795972
 462575
 780672
 405475
 822302
 678243
 872243
 840266
 704180
 1015612
 414653
 579892
 523556
 729867
 195686
 828257
 886952
 824309
 263229
 931077
 825329
 858929
 150066
 746284
 773703
 487232
 326772
 889359
 1016297
 872750
 426425
 829479
 707825
 54515
 49456
 534509
 985534
 1093128
 924238
 475462
 922925
 397012
 946859
 105928
 786701
 950754
 969538
 491045
 179285
 938168
 272432
 991552
 1035653
 283805
 854742
 146699
 309556
 769144
 740942
 666540
 573609
 438000
 885859
 929869
 1031793
 252088
 595248
 998775
 1072945
 598868
 763417
 423997
 347826
 1054201
 123134
 335666
 1073614
 512253
 997971
 632592
 11527
 1066386
 350172
 157003
 1007958
 661854
 1433
 1044638
 85713
 850004
 258957
 185858
 25792
 966955
 1006772
 525170
 674516
 1000707
 779436
 324123
 267904
 190600
 765711
 583986
 702632
 156850
 128317
 633299
 788046
 256930
 14176
 748913
 567426
 1018248
 1013479
 425610
 21691
 108472
 892522
 701805
 413215
 550563
 538115
 769312
 466378
 256755
 768125
 299817
 334723
 1027984
 173445
 474259
 304155
 397888
 354129
 738305
 13998
 14330
 132041
 916207
 63428
 894644
 39928
 159540
 393719
 514683
 192230
 536700
 95929
 139257
 109902
 885373
 572362
 925028
 1093479
 841977
 478293
 56434
 782332
 690939
 286878
 716352
 559015
 114659
 863641
 1082960
 792937
 767707
 999158
 455191
 105523
 249911
 997061
 426481
 85780
 22193
 934324
 1048048
 79568
 261897
 718597
 599229
 678627
 794952
 461378
 73968
 381059
 89710
 442730
 169031
 551567
 185704
 591840
 260134
 176013
 48264
 439287
 665609
 920791
 606364
 790900
 190685
 146680
 476490
 914857
 587620
 416328
 226737
 423529
 528573
 505973
 649984
 856705
 155235
 174338
 824155
 374411
 335692
 208718
 916622
 369767
 372406
 557021
 1070995
 901137
 978671
 408119
 217572
 66111
 454110
 931568
 500920
 136629
 475557
 789846
 411260
 798508
 535678
 1079821
 673604
 976617
 332287
 337794
 191693
 315321
 786919
 109662
 672044
 462874
 336883
 344738
 1096131
 815394
 126781
 394253
 105098
 76406
 913853
 33869
 782545
 905396
 648350
 449559
 734285
 709930
 177593
 1031027
 261435
 257678
 175110
 423708
 236746
 924020
 397311
 914553
 407063
 37159
 572892
 1074698
 1021869
 723938
 275071
 947258
 59749
 491777
 871864
 479114
 110764
 885997
 744937
 414265
 79965
 362865
 599873
 299116
 892587
 395310
 745014
 736105
 592741
 567561
 664944
 274702
 769813
 995627
 1032896
 1016440
 216967
 495247
 834774
 576973
 964845
 63766
 782871
 599666
 66267
 442226
 837411
 144490
 831413
 84095
 398291
 1037320
 681298
 300177
 1049008
 81720
 272489
 418237
 260161
 206789
 217670
 727729
 153124
 628763
 354879
 698311
 718688
 434310
 1074717
 646631
 1038130
 615042
 778123
 977127
 358814
 1049540
 414250
 794939
 999711
 105476
 78655
 618894
 967549
 627233
 37266
 632436
 185475
 588649
 1016243
 199189
 759062
 872553
 595038
 169360
 406529
 816940
 731342
 721615
 723176
 479593
 1029922
 361032
 165651
 136266
 860057
 265261
 110308
 422960
 317559
 449234
 132332
 296553
 183730
 54168
 315803
 1021134
 742173
 637113
 2420
 1097770
 310585
 344365
 819109
 375119
 983636
 965697
 747198
 319664
 786281
 363364
 213318
 483517
 808808
 161869
 274807
 923899
 987766
 129195
 181697
 124022
 1043443
 176318
 387956
 908040
 386276
 56487
 128601
 456402
 937725
 601411
 210355
 423607
 826714
 663619
 958661
 232297
 361489
 725060
 398429
 957337
 510569
 517945
 130944
 259029
 455574
 586141
 845390
 117734
 558925
 979957
 943929
 624945
 807418
 42380
 405641
 461694
 1082359
 1012327
 946770
 899327
 671805
 763207
 356493
 558405
 93058
 168758
 243583
 810656
 270986
 21509
 856607
 741875
 44125
 253792
 293513
 276013
 406541
 127123
 226133
 335521
 918531
 514417
 539841
 388247
 492983
 217892
 900361
 648195
 202917
 254751
 724330
 979499
 679078
 343879
 494248
 549241
 804151
 505134
 465977
 861572
 779321
 550345
 309105
 594079
 1015007
 215700
 825014
 724097
 456497
 681288
 811042
 28161
 653461
 579389
 753685
 1084713
 1027355
 344724
 742949
 335024
 437106
 1085624
 410925
 953942
 827698
 953007
 817754
 803547
 238287
 1049300
 62598
 912190
 525660
 385375
 204129
 949858
 214899
 562468
 859020
 495838
 423486
 573031
 1096009
 813300
 763971
 849709
 1015511
 328899
 207334
 1021016
 390262
 907024
 48004
 754800
 1062312
 1060745
 621327
 1052928
 104308
 947665
 438903
 856289
 278696
 662908
 1009150
 605690
 738453
 550486
 519295
 750191
 855993
 108703
 647234
 495613
 171994
 104801
 14564
 953660
 1028093
 218722
 256869
 429024
 890950
 1040613
 762830
 556581
 550836
 470395
 210681
 885101
 979897
 526428
 666884
 470792
 269986
 566053
 1080653
 601448
 76189
 601782
 961633
 699785
 772498
 907952
 607659
 287475
 869270
 705879
 364691
 817362
 166412
 137056
 198575
 740744
 920404
 1068702
 358800
 676408
 359940
 606305
 148447
 120361
 941022
 529065
 487973
 704822
 599820
 866690
 579568
 1036308
 989761
 347951
 905001
 208399
 902956
 1025661
 563874
 542854
 72104
 460877
 417522
 582550
 1024506
 642609
 635385
 12796
 408810
 983140
 299991
 912834
 223731
 1067990
 745395
 893156
 142703
 476150
 452254
 557202
 1043500
 82848
 959796
 1065056
 649878
 892144
 1090354
 423890
 891282
 848258
 253523
 485742
 523803
 575657
 699035
 174602
 654992
 865887
 920832
 669480
 847673
 139044
 905950
 948605
 58904
 502472
 709526
 504760
 917681
 672293
 1057070
 830056
 189097
 227449
 753717
 196196
 157944
 486251
 51783
 360373
 719181
 252037
 458038
 567865
 870732
 307542
 182091
 816044
 652221
 821702
 245478
 722980
 531874
 844100
 1057005
 711795
 815217
 459417
 1047119
 467373
 120235
 532258
 63069
 285310
 848203
 944712
 923852
 200409
 488269
 600947
 176277
 842129
 239280
 377100
 435770
 563941
 381740
 86890
 253575
 996289
 1051986
 148208
 916431
 210674
 877009
 215550
 308333
 695783
 488067
 1022467
 535899
 227084
 475306
 1065924
 802319
 106588
 21243
 762051
 264870
 854030
 705088
 370130
 56683
 357583
 757498
 187967
 227005
 31048
 805921
 251212
 387111
 1086034
 967388
 174426
 239982
 392862
 353650
 937102
 565966
 891153
 123354
 221000
 281100
 984083
 980232
 242701
 507269
 965543
 993363
 263757
 157932
 191110
 636544
 320997
 393003
 393789
 184611
 899582
 969856
 735066
 361319
 847666
 622008
 944376
 308598
 539759
 175308
 588481
 251526
 1067422
 440683
 300768
 320257
 977723
 903190
 455048
 393675
 105886
 183309
 771752
 661934
 702148
 823647
 960042
 710013
 81774
 150250
 793878
 916761
 338847
 1060925
 878000
 687838
 494230
 411430
 844918
 149916
 46191
 392247
 474886
 12539
 409490
 296578
 596050
 945401
 95855
 572519
 239830
 432284
 1021169
 410475
 535341
 927258
 755271
 547114
 68639
 574168
 223377
 15162
 900649
 67155
 220690
 574195
 927777
 965491
 299809
 363614
 752978
 170260
 709947
 213104
 453946
 903315
 104007
 743473
 871526
 890068
 477616
 892157
 768107
 137524
 1047809
 1038577
 589194
 868259
 590793
 67407
 170764
 616036
 496806
 649254
 95828
 217688
 647251
 115016
 929366
 665865
 95507
 900462
 570104
 39747
 469352
 38998
 177519
 505458
 877523
 935612
 296518
 662311
 1099357
 346011
 752540
 372351
 458238
 84189
 961988
 988293
 541660
 669267
 338232
 19680
 861352
 690752
 517140
 991486
 715658
 827469
 515564
 46032
 572104
 868160
 791313
 507914
 641850
 912609
 1073713
 131247
 492737
 118207
 9290
 821466
 714654
 773511
 1028773
 112319
 926219
 229300
 342237
 941424
 230796
 477548
 245215
 291562
 592609
 549277
 975025
 129523
 1013634
 509356
 388409
 466326
 908181
 642276
 667421
 848500
 755945
 252293
 1059073
 870814
 992608
 704058
 35678
 644747
 695858
 649498
 989550
 712917
 424280
 809091
 838815
 254947
 41817
 710990
 7861
 576171
 475788
 1063031
 451095
 356333
 437498
 610461
 536495
 905356
 483571
 1020710
 745086
 371201
 1002740
 155619
 223744
 973607
 189821
 635548
 680430
 649685
 975366
 597108
 376706
 810156
 807186
 786405
 672697
 180933
 185973
 600949
 1037108
 370576
 518886
 751615
 61797
 439435
 705131
 159455
 1065030
 522312
 1024687
 392071
 635609
 866564
 1092649
 744898
 1047645
 442307
 253741
 455339
 735025
 300831
 387900
 598851
 1173
 542637
 131458
 589537
 360521
 803196
 169525
 601041
 363006
 635825
 491923
 836342
 676934
 74447
 314165
 474635
 708247
