337563
 679326
 106896
 579033
 341534
 427776
 714889
 834073
 631993
 214455
 909295
 179486
 845554
 271689
 617182
 944816
 184972
 471615
 548976
 970862
 217505
 983077
 747255
 107202
 766658
 141928
 662594
 129057
 869695
 339848
 1068416
 544360
 533782
 849491
 687425
 804051
 741461
 1008285
 606971
 982914
 132674
 562315
 452987
 855892
 686345
 844463
 386593
 29671
 749517
 14304
 951919
 473323
 433011
 893569
 207994
 319078
 636135
 955596
 950164
 140451
 314113
 659120
 818261
 1042191
 1083336
 827536
 766020
 14964
 289236
 451242
 204304
 895878
 989137
 934642
 437687
 524394
 804174
 794187
 956765
 796131
 628888
 753874
 651174
 901200
 673231
 329670
 735118
 208091
 403257
 810632
 3671
 496797
 933315
 1034387
 426874
 709911
 299366
 714706
 639035
 439119
 76020
 785369
 1074138
 900523
 119967
 810615
 697035
 1014461
 356697
 832927
 453019
 1006857
 632034
 271383
 718125
 339385
 433335
 267817
 257610
 460982
 639436
 94229
 230785
 889083
 151540
 582233
 742910
 177453
 258555
 297668
 44134
 780092
 38420
 462393
 21069
 168922
 734725
 1002448
 755743
 1079054
 257412
 82615
 669763
 626406
 371914
 454062
 558488
 338684
 36284
 744522
 1035530
 638711
 602700
 753894
 539088
 204242
 850311
 980889
 659214
 436578
 523247
 847726
 881426
 194415
 900964
 437328
 551035
 392391
 839477
 403699
 769995
 1031086
 558308
 372927
 997271
 253988
 39069
 489671
 906828
 349619
 387684
 468348
 1034710
 1095853
 730988
 28439
 953584
 23582
 773917
 79614
 460957
 371965
 482449
 319657
 214212
 721208
 433658
 142426
 388637
 1042393
 195946
 395105
 1047441
 405613
 1058339
 535109
 150638
 328383
 619370
 836554
 346846
 275740
 1047386
 346459
 386573
 347353
 836548
 994994
 1018860
 838643
 390629
 102408
 423077
 347921
 170533
 1060732
 646243
 191420
 521211
 51321
 74211
 479637
 5206
 1020443
 1077371
 129389
 185745
 429063
 751088
 800674
 384791
 324309
 325718
 267670
 453342
 458821
 836674
 869877
 495814
 604179
 713246
 621910
 400526
 942359
 816660
 824930
 424982
 867719
 452668
 320329
 850554
 494628
 749690
 138782
 933140
 624370
 1088836
 638416
 874926
 996468
 843434
 46923
 387735
 415263
 793480
 930966
 72351
 144815
 997878
 466046
 119176
 449274
 964561
 630833
 194494
 932400
 114268
 988421
 883134
 971121
 472969
 1031216
 258303
 726699
 208806
 670865
 287550
 904722
 38719
 1008783
 747876
 624967
 251293
 287978
 780066
 384323
 443760
 1099123
 120753
 573418
 934039
 474143
 318039
 986413
 894454
 796977
 1018879
 1024016
 904787
 610951
 331586
 659131
 648664
 524213
 1019901
 348034
 14949
 865975
 699768
 878593
 1003223
 446752
 463892
 324796
 511283
 799616
 593999
 608938
 162214
 835094
 1009497
 849127
 1047199
 812921
 437666
 884303
 208893
 112909
 865691
 221351
 192907
 282969
 13630
 972574
 111710
 146503
 633459
 981315
 516573
 421573
 335154
 209385
 1045861
 455653
 40480
 975134
 500242
 1025847
 820665
 80068
 590290
 235550
 627969
 450562
 629181
 634252
 55618
 32100
 45687
 583015
 170961
 228501
 480141
 282729
 18125
 193234
 47908
 554893
 730859
 680763
 626440
 866880
 173123
 275961
 315539
 1019546
 683094
 547316
 702747
 1096743
 187180
 716071
 55442
 969205
 58078
 155817
 867225
 533244
 469098
 935878
 933253
 735401
 911710
 1011348
 1084490
 736580
 981385
 648134
 462264
 1085446
 591331
 495433
 719686
 266901
 1050703
 93897
 372301
 725481
 553177
 446734
 1015389
 600585
 931143
 1004322
 840775
 501375
 601973
 344794
 936785
 460662
 836129
 150654
 621174
 594260
 794102
 451205
 941063
 517229
 471094
 939271
 340895
 821964
 1043463
 926955
 726104
 470720
 391508
 158373
 275842
 133741
 661699
 123277
 681045
 406894
 787637
 467348
 1080765
 466607
 245365
 736632
 15321
 420416
 1054421
 600109
 829724
 271154
 894148
 1068570
 990749
 399605
 663687
 734745
 568624
 514640
 612066
 184755
 144607
 144969
 641144
 89904
 382922
 882721
 718562
 86488
 941929
 154953
 1012440
 992804
 586948
 15670
 627104
 804804
 7190
 462998
 1004138
 471276
 912
 674373
 475981
 1002357
 697426
 37023
 691135
 579777
 873330
 329439
 449253
 1055309
 556596
 912656
 584552
 329715
 1082278
 393853
 225841
 681572
 162685
 516540
 259376
 541649
 813773
 86473
 174678
 145623
 951921
 646239
 442239
 59257
 412256
 1064971
 132281
 786486
 448422
 538636
 595168
 654534
 951942
 104446
 828620
 1050546
 16248
 880762
 227405
 1029627
 1056359
 417022
 881570
 29890
 921134
 991412
 730081
 972098
 848426
 331567
 452520
 191814
 901249
 61161
 394509
 430544
 893415
 299901
 628429
 767037
 1005762
 787751
 484455
 784723
 666483
 421715
 465021
 252232
 84480
 613125
 240542
 810290
 193029
 1088117
 916878
 452541
 396923
 944528
 956154
 658865
 854589
 48352
 113066
 224914
 671002
 348709
 539807
 643703
 10555
 671465
 434203
 831061
 1093354
 1042805
 654753
 271186
 838250
 515035
 327496
 227871
 660865
 382698
 211840
 590081
 337091
 758077
 492902
 696694
 610193
 754312
 229919
 641123
 519666
 382701
 444489
 764830
 606025
 729271
 548223
 616886
 818383
 398943
 44432
 654587
 953040
 1077350
 691659
 276908
 1044685
 280380
 1073754
 90152
 971793
 208634
 251478
 270748
 679214
 244609
 73503
 338230
 945431
 42162
 592719
 756397
 930098
 572117
 5629
 543254
 213209
 847530
 191189
 214639
 219673
 609143
 830721
 380194
 321900
 592510
 933985
 826944
 564333
 913246
 527243
 533381
 345844
 926408
 797344
 257827
 541596
 949285
 1047811
 33205
 597774
 906979
 639226
 656506
 1039113
 579907
 841369
 246817
 654904
 1084088
 728169
 520804
 704526
 36625
 108848
 71304
 187397
 513548
 124721
 171049
 80116
 930618
 570218
 1029702
 659856
 72785
 32923
 949036
 154991
 46509
 424510
 623792
 823165
 429160
 106115
 480189
 715082
 25634
 383058
 898790
 428820
 746504
 689554
 356161
 282433
 341243
 411550
 224699
 125681
 626538
 940730
 878306
 784442
 923345
 984605
 484614
 561259
 659601
 378327
 823151
 826526
 609598
 1034678
 850988
 535043
 852727
 182779
 892601
 553427
 346732
 553114
 919655
 733047
 992707
 373837
 851408
 205119
 959991
 25217
 61018
 434739
 1025576
 979004
 496790
 233962
 1009852
 799121
 444082
 663197
 1020311
 950265
 578401
 429083
 400990
 914347
 972739
 134198
 380224
 153930
 298606
 250673
 230872
 481873
 673600
 162088
 738169
 577841
 883764
 370350
 652460
 330007
 136195
 214782
 780415
 430679
 214160
 434837
 558756
 720671
 314448
 315503
 98972
 444568
 624662
 548478
 596530
 599167
 426027
 924672
 1017326
 793600
 195630
 135479
 508646
 1079247
 346168
 1046615
 921892
 976605
 154140
 827061
 229745
 10694
 733093
 395930
 464308
 805791
 875
 265200
 1060865
 713777
 705408
 900073
 682182
 934067
 442536
 158969
 281100
 1003844
 152578
 945445
 98744
 845817
 1080491
 280113
 389220
 272631
 144424
 973945
 528935
 589465
 1050530
 779303
 248162
 534426
 784450
 90425
 308670
 26506
 275015
 1057068
 795276
 272781
 917818
 963498
 253856
 1054845
 699390
 594630
 847413
 606909
 983323
 555814
 867545
 492799
 66619
 781473
 885992
 454775
 606583
 753698
 1050749
 960633
 211676
 680234
 1034748
 386520
 717308
 111199
 470055
 694967
 673731
 698901
 149322
 86697
 1013358
 173075
 112868
 471143
 20890
 363739
 303851
 802103
 256915
 489865
 858606
 419496
 470255
 365675
 74539
 998001
 807620
 671287
 406898
 1045441
 938526
 963040
 955686
 280353
 827574
 526623
 937401
 338756
 851744
 686540
 292274
 395128
 1081717
 232814
 157682
 181505
 1005918
 946889
 148563
 37048
 413267
 1091332
 614764
 581875
 439167
 46771
 976725
 48448
 467143
 395648
 1005147
 384884
 81076
 536619
 873915
 392893
 494744
 88293
 66307
 673963
 1041322
 185318
 582310
 557943
 481693
 817287
 1091410
 376687
 134693
 390681
 718610
 713612
 603861
 987525
 709674
 722652
 370852
 585197
 727224
 499602
 453283
 420336
 864837
 1011712
 708279
 947331
 196155
 644177
 6858
 885617
 123276
 510223
 5979
 943029
 596507
 722873
 950851
 981752
 1025725
 423991
 80558
 202800
 23231
 992497
 112006
 922491
 933646
 42341
 455367
 314307
 744002
 134606
 457940
 16622
 348330
 993700
 959109
 844636
 96911
 1046715
 595247
 546269
 247167
 80511
 583000
 623879
 967108
 586204
 1050918
 805134
 939839
 483415
 482681
 1078080
 321224
 69765
 968674
 808203
 130613
 215334
 935787
 914398
 64392
 939539
 773591
 359970
 769766
 707462
 747161
 746116
 511576
 1078605
 429124
 606928
 1098218
 1045475
 113557
 875286
 417673
 610255
 70678
 971078
 152868
 856832
 246313
 895989
 1082042
 60471
 716256
 230012
 484980
 359804
 212780
 60691
 703603
 433738
 825736
 3399
 250170
 1093040
 587604
 614574
 226268
 324602
 278722
 910334
 120870
 1047233
 824824
 497627
 232238
 1038443
 971225
 621813
 969160
 708592
 293185
 601093
 388445
 699871
 1025163
 831050
 498105
 630400
 764860
 467630
 614096
 996945
 672653
 580870
 120092
 317444
 541824
 355784
 810056
 703778
 259746
 435121
 121830
 1084308
 147565
 958402
 593313
 835386
 293569
 509054
 337214
 210028
 756918
 830247
 793264
 177873
 260240
 1067302
 94942
 201048
 429660
 493859
 896319
 770796
 554184
 479536
 236963
 726424
 692209
 181889
 657247
 56838
 636624
 1019177
 747677
 639492
 681959
 728775
 457256
 629287
 775664
 266704
 813351
 972205
 903177
 142188
 1012345
 627811
 121970
 421154
 562844
 189566
 1089975
 204716
 452789
 315292
 171282
 836019
 845393
 229477
 416899
 178289
 272050
 782062
 918355
 112337
 387308
 397303
 237826
 786159
 152941
 1055668
 171890
 951955
 180431
 529910
 461558
 459533
 402063
 254207
 70198
 792450
 1010155
 812104
 870374
 330472
 545034
 984246
 613218
 752657
 935766
 918511
 800350
 676282
 852187
 481878
 875889
 1070148
 258964
 1027477
 348081
 175453
 1051545
 281512
 539488
 333948
 979852
 338111
 694419
 280109
 366090
 1015369
 412905
 732215
 701865
 853994
 376600
 989140
 631728
 649712
 276191
 732328
 556320
 227843
 656887
 426664
 272837
 90280
 796963
 718568
 341654
 774373
 597298
 51199
 1019036
 444247
 608083
 787795
 1031039
 447461
 944396
 171119
 745500
 1055295
 469204
 718833
 1447
 768165
 889720
 299515
 133884
 1094580
 866368
 410534
 495834
 233480
 837965
 265385
 563379
 153631
 278676
 695368
 530745
 461422
 421151
 967906
 92736
 268593
 659867
 557479
 666102
 182137
 1018871
 514976
 650654
 880532
 662996
 30317
 391134
 628751
 766429
 560578
 1099268
 711160
 797692
 815372
 794735
 309606
 252699
 121721
 333773
 35080
 428561
 866747
 801521
 347074
 942285
 424050
 658800
 697015
 435492
 667141
 301036
 378020
 457142
 400395
 594878
 373725
 478159
 112512
 840031
 384234
 757840
 575245
 957315
 722822
 729332
 928178
 41875
 510636
 603386
 29
 858312
 304149
 1015395
 523954
 190386
 523348
 912126
 107909
 642188
 658832
 575710
 147465
 1084764
 371447
 300559
 1051783
 69443
 629069
 764503
 116673
 862383
 787890
 198238
 259751
 786055
 1096286
 186903
 1090201
 502929
 999905
 175844
 986184
 306736
 320321
 165887
 321991
 373647
 137296
 567991
 114476
 963084
 655820
 570439
 333244
 522453
 66956
 962942
 321965
 702073
 335090
 10198
 986892
 181566
 239593
 76628
 900455
 376819
 593061
 296710
 842876
 128858
 611104
 185926
 889457
 120580
 543913
 449344
 1065707
 16054
 575607
 1068694
 715876
 188252
 649434
 427860
 202945
 575152
 523980
 541664
 587150
 563942
 984834
 389888
 870937
 75164
 475529
 283367
 98646
 413281
 271222
 451831
 93483
 271572
 284272
 172274
 24661
 136833
 936561
 315482
 253619
 165379
 583039
 811558
 988734
 413769
 997933
 502717
 555553
 510345
 122503
 893888
 334853
 247389
 262424
 524542
 956958
 1046669
 447214
 158029
 342549
 87740
 118969
 457326
 592728
 764818
 368486
 744010
 908477
 1000905
 49768
 844264
 949822
 633236
 433297
 6928
 557640
 856986
 717005
 777873
 422100
 824535
 936593
 115137
 938813
 960098
 423462
 87929
 796908
 498892
 1025040
 646160
 147327
 798870
 880110
 2599
 982927
 543031
 847878
 89750
 460424
 508750
 864871
 707257
 1045609
 29946
 1079527
 741200
 1069005
 873104
 938971
 105814
 1001564
 71210
 1020580
 740867
 424815
 158468
 102587
 895351
 113756
 516406
 40306
 930635
 770326
 710748
 363076
 235389
 957752
 236668
 324955
 498384
 183565
 575336
 217145
 410020
 858247
 906187
 788599
 418285
 590587
 358914
 526205
 906522
 265503
 829464
 651215
 983946
 885841
 612172
 1018256
 821541
 863769
 919332
 616475
 724990
 739936
 348177
 564584
 203632
 136035
 888453
 616552
 276822
 527923
 342136
 295591
 187935
 478132
 752975
 726086
 592378
 1093173
 706309
 625439
 258628
 597416
 538978
 9847
 696566
 378833
 264450
 465019
 867013
 1020945
 832597
 50350
 880665
 920610
 126697
 317881
 46170
 125669
 31112
 811692
 591914
 529400
 501124
 138015
 652292
 281752
 327036
 984659
 787370
 984600
 602179
 1000638
 1099364
 572523
 733262
 966731
 1008593
 129503
 16507
 24496
 288123
 506360
 650849
 169698
 920359
 704067
 338683
 546132
 268223
 706853
 466807
 929876
 19628
 938684
 250820
 235292
 719696
 71098
 99330
 777932
 245775
 453878
 998529
 129131
 880438
 818658
 318644
 776966
 937154
 304671
 500645
 634426
 987581
 312119
 838991
 676078
 1065035
 1022730
 21713
 646140
 859251
 158308
 560167
 825349
 322467
 70450
 794077
 656111
 932409
 721333
 908649
 65446
 495784
 69349
 741332
 113288
 841189
 967193
 689798
 866301
 379122
 219275
 72512
 277532
 1007583
 294986
 483951
 97023
 353634
 225997
 960011
 819762
 547187
 230208
 603253
 782854
 373860
 1051762
 205815
 625696
 194917
 189237
 475925
 759177
 81076
 983426
 527391
 216699
 286980
 298613
 708046
 969780
 623468
 874278
 358037
 978973
 371382
 286344
 139169
 148412
 491924
 417405
 1030905
 304570
 749250
 330438
 209244
 699753
 165534
 113135
 325778
 153658
 183078
 585515
 736950
 510697
 313030
 759500
 785842
 768855
 83508
 760931
 579687
 669728
 131084
 933410
 773648
 949251
 94084
 198028
 725223
 503748
 80741
 679092
 257143
 477233
 205450
 428816
 607988
 700133
 134633
 163662
 563659
 401128
 638342
 676018
 708980
 957431
 904412
 635405
 102225
 765064
 229183
 35780
 274658
 897127
 1046345
 533154
 288894
 829433
 43195
 303538
 749100
 734644
 647345
 455296
 90373
 1009379
 736629
 820455
 830358
 74774
 50860
 720453
 694794
 1069916
 592127
 671536
 1015232
 363230
 848105
 492139
 51470
 969505
 926961
 704213
 284571
 599535
 834195
 966978
 752642
 688475
 83644
 689683
 178704
 457481
 467154
 7440
 1082525
 124211
 961834
 71816
 76846
 546518
 122788
 351244
 993644
 39312
 721906
 679511
 740067
 193658
 331615
 831627
 382343
 679660
 844792
 144426
 26084
 345041
 323377
 789912
 930501
 123804
 944049
 745816
 236652
 727861
 338835
 310241
 26498
 340331
 655369
 739221
 1099703
 234351
 590996
 93658
 1069771
 805790
 316971
 511928
 1059420
 809994
 862424
 811339
 322803
 470642
 729492
 459126
 502937
 389136
 1034182
 362964
 474636
 748041
 242154
 1032122
 721621
 621120
 739777
 401042
 386761
 1072581
 257116
 584735
 112967
 462913
 877992
 1041697
 587715
 380595
 336417
 559448
 868267
 85630
 953713
 914595
 739208
 109934
 559813
 781708
 1023976
 995230
 104255
 154165
 582655
 488366
 193866
 53824
 148690
 35699
 417570
 972275
 100297
 67744
 322516
 507398
 648587
 524471
 1098742
 89610
 862738
 550769
 344656
 296585
 623402
 592428
 1052287
 623914
 743193
 621191
 545262
 100663
 391329
 69558
 184881
 1094515
 684255
 760897
 990335
 622074
 38795
 664660
 887837
 822103
 957944
 652206
 798984
 1042783
 1096316
 400814
 180008
 570980
 563926
 793002
 1005295
 282496
 31118
 576107
 907722
 333714
 349718
 657969
 603975
 632891
 1053473
 950119
 1011362
 428152
 471657
 902620
 358868
 1086636
 107397
 1037722
 585207
 115556
 755416
 626097
 90251
 933995
 638751
 11331
 468332
 13719
 251610
 656977
 1059082
 75537
 909642
 706756
 836388
 825959
 1022498
 721892
 888711
 474185
 298130
 599829
 519881
 845947
 180167
 735066
 1031491
 409319
 536241
 319600
 651551
 496493
 599367
 654162
 313958
 755996
 1088541
 397676
 793074
 378655
 341746
 919120
 145646
 941818
 142825
 112918
 31675
 44239
 1074283
 714164
 975367
 414358
 490984
 1086923
 928539
 881203
 87319
 52176
 678507
 867155
 436040
 397889
 925989
 216417
 342282
 328312
 967859
 1085330
 777271
 216101
 90848
 258753
 847559
 951254
 882821
 1061574
 270613
