911929
 639982
 379176
 552483
 890099
 919937
 229635
 1042513
 830042
 872344
 831580
 30293
 469288
 75400
 306171
 748924
 752438
 143178
 801216
 1062231
 781400
 763262
 276119
 510594
 951747
 791311
 72087
 341727
 1060679
 630065
 296522
 444652
 182824
 1048767
 626179
 470524
 999635
 142694
 954769
 112456
 939078
 707772
 1012581
 156371
 724348
 831226
 941987
 1023633
 923924
 477020
 933101
 50809
 789184
 717061
 339304
 918484
 308866
 1018013
 360488
 827385
 182454
 448622
 861416
 409505
 94860
 265500
 885410
 257152
 743098
 585314
 494531
 911048
 370310
 515605
 745511
 663143
 777494
 348506
 394927
 319597
 1095688
 466399
 612186
 851131
 503468
 151595
 725288
 910517
 770765
 366319
 525870
 1071676
 640218
 557083
 91337
 37313
 30064
 67227
 460727
 566993
 858012
 42033
 471943
 179135
 1078322
 524718
 436209
 1042021
 807602
 504466
 788112
 745596
 848253
 706555
 971359
 607767
 863838
 204900
 139585
 480855
 968122
 857929
 171792
 118218
 665833
 382887
 949743
 196114
 476995
 1053776
 198448
 1032879
 251728
 318276
 144524
 878865
 768458
 648128
 442486
 931235
 61476
 849605
 987408
 568835
 324455
 1025201
 1010535
 278795
 756793
 432440
 319713
 878522
 852853
 778025
 363838
 365108
 792519
 219225
 860457
 169052
 440272
 187134
 573877
 468138
 858753
 85102
 18414
 224678
 248980
 482355
 977062
 801363
 938248
 165508
 961039
 713898
 295251
 140456
 832574
 939389
 169988
 10886
 817862
 562926
 347506
 1094446
 906572
 910279
 890389
 642913
 202616
 48642
 1050634
 76635
 731434
 615452
 667861
 427263
 774736
 666319
 302704
 453166
 527648
 880462
 683682
 775141
 684907
 282746
 58127
 671176
 771366
 76365
 718125
 120565
 103543
 1009586
 302074
 615193
 856239
 542324
 801923
 488944
 83922
 923709
 49986
 331070
 911326
 1066592
 426963
 125614
 474287
 880401
 717349
 469387
 899687
 993450
 820195
 961580
 767179
 648329
 1041447
 88851
 1004725
 916730
 100761
 14342
 53458
 966098
 698458
 683163
 434478
 299703
 188125
 1057831
 547627
 479067
 29912
 251694
 214138
 787450
 1088577
 284499
 1044677
 667127
 384113
 598920
 817563
 24222
 1072389
 772609
 731843
 925190
 767109
 648820
 327327
 431505
 149180
 311271
 493400
 374477
 1082099
 1072908
 767162
 802147
 532525
 1084608
 744051
 728216
 17312
 941585
 11911
 691075
 799540
 924885
 1061692
 56143
 1096671
 695841
 209885
 1070150
 1093857
 487208
 140814
 7977
 37785
 1052358
 176682
 256875
 508422
 983587
 69058
 134685
 83604
 318568
 235807
 661729
 644327
 92266
 668345
 518754
 827480
 894963
 283921
 874461
 166303
 559125
 727439
 172011
 70415
 581382
 305432
 779920
 449366
 480451
 1047609
 834816
 910683
 29014
 1044340
 306601
 322752
 696526
 182131
 347187
 346103
 981645
 41894
 649540
 493221
 258087
 277492
 1091473
 192990
 935454
 80031
 1045635
 700502
 585503
 166828
 632310
 797800
 544962
 419537
 286447
 998739
 230080
 129635
 341190
 156088
 699151
 324678
 334068
 947547
 350294
 673304
 711258
 9110
 778414
 1050076
 458752
 529986
 302159
 696878
 949831
 336872
 683017
 491368
 971506
 209274
 391491
 242769
 125644
 426685
 806248
 618354
 208137
 833253
 1022007
 479276
 602252
 96310
 885002
 177640
 826139
 395129
 866927
 314236
 92092
 459199
 197978
 731023
 142328
 72172
 276559
 145188
 187134
 1041593
 994014
 119672
 151201
 1050628
 448750
 304539
 486587
 28689
 422815
 755160
 1097218
 52745
 263095
 231362
 630142
 1072883
 921984
 102905
 837911
 339570
 420332
 944475
 584219
 85590
 163353
 126483
 591105
 246405
 536720
 742149
 264718
 759843
 56911
 999965
 439787
 272409
 152727
 702268
 769899
 534667
 762343
 216002
 252268
 126074
 316699
 679567
 139887
 455049
 657152
 952229
 558073
 355681
 120388
 826062
 588725
 1005250
 588879
 686741
 699541
 202463
 696587
 867594
 961081
 205779
 35080
 1000527
 718878
 595260
 129676
 816567
 241895
 815771
 745835
 108745
 840551
 469426
 31268
 535776
 490758
 717317
 551882
 1013144
 636374
 38712
 956120
 398632
 637594
 1055974
 503495
 979229
 102326
 228983
 312926
 437989
 885396
 55372
 225115
 135185
 409084
 945968
 814599
 295021
 643074
 734055
 1091559
 110218
 1099888
 426144
 80842
 508127
 602875
 528551
 613725
 188462
 182265
 792240
 493080
 604654
 549008
 375221
 728549
 844860
 1076496
 395033
 1047662
 858326
 692261
 180874
 374562
 787877
 348369
 314439
 20948
 259620
 563148
 323988
 1043045
 51665
 460487
 937728
 885719
 16784
 58140
 468697
 516555
 657340
 35124
 803150
 401527
 842703
 927964
 609546
 759969
 643002
 641495
 311085
 101874
 41032
 623585
 482350
 1035516
 592976
 608142
 115744
 31903
 821954
 806074
 907725
 458339
 49943
 501459
 420163
 628109
 486914
 105861
 399860
 55439
 219875
 280131
 1098032
 122883
 352028
 840149
 502996
 220993
 1057567
 441708
 243319
 325443
 1043190
 395346
 188141
 292015
 1081542
 246804
 1062691
 78209
 470340
 160828
 617351
 434694
 856029
 3287
 309519
 46114
 762710
 40810
 173833
 37743
 354332
 635908
 171420
 529547
 5698
 1086700
 331578
 807576
 78928
 698080
 871231
 238085
 768898
 1076180
 118305
 528609
 833549
 268901
 980726
 157610
 510355
 1052749
 642772
 907609
 680271
 514862
 815477
 910017
 756780
 1053373
 16118
 524500
 869811
 310096
 702420
 441621
 548836
 783437
 943291
 287651
 609698
 738865
 361715
 720221
 20899
 158294
 552857
 180104
 168678
 490927
 922025
 766083
 180965
 842024
 881962
 888941
 742479
 916402
 139667
 252941
 939872
 111760
 161742
 991839
 292191
 236974
 952005
 973127
 536038
 547890
 739583
 1038238
 387582
 172238
 657836
 248037
 633181
 551147
 746174
 135402
 1099934
 1056467
 798109
 344529
 436868
 862107
 905865
 140470
 589916
 250789
 603055
 307245
 551390
 535078
 481847
 612415
 21453
 319472
 947035
 154459
 200612
 796960
 924416
 780707
 706238
 534628
 944783
 461043
 117087
 995040
 934984
 177602
 690618
 912220
 353139
 370657
 23654
 349209
 285617
 729918
 993525
 692681
 125247
 773326
 345063
 453080
 708405
 658751
 896961
 891808
 908115
 315736
 156600
 81867
 790642
 479148
 479556
 883019
 322592
 377447
 332770
 737593
 761781
 498493
 737432
 841967
 802733
 757007
 940105
 380916
 356308
 493104
 868877
 767345
 257449
 396627
 791669
 297198
 670182
 727909
 169218
 454069
 778293
 182290
 284824
 997998
 750166
 25290
 314991
 580204
 292225
 232948
 369213
 242122
 872683
 896710
 195754
 399235
 685353
 503926
 337723
 981914
 1063327
 737786
 592912
 663467
 835407
 138371
 86681
 1091309
 663028
 803370
 242633
 309328
 328002
 172014
 162732
 685080
 634565
 733811
 146516
 271835
 658154
 541141
 414612
 321537
 1123
 101579
 568003
 837566
 303322
 1086576
 625263
 769101
 707303
 327081
 879343
 952329
 955271
 406977
 545544
 592503
 966966
 489840
 677451
 615979
 657041
 120760
 251364
 421981
 147608
 1019721
 522189
 554869
 563284
 1014719
 527816
 157428
 590998
 66403
 428616
 452281
 911825
 837793
 866059
 666603
 733086
 728568
 329294
 549007
 373907
 607511
 47161
 848944
 244970
 1058559
 540264
 826831
 1074377
 523443
 50729
 184093
 1093917
 842326
 760885
 392343
 825529
 903904
 810839
 795608
 741635
 116795
 514328
 363498
 71207
 296587
 234535
 1061483
 353547
 183217
 839609
 188466
 309157
 875758
 971707
 920621
 961404
 655017
 451122
 455567
 402339
 590353
 305900
 505839
 255023
 793954
 619264
 357897
 8547
 1054543
 425099
 949060
 514267
 183044
 412814
 415641
 400567
 244581
 795397
 205714
 971448
 99238
 694124
 484781
 453706
 949540
 703126
 599993
 975955
 11448
 620850
 1071040
 650212
 443945
 847319
 649142
 397308
 297334
 318761
 853924
 539132
 575759
 283323
 815778
 602289
 86363
 1090393
 314638
 1015187
 141850
 495906
 522322
 261771
 759214
 809799
 890904
 453590
 488160
 661625
 561842
 158075
 196698
 537547
 603523
 487418
 734719
 456215
 902500
 720115
 20176
 49329
 764922
 549571
 1026286
 965491
 264939
 1000759
 829675
 957227
 612699
 1054486
 834711
 286808
 467043
 541586
 656670
 705857
 183725
 444416
 100741
 209412
 834874
 738304
 610064
 176840
 1018897
 954360
 463632
 368939
 188756
 321088
 213167
 295112
 359154
 848438
 28875
 145829
 656707
 415539
 139886
 1038966
 165141
 105003
 390762
 995310
 779669
 253087
 255964
 62777
 712291
 797134
 846283
 222783
 44088
 888165
 257870
 75749
 160548
 118166
 1024295
 5749
 197649
 887346
 300271
 210487
 35420
 497270
 534534
 852930
 936683
 256956
 565019
 103954
 514621
 90410
 516878
 570542
 26007
 1022308
 554974
 830449
 163019
 497905
 316875
 959533
 1001854
 176413
 1054436
 148977
 209271
 222887
 1032281
 459246
 460159
 668303
 1001886
 563670
 72247
 968372
 587351
 1092915
 223810
 854654
 360565
 1098801
 336761
 438405
 52733
 50326
 1034290
 707574
 672535
 277937
 156339
 477802
 687692
 633015
 111045
 622899
 984046
 467255
 669527
 912420
 402301
 282251
 512275
 661169
 400880
 856208
 138002
 794297
 906221
 635020
 167630
 347901
 590876
 771992
 1049222
 393851
 125512
 422410
 975673
 492675
 796200
 294282
 498554
 1040534
 468965
 1076546
 1036669
 515772
 103561
 468919
 405828
 1009110
 295302
 600761
 145189
 76694
 225592
 206943
 807725
 764479
 390746
 11564
 789350
 73394
 252580
 326282
 169118
 855410
 701762
 114319
 729375
 434076
 496500
 636371
 1043995
 1052559
 728305
 362723
 484688
 303526
 894767
 1009789
 1064220
 86923
 204231
 105609
 343246
 237922
 433598
 353026
 330743
 150648
 981838
 201729
 830873
 158374
 898303
 799711
 744414
 769124
 53036
 405784
 50755
 21250
 1099655
 371253
 1030537
 107730
 342195
 915248
 946812
 194484
 632413
 887184
 45853
 740904
 50857
 922215
 863868
 1025858
 11437
 266385
 350345
 644246
 178880
 128062
 599272
 1067788
 308025
 394103
 871127
 746215
 844038
 1005354
 513373
 151596
 575486
 599198
 263360
 474078
 265908
 790791
 191494
 655413
 271546
 477382
 136340
 242780
 1085774
 269832
 666201
 333904
 187692
 399316
 533033
 1098055
 132176
 356786
 494347
 620304
 989614
 54559
 278216
 792879
 779207
 914312
 438711
 25136
 791173
 321586
 482564
 695223
 823605
 665256
 1026524
 165297
 943565
 410407
 382250
 1082634
 1079082
 1022920
 847948
 383949
 864362
 487973
 761392
 995175
 628972
 619732
 549813
 798733
 422405
 12958
 754724
 1000210
 83906
 939707
 48575
 47607
 323954
 255506
 432675
 620555
 1010142
 697475
 463688
 844853
 109238
 1019007
 118763
 977660
 213017
 146264
 8131
 835588
 770378
 25836
 736548
 333978
 798389
 174688
 185476
 1083547
 627134
 1051286
 233381
 17089
 755088
 767430
 976809
 512672
 718985
 897741
 690558
 644811
 131595
 172031
 159593
 992523
 1029115
 610294
 793632
 372060
 482799
 203355
 164165
 256745
 618311
 85321
 558196
 1046266
 304259
 527928
 825578
 351912
 307762
 939511
 1023230
 812370
 850423
 786182
 741080
 386172
 496403
 49826
 1019029
 809169
 820779
 369728
 510409
 155628
 1028379
 898902
 576833
 388510
 555794
 991971
 58960
 600590
 103719
 487449
 1020698
 40889
 651532
 51286
 126175
 271101
 305599
 534179
 616882
 178893
 1052209
 568681
 168178
 1057830
 46327
 108423
 1072679
 248902
 1019680
 24519
 329698
 579820
 1095963
 316605
 713160
 120291
 990805
 985718
 852341
 956780
 857513
 1027937
 148382
 563394
 942914
 405177
 705459
 244546
 112176
 340500
 64476
 711
 157677
 1078295
 790228
 1007978
 1024958
 877737
 437572
 726661
 74123
 390087
 865062
 969203
 658776
 833365
 23995
 358202
 153868
 442750
 406435
 251165
 363104
 570095
 267971
 726059
 393514
 129176
 173739
 409508
 236363
 1015166
 385699
 433176
 321381
 69679
 853708
 31759
 1074113
 103933
 569703
 71294
 762752
 46886
 913803
 494531
 819766
 143296
 350121
 630308
 512741
 639869
 176585
 275269
 174186
 986431
 183992
 95037
 851246
 967882
 99126
 818448
 316208
 133730
 309597
 539237
 58951
 253840
 917728
 177161
 581073
 420611
 737728
 860512
 630963
 402042
 529338
 1055207
 638228
 113062
 955206
 623362
 872116
 552120
 154102
 892141
 659786
 939358
 127580
 854567
 65656
 857628
 238910
 264125
 189677
 288544
 793325
 1068254
 398292
 55542
 152281
 384700
 428646
 143398
 1075148
 769131
 901343
 193128
 138216
 528857
 132512
 1002993
 376724
 438452
 296993
 954199
 181201
 586544
 754619
 919028
 491181
 801141
 51665
 596207
 831726
 824746
 547233
 666831
 759106
 896417
 766904
 666093
 743521
 977934
 879392
 218402
 882362
 522119
 133787
 631142
 675622
 454579
 688541
 494581
 1092706
 550527
 1087595
 161037
 728096
 274615
 16901
 350045
 287254
 1039881
 678808
 985790
 1032771
 497631
 791346
 65198
 328018
 753235
 827560
 240002
 843790
 140958
 167450
 1022587
 406753
 890183
 1075515
 459180
 909179
 698937
 731400
 1072527
 282578
 518697
 7001
 1097548
 288375
 8988
 147386
 528122
 1061004
 296548
 265919
 199019
 843301
 817474
 207695
 512757
 1007102
 950022
 678487
 323641
 853165
 589504
 1070626
 32413
 208541
 313495
 190660
 877739
 434385
 859974
 300768
 304910
 246326
 89849
 373170
 419500
 271693
 412547
 498340
 169942
 805169
 381520
 49145
 1019645
 861284
 71717
 499432
 484822
 217198
 982199
 186935
 999375
 466280
 838132
 1033668
 890184
 477593
 703299
 1093717
 926300
 794541
 576852
 194835
 568450
 681194
 244811
 345578
 862414
 79926
 490243
 592932
 787278
 794715
 395792
 345368
 366586
 575183
 383938
 117777
 1032647
 772460
 285505
 639987
 432838
 1090049
 141246
 28967
 473245
 839876
 611447
 98772
 704959
 206219
 339189
 1049935
 750110
 704312
 177836
 340417
 263258
 863326
 861303
 48091
 219195
 101320
 365393
 266724
 25648
 712709
 505624
 410180
 1077193
 365273
 858668
 260218
 701559
 264302
 309292
 730742
 996084
 894130
 843428
 179673
 317864
 660805
 772999
 218857
 34687
 800439
 447837
 849530
 147336
 576518
 311166
 500431
 75103
 176639
 382681
 216348
 87509
 675923
 243292
 732530
 201010
 714932
 493771
 78729
 239672
 774439
 331200
 583836
 1023001
 210195
 880888
 433665
 144421
 1010517
 360885
 425281
 229565
 1079506
 232309
 403006
 472046
 1042103
 494940
 806295
 1081398
 445609
 878206
 80692
 1030800
 630913
 387708
 259498
 598252
 438508
 615777
 1024838
 842437
 671160
 233838
 734546
 570479
 1008110
 996049
 607126
 40079
 1046562
 595288
 178699
 434015
 1093982
 837881
 868046
 517340
 162440
 836744
 852756
 384279
 761641
 324227
 429253
 740605
 101927
 604771
 323839
 315453
 858945
 89593
 574233
 179686
 916565
 222870
 68108
 472244
 657834
 609322
 1021870
 110857
 55415
 172344
 386432
 715716
 221584
 247415
 679290
 453537
 278159
 439677
 201599
 360838
 731061
 121593
 287428
 849325
 14563
 1083421
 567515
 88988
 933230
 252926
 55439
 61627
 914421
 345594
 764129
 451470
 587944
 958105
 702200
 492723
 616314
 426440
 163819
 918581
 64086
 240663
 581405
 741072
 153203
 754020
 151501
 435558
 713715
 86272
 332100
 784759
 548525
 175756
 626127
 276677
 178125
 622237
 732682
 673566
 515766
 564599
 702470
 920154
 133867
 382657
 951122
 533365
 559562
 264875
 805330
 175156
 217392
 374743
 38770
 972289
 804801
 379933
 467219
 332197
 287212
 941713
 548068
 181878
 724718
 1040393
 617257
 713192
 458320
 1096787
 881251
 402839
 389715
 679610
 649918
 140138
 237899
 587507
 207723
 578002
 378132
 822073
 765917
 709196
 860169
 515169
 750440
 1085649
 1096871
 422986
 5947
 257832
 934030
 1041022
 147063
 693906
 393114
 206877
 942838
 734449
 600314
 835694
 932679
 592170
 209558
 907175
 1035466
 729455
 905955
 1022993
 966656
 58263
 198589
 1018209
 821290
 737600
 977639
 988597
 943190
 1022621
 176886
 168626
 405471
 152888
 45745
 268774
 763136
 85596
 1010508
 372733
 722543
 1082939
 822925
 145744
 1001875
 347727
 329738
 983461
 848105
 315054
 387634
 592491
 413045
 735714
 397274
 655000
 207477
 123195
 870254
 555229
 468362
 242151
 1001183
 515258
 993596
 187439
 962420
 967947
 165593
 196674
 880480
 704513
 199027
 647897
 781406
 56535
 539998
 672377
 1039225
 520130
 1006121
 231267
 1016676
 69156
 716097
 47251
 32041
 604350
 328142
 740261
 622279
 1051654
 946385
 1089010
 749731
 229597
 156769
 698713
 404732
 16434
 863182
 455252
 984335
 197420
 43602
 296272
 20686
 408578
 670510
 323624
 1061537
 958397
 905466
 434675
 529621
 88117
 1092176
 237020
 405502
 1093147
 944002
 79192
 971135
 466615
 680
 252159
 584007
 753336
 638792
 1035217
 941559
 1023227
 1099287
 66188
 470424
 397976
 156940
 977676
 250623
 1010685
 220133
 305560
 537970
 617242
 1026480
 313018
 1037329
 223000
 639469
 52555
 670760
 422466
 486734
 986384
 436061
 141910
 617328
 371518
 229609
 179813
 974706
 1036166
 197016
 681094
 437318
 711817
 721656
 491097
 716294
 795514
 871562
 998575
 205774
 862403
 595838
 276074
 5999
 653895
 432853
 387974
 615137
 92659
 408570
 164301
 720026
 612078
 250517
 234819
 444363
 83808
 675820
 243421
 442015
 517590
 238801
 542196
 957107
 253104
 1031160
 573181
 682909
 525800
 948404
 623419
 873423
 18635
 837400
 460419
 225953
 55948
 402545
 860603
 124701
 765985
 69433
 670062
 791912
 708993
 1016635
 352089
 626589
 218493
 200448
 466863
 612591
 283922
 1050061
 233156
 76964
 801634
 176046
 212583
 622402
 299183
 972431
 166690
 694145
 292868
 171326
 736184
 566003
 594613
 197808
 329346
 369837
 996822
 135856
 392604
 234913
 667467
 645614
 1041123
 844948
 296448
 614612
 411320
 216810
 1079036
 986750
 713806
 769923
 247519
 205498
 818008
 761541
 898543
 269388
 421772
 562567
 419923
 1080422
 441608
 258031
 561094
 814497
 693932
 241173
 937807
 604938
 1023542
 794987
 190155
 409398
 701823
 588267
 44763
 846401
 840608
 882408
 524147
 18702
 418128
 345850
 115912
 431084
 25344
 620787
 976103
 561637
 674466
 135131
 668826
 574717
 291922
 590263
 821754
 412419
 557106
 980382
 678474
 95530
 18680
 400665
 794928
 917395
 625630
 991990
 587441
 107351
 982392
 121033
 431560
 1097267
 325929
 142224
 911067
 265945
 326743
 487790
 547401
 242639
 10217
 1015570
 1036618
 542945
 513686
 710519
 191129
 206484
 537212
 833196
 570002
 214356
 950532
 66817
 353235
 78274
 61807
 708126
 919606
 299207
 730610
 496821
 905288
 711885
 441620
 296996
 255610
 1031312
 910414
 345488
 930492
 283620
 478728
 266529
 721018
 405331
 635713
 394992
 370006
 532944
 878213
 368181
 1017255
 410310
 169363
 548653
 971711
 309399
 267972
 743870
 645508
 777151
 296278
 681303
 401098
 99119
 867853
 22235
 801088
 1095490
 864857
 358282
 237927
 370108
 633912
 106957
 1041113
 839481
 562016
 287317
 221726
 14965
 345357
 125103
 1043482
 1004823
 278627
 133559
 845062
 190266
 104136
 1077844
 721166
 628439
 867088
 92679
 649999
 1035861
 113883
 1031940
 229775
 317724
 414286
 98743
 371230
 587856
 988833
 245911
 46872
 1045635
 880051
 955403
 166639
 829293
 721988
 615376
 23604
 242366
 962383
 215257
 206325
 656492
 399590
 918157
 315278
 1010418
 80688
 921856
 25634
 509496
 574577
 612037
 1031603
 282110
 631779
 378882
 569371
 1009430
 874338
 1076064
 980511
 534277
 951413
 954090
 79621
 47580
 332017
 697149
 906729
 20703
 434730
 713243
 448052
 960914
 668371
 268129
 447826
 123865
 503396
 109636
 118024
 718006
 31938
 242220
 238318
 661254
 789841
 116845
 436637
 1022029
 670227
 120741
 875988
 360956
 237788
 1074749
 551577
 209620
 415392
 512828
 1045841
 279539
 475343
 1049896
 135358
 228227
 167153
 10382
 705923
 573434
 899965
 191244
 1044909
 909510
 1097369
 341840
 622901
 446786
 390105
 567587
 1095400
 222907
 673170
 1017545
 70877
 148569
 894508
 572184
 757732
 545255
 17888
 843103
 244379
 1058624
 996220
 611605
 357743
 364817
 381343
 391071
 1022606
 193754
 1001550
 1014757
 290895
 603905
 75208
 155822
 856089
 691251
 388931
 212876
 1045778
 49997
 26281
 87215
 312326
 370592
 1083920
 134757
 912820
 1012302
 1070114
 11657
 474866
 574789
 865937
 176936
 900502
 896050
 192369
 190550
 484990
 238452
 1030111
 156632
 1007664
 707402
 142306
 554613
 902050
 573428
 1066676
 645050
 922389
 759771
 267554
 825470
 711211
 746805
 789764
 509059
 852712
 774617
 673173
 71871
 628671
 80513
 793826
 938761
 1048355
 183666
 159320
 1051223
 188530
 879032
 118860
 305729
 334150
 784125
 98809
 561786
 1014084
 878987
 706958
 982226
 1088464
 775138
 173893
 190292
 754381
 853758
 897078
 435546
 747762
 683188
 389490
 213458
 1005098
 687342
 388277
 536799
 467737
 231723
 1079415
 779521
 851596
 989622
 948837
 755502
 403368
 410384
 1000364
 149552
 288020
 14371
 284587
 21192
 806808
 1087241
 391460
 1043601
 387905
 1047990
 536531
 686992
 1099040
 799886
 839218
 788795
 763962
 226220
 451742
 555409
 884146
 12550
 284648
 973661
 295335
 228777
 709608
 1052965
 200187
 261682
 1168
 70263
 462667
 114142
 598419
 896968
 907556
 655631
 852037
 81622
 140091
 1040608
 307239
 764043
 648762
 945342
 292978
 634371
 892826
 1641
 865852
 417325
 47865
 181642
 872101
 569337
 785320
 778950
 841097
 844847
 602406
 332354
 454495
 933727
 698035
 747365
 177293
 58283
 122215
 545189
 980397
 398231
 942830
 982893
 376827
 62987
 798819
 924316
 735994
 1082744
 351460
 359011
 1009448
 73609
 25160
 178149
 160138
 1039722
 472390
 519477
 132570
 692903
 582078
 853926
 1050367
 902908
 1009443
 693445
 336595
 859305
 887695
 577586
 928357
 984661
 132887
 418626
 829450
 162780
 798946
 418642
 239907
 722178
 245778
 608508
 870531
 905738
 975487
 249295
 473539
 284519
 445492
 312054
 1094236
 103860
 1091212
 492441
 925083
 129099
 1060795
 309093
 344705
 4334
 550877
 167426
 900790
 629305
 885204
 279620
 266029
 565753
 268438
 346868
 494064
 232
 228742
 1037769
 1062851
 806105
 323436
 1077077
 1094582
 206578
 783109
 546718
 834834
 461218
 1067824
 724976
 1047240
 608486
 1078275
 156218
 43482
 164895
 61940
 642338
 74535
 818518
 368206
 268432
 198722
 241193
 41942
 1022783
 852008
 988763
 191102
 290869
 482619
 1088196
 232524
 608495
 741613
 265578
 509245
 673202
 425057
 922741
 971715
 784764
 839948
 307267
 1042636
 19989
 571737
 271038
 167525
 212363
 884218
 760886
 426328
 583628
 688601
 958463
 26166
 114096
 882191
 672232
 935360
 696082
 669657
 329333
 433716
 764907
 843653
 254105
 569268
 616753
 212812
 964262
 228095
 259836
 909223
 637781
 260457
 503278
 258639
 965764
 723729
 542012
 86297
 632604
 336877
 760357
 182161
 213140
 640162
 723457
 233395
 663337
 481269
 971906
 1003428
 1042032
 888432
 62496
 721066
 969583
 830171
 105822
 158559
 238853
 908059
 750797
 847302
 683546
 142747
 346255
 667759
 304427
 375457
 27539
 592734
 93021
 858784
 72751
 1056251
 973626
 711308
 718144
 915874
 896583
 1098732
 410719
 123673
 803992
 925493
 762076
 315005
 35451
 900242
 145266
 441743
 947433
 65089
 994283
 933549
 1008137
 1073211
 182570
 365087
 888144
 1068229
 1087077
 755866
 793973
 911407
 31464
 1079201
 369475
 305153
 646131
 744374
 475966
 982801
 476873
 837866
 880493
 436774
 945423
 497317
 791192
 530613
 1007371
 436389
 363228
 621986
 748708
 577250
 458852
 856012
 442267
 166832
 517843
 311348
 477448
 991570
 727525
 995227
 931118
 447545
 521174
 356218
 927288
 735535
 765463
 492015
 497174
 141667
 969997
 55494
 981037
 248066
 629837
 289538
 787990
 313919
 993089
 448810
 162531
 204416
 551870
 465529
 600677
 1083175
 1082714
 548785
 906816
 416905
 89178
 1079892
 298654
 614079
 595871
 397080
 976671
 496521
 196947
 348891
 480921
 933461
 932643
 873666
 203183
 484071
 262579
 839429
 685076
 918154
 461347
 582685
 136500
 828213
 464991
 307730
 93385
 934503
 949033
 80343
 12542
 261835
 876868
 245991
 783650
 530222
 847525
 5806
 392450
 14543
 455593
 992417
 938195
 270762
 164349
 787096
 175772
 895876
 275389
 261004
 221758
 624953
 953599
 441326
 375326
 107639
 1077715
 374370
 832360
 679286
 38018
 116421
 303414
 10289
 754158
 774632
 505160
 157227
 786803
 473481
 937179
 630346
 232071
 261898
 398340
 138608
 883640
 281985
 573139
 861341
 285622
 294827
 10877
 288794
 644843
 339723
 217770
 284355
 798474
 560446
 403471
 405376
 196371
 781272
 122583
 39047
 869733
 996522
 43534
 521550
 649388
 180194
 433248
 150211
 772189
 451585
 301864
 1041694
 1070210
 340363
 454465
 474458
 521261
 72787
 193208
 764692
 127336
 349583
 379721
 985607
 743364
 153837
 603020
 259370
 315456
 852931
 966040
 408591
 624842
 860771
 812802
 1075162
 88871
 887301
 107303
 165726
 843976
 1099634
 537261
 912617
 789803
 548577
 62191
 5630
 658393
 187883
 508824
 238245
 731847
 427578
 581405
 26047
 60585
 1078344
 94332
 136395
 90924
 67653
 189834
 22301
 646453
 753638
 497890
 719022
 765222
 575848
 76487
 14106
 653303
 228476
 1057828
 315528
 132858
 512567
 694637
 217404
 240510
 248635
 796535
 575458
 950346
 69301
 847358
 254088
 993318
 70668
 131557
 615701
 304112
 733299
 730494
 146495
 971996
 101053
 808244
 96320
 546593
 168559
 204480
 618912
 751919
 822931
 1067991
 1013386
 941121
 465372
 389244
 501588
 76218
 713374
 430008
 542959
 471252
 587911
 51390
 957235
 658062
 1078830
 720690
 279270
 870544
 144834
 560107
 685275
 752248
 211475
 7243
 275581
 345450
 102624
 854112
 576852
 863938
 362254
 1059067
 398245
 824498
 967997
 882653
 627993
 156600
 998869
 220254
 687355
 609296
 462138
 780511
 399273
 466153
 859988
 251145
 459046
 1051209
 790014
 648432
 113600
 419646
 1004283
 107144
 769776
 536181
 124503
 659134
 581609
 181209
 726433
 418065
 1099363
 717603
 466792
 554043
 473270
 954937
 91402
 963029
 707449
 88343
 956793
 658234
 710262
 966310
 413301
 412290
 475548
 201603
 542278
 34250
 344330
 424378
 3038
 498549
 449819
 443720
 119890
 468285
 658306
 470168
 521938
 967435
 226607
 953025
 854978
 912416
 1010701
 899176
 739822
 402769
 962196
 595507
 52621
 1018248
 287577
 84797
 913371
 378686
 597461
 947647
 651494
 61390
 915966
 175751
 931898
 656512
 292907
 192712
 344605
 633909
 401344
 1047227
 790416
 820352
 107226
 142469
 743349
 163633
 478575
 187738
 785936
 743023
 241559
 444541
 693446
 688278
 775083
 503436
 1047660
 733170
 572914
 627475
 597512
 617636
 487539
 488479
 14804
 701797
 462709
 708757
 338362
 988131
 363228
 753409
 584682
 337880
 760572
 12825
 763726
 623728
 394932
 844486
 209195
 954427
 74537
 1025550
 201840
 51853
 767753
 113428
 1090713
 96042
 373884
 797267
 284225
 108691
 956673
 178589
 778202
 1028714
 588062
 1002509
 319028
 307626
 27861
 909713
 828881
 979347
 888382
 1000915
 526420
 4279
 698023
 535143
 79502
 92942
 1076556
 111616
 284499
 1031302
 673748
 1007667
 349975
 920377
 405677
 526323
 764515
 949888
 910185
 168269
 892934
 260159
 933848
 335402
 923543
 1004797
 1056458
 76977
 23205
 760682
 579050
 853993
 175936
 7909
 454250
 721087
 572807
 1014352
 813096
 620571
 229181
 586220
 869070
 276926
 120891
 1046804
 688388
 288820
 49354
 950610
 466502
 818753
 659700
 26675
 110462
 748602
 1058904
 929026
 294205
 1059240
 1008356
 256492
 554919
 27196
 92453
 190533
 873197
 250676
 852333
 767423
 954735
 812936
 188646
 766612
 195337
 304222
 19070
 950494
 369307
 484076
 950981
 1079756
 959971
 637131
 327738
 303011
 989326
 371021
 142668
 599821
 1046254
 771830
 832850
 722896
 846453
 702222
 142607
 950941
 683778
 914402
 456665
 914215
 246620
 94731
 43
 719353
 485313
 678120
 911577
 101239
 1047165
 1054546
 302937
 584736
 643802
 209081
 148574
 633208
 95762
 276287
 240872
 21075
 199040
 997108
 684119
 37461
 261620
 958726
 136904
 468732
 109369
 577540
 118988
 524803
 392118
 638637
 589759
 175330
 902843
 46970
 440313
 675379
 994063
 267477
 795202
 1006530
 534709
 959888
 267470
 985280
 468263
 213011
 540258
 497093
 265328
 948112
 962043
 924955
 923891
 207703
 131788
 237530
 930624
 178217
 177861
 768814
 7483
 385380
 1084650
 1087432
 499246
 456140
 171099
 28489
 974527
 844748
 597561
 561532
 835642
 1059616
 248166
 207448
 105437
 329216
 721131
 417012
 287417
 353533
 904719
 674375
 820558
 1081560
 685974
 261670
 668902
 532502
 103921
 627115
 773262
 432706
 253668
 619012
 269346
 876190
 857209
 25893
 832109
 466481
 407754
 454531
 1024525
 461473
 226762
 991078
 74127
 655616
 937996
 786102
 402102
 327660
 7712
 117364
 449698
 1071991
 14974
 1099984
 158451
 212589
 802674
 230160
 104139
 132639
 361966
 673626
 547573
 275247
 940362
 152359
 246670
 764807
 1012580
 32306
 542809
 1063544
 1059016
 800644
 611618
 930439
 261211
 681663
 1021652
 775979
 339852
 1001454
 415538
 20862
 310723
 900495
 938113
 584408
 698365
 662923
 636859
 1007655
 991504
 312921
 133458
 103924
 992396
 1043534
 630572
 609377
 222038
 1053931
 1085464
 657296
 667199
 977065
 800215
 634099
 71216
 473062
 210340
 245618
 618086
 586051
 9081
 502273
 759362
 1094152
 407601
 510293
 466462
 754849
 413814
 353628
 4022
 810605
 454550
 1083276
 53450
 353221
 71936
 633622
 142765
 616213
 671699
 654422
 841368
 753014
 15330
 544364
 30280
 1047892
 373357
 680166
 790886
 146258
 325521
 257899
 195681
 54017
 1021876
 222626
 410389
 565645
 780387
 155841
 182159
 72315
 728897
 839825
 255839
 899377
 190501
 998137
 1040493
 105627
 261872
 215514
 90984
 477957
 885584
 429822
 280759
 410510
 925123
 424991
 527192
 181545
 647678
 589778
 8332
 865414
 608155
 132064
 723724
 687283
 365993
 469615
 26098
 929525
 715769
 368274
 515412
 318892
 1082945
 520547
 380706
 790265
 666081
 733596
 360676
 216267
 578590
 597196
 730220
 186972
 408125
 1007411
 899099
 693649
 1023869
 355783
 251043
 159861
 916313
 823380
 949747
 6300
 102202
 381382
 250007
 1018403
 161228
 984102
 9874
 457519
 453393
 353609
 986825
 453816
 176885
 261141
 264580
 256622
 523184
 428520
 235376
 806617
 111482
 900488
 229718
 280910
 550774
 64595
 426386
 49606
 322956
 964728
 316967
 306818
 968534
 472776
 631112
 1025633
 1052794
 753346
 312451
 107067
 1012249
 373090
 818682
 1034222
 374822
 108768
 831354
 754463
 54596
 371363
 957390
 9461
 1028121
 911445
 74092
 131266
 457263
 374987
 388614
 861448
 865920
 417567
 134917
 1047524
 1078194
 432589
 367789
 324064
 638488
 638161
 638284
 870843
 403875
 8576
 86140
 743149
 698780
 327753
 794549
 313829
 694989
 185781
 1056467
 107508
 1011230
 1048192
 823348
 175095
 130104
 7297
 420276
 250903
 215417
 411066
 143060
 28131
 1073535
 269873
 207186
 213930
 681051
 91859
 863066
 425596
 852504
 353628
 306664
 589108
 836808
 36953
 947300
 88572
 751016
 812666
 1020991
 487853
 410868
 277348
 989286
 169399
 659457
 817758
 587661
 56990
 450774
 816024
 4239
 1029576
 118879
 791785
 816928
 91876
 479521
 431108
 462188
 846629
 641227
 677703
 617485
 796462
 726499
 555848
 854936
 1038206
 343698
 247210
 46396
 283319
 367835
 264682
 33821
 813046
 535073
 351056
 1043906
 836471
 108912
 976277
 19208
 574181
 672004
 787760
 525284
 387210
 191029
 143765
 1049020
 307479
 651634
 202604
 1077823
 136188
 929138
 601623
 508973
 239714
 785738
 1053893
 827816
 326064
 643862
 219602
 444557
 257189
 192409
 962866
 721874
 72566
 93749
 826993
 867644
 1091437
 364206
 621996
 763194
 102686
 431193
 87689
 155657
 836521
 246063
 712113
 95055
 1028861
 784710
 994192
 739226
 184989
 142313
 984791
 615613
 1042155
 401896
 583877
 820581
 1005477
 72858
 332541
 1028173
 575644
 790296
 14757
 960978
 660301
 161770
 234049
 706874
 576373
 237941
 184131
 354232
 40808
 51179
 237204
 198931
 596209
 123155
 578018
 906505
 307150
 827641
 167086
 650
 236281
 109898
 30512
 157978
 1093714
 379824
 373816
 800340
 1010396
 93759
 271369
 466057
 924898
 305746
 225233
 159210
 400855
 121208
 979324
 88482
 46520
 487471
 900998
 282796
 39727
 230345
 928330
 547984
 528737
 96547
 64986
 507416
 71437
 113375
 367386
 452899
 486923
 101051
 343285
 291451
 139695
 952479
 656091
 1006537
 725996
 741570
 336887
 388226
 670011
 776187
 93846
 257038
 677411
 921687
 466126
 762118
 832415
 723082
 308148
 295041
 262234
 1080187
 1011310
 675583
 872084
 874081
 251096
 27655
 1007677
 884560
 837486
 1039187
 667561
 2193
 775086
 385941
 404976
 1099160
 292986
 630793
 788385
 766903
 275710
 253396
 971705
 1053351
 93247
 950862
 331542
 886780
 32487
 56439
 672617
 742093
 520644
 835478
 537618
 832570
 877900
 277567
 543980
 920569
 430890
 834879
 636738
 195489
 937498
 1093357
 598038
 1077511
 190045
 6635
 248586
 813162
 150355
 474736
 1033990
 173475
 192333
 195644
 756101
 577590
 67869
 552299
 833251
 836305
 58415
 23834
 409341
 527624
 672882
 411004
 912525
 778287
 252733
 646770
 501571
 329901
 706070
 141335
 239376
 706275
 506849
 457547
 761979
 743350
 536077
 135948
 413685
 825145
 38657
 1052753
 433016
 1074466
 670725
 269257
 127324
 470442
 959247
 56592
 232438
 757708
 845762
 76856
 830532
 491611
 837311
 528049
 814338
 980734
 283268
 421304
 963414
 610181
 841776
 990385
 221162
 351069
 143755
 475596
 623148
 616069
 136678
 456450
 621534
 161389
 891436
 407404
 744324
 848663
 1041995
 1088154
 268280
 410158
 452707
 326045
 701436
 87021
 151196
 248398
 976718
 410036
 598382
 23909
 308733
 522591
 1071280
 373130
 336563
 81885
 729054
 887493
 227346
 270466
 219571
 868235
 62693
 965083
 85666
 417182
 622163
 146888
 986032
 908521
 327608
 494908
 342741
 992547
 216907
 180274
 406624
 16027
 191134
 979449
 261031
 400510
 255063
 363075
 312292
 868200
 168558
 760946
 39050
 240113
 453517
 1030707
 391426
 677912
 427217
 352311
 968052
 968843
 232004
 757605
 584133
 118278
 505361
 492147
 658453
 32004
 587733
 12444
 230078
 585070
 484314
 369612
 593448
 1065719
 348843
 17610
 154399
 918282
 375923
 75473
 946912
 728959
 1032412
 272872
 530143
 374893
 555869
 696367
 185673
 232516
 256649
 1070111
 1094946
 291720
 865042
 53523
 53272
 257715
 515921
 751065
 342147
 549400
 940524
 217617
 241625
 282372
 961135
 520431
 655734
 463988
 838480
 96338
 456491
 796405
 831176
 783671
 325800
 649627
 919217
 738139
 98515
 625510
 606139
 817938
 143939
 596620
 233093
 1010962
 910763
 964903
 542880
 1027233
 99849
 263844
 950752
 850750
 825495
 769054
 1099304
 688024
 536243
 290257
 835368
 595938
 59065
 213359
 767431
 379492
 260549
 340317
 329844
 649033
 635851
 326990
 155973
 901314
 922822
 747709
 871236
 437769
 133039
 421264
 505034
 464049
 396669
 740738
 865241
 206507
 579989
 1279
 427005
 1012212
 807098
 426039
 996748
 886580
 516497
 396558
 69069
 568374
 463079
 940360
 815426
 447988
 771684
 965470
 693028
 18320
 450404
 552309
 1093060
 285226
 681728
 239440
 202425
 250401
 1040053
 593818
 229371
 65902
 29942
 886287
 661861
 907535
 1001586
 839768
 641464
 351673
 664047
 561939
 523567
 403838
 445764
 985112
 128101
 1079185
 869610
 390133
 321472
 408035
 490207
 43689
 6327
 136278
 612634
 870499
 693788
 266748
 923365
 543929
 72541
 758918
 838594
 405253
 675992
 668402
 833047
 106112
 409785
 1039000
 862873
 146832
 984797
 702477
 110478
 315575
 833950
 906261
 682490
 64650
 929821
 1022346
 298387
 652531
 838030
 801392
 330595
 162033
 159421
 393882
 201535
 437467
 1039312
 997136
 598336
 932646
 942313
 503536
 783719
 68379
 456339
 404199
 486651
 358173
 910737
 982141
 697086
 464921
 664547
 960276
 728253
 685827
 51804
 1020558
 970591
 663943
 4013
 333435
 330165
 1281
 587208
 652650
 547730
 264580
 283655
 128404
 922370
 579318
 56981
 825279
 496418
 524216
 179025
 231927
 778849
 308720
 1009078
 968816
 442935
 1073567
 433637
 618534
 1020294
 926379
 161415
 762539
 334519
 1088978
 321519
 503767
 321641
 170329
 546029
 932781
 809415
 94686
 262144
 1053560
 846948
 724385
 294990
 887352
 184949
 533651
 598225
 79105
 448410
 417245
 839622
 1029599
 1019516
 793484
 538746
 223109
 460823
 280967
 942499
 1042432
 840560
 882009
 924800
 905272
 821610
 685310
 349776
 358492
 1050521
 752064
 977085
 403252
 668811
 567263
 6310
 903230
 1057357
 464689
 418982
 583058
 252334
 768489
 1022064
 995822
 106766
 489160
 1019286
 1012392
 782427
 452431
 1007415
 809685
 726900
 577573
 980876
 808283
 680477
 949331
 58475
 732825
 937900
 71864
 232147
 570455
 670486
 50788
 521064
 458241
 831262
 1016206
 490798
 1054093
 300029
 867639
 729819
 648540
 720657
 206342
 523025
 1090080
 577378
 392620
 237355
 536009
 811544
 878309
 931688
 674852
 708712
 510427
 602807
 572110
 23530
 858935
 199218
 940867
 396214
 1001840
 1011593
 647507
 983505
 402972
 915664
 796481
 412779
 198237
 592667
 893731
 697042
 726955
 102231
 719184
 208193
 148532
 247204
 425935
 173613
 887521
 28541
 1064204
 495715
 103622
 9392
 127483
 551058
 611962
 630404
 729654
 993173
 288919
 894406
 1082208
 585311
 19074
 845341
 222715
 738806
 1007700
 460231
 649184
 722396
 628350
 164935
 1034878
 655247
 146321
 125038
 1026356
 370123
 55017
 264441
 728080
 63076
 406450
 386305
 983698
 252053
 877496
 402648
 147583
 832650
 900894
 1092230
 135252
 452422
 631323
 844349
 167199
 525231
 200568
 1000556
 960079
 514018
 717919
 593962
 307453
 378023
 965069
 697239
 311963
 290255
 229522
 45661
 983900
 784823
 303927
 73693
 239576
 697974
 1051746
 871085
 177237
 434990
 365606
 388179
 184882
 59417
 313866
 813081
 39921
 58505
 24294
 318770
 1045203
 762666
 865308
 70770
 655031
 845498
 550464
 210960
 735248
 1003926
 838565
 70827
 652367
 376188
 422974
 955471
 674991
 1093780
 486215
 526972
 629204
 158224
 1040879
 821923
 559753
 329152
 912649
 408619
 740498
 1009781
 98561
 663448
 819819
 311640
 347277
 71025
 247841
 175272
 236615
 849470
 355321
 897961
 83511
 1011706
 38885
 480515
 618026
 137647
 230668
 562545
 411034
 1074717
 719682
 762096
 529031
 885231
 928519
 163936
 119663
 535430
 590555
 734087
 600963
 413854
 661102
 55107
 660998
 719012
 459846
 701475
 844977
 343426
 999811
 250055
 110002
 790083
 1071830
 755599
 745068
 799879
 270249
 216696
 520322
 106393
 152159
 230080
 157866
 522270
 678228
 370290
 465362
 78339
 623230
 173300
 645650
 689089
 847650
 524077
 653869
 679666
 24727
 175371
 195429
 606082
 730838
 563503
 568252
 924700
 812667
 56270
 600707
 635217
 1010577
 45488
 175332
 962566
 812519
 566492
 332097
 956511
 376199
 427258
 540544
 275432
 166320
 20016
 816760
 632548
 304941
 895070
 693442
 871542
 249911
 1091108
 179302
 946095
 485850
 946964
 708991
 628096
 179989
 931382
 615704
 436040
 970418
 966087
 638801
 337184
 793381
 833
 974317
 729599
 479164
 619514
 437679
 177125
 657633
 966595
 883746
 349452
 71236
 475500
 471728
 257745
 62123
 277767
 900369
 1063523
 107946
 526688
 354783
 698196
 345838
 1086673
 203659
 179749
 345991
 253214
 7907
 607606
 135222
 131548
 667512
 939498
 682116
 370421
 555629
 862679
 305582
 1042366
 703622
 1098296
 385920
 394238
 844516
 716665
 801080
 661037
 598562
 372371
 482411
 19023
 917108
 663329
 759820
 1010820
 696447
 387439
 244172
 368081
 277480
 343328
 1006975
 345257
 393253
 875668
 276902
 499008
 609527
 523124
 81118
 285170
 897178
 152451
 407372
 387399
 836546
 700814
 487003
 962066
 979480
 543502
 719764
 799495
 922835
 61408
 992083
 304090
 1033289
 618945
 185935
 183668
 897863
 142877
 681113
 403736
 731326
 502470
 808307
 437157
 166615
 249223
 295255
 442257
 728768
 81363
 602096
 1051614
 618665
 182147
 361236
 302338
 582992
 138010
 166026
 377755
 459168
 538243
 157082
 169492
 890983
 348877
 951600
 867194
 535940
 225980
 947828
 1076885
 44580
 510085
 3295
 105471
 99344
 617026
 67946
 524499
 167133
 520657
 882944
 439142
 768621
 117319
 530591
 695930
 413362
 39775
 291281
 232895
 632885
 838895
 1031128
 592797
 214156
 430009
 359617
 258693
 584709
 1000827
 226954
 153769
 606734
 760561
 667745
 134384
 83033
 475666
 301021
 747871
 21046
 986455
 939477
 318495
 1010882
 652505
 7332
 1063233
 312021
 630453
 756244
 683738
 964012
 823629
 1089627
 548554
 989094
 974317
 288248
 589642
 611472
 1046576
 829368
 862437
 752106
 351500
 836850
 922920
 283636
 460211
 820399
 584913
 738747
 538594
 855569
 942419
 390588
 790677
 562502
 995028
 247875
 876504
 262529
 450537
 415442
 539718
 1091267
 227299
 382384
 170797
 704230
 1049266
 173175
 65690
 947600
 741535
 108957
 283694
 947788
 417932
 1042514
 674501
 430033
 513355
 62628
 947897
 585126
 127484
 223277
 526643
 91231
 578067
 739890
 450669
 588494
 505784
 183370
 387028
 925874
 104307
 320426
 570918
 482731
 66210
 141550
 275126
 518275
 829871
 23742
 500629
 737525
 144082
 860372
 1053551
 777542
 964362
 115815
 419826
 1017729
 970403
 405242
 881174
 1033209
 897952
 102443
 501575
 583654
 714051
 750651
 386627
 509118
 351660
 19867
 222020
 371061
 319729
 772353
 223266
 1034908
 128308
 743334
 708628
 920884
 481844
 286677
 434656
 308539
 937065
 243457
 72486
 970125
 965289
 120010
 532769
 654422
 940964
 669544
 441580
 468455
 708790
 205615
 233505
 939680
 716555
 13816
 123961
 790735
 185348
 454004
 473688
 937126
 375737
 859099
 644332
 983381
 662922
 282870
 1081210
 230620
 728421
 328930
 622369
 925505
 671062
 561206
 975049
 146652
 68754
 237622
 930724
 231931
 1024511
 288935
 79242
 828325
 252353
 859315
 425366
 949337
 1011360
 35835
 539132
 16869
 601356
 608717
 705761
 556649
 1064794
 68666
 289165
 964709
 1046242
 176548
 370367
 677968
 820091
 23193
 608928
 888332
 152937
 95859
 442555
 936504
 907916
 181725
 922304
 680655
 512129
 567024
 780131
 450765
 235283
 44920
 276060
 965849
 349512
 280359
 928316
 35644
 118781
 850844
 626650
 166901
 1015246
 694821
 222532
 1040367
 155013
 824692
 333425
 234028
 887657
 598339
 926687
 860775
 851254
 421343
 126651
 618357
 489570
 253260
 615447
 489758
 513162
 38234
 303041
 1029449
 814107
 757116
 1045807
 33605
 306333
 254658
 295288
 1028496
 965346
 823743
 1061135
 943002
 948710
 279491
 1017177
 655554
 784768
 565829
 1094843
 399573
 1069760
 1077074
 365306
 826689
 393627
 616098
 386390
 430683
 48838
 952328
 766614
 219569
 90552
 871596
 293101
 144751
 436446
 32419
 734869
 987521
 553815
 471495
 902427
 240822
 569890
 793465
 727890
 70756
 790785
 905290
 611200
 1010539
 589928
 957413
 188260
 243744
 1074318
 696734
 35670
 9122
 701413
 1033525
 55543
 377652
 716188
 285670
 185765
 723716
 654116
 826549
 855377
 39265
 555007
 420000
 621130
 559623
 300819
 301145
 954452
 638091
 692575
 838571
 1077972
 703208
 102265
 33925
 311904
 216229
 355720
 209991
 631384
 409600
 780387
 807285
 860993
 1000075
 257634
 1053764
 548624
 343160
 424397
 543728
 779045
 646662
 172776
 365008
 548728
 941263
 686112
 220064
 1093561
 37648
 621804
 60030
 515663
 1078455
 1023108
 688304
 490114
 907127
 928400
 715193
 1052973
 150327
 1002738
 908118
 140349
 335563
 751119
 475904
 973317
 631187
 329480
 603399
 969871
 1043911
 759824
 811550
 960485
 417113
 82667
 497585
 803284
 1075213
 903814
 281604
 566771
 1091552
 919593
 3609
 396919
 101027
 377845
 664748
 58114
 274583
 798986
 947910
 122573
 859076
 279588
 875501
 840495
 180322
 454030
 114900
 982348
 251157
 920681
 187103
 1031838
 39458
 506513
 1010955
 752917
 579381
 1062918
 658702
 302425
 348813
 317467
 284417
 93801
 654128
 143431
 470734
 72839
 846644
 964159
 597304
 288725
 94918
 807592
 721177
 686790
 532635
 925673
 1044283
 500767
 142619
 94448
 736344
 389560
 354812
 412961
 410676
 1082035
 110132
 576942
 53456
 222430
 271370
 919205
 682426
 1023832
 357433
 829569
 552261
 242258
 363979
 583892
 238481
 277505
 530398
 752866
 961153
 266517
 937323
 773421
 580696
 858913
 824999
 275305
 638533
 1085561
 1083712
 311445
 1038851
 432930
 418496
 824622
 847104
 12263
 214696
 498217
 672385
 102436
 928969
 1028214
 392350
 9306
 10130
 40693
 37707
 295737
 612139
 296380
 580446
 26083
 550092
 867642
 575606
 38896
 548049
 37460
 745560
 843469
 1009286
 274295
 200144
 213714
 695124
 809219
 308882
 132971
 1080775
 617333
 581843
 71633
 963024
 681469
 763525
 555168
 473187
 814125
 215658
 884180
 586219
 300508
 552151
 17279
 222703
 421696
 1096146
 878092
 842638
 367808
 421052
 998106
 978185
 759939
 210933
 819621
 130300
 942035
 159545
 846960
 781557
 833637
 906254
 123673
 498624
 980942
 879191
 347641
 27803
 401613
 495351
 249971
 619169
 291592
 21023
 612211
 212374
 705765
 1096830
 966684
 324236
 52979
 1040371
 998683
 1033258
 758239
 462607
 925308
 399984
 262639
 1765
 464114
 728470
 553728
 790050
 25438
 893268
 374100
 841807
 391956
 1032012
 1063131
 639760
 206058
 628791
 585797
 24703
 748638
 780192
 720856
 673530
 301165
 322260
 656810
 954590
 206413
 80711
 862610
 243375
 209891
 679480
 529676
 489952
 265834
 1080310
 357826
 362196
 804951
 504953
 437715
 260239
 1004629
 1011727
 1082314
 302666
 127053
 1045028
 943888
 30440
 481160
 109446
 906327
 620340
 589004
 219879
 93036
 9046
 149863
 28479
 892035
 83335
 216729
 365406
 499495
 637031
 628527
 874915
 232042
 212056
 423539
 999768
 789149
 323276
 666167
 522580
 474404
 338810
 514582
 356625
 1094519
 703657
 570755
 1085887
 843446
 75221
 732572
 8490
 758925
 1086459
 446416
 678385
 916071
 539937
 235341
 385219
 608393
 400531
 113089
 975690
 1000608
 621860
 762369
 924378
 1052347
 484489
 262583
 575231
 928630
 591439
 970672
 917006
 682948
 46758
 357998
 734748
 577281
 148577
 165951
 985025
 732666
 1094523
 549105
 661021
 410775
 481490
 984942
 453720
 440664
 118363
 201451
 505720
 290059
 262896
 204376
 936814
 159153
 938209
 987600
 969223
 118818
 916065
 1079471
 661686
 506334
 484232
 834085
 361117
 607781
 719604
 837601
 958858
 338982
 438580
 144211
 1028181
 780517
 436834
 239366
 370145
 57208
 50761
 1029959
 947125
 871891
 276447
 286544
 205711
 787455
 246043
 287995
 875159
 639672
 112735
 15877
 841734
 510537
 1014809
 1024110
 252691
 729351
 154267
 503120
 311896
 492956
 128657
 1011704
 3762
 1068727
 330764
 211464
 849434
 676390
 1002543
 597338
 924832
 166209
 498339
 105695
 142880
 515195
 886462
 249681
 145177
 404164
 656514
 203474
 71317
 573717
 185378
 476638
 943625
 109462
 341279
 299720
 160998
 694071
 556032
 123097
 291162
 102410
 921841
 472102
 950902
 286756
 967590
 1070905
 891124
 1082503
 693233
 1050633
 812153
 463773
 770349
 295473
 474105
 634513
 308131
 415371
 170318
 742836
 688500
 503182
 1062276
 131413
 149653
 921766
 88885
 328992
 316864
 726550
 938648
 1025366
 752306
 1034067
 151978
 562426
 993722
 211121
 787653
 984614
 570762
 902000
 83954
 462396
 42609
 523521
 426831
 40656
 830801
 579289
 742696
 936883
 436260
 592840
 463511
 615599
 595832
 724973
 756268
 882284
 786906
 224743
 70028
 433697
 462655
 209025
 558749
 929597
 313124
 635597
 598067
 84784
 47098
 126388
 724117
 729871
 436041
 1053870
 450297
 242302
 807865
 978749
 281863
 734052
 837516
 35017
 18690
 23987
 282178
 833482
 843907
 250357
 1030666
 753606
 1052067
 45442
 472819
 951789
 692130
 697851
 593225
 1034912
 193947
 422757
 897094
 7403
 238087
 583944
 931689
 1064452
 763548
 1096927
 474305
 441679
 980387
 907687
 993384
 1087422
 473704
 988540
 822250
 648365
 722609
 630382
 285245
 399341
 837058
 71110
 338151
 300747
 550907
 999012
 2142
 100302
 951492
 72150
 1091142
 351626
 543202
 59200
 473967
 307841
 1027588
 513608
 717758
 315171
 896671
 193063
 843106
 105556
 73391
 248255
 539466
 506209
 491217
 195726
 763732
 792463
 357001
 908042
 819088
 439248
 628977
 202895
 92816
 158092
 128654
 1045822
 417464
 706825
 965322
 88443
 936039
 750456
 1058360
 1001256
 255631
 715203
 802859
 59712
 738969
 1015312
 910335
 22112
 523807
 841419
 392458
 118791
 486381
 459704
 1089100
 535582
 806659
 238137
 358701
 597438
 752185
 737817
 327849
 492859
 95937
 552429
 236246
 467167
 1013573
 895309
 542128
 1043442
 236732
 644435
 794924
 204856
 197825
 40121
 236203
 721887
 140525
 416385
 677765
 533597
 954871
 942661
 771202
 693804
 165008
 579452
 144673
 741958
 728690
 341868
 58784
 54450
 95875
 775662
 965434
 474302
 632222
 200064
 606197
 655325
 944770
 584404
 229023
 537389
 830546
 601680
 134990
 624220
 656110
 1058813
 845600
 776667
 141733
 99909
 738163
 65138
 158866
 127554
 577544
 860914
 352820
 1045633
 1082564
 265036
 962698
 70335
 903561
 376393
 19920
 474923
 348805
 1044319
 527114
 1019666
 327260
 965307
 1010856
 189620
 382297
 197907
 1045622
 117495
 166893
 491686
 600329
 657071
 726097
 937334
 599370
 537012
 357652
 186548
 102068
 175198
 71159
 352983
 411198
 113688
 122594
 922136
 1072877
 630405
 697162
 654225
 917863
 87221
 998770
 61280
 307455
 336432
 293441
 206895
 749352
 212969
 59653
 1066997
 539057
 660570
 907969
 261654
 751225
 449271
 213493
 914716
 572587
 87519
 1015761
 228307
 729127
 673021
 938877
 819526
 335978
 844392
 14345
 2373
 392849
 768161
 1023488
 100614
 326815
 946637
 396584
 960027
 438850
 206453
 136997
 603095
 1058298
 1080186
 819309
 139743
 385983
 359691
 132703
 148864
 247660
 557824
 314633
 523817
 812747
 532585
 257016
 1009369
 326377
 313770
 19150
 589314
 952413
 28504
 1008379
 1006386
 946228
 706910
 217024
 329807
 410734
 1034003
 146775
 720154
 486660
 872497
 17112
 373715
 841496
 352086
 936254
 73321
 678769
 700657
 480890
 935498
 1082479
 166822
 731343
 170372
 614126
 369950
 40559
 38340
 839600
 406132
 561614
 80858
 412063
 215694
 332786
 355390
 85489
 775830
 1015623
 478726
 245696
 617939
 962007
 330953
 154109
 106196
 858232
 206980
 829973
 713782
 41728
 584624
 635792
 161962
 860166
 481224
 924161
 681090
 457273
 335413
 336476
 143884
 900671
 564495
 1065925
 662364
 59229
 118942
 831367
 98714
 372001
 1009654
 562541
 449495
 499124
 475172
 424125
 231325
 964665
 161026
 997518
 859155
 139602
 423167
 393454
 387093
 501931
 430170
 788370
 1029131
 584237
 916750
 716964
 659735
 391571
 141963
 468259
 135177
 931032
 1030830
 51804
 693247
 503880
 504531
 497335
 436309
 812222
 251932
 13602
 155133
 1082833
 525026
 912848
 560335
 427940
 650177
 97230
 568657
 282137
 222127
 312169
 201679
 352384
 489529
 63180
 1039790
 867099
 492653
 115694
 36575
 676139
 648787
 546390
 240214
 852405
 70930
 327599
 646083
 983159
 229102
 1085320
 884901
 670967
 117757
 287488
 659677
 487781
 93669
 143517
 114157
 822796
 825695
 607328
 1043986
 60928
 482214
 739951
 687501
 44114
 613991
 360623
 210627
 1025918
 451258
 186716
 423729
 198485
 100631
 116981
 195797
 195306
 852312
 1051599
 725300
 310439
 574865
 409321
 10507
 322218
 217925
 515281
 799557
 186927
 1094555
 249880
 1009557
 930306
 689683
 616846
 781533
 617857
 567803
 1071145
 1080490
 595191
 612565
 77357
 490835
 9404
 46582
 533053
 445119
 446508
 981034
 422032
 526491
 500815
 881059
 521664
 454572
 918245
 596145
 1074954
 309425
 525333
 145530
 812331
 1052090
 919449
 754981
 753109
 24504
 969396
 1090764
 70399
 854617
 1059223
 602130
 783396
 893949
 151424
 909903
 906086
 606058
 587605
 452894
 536340
 1052069
 646267
 547495
 131449
 329543
 52604
 1080836
 420136
 179503
 241889
 912908
 82880
 608021
 726692
 1006288
 571501
 388580
 845669
 739012
 197967
 173983
 784835
 690687
 345820
 923928
 874128
 691627
 262651
 1082984
 86211
 944873
 414181
 650685
 352336
 220138
 714056
 29357
 885956
 549358
 413007
 562460
 181136
 787768
 904678
 188853
 862141
 1017386
 832101
 755488
 703941
 190341
 849651
 328287
 879892
 506830
 760117
 847731
 572582
 14352
 332820
 583976
 119676
 522428
 315857
 153568
 900247
 939092
 398791
 296341
 855385
 140172
 162995
 388615
 453896
 451270
 704243
 353986
 762613
 997334
 249247
 898717
 978943
 202921
 398521
 756715
 401985
 957370
 578255
 85685
 400912
 461298
 536177
 666442
 868472
 696965
 790334
 92253
 19695
 1063302
 514413
 322786
 139744
 144243
 874377
 327552
 383499
 765217
 4726
 898497
 503967
 2886
 119841
 775365
 961192
 262126
 770611
 262871
 161455
 371944
 701478
 815067
 914339
 793380
 833449
 168411
 559701
 28414
 805905
 1085524
 8753
 164112
 145922
 662898
 641324
 162043
 1083345
 24860
 96624
 395513
 536311
 665169
 889076
 44406
 520594
 1002601
 940831
 586355
 1030031
 707206
 450852
 986385
 866750
 977511
 783032
 646004
 548849
 38113
 887531
 401339
 851816
 755209
 607952
 247824
 249406
 1094160
 671800
 201460
 500991
 993121
 506771
 775976
 428918
 450230
 343231
 954013
 305227
 512936
 527168
 950302
 217926
 988800
 792002
 365623
 462252
 1004049
 280746
 952156
 343332
 398062
 214588
 632701
 405569
 470355
 947280
 1027789
 337839
 503254
 234500
 968040
 252121
 1025849
 828811
 115801
 69652
 94189
 1042284
 70845
 668655
 553762
 1015234
 403273
 107080
 1051103
 812332
 838166
 657219
 744471
 646973
 864195
 892735
 1006226
 232423
 123709
 566523
 656933
 650090
 830815
 570548
 164697
 758281
 952518
 497356
 1011607
 702036
 782712
 282777
 284120
 1019518
 795097
 803420
 493184
 41997
 143707
 971087
 376773
 896096
 507826
 240173
 1064312
 180253
 825709
 721475
 1022497
 527004
 652997
 704820
 502289
 951884
 1074829
 546796
 8466
 278725
 909345
 636213
 83185
 594066
 1078209
 387663
 120595
 826030
 586034
 201147
 755831
 32440
 230757
 290098
 926926
 898626
 540248
 702245
 509075
 44051
 471826
 567639
 920659
 11695
 756283
 336357
 618752
 80657
 1043988
 528758
 870405
 684833
 872229
 802303
 83594
 891090
 27563
 119816
 553748
 1071161
 473174
 256182
 865579
 328906
 738992
 628807
 673366
 864900
 26133
 805447
 275744
 282539
 189726
 211650
 378843
 842906
 305249
 79282
 298498
 619762
 91330
 769211
 245312
 1016163
 548106
 1041443
 1088778
 694265
 214951
 109154
 239488
 545129
 554218
 737730
 664461
 876080
 695454
 246404
 899683
 189414
 344077
 348126
 439485
 285999
 562625
 803747
 279992
 9928
 807484
 866974
 1071584
 890937
 586633
 822575
 1043566
 835946
 163913
 1012888
 1075981
 581469
 747790
 640639
 798869
 165714
 98509
 492177
 804973
 861921
 440238
 265831
 279365
 5355
 645317
 828628
 793381
 103383
 216424
 349846
 697249
 545785
 1039926
 828966
 466578
 463247
 647412
 224870
 566076
 253233
 693696
 263394
 835742
 215216
 65755
 538578
 335342
 162206
 556307
 375383
 28532
 1024464
 280441
 801272
 399834
 652153
 1088366
 1070493
 969746
 644718
 851263
 387687
 452625
 600130
 430591
 308165
 222833
 500028
 936597
 767422
 327219
 159055
 961020
 1019873
 578407
 374152
 734874
 784950
 701380
 552538
 185614
 588310
 233012
 703901
 929087
 377603
 1054680
 1072674
 937420
 487130
 805536
 307925
 124842
 858493
 36012
 357301
 744067
 778552
 110267
 958508
 325285
 715667
 630337
 1088470
 960273
 1056419
 282645
 132928
 476462
 462660
 155948
 463470
 1038722
 264047
 966250
 841782
 828776
 475794
 478370
 1002664
 674830
 222228
 944219
 206861
 1009998
 860725
 1087840
 1032140
 807825
 433427
 688629
 443433
 568113
 616692
 797574
 501556
 892818
 514571
 323167
 866779
 103213
 950039
 983763
 790432
 419274
 30383
 909008
 992536
 770463
 819908
 555852
 964163
 1023863
 597928
 509952
 391407
 944078
 433370
 338030
 229268
 141616
 781751
 761044
 484510
 494874
 685361
 520461
 633703
 931216
 648916
 1090214
 121345
 1037353
 488664
 195066
 353957
 995147
 339645
 570223
 745443
 745363
 559931
 240351
 1001702
 798931
 412678
 1018909
 78840
 690724
 1027166
 110359
 781580
 606339
 1007492
 610942
 391253
 450667
 915094
 423224
 1095776
 962306
 7466
 19051
 159793
 120504
 638073
 309201
 532053
 166379
 357004
 609049
 785423
 56572
 654539
 955793
 885633
 982243
 174486
 293166
 131337
 289129
 580848
 831336
 410428
 625638
 525782
 741965
 280790
 204375
 317297
 198432
 935179
 825525
 543091
 482408
 981889
 568143
 187930
 1039782
 959610
 799560
 397118
 683483
 168648
 162330
 281152
 587067
 923455
 1015239
 740069
 478071
 370102
 915446
 698722
 457130
 385048
 274380
 339543
 33151
 421478
 1007917
 570186
 310922
 793580
 778035
 865936
 607299
 417138
 562403
 727823
 354909
 996940
 311630
 424309
 122011
 913883
 417549
 987512
 21380
 893957
 1075418
 250631
 766099
 628172
 332607
 1090223
 748967
 258181
 515115
 473297
 244209
 29187
 373382
 322347
 541397
 353131
 97095
 287853
 241364
 198832
 204875
 198551
 216642
 823504
 350033
 879405
 968144
 870485
 170712
 145598
 482619
 650380
 342042
 198972
 1017127
 571869
 553790
 335168
 234447
 301125
 181466
 657905
 301010
 558854
 576996
 1092952
 343084
 754796
 1003950
 543864
 609516
 166071
 761645
 680809
 803773
 254833
 463596
 86298
 945627
 302296
 41909
 317320
 905478
 797535
 104458
 610545
 948611
 333339
 762535
 541206
 874105
 593540
 821541
 948955
 235308
 820057
 787086
 523880
 23905
 874278
 657859
 295468
 686202
 140939
 409172
 240991
 1000769
 665946
 236490
 466887
 280456
 12454
 497553
 238359
 742849
 900473
 765200
 849951
 1018725
 714831
 152094
 652886
 7079
 595825
 535694
 131489
 744184
 412961
 6813
 821520
 253602
 303976
 454130
 141681
 897457
 567717
 158786
 317917
 517986
 14394
 134652
 97413
 642989
 767772
 158008
 1003080
 531845
 787191
 381117
 842344
 257736
 135462
 839077
 707809
 666682
 158480
 1056139
 77018
 1009062
 455941
 569614
 479056
 318390
 951037
 463781
 365333
 350326
 755251
 496345
 441920
 979292
 169768
 848906
 636951
 1013550
 510544
 891655
 998813
 920801
 635335
 739351
 378641
 768629
 124843
 185862
 116477
 399219
 813825
 516164
 719865
 315605
 301161
 209908
 543964
 817283
 311329
 821137
 185435
 764130
 828533
 688770
 914597
 1087769
 386976
 312977
 650452
 510052
 790286
 1020440
 339717
 522913
 144789
 137512
 73655
 391571
 572465
 764268
 931139
 1026568
 23177
 996531
 677363
 317128
 80333
 876733
 954579
 50190
 126203
 977255
 600833
 499329
 247956
 509588
 1084291
 595550
 947990
 662957
 845596
 705986
 704643
 4245
 942899
 884941
 687239
 806432
 1058611
 575680
 524030
 1009980
 780909
 469779
 588114
 170313
 531960
 342057
 1074778
 703732
 67880
 902344
 42436
 818481
 568507
 583771
 1048969
 186191
 1026746
 539812
 567260
 994577
 800055
 717161
 194711
 753277
 717925
 594947
 281828
 987346
 61889
 7309
 361327
 873060
 986804
 1017298
 780626
 982627
 1029464
 846403
 1048487
 558101
 812653
 337189
 941323
 403964
 463404
 441714
 1021443
 823838
 51952
 609170
 357443
 413895
 227599
 766537
 872014
 451898
 12083
 759152
 45209
 958786
 412134
 972442
 300421
 654554
 1079183
 673193
 137919
 431146
 223040
 545606
 194403
 359464
 996930
 361255
 239984
 1000929
 938379
 839279
 872053
 497470
 132468
 238753
 82309
 288474
 734866
 442336
 232159
 910177
 556321
 169968
 664788
 56094
 937485
 933655
 394481
 59302
 629604
 952568
 1040050
 1046561
 38315
 747979
 737079
 1023305
 595632
 447784
 172504
 680707
 461193
 1004116
 501057
 418288
 68358
 119511
 886038
 1034843
 503171
 112583
 236626
 725357
 720899
 552472
 887614
 938328
 773621
 597213
 828700
 764764
 319212
 124900
 814018
 836616
 836153
 723190
 1006955
 136694
 698877
 10020
 867692
 170935
 77036
 1044146
 843554
 658715
 770576
 197016
 726808
 770401
 638635
 337705
 1041297
 780995
 341809
 643745
 920970
 410376
 472755
 279008
 735931
 932337
 600428
 112425
 342634
 2659
 811517
 98425
 324375
 976702
 919160
 791393
 467484
 329155
 346057
 42495
 443868
 1032113
 306467
 938491
 902785
 1094914
 863108
 895193
 266808
 911567
 808789
 137370
 896816
 639099
 12443
 40489
 215894
 380952
 841179
 1051001
 913482
 359700
 964774
 134495
 485353
 948916
 680834
 450014
 179450
 930080
 121607
 320243
 837785
 762733
 830247
 350565
 212105
 515009
 66251
 56224
 230669
 539910
 870860
 900606
 127314
 849563
 1095463
 148601
 571953
 179199
 646653
 837426
 250942
 422052
 519894
 124530
 608574
 1014217
 221806
 662302
 1084568
 123901
 773827
 956160
 487355
 382025
 332815
 554600
 597170
 188663
 298946
 199775
 329466
 170371
 533466
 14682
 940072
 788057
 461386
 865038
 412159
 879009
 646384
 469616
 977366
 733405
 34800
 589266
 970329
 56884
 339417
 905069
 212761
 1086897
 438362
 584178
 717106
 985416
 976945
 212851
 164501
 495129
 1014358
 333689
 921394
 511793
 740290
 390018
 712253
 1052160
 711560
 901732
 407645
 615623
 164175
 245791
 874636
 749986
 736784
 13364
 442720
 481766
 280909
 955415
 104803
 752958
 929943
 335125
 141249
 625748
 713343
 8961
 415549
 539317
 33567
 1018676
 426622
 946228
 944379
 441336
 123961
 200371
 271344
 364771
 357697
 45592
 995929
 625522
 681698
 743007
 755747
 987465
 464830
 1086387
 1054216
 1028449
 313154
 881067
 600879
 1082605
 132363
 195844
 230222
 34585
 186478
 1008123
 836270
 897266
 280110
 324384
 373197
 463305
 174326
 53349
 455866
 1071515
 651784
 348674
 809238
 1068488
 514385
 899979
 436259
 539198
 649535
 407506
 690939
 574272
 1066362
 975411
 102410
 432570
 679068
 819337
 95836
 991023
 21336
 484199
 826638
 14975
 325142
 1044401
 373671
 364622
 825164
 181051
 109898
 446893
 542773
 798586
 551563
 781324
 644414
 557830
 629896
 374596
 988938
 652030
 358143
 996409
 1007833
 521586
 930675
 761484
 976606
 845663
 218522
 25006
 534011
 880487
 1089505
 811177
 454817
 100529
 74359
 551596
 86024
 66313
 389205
 289366
 40283
 487482
 277529
 1087017
 401401
 797126
 82690
 239690
 206630
 377892
 5966
 966158
 335583
 826049
 1030517
 123341
 742877
 203405
 1052206
 954133
 453844
 8804
 790373
 556139
 665
 585925
 230060
 391839
 112494
 560756
 630551
 816054
 715533
 180881
 146653
 319326
 963005
 831553
 1040601
 600498
 850583
 392540
 44917
 484845
 740660
 263589
 272226
 498892
 927186
 538199
 193299
 981238
 1031586
 1001778
 618575
 300630
 96922
 421193
 768069
 300620
 784902
 357344
 788085
 359339
 228335
 858008
 196290
 4043
 845041
 238351
 764729
 641481
 836638
 1086244
 501432
 495703
 331322
 1066719
 626898
 116723
 975279
 552691
 710354
 120524
 494382
 85209
 339309
 532534
 579314
 156556
 383012
 1089424
 36818
 188110
 463895
 482346
 792123
 992494
 276513
 924774
 195390
 791974
 325802
 938382
 465619
 231438
 93942
 1075273
 619809
 176654
 748499
 941398
 20111
 205301
 915165
 655622
 1050799
 1081067
 321017
 1080015
 503266
 353572
 762530
 458702
 641602
 214559
 594270
 983189
 938777
 471041
 655586
 750561
 934208
 551114
 300078
 998946
 149253
 657635
 337164
 675438
 657951
 294212
 907327
 1092859
 542650
 923168
 444009
 1023262
 35909
 38949
 526299
 423609
 193158
 640037
 187084
 817183
 439912
 666169
 221608
 915110
 109372
 679061
 119993
 639769
 299244
 688477
 590458
 592861
 809068
 911947
 814924
 515952
 8656
 1028360
 545453
 519409
 986232
 562697
 727048
 594387
 541342
 696199
 728796
 919440
 468628
 498802
 137278
 802884
 315271
 366709
 1031658
 179857
 512736
 643160
 174316
 622860
 1036055
 541895
 86972
 704376
 461862
 62260
 1070462
 16424
 1041844
 396526
 682670
 477218
 137513
 491978
 233365
 826374
 567126
 1044893
 183043
 1084183
 794826
 407825
 517493
 855372
 382114
 91392
 530852
 828890
 398008
 781805
 478316
 569265
 566433
 732040
 803766
 780468
 231883
 585995
 583216
 613923
 900447
 425863
 1037985
 209254
 933254
 464044
 618472
 262437
 170342
 788190
 719129
 922754
 1058497
 37132
 714343
 176570
 177604
 1038723
 938841
 1097665
 80529
 763006
 225526
 310270
 882297
 404097
 932551
 913605
 269457
 32272
 799825
 63508
 224273
 501153
 733246
 695355
 556207
 738035
 39665
 489760
 332910
 726799
 187871
 672320
 221345
 165776
 263531
 358681
 592816
 317230
 969231
 799235
 357304
 686920
 472193
 34817
 544240
 593323
 510660
 382281
 586567
 785824
 786571
 651711
 72985
 839067
 91445
 91675
 190491
 301741
 257925
 179130
 1022663
 552983
 244778
 277298
 360471
 329630
 386959
 866020
 1008003
 1040465
 675464
 508043
 927756
 672620
 1079589
 21569
 34266
 886686
 1083719
 988746
 188861
 440232
 171789
 622052
 701316
 832171
 537975
 963090
 419090
 375821
 1048589
 665922
 791074
 268026
 709851
 876733
 664109
 269227
 240383
 835124
 647779
 482182
 279408
 896354
 388876
 603983
 132696
 247474
 983734
 549710
 288595
 881732
 970382
 331471
 434076
 290305
 6501
 547707
 432461
 632339
 691853
 95160
 814041
 158227
 620557
 160232
 104083
 784291
 520282
 733865
 809483
 1067378
 166548
 656793
 981275
 68916
 209804
 112813
 832102
 917542
 368704
 81628
 1052888
 447210
 687800
 298398
 249586
 6295
 615193
 19999
 1028562
 657578
 74522
 777495
 999046
 427497
 366301
 1046211
 11820
 844244
 522362
 999623
 172795
 351363
 593164
 835315
 13293
 699576
 1062262
 270751
 399351
 77058
 732730
 59278
 873174
 972411
 75312
 296853
 918605
 568542
 153252
 867790
 7668
 221497
 664144
 1031559
 764444
 249544
 1078054
 105700
 164920
 286314
 454742
 1004785
 472099
 108629
 419013
 290889
 371036
 759311
 330709
 635112
 504738
 480637
 467470
 521486
 120470
 147150
 784449
 111328
 841699
 712040
 1015599
 1035247
 404539
 743909
 1023474
 1068106
 71213
 998852
 35733
 150965
 374596
 635379
 14899
 89467
 443568
 538898
 546889
 424278
 839510
 200873
 596766
 883536
 678304
 1074405
 236579
 282188
 557844
 421958
 140743
 979570
 1000245
 38064
 332786
 880153
 673621
 55952
 570755
 826783
 1042131
 530736
 680494
 409473
 129571
 778365
 284829
 114783
 166168
 112169
 285198
 185066
 355674
 726813
 690526
 818218
 1069428
 454378
