203331
 784590
 697667
 539840
 290661
 116321
 440374
 972586
 172999
 1011931
 219010
 1094722
 589584
 418245
 199416
 140848
 193170
 275382
 405228
 38311
 144328
 128764
 795302
 459404
 403447
 723506
 269692
 131542
 724031
 59312
 528132
 149211
 899087
 998868
 814706
 120409
 448176
 370997
 312944
 267957
 1029869
 244398
 1053003
 991115
 103685
 989233
 585411
 179112
 1092657
 748087
 86862
 707633
 638065
 856595
 778246
 594462
 555691
 1085532
 639341
 971084
 21798
 785586
 64087
 601434
 695068
 533077
 855111
 549145
 985343
 858602
 999904
 601204
 12880
 307681
 1073992
 706336
 304456
 476046
 236761
 376748
 281092
 847100
 733627
 1030632
 262493
 646059
 524220
 292864
 239654
 907203
 436706
 205038
 1017147
 283824
 194735
 211919
 1002706
 907559
 673871
 565017
 833704
 716361
 557814
 1052027
 1029324
 873850
 574528
 869203
 956522
 894082
 1054066
 742136
 622356
 478624
 291623
 1069989
 842560
 571034
 251255
 124525
 741481
 863026
 212638
 1088692
 616731
 117218
 613242
 129653
 427354
 737250
 454902
 708650
 1093532
 829841
 738739
 58200
 601763
 339686
 579216
 585263
 639273
 919497
 637212
 1062220
 314046
 180950
 819187
 660087
 961664
 486626
 16235
 811055
 561350
 906455
 605686
 730588
 68619
 462551
 1079459
 671520
 203164
 348745
 204378
 258475
 611262
 960167
 681996
 233085
 329695
 267678
 127436
 474619
 817418
 881640
 197620
 372701
 598995
 62894
 914219
 1038437
 472670
 190394
 982636
 905441
 1086745
 510336
 420817
 163733
 362165
 1065461
 477452
 972363
 440127
 507389
 586048
 352847
 163322
 775220
 1098782
 879396
 590527
 32251
 1020191
 395254
 906787
 494523
 190261
 901360
 1002722
 662179
 114176
 401031
 447852
 924020
 663304
 610780
 260909
 243211
 207800
 53401
 418278
 321331
 803223
 104139
 195187
 9227
 1010093
 830810
 497424
 147750
 304096
 342826
 706811
 469064
 624149
 708128
 758196
 455753
 1014335
 703652
 600913
 564702
 1067271
 82568
 920667
 290430
 252052
 1003286
 817793
 422434
 1057923
 810549
 750346
 174340
 778749
 962080
 19862
 985451
 112870
 150696
 1040009
 311521
 295653
 20180
 500321
 699428
 421661
 974149
 138518
 578010
 192608
 440785
 435169
 1082141
 1095356
 666366
 987424
 810887
 339087
 1059464
 521862
 467124
 990736
 322875
 236880
 903789
 132517
 1030207
 601905
 717234
 741450
 523016
 271397
 680860
 84535
 430603
 56189
 453858
 750079
 738907
 757485
 270555
 560015
 401438
 614469
 1083225
 439687
 491763
 464609
 20835
 299670
 284926
 225974
 572658
 919115
 706496
 280797
 713011
 363684
 743089
 338223
 453112
 200860
 620484
 1069817
 200345
 990948
 828455
 100376
 1029341
 310233
 1046426
 893057
 53339
 179159
 872300
 742014
 436163
 248721
 291900
 443085
 663568
 1072505
 739847
 136904
 110557
 941148
 463324
 65468
 688631
 617117
 541899
 814578
 265985
 622385
 830816
 522755
 70790
 1069814
 747064
 269033
 638151
 120471
 721654
 329296
 950581
 537860
 732359
 97861
 336254
 183248
 1061680
 330817
 926768
 793279
 564770
 821951
 941652
 665466
 543101
 401911
 164376
 303071
 759327
 454013
 923701
 47420
 636866
 1024845
 957383
 447636
 481623
 564103
 978976
 388147
 265121
 31796
 553088
 435676
 767050
 120855
 187071
 452979
 1051502
 209567
 116290
 928516
 768165
 39826
 810165
 240839
 464532
 756831
 801224
 253117
 608818
 388853
 267054
 434574
 922528
 816080
 118230
 1045348
 990067
 258983
 681518
 645981
 646395
 582938
 869819
 1091824
 652982
 75663
 821411
 581569
 904449
 192684
 522960
 85308
 340598
 7045
 242286
 113625
 609382
 297911
 853521
 971858
 327202
 1036169
 115188
 896919
 508872
 272206
 109477
 467490
 695058
 786122
 862007
 342587
 813243
 649519
 969990
 509069
 542080
 740756
 59521
 513264
 918698
 1010709
 858700
 23247
 388473
 346212
 843482
 73206
 143552
 771629
 843648
 654538
 722583
 572069
 412359
 228800
 114995
 771481
 671807
 49976
 1071844
 100279
 185214
 295117
 643515
 396499
 717386
 388171
 667973
 1094727
 43607
 979127
 138095
 441607
 773273
 764101
 564355
 582736
 749823
 865211
 927334
 455104
 545856
 413383
 567808
 1075082
 175919
 282288
 914121
 486347
 307705
 978094
 895705
 15490
 251112
 183475
 57001
 180269
 215099
 132094
 415945
 1076808
 1004775
 336898
 564807
 462712
 747200
 896645
 974550
 183551
 828057
 840386
 777486
 1087770
 249027
 974149
 598164
 815011
 511005
 983772
 201371
 602080
 23330
 388144
 712720
 1055926
 244946
 247061
 964595
 615044
 246956
 941159
 693700
 367980
 602031
 823757
 987916
 775534
 88336
 965061
 218694
 970894
 568242
 141583
 542736
 205842
 786841
 719184
 921871
 329632
 654076
 1063823
 339274
 84340
 946760
 58226
 380688
 960614
 500525
 436068
 258660
 1054762
 166987
 519174
 744372
 54511
 64816
 216585
 507306
 30649
 193622
 608268
 580587
 227592
 27656
 442588
 644228
 831818
 948085
 49563
 861829
 362612
 535340
 460751
 419596
 122030
 646622
 131491
 881068
 62092
 850373
 683455
 417984
 266874
 533704
 816898
 943019
 371350
 602423
 168701
 923502
 804772
 74522
 432821
 301112
 981778
 620799
 449584
 1015033
 324225
 708587
 40612
 269029
 567056
 399635
 367236
 772074
 232085
 770741
 55926
 1061097
 80457
 516291
 188231
 713861
 815630
 174751
 681111
 808143
 660026
 93145
 646857
 25733
 343728
 644152
 646745
 602007
 87522
 233577
 260564
 183028
 817326
 531213
 287412
 689556
 393430
 561604
 617452
 147702
 107385
 372396
 267279
 567932
 1050863
 615595
 806331
 859645
 509246
 440127
 436446
 276988
 1068615
 391371
 879343
 205560
 316593
 737477
 145075
 206338
 341805
 573852
 61296
 870354
 342929
 806970
 797239
 418135
 1004387
 863145
 268595
 762645
 543652
 957729
 216635
 4913
 919675
 897547
 395218
 441297
 449352
 631088
 761856
 790982
 304437
 82649
 470183
 654914
 425837
 902381
 200618
 94674
 909280
 330490
 486700
 42591
 1029030
 355731
 1054819
 152653
 319664
 971259
 33096
 440700
 865226
 200642
 116636
 273911
 1018590
 1003485
 250401
 770128
 499550
 23443
 820317
 469706
 743813
 214202
 1039025
 931263
 615523
 249930
 705122
 20540
 256704
 148786
 396778
 739227
 668889
 315087
 428048
 666862
 139523
 1008557
 456752
 245024
 33607
 80794
 584564
 92179
 538582
 131551
 195378
 608913
 244583
 927478
 650984
 549908
 246890
 344660
 1008472
 964753
 767861
 16628
 728260
 91061
 957090
 622668
 37147
 407859
 249806
 105065
 599699
 1054887
 554187
 734436
 446504
 797717
 971764
 559169
 271907
 667872
 613355
 356704
 700553
 25453
 819353
 743481
 1013172
 48156
 906159
 343488
 1011443
 84513
 1067631
 872336
 949099
 267208
 766869
 837072
 1015271
 53908
 303048
 999378
 865522
 824072
 929262
 385618
 1083019
 276567
 68148
 284340
 626677
 797584
 268839
 55353
 932144
 585357
 60718
 76733
 1020981
 285264
 799193
 1094211
 567525
 1032923
 898946
 67860
 59018
 296228
 247625
 880331
 126186
 1079841
 1070097
 898097
 622729
 582205
 1056138
 68808
 947957
 708690
 559614
 602306
 545942
 52748
 366829
 453403
 759460
 888304
 252960
 297762
 189947
 617240
 660678
 972805
 526470
 994909
 650840
 734701
 530831
 754432
 313245
 962997
 1072930
 149684
 827312
 702092
 618731
 451508
 987144
 1088718
 1081171
 445736
 975140
 505474
 158422
 169335
 74891
 96997
 749282
 988634
 578069
 432685
 221537
 480310
 426700
 868623
 445789
 436960
 707824
 853989
 1066682
 713971
 660864
 971830
 763703
 866944
 103472
 919381
 299617
 915847
 160485
 964769
 628586
 500490
 795271
 306282
 150890
 931813
 650507
 950233
 439400
 1085567
 245765
 61113
 501711
 1055827
 787124
 953722
 592162
 299984
 427143
 510804
 237307
 595005
 1024389
 206781
 329181
 754530
 703351
 134457
 1057770
 684725
 675554
 93726
 711551
 645484
 437255
 628122
 826479
 772881
 926477
 207107
 242727
 155780
 643654
 1012698
 997014
 358313
 802511
 675674
 787878
 1069083
 683141
 422186
 821272
 2436
 637135
 156969
 167068
 250240
 29276
 164485
 269965
 56532
 786017
 963206
 261357
 70546
 73701
 247179
 877160
 461794
 912284
 359690
 219167
 875322
 201104
 211223
 347944
 158258
 359783
 362110
 820325
 1021656
 443286
 272478
 870085
 323774
 516606
 440239
 960162
 173092
 848058
 686670
 295064
 962488
 839647
 364034
 1004642
 549209
 135379
 1016146
 172124
 1055465
 979706
 485133
 305339
 72650
 452397
 463328
 320217
 239917
 29176
 549013
 136092
 1038048
 638233
 268327
 159056
 835188
 429177
 884520
 111763
 887831
 106463
 658508
 805955
 702121
 697364
 733275
 321494
 149271
 853466
 47403
 899335
 530740
 1082767
 699361
 444777
 412435
 551865
 434524
 985462
 1004711
 530657
 1081002
 939461
 122618
 383143
 60733
 995787
 172929
 281878
 52597
 650859
 104080
 648934
 186385
 581251
 88167
 121485
 1094205
 402287
 948790
 1035574
 503973
 419033
 817640
 701161
 1041107
 1033979
 128407
 1043509
 953458
 296181
 851260
 574912
 754448
 457554
 70446
 318958
 103863
 198665
 408488
 610184
 911840
 693117
 904882
 486235
 341254
 36866
 1093664
 57956
 629061
 958483
 449725
 697520
 966628
 821312
 561858
 987169
 1019440
 167748
 66703
 250986
 399245
 742182
 749264
 1055604
 246636
 630670
 308059
 23849
 521594
 673100
 659919
 5807
 737508
 780205
 496246
 972888
 226376
 461239
 970449
 790231
 714967
 840994
 1084842
 123225
 787304
 800588
 649534
 962147
 527974
 261027
 267188
 683160
 416821
 114845
 313391
 41297
 817686
 627701
 355204
 54560
 810945
 653075
 144744
 371618
 957316
 898757
 294316
 782092
 302988
 693389
 306742
 686633
 385081
 163510
 987223
 234940
 81708
 863708
 1004650
 298141
 598661
 494830
 606978
 64447
 1050416
 549344
 264986
 808221
 137204
 592211
 748705
 385312
 149135
 519703
 755859
 418330
 275459
 1043216
 1056933
 802840
 628856
 7901
 365142
 401416
 786495
 556527
 1042181
 281785
 414879
 1027736
 435675
 735852
 539526
 752164
 769464
 490996
 929738
 1049883
 867251
 1001
 163855
 996432
 220306
 929010
 536937
 202864
 1016358
 981586
 871494
 225806
 726679
 117796
 53108
 606496
 2591
 1033104
 360503
 478060
 783721
 964981
 428365
 31408
 548335
 900607
 331133
 829463
 158720
 63750
 1013300
 36731
 716739
 822229
 906717
 946378
 760848
 722329
 399337
 329707
 41982
 612055
 1075029
 761058
 435873
 224058
 842919
 340671
 804129
 695076
 433844
 681139
 550635
 795620
 776681
 76337
 359703
 57842
 314695
 780079
 754146
 309459
 620266
 659697
 366505
 622895
 1027564
 510231
 850608
 673736
 528286
 302626
 1089667
 971474
 697662
 578269
 56772
 614429
 1028205
 575799
 76825
 99389
 613730
 811990
 977084
 947127
 263909
 683492
 516622
 992974
 1029814
 932973
 552266
 991520
 1040885
 440220
 446998
 455747
 912364
 1074771
 763988
 795594
 1071566
 57354
 329590
 840102
 654757
 915838
 443382
 189929
 998216
 1030545
 1072204
 1017106
 333660
 22734
 616758
 45387
 431665
 1052276
 525725
 296015
 750949
 883049
 170501
 283757
 856632
 399031
 303594
 596737
 548122
 728095
 11198
 596330
 718623
 886911
 146070
 491652
 229504
 583715
 338506
 390243
 745849
 423915
 703567
 876013
 186815
 484
 454961
 933255
 958634
 652544
 1025267
 461228
 1000190
 168373
 657413
 574476
 482620
 27643
 701055
 805713
 39302
 240162
 94389
 290814
 780062
 734227
 461275
 483741
 932398
 790138
 122472
 566742
 354221
 321579
 258932
 491815
 405771
 669801
 661849
 826741
 192381
 594332
 116604
 967282
 729300
 656049
 549760
 894328
 9511
 699209
 158386
 434169
 892318
 192389
 139368
 227989
 482574
 435160
 138494
 831114
 2802
 353099
 196743
 314692
 719945
 349103
 491798
 1051375
 21002
 982953
 440292
 274037
 781261
 397935
 190132
 301102
 574865
 968593
 377757
 242130
 830567
 575793
 253661
 114737
 31893
 801100
 136822
 502145
 525355
 677611
 871367
 249208
 634843
 561114
 521579
 629999
 18315
 931528
 621277
 366298
 1090871
 759641
 276077
 1010684
 572056
 1013226
 162305
 365703
 253143
 340397
 388458
 652319
 354381
 24929
 144004
 1055752
 579743
 51262
 201907
 908499
 1031491
 172632
 1050199
 211866
 1099282
 93395
 919815
 986062
 466273
 576981
 131617
 1044969
 367751
 426107
 405206
 381111
 16752
 1007868
 710076
 117701
 603590
 1054553
 1090390
 727342
 12975
 701880
 520501
 114026
 209165
 783562
 971379
 512348
 17621
 871416
 658598
 856208
 968223
 101730
 907009
 953523
 21239
 118321
 490674
 347540
 1055273
 102026
 167947
 671120
 1010402
 276364
 374938
 424076
 959240
 529259
 352691
 971198
 522762
 1006408
 358758
 605502
 95097
 1049188
 147697
 558223
 283011
 8436
 772081
 749562
 515547
 774593
 422274
 797551
 411607
 684386
 920647
 124765
 286184
 639486
 418413
 202022
 975744
 111130
 480415
 860883
 228441
 249818
 43711
 843473
 827308
 893113
 828990
 64526
 677942
 90474
 256217
 326702
 53301
 738932
 746302
 936531
 744724
 184095
 627053
 998108
 30538
 681048
 940895
 119469
 461993
 528057
 743147
 25685
 598672
 998130
 397967
 86339
 578895
 1063247
 169007
 464140
 1000849
 868027
 623753
 976406
 1010599
 983531
 642598
 995087
 723553
 736613
 411634
 60281
 583045
 671219
 1096415
 401384
 593636
 1051891
 957324
 1001695
 453452
 23033
 616901
 679348
 75079
 716442
 244045
 148437
 815542
 550038
 43282
 550720
 695039
 444801
 1077696
 605496
 274358
 782307
 993980
 689725
 572191
 719861
 703302
 398658
 1069487
 286494
 914769
 1059556
 398800
 654438
 259831
 433206
 131689
 203245
 363357
 50851
 393978
 1000040
 440131
 18340
 5544
 532929
 377847
 319917
 260421
 604325
 714622
 574510
 18183
 620754
 141505
 876825
 130833
 379396
 983374
 1014062
 1037824
 1050273
 510345
 392290
 15557
 894872
 714446
 668557
 909190
 560232
 921368
 544589
 360596
 494640
 570063
 772803
 900608
 344043
 420745
 1008307
 548936
 262944
 578604
 963435
 1017849
 948609
 473179
 573420
 1021334
 396309
 841874
 54178
 154188
 557404
 173090
 810338
 867395
 726473
 564067
 996514
 290522
 748308
 471874
 407743
 199145
 351528
 439439
 591399
 842798
 817555
 679509
 557533
 503192
 297499
 581744
 398758
 718739
 663205
 914950
 513478
 443311
 801057
 350858
 407846
 466954
 970287
 998112
 182100
 855258
 395164
 29545
 921092
 332848
 217393
 513834
 117802
 791620
 573118
 1071200
 555272
 997712
 946225
 114344
 509300
 19214
 1031239
 799699
 907128
 102261
 102918
 1091225
 486924
 575321
 1091097
 1027024
 895713
 240472
 9722
 402210
 264343
 515119
 911212
 695760
 204162
 235758
 942619
 668743
 885576
 310198
 952480
 768856
 845723
 835427
 717750
 1083266
 256116
 66210
 590817
 513383
 211336
 756556
 716261
 168930
 682771
 310014
 987896
 635942
 952356
 572571
 396740
 613674
 853001
 737077
 1045298
 1054537
 935458
 383174
 982428
 861303
 567453
 289937
 343976
 394252
 697179
 981838
 510020
 16100
 374056
 390596
 403272
 120456
 81036
 482842
 806798
 367526
 752810
 456886
 544596
 346184
 821349
 542143
 298733
 869319
 497429
 33951
 314350
 717977
 577729
 618806
 126139
 688038
 676046
 235102
 529812
 176204
 396986
 91548
 592043
 502243
 46814
 286209
 775444
 63325
 997864
 955446
 785762
 799783
 16710
 748326
 697440
 736921
 401170
 558982
 22199
 870147
 286958
 754497
 222481
 949464
 7025
 662144
 500389
 839914
 88370
 154884
 835400
 370045
 645547
 910113
 682568
 315702
 102268
 424650
 713062
 6171
 895085
 718892
 58894
 750094
 779474
 37115
 528496
 296301
 693933
 718590
 973340
 907299
 245874
 107789
 1078907
 455558
 150380
 744738
 941773
 177094
 631903
 865948
 516024
 1001400
 223854
 1058252
 796174
 421008
 888171
 531707
 828379
 706209
 484654
 696780
 149918
 249588
 456270
 9651
 257424
 305663
 926263
 777844
 1020365
 1063806
 559839
 254685
 143899
 561281
 517037
 311485
 313526
 1025593
 440915
 282286
 131278
 193477
 934886
 529356
 322972
 916470
 460608
 538393
 782320
 541923
 1078625
 771022
 839621
 224174
 107755
 528018
 398161
 500265
 750846
 437653
 675600
 523404
 118465
 264201
 931808
 622234
 911481
 557612
 511202
 862938
 1088941
 269611
 610405
 165046
 370629
 875978
 619109
 699794
 428191
 257373
 950431
 1006618
 1010117
 751637
 662724
 650018
 819827
 290368
 389261
 151804
 481999
 392540
 512992
 923165
 248101
 428850
 5803
 356787
 638973
 379968
 851508
 940673
 926416
 207537
 664850
 563250
 1000630
 1089018
 118533
 631465
 109321
 229036
 1050487
 871165
 190667
 722808
 1085023
 316815
 11148
 335015
 146619
 949148
 505502
 710982
 872196
 311682
 717136
 1039933
 77515
 941713
