838073
 432343
 275462
 921850
 676876
 1057005
 197304
 682286
 422534
 501323
 1032821
 150592
 837994
 114773
 109360
 231472
 392747
 31672
 211770
 955864
 237876
 173914
 720938
 821949
 731130
 1086765
 282756
 870830
 213323
 1022898
 947958
 462367
 769538
 701538
 748574
 521398
 361264
 674896
 915107
 898314
 430809
 386905
 119723
 693221
 602510
 252248
 474275
 722307
 700401
 185763
 510620
 254147
 876581
 889235
 319074
 809376
 927420
 560111
 1040170
 162540
 877083
 290246
 63637
 651853
 1001670
 423283
 553871
 191454
 230308
 810594
 1038961
 807032
 4994
 115329
 812711
 12515
 979011
 824356
 569586
 441342
 161610
 721368
 944496
 223607
 579915
 884487
 474395
 10056
 176570
 327941
 769839
 19768
 751342
 511873
 602232
 312328
 466371
 745913
 37628
 410879
 403338
 373150
 974138
 194
 1025854
 7490
 398231
 917459
 698354
 795769
 124278
 372021
 849132
 636881
 1078186
 1053824
 497601
 948071
 813936
 265585
 759990
 380538
 934115
 781792
 271322
 364069
 261458
 724353
 976454
 1088100
 474324
 248419
 956800
 710928
 27657
 480265
 187201
 388401
 982904
 765926
 97064
 556995
 1063391
 455233
 297948
 677418
 583561
 442137
 1019618
 746592
 299834
 889626
 836350
 969217
 268157
 22286
 269570
 807140
 650106
 922010
 196178
 521568
 988027
 290889
 1034847
 350826
 539321
 72156
 120785
 818836
 197504
 518648
 487734
 936402
 308248
 322502
 328034
 428200
 155998
 34067
 915434
 675756
 178794
 100153
 430781
 382913
 48943
 877886
 943634
 133944
 755885
 694100
 913086
 613187
 956120
 735718
 903852
 432434
 801619
 234971
 356727
 700228
 8334
 1057662
 777233
 337017
 214242
 196216
 1061028
 1024318
 677116
 1071625
 712665
 747061
 730361
 1016902
 434367
 364674
 323010
 188212
 251573
 222074
 321648
 660969
 343782
 392497
 1042702
 137588
 867799
 129939
 933230
 583739
 583974
 817503
 505541
 632658
 193596
 1088945
 547871
 807531
 205326
 1008511
 266780
 782454
 945199
 774100
 240650
 167574
 319861
 278125
 477509
 460534
 1014521
 196368
 912294
 266634
 245221
 198427
 990614
 286615
 98108
 100606
 612513
 106425
 536994
 753503
 726968
 166284
 1084280
 1035252
 17594
 807397
 582892
 502185
 1021944
 723689
 910299
 396055
 229139
 374155
 288072
 290129
 906595
 1053752
 138628
 788864
 1028724
 280934
 21942
 1002283
 558848
 989348
 604492
 1070822
 451582
 234719
 912739
 371603
 491836
 515810
 722453
 960375
 987144
 687584
 655502
 672667
 604474
 786554
 1090796
 397346
 159542
 883279
 58066
 396164
 368355
 155286
 642919
 893439
 566716
 953318
 910539
 162960
 527132
 744650
 784471
 68698
 1040332
 319731
 459482
 82398
 473030
 338130
 1020360
 59329
 408935
 778849
 568923
 674986
 939747
 941874
 546190
 513373
 177341
 883797
 198449
 432734
 1078314
 40749
 532616
 179270
 318250
 3390
 1086497
 915701
 5879
 371075
 922503
 94052
 771467
 62517
 704265
 978876
 283418
 305581
 999862
 632571
 523479
 1098339
 703354
 784861
 543376
 368065
 272294
 134947
 921709
 716119
 946655
 793872
 972984
 439160
 616763
 91107
 644447
 675012
 588867
 855834
 451221
 696838
 1087336
 49751
 256315
 767076
 961541
 1023602
 1009747
 93751
 509397
 463670
 884106
 348176
 102016
 665943
 208027
 217764
 912690
 530653
 208604
 345786
 401252
 1028949
 835899
 793141
 900556
 813947
 37722
 583809
 378373
 985259
 745965
 126138
 120181
 112318
 111387
 664712
 293194
 910055
 940147
 786595
 947300
 266495
 58853
 984584
 535193
 681948
 341259
 211112
 243898
 1083429
 259250
 891450
 743349
 587459
 440602
 467513
 543818
 702326
 270430
 856701
 935741
 1070977
 1065887
 905821
 235757
 657292
 511329
 910348
 1042070
 824933
 131370
 102847
 391675
 1046059
 711862
 215109
 188942
 789749
 751420
 421619
 669171
 260127
 430364
 137722
 349949
 515102
 1079794
 552109
 772618
 198186
 795339
 1021296
 833961
 872763
 534140
 604677
 701459
 82750
 1033363
 95591
 1012046
 160815
 463911
 1054610
 540962
 814005
 248735
 899651
 233411
 277412
 63149
 109946
 156072
 849397
 488314
 48165
 401524
 491755
 793534
 366922
 323163
 77740
 189337
 304934
 15863
 1060696
 619107
 1013606
 866740
 446761
 554985
 334636
 301381
 63064
 239996
 607258
 414003
 561634
 734705
 487159
 178191
 27078
 437525
 441801
 867779
 243064
 160882
 1066614
 799300
 83961
 657891
 705523
 590464
 1085214
 712998
 213683
 268507
 930072
 403772
 533148
 804279
 487161
 42814
 487645
 414363
 752278
 14659
 750337
 329254
 867573
 976594
 968918
 71528
 734046
 1079119
 668541
 859311
 372566
 990425
 32351
 1069726
 873654
 792539
 1064534
 947590
 648933
 555356
 257561
 442548
 53434
 300118
 946747
 52066
 275759
 451283
 951561
 57046
 878115
 738340
 258603
 776678
 943679
 334278
 828057
 706573
 662207
 888152
 548985
 444373
 722575
 257034
 1027645
 336210
 596582
 103891
 309350
 826303
 755
 202225
 729949
 155179
 418719
 486106
 961276
 202743
 572780
 238024
 1026902
 519496
 1065350
 229924
 725219
 231813
 195106
 622964
 144617
 659279
 1074284
 504719
 649315
 1038312
 184148
 371767
 60760
 144714
 860723
 619199
 978300
 463385
 136912
 127126
 578479
 429480
 964405
 445317
 286044
 869112
 277484
 1006818
 371221
 343204
 641591
 390655
 215
 780586
 869716
 459505
 20010
 761419
 948042
 554263
 458467
 30275
 459929
 921536
 459756
 563707
 103934
 302992
 332768
 1058013
 815944
 615356
 52296
 434682
 62984
 478204
 403209
 870600
 814958
 134348
 36207
 840351
 9115
 580759
 165666
 636339
 1093567
 494863
 332827
 431694
 509528
 323495
 577781
 1015164
 623619
 817666
 993173
 395138
 388547
 856852
 629137
 90828
 1094083
 287503
 794
 599358
 400474
 314923
 909039
 921082
 947981
 1051144
 1068694
 890727
 171105
 622935
 203532
 8655
 470076
 802344
 1098775
 983562
 1091154
 368574
 292928
 1066103
 518261
 1089450
 29279
 629889
 626073
 1057508
 892029
 309419
 522884
 590434
 675722
 618946
 632438
 517693
 94052
 802327
 409360
 321630
 98075
 134142
 755790
 489491
 548854
 426809
 851625
 26356
 864178
 356391
 128730
 470400
 212875
 507225
 857377
 714582
 1075233
 1055089
 951451
 1014449
 876241
 811449
 51051
 727843
 1061500
 427490
 1054212
 460636
 149531
 582405
 1063797
 943238
 450914
 1027138
 704847
 190944
 689907
 470336
 211130
 424747
 964553
 6171
 662364
 205159
 144937
 683174
 110723
 1039357
 339121
 71632
 527715
 28654
 463123
 229272
 817943
 54903
 671120
 158013
 630251
 1039846
 583887
 1098592
 682078
 253244
 942544
 496585
 956117
 860044
 102228
 549497
 598780
 22866
 960929
 719662
 296362
 931210
 470036
 419815
 224433
 662616
 570401
 309854
 455353
 621545
 157152
 642442
 866387
 1052250
 722314
 683579
 969979
 488596
 333747
 33843
 576728
 171835
 461331
 669543
 530350
 115521
 799993
 572024
 928527
 487822
 902161
 805706
 1015139
 1023445
 907877
 349932
 100418
 187186
 310482
 119857
 27651
 748704
 23810
 946842
 573229
 741511
 674939
 745288
 870494
 29310
 142542
 835007
 959030
 1005997
 984747
 104850
 1080893
 1031752
 1013666
 192046
 480241
 517942
 272064
 1061995
 436853
 865615
 671240
 756924
 887209
 308380
 276887
 912019
 163543
 693073
 951764
 1047063
 874526
 597266
 26636
 162108
 800847
 1025770
 812927
 623694
 873478
 736889
 607524
 1094528
 1030062
 788550
 114717
 478698
 201536
 816024
 240452
 94619
 1028988
 171947
 298267
 596726
 518580
 274160
 397137
 415396
 850620
 210308
 371337
 623664
 848204
 612324
 94347
 256982
 857718
 1019874
 320482
 411544
 615823
 844724
 207184
 361911
 82212
 381378
 687690
 220735
 689355
 124198
 583499
 297033
 435633
 208938
 157532
 548074
 623034
 987442
 322978
 658599
 251270
 361291
 886077
 201686
 455637
 703970
 560065
 1050147
 472631
 831238
 695204
 5561
 840369
 99328
 678695
 341698
 94812
 680153
 532442
 977302
 138968
 320203
 709895
 258229
 45194
 593760
 39451
 857978
 440192
 725433
 304997
 93061
 429296
 175148
 709760
 1012431
 489919
 1028066
 913933
 651314
 688212
 486798
 257937
 95951
 417005
 1034876
 295289
 496300
 170484
 687992
 248331
 56176
 164899
 340079
 639305
 799641
 914192
 881633
 366308
 35329
 636097
 146695
 635643
 632234
 91587
 1045092
 797355
 806233
 383208
 24302
 296000
 219112
 172174
 990424
 447073
 427769
 17664
 517118
 638597
 1009641
 278849
 167893
 1092202
 595213
 466432
 1060825
 297919
 760369
 560421
 463017
 375471
 279440
 613283
 189690
 257969
 298992
 130855
 576490
 534454
 1082220
 450033
 1065639
 1091857
 933206
 1007049
 470295
 854511
 587309
 412148
 797397
 108597
 1024795
 26061
 1073230
 990569
 240142
 601890
 1072049
 545400
 931437
 361450
 451453
 340467
 673837
 799179
 967242
 437085
 497374
 664986
 1060968
 953522
 267620
 590854
 650146
 599604
 1044852
 898905
 1081692
 337504
 854718
 583829
 1063937
 591674
 3078
 218288
 743774
 681621
 906636
 592213
 31079
 22725
 881902
 693023
 608568
 154382
 962792
 35652
 1014944
 595241
 534393
 927265
 408286
 623937
 38582
 168447
 325655
 36587
 218016
 730515
 228501
 1055465
 96999
 251802
 31683
 943254
 872862
 803999
 586676
 15339
 308001
 748763
 648576
 397270
 1075719
 522651
 168410
 771991
 910955
 229291
 197722
 673532
 199572
 720479
 995212
 197526
 1090864
 328399
 526152
 569598
 182377
 771002
 172536
 957255
 1058529
 700046
 325641
 612547
 192256
 194200
 902985
 324616
 305527
 698168
 950860
 126903
 692979
 1060836
 874389
 751775
 632089
 20278
 183436
 292192
 550743
 757514
 345785
 1075867
 1042403
 450305
 307699
 182307
 742584
 56185
 87460
 514191
 472477
 1031871
 520994
 51667
 614396
 440557
 1015231
 899595
 1008749
 1083060
 908064
 29471
 610646
 928200
 339515
 304523
 298160
 1035194
 603981
 89911
 814595
 239149
 998284
 897241
 260995
 539004
 997409
 640237
 473628
 905809
 362541
 69098
 1016055
 380493
 459023
 954430
 493636
 657627
 444495
 469160
 574289
 180225
 59967
 989509
 317280
 830492
 176602
 781161
 901034
 263496
 383813
 92531
 293075
 241713
 160857
 110403
 961318
 305766
 986287
 188652
 212898
 84839
 295742
 642352
 765583
 1040102
 586630
 77633
 413395
 828640
 2042
 597137
 272019
 316023
 286226
 67747
 140988
 176487
 872073
 590928
 814547
 804008
 370739
 1045279
 485127
 44640
 114703
 52379
 625360
 834220
 188599
 105913
 600066
 352058
 48779
 162720
 955473
 528427
 925773
 13205
 615169
 920162
 929635
 300404
 117528
 190352
 602283
 371788
 630076
 938631
 29792
 1002239
 492042
 98970
 312791
 358110
 119589
 909081
 678023
 709847
 108264
 730517
 844878
 1036476
 272264
 956134
 42557
 629486
 1039304
 1049977
 681880
 511955
 816703
 762735
 139162
 616685
 577604
 822326
 269494
 877399
 960355
 957634
 710270
 918776
 412473
 978730
 726353
 346993
 916596
 565678
 620693
 473319
 261851
 612572
 97565
 135027
 462393
 264907
 250669
 1008803
 54235
 405569
 864134
 1080803
 60973
 8628
 660799
 418499
 1068137
 988143
 1046484
 1040560
 369443
 981656
 172739
 600190
 145660
 180964
 216729
 626828
 403062
 836099
 314374
 61696
 1039443
 415225
 389071
 896103
 1078987
 542515
 142419
 720600
 215272
 227967
 471511
 569095
 43066
 1053260
 98140
 1072544
 594906
 276140
 1039073
 992278
 1054336
 893423
 676515
 366652
 604369
 267984
 828879
 950324
 635262
 538626
 824859
 720329
 160816
 763038
 155272
 145484
 961217
 339309
 753229
 457756
 57348
 422585
 1007506
 1063949
 265803
 482791
 318235
 1022918
 960596
 421856
 300053
 63910
 490973
 391613
 474852
 358637
 72521
 615759
 732727
 629289
 47854
 952885
 280462
 812210
 333248
 55058
 384020
 536993
 686111
 550984
 181843
 638535
 653493
 1037900
 673016
 513323
 299344
 1060879
 353433
 774087
 346549
 48091
 502695
 782565
 973551
 654556
 273596
 585178
 733084
 938037
 547532
 253805
 965006
 600817
 305461
 621365
 1084909
 952781
 138576
 971974
 218089
 669808
 363453
 521777
 358442
 452223
 117771
 708258
 107743
 370597
 595668
 956457
 957718
 852065
 13867
 1037615
 817935
 260233
 404679
 725377
 992502
 448786
 362005
 11342
 693129
 173138
 829161
 969468
 367335
 643663
 816397
 383143
 233025
 1057390
 154307
 826734
 435932
 358857
 727641
 30005
 249878
 608861
 357404
 497366
 542830
 1028532
 906645
 179191
 583510
 744154
 903624
 941875
 269108
 367886
 1086819
 210303
 512478
 683981
 36013
 552489
 982427
 20248
 247551
 873819
 523433
 855262
 872423
 290582
 29303
 268898
 1092916
 26071
 208263
 683732
 633589
 18163
 516072
 532491
 404620
 550648
 173299
 391861
 209518
 611508
 269059
 938105
 852972
 202761
 238411
 391589
 803121
 849454
 23779
 662507
 866128
 1057360
 352949
 176153
 449675
 1040304
 767035
 7951
 845135
 529640
 347461
 891025
 565056
 274252
 166835
 429275
 117334
 915265
 16024
 348447
 168535
 410858
 561483
 211256
 620229
 52954
 444805
 406326
 815937
 601423
 876063
 879091
 596246
 417951
 33744
 1055461
 572252
 171843
 709298
 1024694
 164252
 954001
 926425
 238768
 620422
 373461
 65318
 203519
 268124
 407237
 968865
 514907
 849798
 54380
 660302
 1091717
 935943
 327270
 22352
 535229
 857504
 479702
 158128
 618071
 217541
 459649
 467031
 654703
 78567
 606439
 764981
 568361
 425656
 27864
 335086
 452681
 322336
 50173
 1029478
 770006
 670694
 534391
 850983
 849365
 668912
 610139
 162231
 1063249
 539209
 974397
 636258
 647459
 387032
 1027050
 106281
 940989
 392406
 69212
 977963
 355811
 1017104
 916367
 593842
 894308
 808868
 756468
 992958
 204971
 114716
 706421
 1010199
 548997
 344712
 798328
 276994
 271188
 676926
 207207
 1065477
 579117
 971528
 920292
 1058923
 1071712
 239197
 258372
 728335
 672291
 555318
 660541
 698549
 368999
 595326
 176083
 879343
 963866
 735434
 605244
 495676
 1062895
 325415
 1095726
 659543
 123499
 420208
 341582
 770867
 929322
 706669
 945612
 369008
 1079382
 462330
 607180
 967158
 556334
 204171
 659666
 605553
 77277
 399006
 364629
 320676
 86166
 38303
 525243
 780517
 405734
 138174
 226589
 642797
 440504
 124202
 740299
 1076280
 165758
 884605
 787096
 57447
 251186
 1077626
 673775
 889257
 975404
 367400
 828024
 463549
 561941
 1093548
 55069
 595421
 336817
 60010
 389299
 24647
 1087075
 422328
 26860
 377716
 189135
 542898
 836070
 136912
 823655
 1073439
 295234
 561769
 272384
 116089
 295455
 209869
 329248
 596665
 242154
 22330
 782475
 652308
 579237
 230964
 739358
 264006
 435011
 169394
 426743
 147352
 815164
 1043884
 450942
 423210
 201158
 70682
 946778
 873531
 275075
 140285
 429766
 260997
 419938
 445738
 371336
 867814
 868231
 88770
 345001
 915486
 181144
 543145
 707506
 234934
 463091
 1024966
 570496
 45630
 211226
 275842
 863352
 160667
 980166
 574556
 192235
 631351
 382234
 219148
 285349
 800745
 382982
 812358
 598133
 124025
 402287
 944669
 482172
 827762
 34130
 646559
 583281
 86236
 96476
 388685
 82463
 305921
 741773
 539240
 935217
 906624
 515288
 802019
 784838
 58445
 524224
 213555
 77951
 252585
 470211
 929209
 54187
 67358
 933753
 139260
 141438
 131689
 665410
 583427
 513691
 12898
 545686
 961240
 785699
 1039550
 658105
 852803
 679237
 424217
 32013
 271264
 383911
 140487
 145469
 766829
 1047251
 195838
 375089
 156716
 205956
 727266
 161135
 682878
 508253
 574699
 295882
 268290
 419780
 230189
 66460
 160608
 859539
 350112
 540754
 322121
 60164
 956046
 655437
 591536
 424907
 1037100
 234370
 73915
 525870
 202095
 503283
 121616
 288140
 995469
 144537
 681555
 204822
 703850
 201096
 540191
 12171
 236562
 776580
 699176
 1062123
 129250
 922746
 456419
 325519
 316901
 758524
 1005077
 845141
 148500
 625778
 429790
 1033938
 289025
 165653
 54408
 298178
 188099
 492825
 204765
 146882
 13152
 178374
 1086048
 13786
 456797
 939794
 383019
 72584
 173169
 450094
 72029
 228732
 417288
 1098972
 1049506
 747481
 937626
 273588
 15268
 217225
 687180
 615154
 104420
 1043690
 374403
 935243
 934205
 157921
 273592
 314112
 206606
 855537
 1082028
 903176
 773563
 963550
 886386
 871331
 365329
 1068077
 1066673
 1048862
 641913
 447966
 20629
 232703
 1069304
 1577
 174707
 441027
 135210
 240116
 316966
 734414
 431903
 318695
 670879
 851915
 70208
 73253
 35025
 1041704
 151323
 768894
 711140
 312904
 179293
 697435
 951019
 482041
 771887
 379032
 98073
 1003509
 30768
 904035
 585126
 300901
 732252
 958037
 1005113
 688075
 187555
 1044636
 791305
 703835
 641036
 884578
 236217
 75444
 774384
 896178
 303741
 575546
 128484
 720843
 846892
 207326
 560849
 741136
 1063182
 426053
 379525
 871094
 623807
 760166
 461665
 454432
 197931
 876932
 849140
 660694
 491109
 674149
 462814
 755379
 666807
 529294
 525022
 969295
 983384
 240319
 1043671
 845673
 22398
 442057
 138011
 411234
 920896
 108477
 101561
 86948
 539094
 1061014
 322376
 50059
 364740
 450343
 561289
 582919
 1093874
 555448
 674708
 1059082
 629463
 870170
 874813
 940051
 160630
 28773
 975826
 263654
 1096636
 963081
 687388
 701714
 1071955
 167019
 1029807
 1029958
 354565
 40268
 876876
 364212
 530096
 220866
 701220
 1033476
 1038557
 548447
 612563
 497246
 446801
 491211
 1060678
 876805
 45522
 1092507
 937697
 939748
 356091
 887436
 536815
 211430
 852368
 914976
 483656
 568153
 535306
 457499
 1081429
 257797
 706458
 50920
 250968
 730458
 967208
 506696
 825640
 455857
 732416
 215815
 267294
 815697
 822676
 747586
 1057617
 560151
 1082517
 134641
 581127
 379244
 360011
 134857
 188702
 176053
 471772
 535078
 970787
 981358
 985182
 751240
 356746
 1061765
 528286
 612445
 696340
 996314
 762984
 232865
 344888
 646310
 324443
 416478
 277077
 272569
 843244
 734765
 577627
 778107
 568199
 770145
 597099
 757961
 119372
 584609
 27149
 447716
 476893
 1095269
 149805
 409342
 572359
 1023446
 536799
 1041903
 822172
 738660
 966810
 1004090
 1084819
 1881
 936103
 80797
 375744
 454293
 974878
 252698
 812740
 135226
 898671
 839027
 373083
 239317
 590244
 1096332
 124239
 605730
 498471
 729253
 941208
 945988
 321942
 180646
 168135
 975478
 577378
 403314
 1031110
 495123
 908147
 1069892
 44325
 1082799
 22315
 122360
 1048058
 30491
 212198
 513813
 1048925
 843670
 389655
 218740
 807924
 1075229
 815140
 805791
 775523
 961165
 973080
 89126
 384016
 455419
 1078077
 571015
 1009137
 60449
 261443
 801569
 117509
 744453
 830708
 680597
 518730
 972599
 450304
 35557
 1089557
 677157
 264426
 361972
 295026
 181682
 110120
 530813
 1015566
 946772
 938598
 351292
 769806
 184920
 651792
 1093379
 1082285
 920581
 200396
 800600
 871425
 1019422
 1023692
 659564
 273852
 145043
 994383
 474005
 16581
 176076
 472171
 650186
 962502
 472939
 1030113
 883829
 808193
 177542
 447298
 398390
 789017
 624750
 1058859
 945702
 971215
 110729
 332156
 468012
 238392
 804239
 397607
 26727
 422282
 862404
 383098
 694306
 427753
 30846
 429927
 828001
 18557
 291394
 283882
 394045
 623328
 685258
 509259
 1003142
 549565
 513642
 434492
 439849
 247439
 617014
 689495
 894692
 320730
 193566
 952704
 621470
 519116
 770488
 280433
 188640
 15550
 623890
 1089390
 16838
 826158
 327977
 96930
 535520
 117300
 261690
 173797
 391364
 76853
 652268
 587344
 22015
 630793
 878611
 812047
 821829
 333330
 205811
 368383
 1040086
 480518
 182025
 271003
 802233
 1032904
 528171
 454481
 263915
 966081
 750715
 753697
 589050
 1085989
 579902
 862466
 485832
 820553
 368247
 184550
 390578
 939282
 72019
 567642
 31737
 838334
 932079
 492916
 253362
 283391
 546099
 577170
 915482
 673743
 292754
 509021
 1006023
 402648
 36558
 756674
 190592
 680940
 408255
 222015
 899660
 401178
 886683
 1008416
 645039
 308464
 462251
 280781
 107685
 664252
 1064782
 371902
 587100
 260588
 105908
 287609
 87941
 992060
 1084594
 285357
 137627
 861899
 609414
 946539
 374059
 46865
 98098
 128840
 813296
 1096990
 392965
 53048
 234359
 44437
 513044
 956287
 305860
 1059844
 453003
 55519
 193677
 797637
 971262
 411970
 1003877
 836861
 166338
 860583
 386566
 801340
 900421
 586471
 930865
 685496
 46810
 844772
 374054
 833521
 122416
 487768
 503984
 529945
 939327
 413182
 86238
 598674
 524292
 243519
 6388
 455787
 498892
 433887
 153716
 956774
 582818
 761128
 970274
 861039
 495313
 353635
 672862
 287729
 11327
 196445
 44461
 37059
 877614
 793059
 323127
 1070465
 184854
 536726
 787337
 958310
 67705
 55794
 963056
 174321
 1039549
 97520
 607541
 815409
 700792
 187630
 888346
 1078437
 182186
 329761
 186775
 183907
 267791
 727768
 653297
 1041057
 108374
 717643
 633755
 902449
 1047648
 210880
 917797
 697366
 572516
 454187
 928654
 345803
 647042
 1066534
 593125
 471583
 151121
 722207
 434288
 220929
 403054
 466510
 1031762
 113023
 1016304
 79430
 509718
 378931
 467856
 26568
 604477
 44710
 610265
 558151
 561614
 1072301
 297731
 287348
 1068321
 1003193
 494184
 398260
 1039946
 453153
 910688
 950757
 540531
 503065
 450933
 181074
 561057
 96621
 484727
 38433
 812372
 29815
 910668
 1061197
 307738
 450799
 358013
 1060247
 659396
 174887
 67227
 428549
 1031253
 521100
 721036
 417548
 836328
 1033252
 632016
 380675
 923271
 344972
 590326
 420922
 10707
 789520
 211588
 200951
 140705
 228763
 673957
 976761
 771725
 914905
 1085949
 158771
 675429
 934537
 472525
 434172
 615207
 659980
 6357
 206538
 733459
 1051148
 667985
 619679
 15008
 189451
 616794
 910018
 944596
 859826
 624440
 528683
 564657
 801910
 571804
 961236
 450383
 1065059
 214944
 286272
 1029034
 573988
 135240
 474029
 574918
 900812
 193404
 13225
 591223
 381596
 234717
 76834
 238702
 126736
 278427
 953699
 910155
 498006
 559625
 671032
 747312
 742177
 254954
 545751
 969490
 687212
 892925
 348867
 627894
 506457
 620786
 290217
 99586
 383161
 832415
 187979
 21945
 355462
 1092247
 322355
 743805
 418270
 697537
 839559
 124170
 911580
 186154
 265707
 171612
 948104
 527657
 1033878
 710190
 893703
 270798
 885909
 1093758
 152169
 89310
 622522
 199281
 1085371
 944023
 999459
 960648
 184861
 1009382
 1027322
 738019
 510230
 405007
 704764
 951478
 703880
 137346
 163993
 666294
 79723
 553468
 1063715
 586961
 674441
 488065
 810981
 38986
 1021230
 327070
 535255
 199966
 104580
 425865
 189338
 309663
 326231
 1005924
 795656
 1005888
 33589
 198536
 873980
 962017
 78086
 869901
 649539
 344265
 3488
 390678
 719304
 736293
 449272
 249045
 755852
 52291
 661801
 1000000
 52443
 156779
 410264
 868135
 793113
 395867
 314016
 15358
 1098275
 992783
 446942
 910038
 278670
 29771
 920441
 943291
 63025
 942130
 2180
 407760
 786181
 56735
 532495
 806131
 205024
 587014
 893617
 994701
 933425
 944505
 667360
 15388
 305112
 724582
 519810
 320409
 98038
 109310
 251270
 1008626
 710826
 356877
 995506
 975536
 951185
 823958
 1047480
 794637
 489704
 346586
 1048915
 868523
 153136
 601312
 394635
 486398
 676777
 591142
 613151
 693614
 846712
 706791
 1004812
 68206
 973161
 1052788
 1021019
 707961
 31841
 359517
 1005038
 552702
 996865
 156758
 222912
 951823
 743041
 212000
 638177
 90385
 1023608
 195579
 257671
 1084216
 659754
 975461
 1023057
 524875
 1011518
 238473
 579991
 820295
 872468
 441053
 489197
 464183
 172489
 862686
 687716
 515406
 793430
 392460
 620949
 411962
 88849
 701984
 64692
 64
 1048341
 645303
 851792
 762290
 943439
 246858
 981326
 718767
 891425
 709381
 358366
 532424
 639522
 467331
 456577
 259391
 576070
 942957
 1075563
 561984
 544505
 939637
 865987
 1049147
 810075
 748975
 833871
 30409
 851872
 20597
 188521
 1030090
 846467
 240546
 12990
 351096
 941430
 451026
 1083647
 895698
 545323
 943839
 936893
 51879
 55608
 456847
 399880
 694555
 89648
 920715
 869831
 960274
 824848
 231156
 2249
 103504
 194630
 859896
 39273
 1010212
 430476
 1024923
 874764
 869368
 180038
 980706
 300424
 429845
 329208
 244260
 132905
 451066
 155970
 572607
 965088
 347036
 139274
 351428
 1096001
 837328
 281597
 411719
 659667
 720468
 588260
 632431
 795756
 642551
 733181
 799955
 827993
 471274
 114669
 376200
 965053
 668458
 233592
 1047756
 186054
 98900
 611968
 241547
 816169
 43230
 635646
 649536
 378503
 823513
 59518
 881675
 196909
 196364
 157625
 667565
 480888
 705120
 1012641
 102588
 277579
 1059167
 406490
 320923
 412766
 532285
 678761
 240616
 728060
 899801
 143994
 477949
 456539
 870399
 1072292
 862069
 136881
 757339
 242261
 126963
 441004
 10234
 348461
 217666
 586968
 685120
 795129
 457096
 302274
 281448
 122
 370463
 206375
 869324
 768548
 515609
 378603
 641302
 278505
 555093
 688325
 354926
 1096480
 888820
 665811
 668103
 211124
 72393
 812117
 795472
 1036552
 983055
 907608
 556201
 706740
 300455
 827731
 829825
 888094
 603564
 338222
 434022
 1035286
 969323
 931219
 780000
 565222
 839156
 440499
 292839
 878032
 811266
 234773
 396929
 1055619
 581982
 856932
 172666
 733868
 90443
 619660
 4346
 662712
 1036790
 696395
 606396
 398502
 924009
 378934
 1048776
 224708
 670154
 928538
 344505
 468642
 92678
 589058
 885474
 45422
 945585
 1096864
 18946
 285042
 921763
 230266
 560414
 275436
 395506
 267651
 960616
 908698
 42195
 509057
 686565
 617163
 352105
 930598
 673197
 409833
 421565
 321308
 571599
 527804
 995245
 315416
 839056
 545344
 1074898
 328229
 1024738
 116691
 755368
 1006539
 20433
 441478
 165353
 876170
 280210
 971481
 1009998
 1030612
 205266
 142491
 803734
 689499
 281483
 352293
 456901
 142908
 360312
 289369
 476774
 315505
 108008
 1003136
 43394
 330080
 961756
 563758
 958752
 431361
 633665
 695092
 674017
 552055
 45294
 40389
 1013975
 740425
 658032
 835632
 669868
 483318
 808708
 941006
 1031136
 10709
 912146
 105952
 849824
 765747
 654829
 473628
 950860
 400810
 247402
 320017
 1057862
 915422
 242573
 104376
 701406
 280760
 14806
 341483
 105032
 1026982
 222515
 462388
 538665
 970690
 678399
 794102
 144597
 432611
 151464
 406013
 845918
 520736
 590402
 790765
 223838
 1079176
 4453
 386070
 447330
 1078367
 560810
 67976
 446955
 712817
 858584
 738978
 143651
 537624
 441878
 322244
 877990
 713156
 962766
 840217
 832845
 861408
 654123
 726245
 532237
 470784
 859612
 348897
 140059
 389364
 922946
 675433
 610974
 451323
 868946
 793172
 1013260
 90356
 416349
 375334
 1064693
 25396
 768703
 841801
 821016
 701232
 30884
 668754
 188197
 376888
 183978
 876010
 619249
 693139
 666542
 401058
 786322
 1086963
 521336
 71641
 971289
 782911
 527522
 337375
 94620
 721561
 579940
 29624
 29163
 386102
 566309
 1020206
 997622
 1099423
 464929
 677740
 422200
 477445
 7536
 949968
 350478
 955777
 705499
 448556
 445688
 897661
 528908
 289488
 1075388
 355052
 1005322
 773766
 265925
 373168
 707900
 621202
 894363
 368952
 916436
 916481
 51179
 427701
 1015139
 183195
 2190
 255010
 232421
 605953
 453638
 756876
 603104
 55591
 333106
 66102
 434507
 58166
 908874
 962122
 1024153
 643130
 923147
 610138
 126319
 82334
 284721
 587848
 761435
 255316
 970562
 160190
 151109
 779313
 893685
 675794
 776331
 948784
 843414
 620110
 635031
 214352
 279674
 1077209
 915229
 600963
 82389
 187316
 448670
 169444
 99769
 1091865
 1011691
 537929
 765558
 984245
 201045
 479221
 149304
 179187
 653243
 907723
 927793
 578114
 869000
 409023
 1099470
 713419
 904531
 426297
 929166
 914637
 382361
 1040797
 1077156
 923339
 433922
 424918
 248537
 979125
 1053687
 298407
 504156
 296384
 876183
 826228
 443054
 83766
 164559
 1090060
 1013117
 141435
 418336
 526089
 127726
 306767
 1058204
 80517
 959104
 796004
 983295
 1098199
 548025
 138367
 1080304
 470535
 586436
 873337
 534085
 890859
 456931
 275067
 847017
 755847
 280123
 398684
 784560
 44787
 190136
 919322
 66793
 554166
 906030
 934141
 537922
 715318
 801609
 104977
 459971
 396820
 751610
 263670
 1092574
 592592
 339276
 839847
 639723
 687599
 968167
 545258
 1098107
 999927
 452619
 689706
 305683
 720336
 754861
 556128
 920996
 752846
 486771
 176809
 810272
 1087343
 857402
 432561
 44957
 452568
 44270
 255772
 469796
 429821
 1039336
 120793
 582285
 727042
 22822
 61891
 865427
 360241
 150284
 608554
 1008205
 282630
 222359
 259422
 748028
 25476
 15905
 378806
 792291
 871895
 1041232
 731468
 828655
 337745
 65638
 931598
 1037156
 654867
 561172
 988018
 539761
 758495
 521614
 55238
 304031
 535747
 585799
 872224
 62808
 945373
 593186
 772590
 677415
 350212
 660654
 227718
 956259
 94931
 453408
 873904
 89807
 97514
 585984
 765377
 267187
 923440
 889242
 298249
 427261
 69563
 474372
 213681
 540659
 470989
 758765
 668057
 615557
 151472
 86697
 554277
 261066
 60056
 835306
 1094259
 619345
 576285
 665182
 532819
 914269
 169868
 648165
 636272
 849873
 833275
 605506
 541278
 72177
 590755
 863204
 179141
 836737
 625898
 192342
 680933
 390313
 180388
 440866
 531438
 1009103
 360351
 221499
 985899
 391281
 666896
 801330
 499219
 808302
 597637
 205663
 952828
 599541
 700376
 111141
 86347
 530868
 987938
 3354
 890417
 747478
 140416
 644707
 779960
 745378
 1055242
 595757
 482101
 803774
 656001
 347388
 624480
 253966
 612572
 450423
 837671
 775528
 650958
 499377
 241849
 139767
 506578
 1019182
 141661
 74363
 508833
 852514
 233474
 194417
 1042857
 883639
 247153
 462738
 909048
 478573
 1008590
 719300
 484838
 390026
 307461
 125928
 676214
 788247
 75826
 981259
 801833
 681956
 267637
 101171
 603507
 47912
 93428
 920050
 371467
 303194
 508981
 465497
 769194
 21280
 793953
 1042736
 28882
 905649
 824755
 180839
 779023
 103896
 507614
 989751
 777910
 443305
 860214
 413447
 1850
 847541
 492129
 679419
 659277
 65880
 963510
 371547
 617672
 1085293
 151755
 395330
 19914
 341192
 379904
 591242
 1062095
 731517
 877013
 132979
 77761
 183899
 9894
 997553
 586000
 695676
 919509
 1039887
 643870
 314691
 38753
 857915
 310963
 231501
 553258
 191102
 845744
 980875
 448781
 84187
 170698
 952236
 902199
 612450
 312036
 666232
 438511
 49734
 721366
 728523
 997470
 58386
 683168
 294824
 664166
 950583
 910603
 20829
 47152
 685036
 914621
 420774
 768171
 954920
 1061789
 249298
 89993
 632394
 377270
 355489
 497724
 188574
 654359
 245990
 104634
 1047320
 522458
 109233
 193553
 776171
 315887
 425302
 660666
 585305
 91073
 1020758
 523102
 662754
 597199
 154025
 644413
 509621
 275258
 363182
 2704
 972989
 1044966
 888623
 408588
 755613
 804546
 934043
 907106
 548723
 1023153
 608646
 180724
 244519
 862808
 468259
 353862
 716585
 458219
 358779
 692972
 569683
 148338
 809915
 483886
 868602
 1090753
 659297
 951246
 664090
 569662
 125359
 561628
 822670
 242865
 110455
 582857
 741512
 784996
 85603
 556160
 833712
 705135
 258195
 1050092
 942499
 468745
 39347
 1062280
 174502
 478221
 539379
 465901
 757651
 104062
 1083247
 82880
 828999
 721576
 370028
 1076364
 169318
 530974
 169511
 849042
 1080331
 652900
 423026
 332797
 7981
 768917
 426263
 927215
 738937
 484835
 59354
 231455
 882066
 406499
 689532
 960181
 396479
 391536
 865225
 75799
 57563
 254294
 976974
 422411
 1008202
 465562
 829040
 548570
 428490
 870101
 734082
 907732
 731313
 735540
 186727
 756283
 171436
 389565
 1083712
 213634
 778895
 306022
 693170
 560159
 500514
 558597
 886098
 147174
 213600
 658662
 555690
 141582
 644395
 269586
 942436
 28631
 1000341
 821297
 371186
 481969
 635433
 708259
 41948
 1052787
 945663
 962580
 504554
 1098075
 614458
 209647
 130697
 615469
 425760
 149435
 346786
 634523
 826210
 215414
 1095515
 519679
 947321
 578562
 219802
 558206
 859366
 657338
 360557
 589867
 380365
 364188
 1092754
 375490
 856937
 18167
 148144
 452828
 235180
 348799
 756859
 885454
 1059659
 828384
 525077
 917441
 651325
 934124
 180615
 590916
 807860
 1074417
 236234
 757070
 70353
 220880
 235223
 987913
 461540
 469235
 1051274
 13915
 152905
 82610
 1012824
 216321
 367558
 232991
 966299
 185667
 868032
 42043
 873805
 1024787
 143424
 741267
 199848
 2672
 429788
 147301
 669974
 99901
 252995
 299048
 306355
 731640
 1024697
 1082937
 732774
 600652
 801606
 839109
 938655
 29552
 328050
 754985
 1066065
 647975
 538024
 1016522
 459863
 252670
 434685
 262545
 551862
 678690
 339671
 26235
 1099661
 561622
 379347
 859619
 878232
 580613
 718023
 861746
 700977
 943638
 418788
 496634
 1099766
 410202
 958465
 937909
 968023
 839376
 880465
 444857
 113311
 400162
 704331
 931729
 943797
 937771
 107609
 542425
 1051120
 722030
 667054
 196827
 889959
 430252
 937912
 114199
 1086383
 133702
 569761
 978522
 954476
 869245
 715813
 456311
 1004679
 949394
 893654
 996699
 328376
 855664
 473767
 525414
 663952
 741014
 869814
 552076
 1014066
 518840
 472404
 497232
 783643
 996740
 749358
 25702
 826452
 298339
 599887
 530015
 46341
 481152
 837565
 99499
 997235
 571465
 762760
 776121
 440600
 604803
 635984
 396401
 1084963
 900940
 136254
 310885
 806709
 856129
 231789
 243042
 828360
 1019519
 338871
 851165
 452487
 16311
 335779
 819144
 237801
 43829
 538417
 835961
 237449
 823123
 1048647
 1051821
 488689
 313666
 305281
 365147
 936152
 722085
 564943
 112573
 644420
 294993
 860189
 147584
 953465
 228075
 778561
 54472
 521257
 587391
 727652
 400454
 738396
 659587
 240774
 698348
 935334
 1007118
 203744
 584350
 271230
 1016486
 177462
 376387
 213869
 1030808
 212056
 384280
 647612
 911905
 917750
 182279
 549394
 1098434
 111251
 510253
 517934
 658774
 849848
 672902
 101990
 703528
 875988
 1078148
 903801
 145235
 793658
 43791
 776392
 727238
 959265
 1039766
 955853
 793573
 264095
 589369
 337027
 915960
 979809
 13995
 1017568
 589720
 538520
 441654
 261386
 881873
 552150
 645265
 770624
 149176
 830410
 938226
 206945
 1021013
 427580
 11364
 716860
 672870
 815156
 121291
 270660
 300849
 949217
 140983
 65209
 297354
 656583
 350851
 1054986
 1060681
 485678
 1060125
 1044026
 30238
 409836
 866572
 504799
 638132
 149812
 1095273
 528397
 226972
 572534
 303026
 436654
 121563
 1094010
 1064308
 281575
 324813
 824251
 431529
 981664
 680602
 69147
 645692
 543220
 1000437
 279253
 622794
 818538
 902809
 202338
 774254
 714954
 755870
 712442
 668481
 802469
 635623
 973050
 715728
 353139
 716146
 277591
 890488
 723968
 195620
 175493
 215527
 144083
 479672
 676739
 733257
 65968
 99065
 720440
 875660
 338380
 313054
 126779
 341105
 770024
 280893
 659702
 269014
 274032
 878096
 22722
 600911
 736193
 427366
 884170
 573097
 1005043
 387528
 287284
 640264
 127701
 63342
 815804
 809352
 661938
 711144
 819180
 863323
 1097514
 703400
 139014
 486060
 441164
 116377
 124962
 281042
 429973
 387134
 145813
 1048279
 754845
 666255
 1062666
 418206
 812304
 983022
 795017
 15280
 995898
 202907
 194401
 902240
 229628
 912839
 706832
 788348
 274237
 999418
 561419
 171076
 732389
 40850
 625345
 1096485
 234641
 31780
 1004731
 895382
 104322
 857315
 716589
 1058056
 480821
 435722
 509231
 533776
 437361
 989107
 475560
 167340
 1025275
 212120
 745769
 882566
 329786
 324779
 138676
 75615
 877492
 845196
 641956
 728722
 781924
 264737
 901161
 89091
 196358
 1007858
 218346
 1013079
 1008661
 855486
 1002377
 972966
 254872
 1085434
 361858
 170495
 121854
 226214
 727952
 758703
 217039
 513026
 3514
 778690
 22178
 901233
 1059846
 1099850
 722368
 56270
 688886
 1014162
 466886
 858819
 448319
 393529
 65493
 263973
 1063826
 383083
 403217
 481195
 644280
 831762
 967958
 1019167
 681389
 960638
 998028
 179868
 692286
 733269
 674930
 416636
 1011704
 266435
 681786
 917289
 700305
 640997
 429409
 593914
 847024
 722990
 977323
 716769
 1025012
 745436
 379010
 644323
 80420
 826658
 847036
 24395
 754632
 525964
 182765
 91325
 255520
 44743
 470099
 635491
 126249
 887016
 676638
 668008
 713231
 153200
 273015
 589517
 786877
 188115
 542317
 148399
 500328
 1060583
 583931
 33722
 490619
 703951
 955704
 678445
 424022
 279528
 427724
 1020867
 402740
 549475
 900308
 411979
 546175
 859591
 561073
 749813
 49490
 299766
 29053
 223479
 402953
 140129
 556341
 305966
 266576
 757598
 342002
 2567
 997361
 42831
 121297
 568582
 308425
 291375
 847738
 540967
 611880
 971552
 321419
 937200
 598184
 970202
 371200
 877603
 607290
 848521
 609836
 267635
 139359
 317253
 1025630
 773292
 156982
 857949
 685306
 837908
 149660
 196806
 743374
 264788
 511169
 609121
 84009
 342003
 975088
 859460
 738129
 717156
 281383
 852721
 486890
 56849
 776844
 100137
 1048545
 603879
 883195
 868391
 286866
 1056682
 471119
 681536
 278434
 146042
 331177
 120592
 126096
 173267
 693521
 380958
 786595
 1014384
 880335
 230031
 366970
 427154
 1826
 90272
 800984
 571937
 955657
 907673
 202261
 863252
 527843
 642693
 240195
 541962
 197220
 284609
 281192
 377204
 256196
 715455
 840412
 1097725
 1086679
 213945
 578071
 661388
 734226
 261424
 47736
 208890
 639869
 873449
 275235
 526027
 818784
 902665
 1012079
 460255
 1033724
 1031259
 995689
 825969
 122893
 499298
 805176
 985896
 418094
 656483
 936793
 431231
 619601
 178838
 217247
 1054022
 902236
 726040
 338318
 489297
 239852
 262135
 1034122
 731402
 99191
 918237
 1090996
 361343
 717816
 951579
 427024
 31887
 677273
 916730
 502711
 242819
 789357
 95133
 573461
 264208
 489024
 1008718
 165758
 23043
 687897
 748098
 173782
 60621
 39667
 1057713
 57962
 355542
 251354
 342388
 699156
 839579
 765995
 796912
 504208
 1023850
 280903
 1052085
 667823
 135526
 244396
 55426
 991929
 485345
 118837
 416093
 742498
 554788
 879758
 136369
 264824
 94638
 260383
 622954
 898158
 732851
 466331
 635264
 942641
 17689
 295359
 972312
 948917
 144758
 729257
 585721
 52362
 405553
 1063014
 572935
 189497
 208227
 813432
 515604
 154901
 1034738
 448155
 451781
 372092
 779074
 950112
 1055155
 717700
 534669
 781
 776334
 378911
 657990
 136971
 972099
 1022307
 724488
 937961
 362523
 223878
 528916
 1092756
 350066
 1066915
 438609
 231333
 63652
 681705
 1057700
 887452
 568480
 860055
 778477
 819166
 467649
 728633
 964132
 649990
 233893
 48706
 381861
 324932
 539693
 434803
 39572
 474816
 860404
 341974
 655478
 308711
 726648
 935941
 6002
 1026779
 551084
 110453
 997989
 84127
 343433
 299581
 435168
 292903
 98931
 283357
 555269
 988000
 707355
 1018871
 362504
 521823
 81118
 31785
 515634
 138446
 1058336
 301448
 700369
 268962
 1037043
 54073
 991409
 292280
 232244
 473369
 435571
 956604
 531903
 280780
 176836
 432708
 225227
 776366
 262168
 423125
 1055156
 156961
 303618
 722970
 478026
 637779
 590238
 1061929
 885269
 796898
 149287
 702897
 738544
 71559
 1033931
 984990
 834366
 284816
 305782
 23774
 418167
 271693
 1030211
 418706
 67926
 979759
 76072
 642831
 145483
 347544
 307438
 754031
 62247
 524662
 1050992
 559224
 729596
 734914
 424630
 514870
 292032
 582072
 330149
 133370
 128237
 209758
 821275
 1049707
 540304
 955418
 244124
 730636
 1069635
 1042436
 897525
 676863
 649805
 235822
 444715
 934742
 101295
 238933
 822135
 1075522
 764211
 564896
 40138
 387746
 296649
 192791
 766444
 879733
 662866
 675515
 561566
 36118
 448176
 1037056
 234917
 769864
 615126
 634176
 724609
 404809
 284671
 250249
 55619
 696572
 914425
 843139
 86441
 706657
 753642
 1092596
 834757
 720339
 174916
 21546
 371857
 620847
 879041
 80156
 75891
 24118
 110356
 449928
 79702
 795
 603178
 218604
 929265
 28805
 1056086
 320123
 379724
 511447
 497686
 780006
 922948
 272242
 602959
 418509
 643406
 334573
 728796
 531984
 617888
 246136
 76884
 501962
 872805
 455897
 785282
 139869
 55211
 979483
 799284
 234086
 493060
 705051
 950015
 401960
 1053424
 125868
 150954
 840313
 4456
 520106
 447867
 676347
 721193
 17202
 22419
 375845
 318393
 405234
 298493
 1043166
 228990
 585847
 759206
 1072650
 121473
 282721
 891800
 546819
 817360
 113395
 953041
 312408
 833482
 1009740
 293212
 350325
 673186
 806773
 152499
 787045
 683942
 685796
 763384
 815780
 19078
 146591
 947880
 1076168
 464652
 899596
 781118
 94840
 1002502
 789003
 296167
 268706
 66900
 757934
 681420
 255873
 212124
 851050
 932715
 275178
 962710
 681485
 1052571
 490790
 656935
 296354
 929577
 493156
 332713
 635078
 1011554
 793648
 806705
 288254
 808419
 397200
 908866
 339389
 75157
 45063
 375082
 968247
 541657
 403231
 392839
 192366
 173643
 706109
 635655
 79854
 104248
 590188
 151534
 87595
 2300
 862779
 791757
 199409
 995031
 779087
 1005837
 952367
 767300
 95610
 342660
 864723
 140227
 201039
 216030
 673237
 489024
 851894
 1099414
 635603
 502317
 937630
 1072668
 267780
 631143
 9232
 650833
 772386
 371117
 519418
 517368
 1070588
 158804
 947872
 475561
 479738
 444239
 104070
 179697
 1020918
 773875
 151029
 1086385
 590130
 527557
 433172
 789555
 1095242
 856351
 88102
 379795
 544967
 1020371
 923267
 205779
 642133
 2024
 916037
 487726
 602198
 1053064
 1080520
 1000942
 398524
 334200
 764220
 84876
 286759
 1096777
 39855
 86331
 166039
 191571
 52263
 238293
 880752
 34104
 247084
 461073
 800721
 188938
 985178
 289870
 227641
 497098
 393825
 714662
 690590
 713557
 536350
 360988
 8761
 670697
 158650
 329387
 572657
 1045406
 826225
 776517
 754702
 204241
 26231
 368096
 989325
 588053
 967702
 308970
 44322
 138072
 423007
 102397
 1082020
 920194
 73063
 20601
 1035563
 730446
 921861
 407679
 421023
 235542
 694099
 1066950
 401041
 887847
 821209
 735570
 481472
 530073
 952413
 134949
 732087
 341152
 659814
 847409
 15763
 944398
 624920
 188199
 751055
 282998
 1011261
 399679
 974219
 45646
 862315
 23299
 717808
 1003876
 738051
 306571
 977332
 401686
 939504
 253937
 321429
 486279
 238389
 923277
 768155
 611156
 203311
 287094
 182721
 357651
 252894
 853960
 1005119
 240059
 568098
 954590
 390280
 328803
 546438
 838281
 167773
 350694
 150160
 761618
 619628
 113968
 958637
 650489
 584754
 1017426
 907038
 25215
 663037
 70481
 833109
 381760
 659831
 710561
 526052
 287182
 545802
 134303
 866380
 688241
 650342
 129242
 395370
 612041
 340508
 1046549
 16561
 991113
 1038668
 367088
 652926
 1064928
 137352
 1090803
 62742
 649709
 194734
 442750
 986505
 84776
 680504
 197397
 631723
 508400
 23668
 196766
 693290
 861931
 609843
 507594
 1084804
 713683
 1066700
 938969
 1000832
 892165
 833118
 293318
 137298
 609878
 140988
 671681
 32137
 691374
 673627
 913368
 300822
 706842
 81428
 839603
 893833
 260820
 494491
 275409
 194711
 1088676
 415073
 412998
 977798
 486434
 41085
 718878
 882066
 265893
 74261
 880719
 539540
 686088
 169735
 420016
 1075964
 370982
 96289
 665392
 535529
 120798
 224065
 712581
 1069374
 710237
 631754
 566820
 569642
 372390
 399191
 855223
 780774
 834956
 655802
 549919
 747600
 1097483
 1065482
 574305
 1054587
 178307
 362607
 251913
 504714
 870287
 595350
 548502
 100154
 468557
 371228
 307668
 879942
 968580
 940462
 786302
 460099
 834726
 968993
 723959
 874256
 56306
 108596
 768850
 784038
 335081
 787834
 327001
 141468
 876535
 123485
 218007
 1094511
 17464
 511504
 62894
 72253
 821413
 369606
 845953
 434466
 13185
 660258
 1022283
 167851
 951806
 941797
 319826
 174413
 23780
 1043877
 226921
 236254
 68552
 948067
 173560
 866857
 819848
 315647
 828613
 415760
 832946
 2402
 693321
 653533
 976662
 131983
 491590
 617466
 604391
 1064913
 149168
 202778
 656234
 594957
 547838
 839482
 1041348
 836917
 694324
 779883
 822033
 579795
 426717
 254400
 588973
 585865
 616461
 929561
 94064
 219281
 110592
 677945
 695292
 54046
 702018
 32351
 172214
 1060983
 107825
 686904
 219665
 817131
 744891
 1081049
 971998
 638814
 966482
 875971
 40557
 86719
 748931
 177213
 606296
 1003206
 196252
 1038272
 289866
 460699
 204961
 22646
 703225
 410285
 838469
 79662
 713930
 405011
 720071
 260230
 288333
 684256
 612854
 710155
 1024012
 642264
 168391
 308856
 888198
 581827
 481824
 243558
 580534
 83692
 146483
 147671
 1044696
 283593
 562540
 476545
 799923
 771207
 1019523
 49240
 186697
 303547
 799977
 876816
 59125
 229822
 362264
 922198
 983848
 1004432
 754867
 1029100
 439419
 911050
 395274
 458261
 541578
 633581
 808957
 264635
 697235
 1075031
 450616
 451670
 39382
 344758
 367366
 146499
 181371
 115182
 34299
 807920
 597858
 1099921
 539636
 914351
 744642
 55185
 461280
 1010224
 968433
 944318
 743248
 909616
 521734
 819994
 22134
 659258
 374327
 226893
 563089
 911598
 561753
 167347
 667953
 363442
 489628
 838195
 373219
 255492
 861495
 693489
 165126
 104757
 4218
 270759
 423294
 1079199
 83040
 510872
 936592
 377954
 594031
 812845
 972101
 27089
 1004818
 23281
 15067
 75515
 318599
 358501
 512361
 319455
 509442
 985304
 731263
 254829
 23540
 943857
 99150
 710088
 1095698
 338164
 756891
 234744
 250005
 890577
 1096815
 667201
 465002
 765134
 1075979
 782924
 241795
 556398
 1035685
 760890
 452532
 365793
 85955
 285075
 45672
 109500
 1058177
 1054244
 955845
 324446
 403026
 870842
 418791
 468947
 851716
 662378
 806216
 295342
 829366
 725904
 1032444
 113556
 780053
 549614
 813308
 729691
 714789
 888531
 664895
 531281
 892330
 366184
 323791
 827866
 180924
 513685
 453560
 871942
 450415
 1015441
 304066
 500929
 995717
 856213
 734368
 161295
 794522
 2228
 606374
 261731
 936653
 666979
 183410
 126203
 449813
 733213
 803207
 391200
 328829
 783543
 1043568
 257374
 434992
 1079366
 234407
 376442
 926941
 853155
 286617
 300521
 240143
 713617
 844845
 640598
 576013
 1047434
 322389
 569499
 799534
 405770
 380423
 110234
 680157
 662397
 646401
 851742
 905791
 264025
 527017
 911177
 699025
 527316
 785623
 488484
 774322
 914975
 684773
 768153
 399287
 914219
 43074
 819738
 1095521
 431947
 534280
 52306
 585843
 960105
 115652
 663748
 995051
 809057
 897220
 519113
 887455
 56180
 904756
 300667
 440786
 72925
 386977
 791796
 880558
 540403
 249115
 813069
 288208
 1022438
 507458
 233703
 1041241
 89091
 997842
 811694
 759356
 752540
 556003
 769958
 1003302
 875304
 200540
 849072
 162455
 618791
 515546
 791607
 248237
 183710
 1036274
 41301
 1009876
 639591
 353052
 391843
 226137
 245338
 368640
 114402
 759227
 892610
 984077
 1070044
 529119
 769774
 813578
 302585
 564107
 54703
 820119
 337320
 918293
 202801
 660909
 865309
 516697
 497912
 607647
 805479
 171216
 773209
 264164
 494302
 186470
 265739
 690748
 1004483
 333273
 1005539
 682247
 337875
 592227
 668976
 375638
 634919
 23143
 1094646
 720755
 195834
 505026
 939012
 492263
 433223
 9598
 625684
 185926
 1010796
 1067570
 32899
 1036474
 779036
 761621
 1039161
 557082
 694649
 842130
 219003
 787651
 772162
 151298
 439463
 1021974
 457169
 46837
 1020881
 539544
 926723
 263673
 470992
 986624
 886202
 513749
 178710
 659989
 775727
 23473
 89785
 900583
 111479
 1062510
 734539
 868570
 1063672
 460082
 1070384
 770181
 35450
 721097
 753494
 285464
 1015528
 464238
 616870
 777767
 487766
 368519
 999434
 498408
 40599
 496242
 452845
 644019
 453906
 443133
 835459
 465648
 677341
 34051
 563984
 696083
 886188
 931876
 576196
 399700
 532660
 817464
 571732
 882634
 729026
 274684
 477440
 791818
 158531
 115091
 949078
 170001
 1027351
 497581
 843286
 735090
 429664
 998962
 822942
 697225
 170554
 1052499
 46335
 492011
 274496
 858364
 449267
 62811
 803891
 621912
 630029
 483557
 1078201
 673893
 694316
 165046
 162029
 1015900
 818352
 1036603
 1079499
 953171
 412046
 974397
 577736
 1072972
 372816
 156366
 715487
 393052
 51336
 762318
 443212
 525264
 221426
 441467
 1083564
 71812
 410715
 515805
 901386
 337865
 49611
 319704
 830458
 683015
 1089167
 53500
 721698
 352063
 459711
 1092069
 206934
 12621
 265077
 220867
 576229
 832586
 160840
 683493
 618363
 413952
 305713
 789888
 731625
 1030736
 248769
 24113
 720882
 990568
 533711
 176538
 407118
 71356
 1030499
 772157
 279636
 470482
 228229
 669565
 580494
 255486
 352140
 151630
 842747
 657852
 679768
 797954
 870698
 542480
 358103
 770473
 462494
 253545
 421821
 1040420
 847531
 239586
 492173
 888810
 592600
 69014
 520117
 905310
 876809
 853622
 215204
 750390
 977913
 17488
 732668
 241079
 902872
 273688
 998057
 245855
 939452
 517447
 859172
 407152
 37140
 1036911
 105856
 672975
 766390
 12781
 670009
 477030
 268419
 292160
 96407
 853535
 715764
 884343
 306644
 365407
 322477
 23746
 383638
 907618
 96984
 88221
 630774
 986162
 117367
 177413
 869209
 893400
 151637
 427578
 173074
 553854
 596106
 111222
 1079249
 532185
 487096
 118615
 965766
 385878
 575910
 150132
 538388
 540379
 248565
 704480
 950944
 111257
 627791
 796474
 521372
 322890
 1004131
 152050
 185088
 822788
 643323
 534224
 345975
 957572
 494398
 243127
 652446
 708761
 166509
 106223
 1088200
 74999
 733999
 602062
 536686
 590558
 412057
 1046534
 166387
 445455
 629374
 248036
 718468
 697540
 504179
 395487
 280602
 1096371
 958153
 1061776
 984605
 504863
 913442
 263387
 637166
 982643
 839700
 287017
 641665
 976647
 314735
 464307
 543088
 11226
 977619
 469963
 66787
 556386
 109572
 416160
 706949
 755712
 350428
 426768
 1052132
 308955
 691356
 41839
 182658
 1008026
 49691
 448551
 794211
 676852
 757468
 887137
 437305
 225495
 667168
 303418
 165279
 601313
 718988
 858233
 980521
 716523
 443714
 213677
 266070
 391427
 989411
 983638
 347848
 413605
 560462
 669417
 218887
 125622
 1038478
 634592
 595785
 943451
 740942
 553553
 61102
 878850
 861402
 584754
 294241
 1002538
 134077
 177596
 935549
 306298
 947745
 601224
 250262
 397166
 1026911
 592278
 854168
 17404
 933216
 1005690
 559593
 352213
 836378
 162798
 1030545
 60438
 882924
 377175
 264152
 76135
 26319
 933769
 1031830
 1054899
 475637
 710202
 69874
 947838
 943729
 469840
 661202
 994296
 445194
 16545
 738871
 776368
 693046
 163863
 1024564
 284993
 989707
 1059511
 836794
 506581
 407891
 964886
 248968
 512440
 25073
 163158
 552123
 1071747
 1046008
 807950
 1087997
 95693
 281581
 804715
 641832
 713435
 701581
 205622
 925052
 221484
 597383
 533185
 416509
 714261
 488905
 614262
 204818
 238301
 875982
 489677
 761422
 568965
 739874
 405526
 101290
 829508
 219706
 1063547
 898522
 235687
 619157
 669610
 401679
 720136
 319179
 292048
 19368
 308629
 433035
 195325
 969639
 1036780
 948958
 124204
 135938
 189013
 540617
 247559
 376276
 495586
 671221
 346065
 956311
 425195
 939883
 1078098
 9561
 908492
 927025
 420198
 631863
 268024
 519682
 100523
 617088
 481858
 439028
 442738
 364565
 536602
 474877
 730932
 521119
 652276
 659984
 23648
 993790
 181949
 967382
 622377
 539623
 36724
 926646
 872788
 238169
 514638
 390549
 971369
 993304
 365249
 286004
 454344
 307992
 920099
 58107
 1089766
 350031
 138953
 308093
 686839
 1011590
 545373
 311310
 1010691
 916868
 945759
 628915
 777986
 345381
 231675
 205044
 723466
 426248
 561392
 959695
 979270
 714028
 761491
 564252
 1006273
 986666
 173137
 951792
 288931
 1005585
 6945
 40191
 733156
 854233
 1065441
 894507
 276747
 459458
 548101
 830653
 380045
 218206
 158012
 896038
 1084330
 354196
 574
 441580
 163652
 544493
 668173
 419439
 329690
 218524
 243959
 120186
 352291
 14297
 759977
 312
 64141
 1099691
 817194
 855530
 915723
 1017082
 713949
 23609
 12585
 971498
 250325
 933428
 125100
 406983
 476747
 155172
 313832
 138303
 909093
 356511
 866807
 85048
 658777
 25836
 152202
 691798
 802425
 310784
 220103
 901405
 888216
 125453
 790109
 396226
 675675
 33272
 18143
 36722
 274305
 235290
 535700
 656327
 799104
 35085
 742255
 34392
 1093950
 985397
 553198
 479710
 1037311
 70780
 674058
 387562
 743103
 144409
 787636
 706355
 39570
 929439
 86052
 165118
 1049568
 424342
 246580
 566529
 603253
 339931
 695410
 383406
 661154
 728270
 144230
 876302
 577841
 972207
 394224
 354199
 1047652
 218031
 646929
 141255
 992489
 998235
 156095
 403869
 486530
 415768
 319742
 622309
 383171
 342166
 491874
 107291
 1059939
 1014897
 591708
 479173
 883697
 1086043
 1095688
 956300
 408793
 47617
 1056794
 539178
 970233
 935097
 1068003
 211805
 822998
 450315
 791812
 541877
 298625
 342773
 983832
 813849
 922681
 521610
 261255
 915216
 58191
 750795
 136988
 308799
 60989
 883374
 863729
 201755
 978868
 182818
 508886
 950936
 459871
 976282
 1021289
 648973
 493900
 62441
 603347
 21018
 198560
 820813
 640912
 323661
 482451
 163811
 674650
 236182
 783908
 38184
 87770
 37530
 622725
 706730
 528057
 33726
 712820
 575189
 694342
 409675
 815836
 750823
 263510
 590618
 326310
 67756
 424942
 841917
 419697
 673888
 1091804
 517309
 226589
 1027186
 164270
 205331
 389058
 545472
 936125
 165543
 783383
 568317
 519480
 640696
 231853
 541261
 241980
 374319
 628283
 467803
 414915
 337654
 331644
 438340
 11904
 696697
 749887
 734203
 658734
 466462
 175873
 587327
 293341
 997162
 765747
 736941
 1099592
 722604
 968464
 978021
 389468
 482086
 1050912
 898459
 640564
 144745
 854673
 383272
 76391
 994608
 675841
 942250
 377185
 879620
 206836
 421644
 688665
 965064
 861282
 731851
 941395
 577315
 520771
 179091
 681061
 739129
 468883
 896861
 151200
 296183
 1091737
 58546
 116507
 911704
 302591
 299652
 843106
 148271
 857466
 609338
 940402
 629717
 313004
 76990
 523358
 1084783
 206762
 371230
 831893
 433082
 154783
 218376
 190833
 554274
 227136
 1026794
 709813
 487768
 417612
 684723
 136872
 658346
 213640
 34846
 139769
 698690
 491525
 158994
 524787
 953186
 592562
 224992
 863601
 747296
 931835
 901461
 662067
 826044
 890940
 1051847
 629100
 776919
 215807
 836129
 540861
 658999
 671694
 573262
 874424
 887518
 207251
 935807
 468587
 998554
 267138
 1069961
 933158
 602905
 52867
 560218
 664032
 469776
 291384
 847664
 932512
 738081
 642614
 132003
 1007438
 200939
 177636
 812241
 182149
 1031098
 514759
 240359
 425931
 368834
 819738
 1052022
 628306
 692714
 527984
 958988
 983083
 819449
 682761
 1007510
 10965
 535301
 906341
 671382
 118515
 406541
 26189
 1097173
 684068
 72037
 645754
 131390
 328131
 185483
 959274
 1097531
 969911
 816642
 523285
 544932
 139072
 901019
 688727
 615278
 519016
 786716
 860994
 284295
 467620
 997557
 293922
 828893
 193010
 695178
 779631
 1041265
 377895
 304490
 290663
 229775
 735855
 1026847
 730964
 247610
 843203
 484371
 471725
 416053
 16682
 688033
 491195
 650598
 99259
 124710
 111788
 77427
 170950
 607112
 925971
 116134
 965917
 862237
 40179
 715483
 358795
 399888
 951504
 422177
 560996
 442895
 399409
 490261
 262719
 161249
 887577
 327321
 277552
 638181
 30816
 73337
 693300
 874162
 728179
 76336
 1048839
 134963
 387796
 423986
 172419
 34292
 753265
 528123
 848100
 162035
 915790
 294060
 180838
 508372
 609309
 363229
 267499
 290929
 698255
 840321
 66106
 726395
 506592
 342483
 55775
 229548
 819523
 669058
 276196
 238900
 705896
 952525
 1091818
 609594
 574882
 120472
 191760
 407736
 754247
 524746
 633849
 1049541
 949996
 559927
 1022536
 674817
 897557
 634600
 591603
 445659
 387077
 120303
 190368
 236851
 338739
 252826
 67204
 1019710
 40989
 631465
 1027023
 80683
 163654
 268733
 1092602
 398981
 729235
 850646
 951111
 300726
 994466
 217665
 554506
 897369
 1074453
 93485
 941063
 543154
 1092468
 115328
 302487
 136215
 640766
 843491
 403508
 1052908
 286174
 1095463
 86624
 769775
 610089
 1008062
 600146
 129409
 366548
 1070735
 874193
 283783
 39941
 1097424
 904992
 739270
 791597
 414639
 277714
 88311
 1076745
 1078449
 305520
 820326
 362405
 953877
 910202
 919586
 631574
 1049888
 629987
 1043846
 1098122
 401812
 60739
 781844
 1459
 299820
 775203
 965924
 689781
 473545
 1009158
 319192
 85839
 520348
 1042778
 791707
 532219
 432393
 804885
 657045
 1071007
 758466
 702438
 1055992
 101176
 696972
 10424
 1038522
 746150
 348360
 504872
 191919
 467232
 156951
 354285
 124109
 192825
 43535
 571057
 607405
 813677
 972972
 293938
 60511
 1048700
 347183
 542906
 663705
 220154
 430756
 774690
 728738
 624667
 1018241
 61322
 1003208
 709518
 1030956
 404278
 188433
 804490
 23502
 674190
 113980
 1030285
 230634
 985475
 1079001
 770476
 68864
 943965
 516904
 1092320
 1096643
 77458
 640853
 97106
 741879
 83949
 663463
 448676
 1043222
 816538
 146417
 898434
 543923
 960235
 391112
 1049276
 550269
 791643
 470975
 935994
 687969
 619673
 83362
 951723
 442733
 207780
 168580
 1052611
 920833
 246870
 981573
 471089
 1026012
 294536
 507426
 795211
 653791
 528607
 554998
 1054881
 959967
 1070715
 935282
 229044
 687097
 214558
 1017229
 617049
 630488
 518994
 893898
 58662
 416161
 145655
 188838
 481297
 387249
 670964
 942313
 691703
 137247
 939420
 489918
 757478
 58695
 562293
 284092
 1011573
 1096618
 803618
 334623
 577524
 600834
 474455
 503665
 349188
 731406
 723144
 863346
 558108
 1079132
 688202
 1044207
 660086
 15700
 1005321
 905428
 17256
 118864
 997167
 251698
 627098
 939014
 1008943
 506703
 219759
 219092
 496275
 82480
 611692
 185137
 617217
 228864
 188694
 476944
 1036112
 217087
 945147
 875062
 488086
 91801
 861632
 604153
 366523
 716574
 749552
 978999
 1002377
 545026
 383557
 825020
 420971
 1001672
 673720
 818631
 672779
 310573
 447132
 919247
 110778
 448509
 557041
 63720
 282232
 653570
 209221
 734015
 1024819
 845944
 382305
 443327
 343611
 343169
 250682
 859122
 119202
 436303
 335889
 692880
 582639
 784047
 494069
 365895
 616559
 958336
 332706
 685756
 981694
 207274
 192876
 953342
 862278
 630213
 644874
 276620
 259670
 940204
 586136
 1056884
 525292
 730417
 842088
 931965
 152575
 179356
 57139
 222290
 481925
 649885
 280969
 769819
 712482
 1026305
 430356
 546669
 1050430
 550005
 67046
 429536
 339336
 864840
 493108
 821542
 541129
 934851
 301728
 852648
 612175
 151582
 459255
 1082577
 44504
 1016731
 555601
 114485
 1006277
 348565
 748292
 37480
 312869
 618475
 297255
 570354
 1333
 754261
 576293
 861487
 260666
 352206
 312522
 684357
 69474
 1057918
 360544
 633722
 67963
 444548
 249504
 552534
 684067
 1036195
 1024069
 731573
 204602
 586154
 800474
 605131
 35775
 916219
 1041336
 69961
 304225
 491620
 1033627
 749496
 1003122
 1036754
 75934
 998406
 956606
 219151
 553563
 462143
 476678
 917304
 912047
 1045193
 56443
 682156
 822163
 115861
 396382
 340495
 1008642
 637912
 303409
 1031660
 268776
 273534
 255116
 452111
 406565
 685909
 1068199
 603376
 278992
 23321
 966797
 893103
 688019
 938000
 360003
 306090
 1088230
 321736
 811108
 207353
 895709
 1076808
 915897
 1037024
 656442
 511508
 787098
 362418
 660449
 517379
 386450
 977684
 1069942
 313649
 395450
 912204
 668206
 935662
 45199
 885209
 446210
 41991
 322715
 485388
 583943
 376654
 912268
 26712
 975948
 35745
 1099543
 1075217
 1076218
 1000485
 17596
 227872
 250628
 1002538
 796314
 481994
 358226
 551374
 96397
 570595
 316140
 897651
 12284
 998370
 709266
 555564
 161852
 339267
 1088472
 778431
 971931
 879841
 241504
 536934
 73096
 756788
 697401
 870176
 122785
 298802
 776021
 412302
 282500
 760141
 165930
 381221
 691772
 749182
 394492
 838859
 449106
 926599
 168336
 410565
 709650
 577352
 235220
 642908
 1062317
 180833
 311807
 817867
 704960
 558550
 1007145
 300237
 498978
 1058416
 1080044
 525431
 763958
 392410
 26295
 366884
 45924
 894937
 360520
 204697
 598321
 757823
 686162
 541809
 368039
 401459
 448080
 15231
 131942
 415492
 205321
 657021
 756308
 204973
 964604
 455601
 44942
 118132
 691978
 313391
 539844
 1068043
 495009
 559971
 1050245
 580202
 848016
 982
 501263
 11590
 564832
 805519
 581832
 919566
 330095
 442038
 612
 4593
 236352
 101776
 1008228
 1026427
 966182
 634442
 410649
 274852
 1096598
 391042
 884806
 833347
 1086537
 1004587
 668164
 661227
 355403
 471482
 99070
 1093265
 93617
 271038
 1055434
 87137
 866240
 134928
 713230
 164338
 144155
 298408
 816714
 865277
 541607
 1004170
 301619
 922745
 694045
 193563
 411346
 1014546
 58617
 572036
 397274
 999198
 916267
 404722
 555291
 912259
 564124
 168530
 864502
 852011
 403712
 874458
 796931
 156056
 908158
 427990
 919559
 885396
 54927
 730858
 290968
 264033
 637389
 73431
 352929
 534663
 1019902
 217541
 1016511
 547627
 222934
 1076756
 542797
 246412
 1082200
 976614
 974403
 602171
 738291
 854717
 620655
 1097243
 284620
 686069
 483168
 718572
 826719
 490749
 551981
 932036
 790603
 360356
 1031490
 852680
 910640
 14311
 100251
 711886
 1065559
 981573
 1048417
 767746
 267354
 976862
 503380
 1090580
 784594
 323225
 712194
 861106
 1073129
 78258
 518396
 399555
 159299
 559682
 609401
 610651
 318325
 667271
 622111
 473246
 393321
 260778
 1079299
 579963
 760517
 26731
 532489
 906711
 70510
 1096477
 649841
 313869
 240169
 1079439
 500355
 367010
 527058
 180454
 562977
 135959
 621064
 221966
 243830
 168756
 369386
 558972
 496929
 336989
 961681
 51110
 999214
 646826
 689304
 758235
 400721
 112803
 1044981
 177961
 156137
 895569
 721402
 343635
 27178
 543971
 603882
 668412
 988803
 472374
 924628
 577822
 677875
 295543
 1037182
 288862
 862343
 300859
 502890
 995999
 314579
 560267
 570771
 1078919
 219177
 66912
 1061448
 547047
 287300
 9585
 229467
 276227
 657479
 566142
 21594
 372186
 723830
 943287
 94220
 579273
 516012
 826483
 655229
 913679
 802522
 634914
 999137
 479783
 292656
 111600
 925810
 189264
 366826
 253529
 256553
 736026
 1020070
 731674
 538975
 882560
 670548
 343948
 233908
 579197
 52788
 971807
 181011
 466301
 261689
 53966
 85863
 331452
 584176
 426128
 917212
 532540
 785846
 762065
 1052956
 338434
 516003
 1067864
 47584
 949700
 619603
 531929
 55052
 991801
 774988
 860230
 520895
 733979
 627164
 183321
 271561
 985669
 95604
 982574
 877110
 982494
 567630
 570629
 52991
 795912
 170863
 540922
 864314
 176112
 330118
 1029719
 268757
 370140
 713429
 225993
 168671
 224224
 714099
 552824
 549133
 29384
 378814
 740961
 576810
 587932
 165287
 187070
 867145
 164543
 294152
 816808
 710345
 70145
 490354
 553209
 999620
 204625
 257353
 297596
 632743
 674007
 822084
 506457
 751240
 985837
 607622
 237832
 870835
 723329
 89200
 604296
 651122
 877351
 698923
 535216
 367139
 255430
 660145
 483437
 651484
 731894
 156863
 488792
 304809
 470802
 500942
 791249
 302228
 773100
 973122
 735404
 263798
 123480
 631649
 117028
 877731
 939537
 169546
 1035299
 636338
 531879
 296299
 617549
 54868
 832624
 1035323
 241840
 310601
 1036316
 435001
 740700
 380665
 764734
 778870
 565400
 299343
 939889
 564031
 390587
 784765
 239106
 144591
 933871
 718468
 278876
 279636
 711030
 148798
 645996
 565818
 265133
 660356
 280461
 61449
 912841
 648615
 859291
 480531
 981298
 576563
 778731
 369987
 818669
 287166
 669954
 119023
 689463
 504040
 950665
 176366
 333376
 502487
 950870
 259057
 302478
 842196
 89191
 70621
 547475
 540032
 566264
 250680
 426123
 913625
 765621
 562200
 1079145
 872230
 1042966
 726144
 346887
 657537
 34485
 263219
 769166
 275748
 666995
 164649
 775193
 5504
 31343
 754702
 767780
 826619
 855125
 759828
 180074
 248420
 973324
 731946
 620439
 378889
 327641
 499548
 161921
 55867
 404817
 111087
 500231
 385003
 14807
 1063200
 548627
 588860
 1064371
 408530
 839525
 1089756
 1081137
 679834
 796030
 891961
 1036319
 694585
 50402
 974830
 566645
 602264
 113832
 70825
 47864
 315518
 864300
 197177
 277379
 145008
 368073
 542158
 761027
 212936
 291078
 1078753
 119749
 1093064
 192795
 50398
 782107
 710419
 599568
 304693
 506696
 68272
 340402
 621965
 620011
 1013214
 313249
 542157
 1050124
 783135
 439773
 894404
 820453
 353306
 465744
 1076869
 719247
 131557
 1028962
 256641
 90804
 207456
 1000123
 407421
 973935
 302797
 346957
 201051
 157984
 815110
 59479
 996444
 1048429
 923093
 985601
 79411
 512173
 831844
 221262
 1045923
 723338
 629053
 722686
 108734
 214235
 976373
 474896
 639084
 770153
 827095
 831812
 960489
 721945
 98733
 282330
 896829
 620133
 199140
 1090531
 551769
 572647
 58401
 587013
 101256
 845596
 1059107
 705746
 412348
 52324
 609961
 71690
 575675
 98486
 580511
 583175
 422024
 963991
 1018887
 1066592
 195204
 369046
 816909
 98758
 114361
 567184
 45331
 487103
 22748
 795125
 353232
 219243
 583109
 15991
 564164
 845787
 1090016
 559892
 188324
 1098019
 384711
 925355
 977476
 447235
 95620
 516245
 909606
 832606
 538199
 121174
 851606
 872405
 849077
 792373
 567784
 567829
 366445
 454648
 547777
 688119
 393262
 676119
 614166
 491839
 831263
 703550
 781831
 1069737
 77096
 167637
 974490
 314557
 742443
 267762
 111723
 483066
 185271
 221803
 938743
 71514
 301809
 67441
 791750
 203585
 519828
 1018451
 207300
 85251
 687261
 437370
 289039
 549364
 1041829
 893048
 777142
 9564
 386673
 260190
 1042462
 703630
 444568
 360264
 320924
 816709
 342997
 358634
 1014141
 259244
 445229
 1059129
 444637
 1071711
 475114
 382184
 133306
 1085237
 822306
 1033531
 636809
 112757
 829459
 360519
 128549
 45341
 958194
 846732
 570494
 831996
 37140
 316713
 838466
 1023803
 425478
 820265
 613013
 317570
 344287
 834950
 835980
 481818
 467794
 104206
 875189
 1053324
 623386
 299332
 65705
 1013573
 1057159
 290741
 35377
 1012417
 346805
 321370
 800409
 625489
 471909
 850643
 814331
 786472
 671007
 201096
 306803
 416558
 931074
 933727
 944819
 170478
 764264
 608571
 750695
 1049536
 431231
 886826
 455500
 1067930
 733401
 66847
 76369
 915515
 751331
 4249
 612476
 267107
 489864
 100212
 123690
 753811
 909981
 719216
 223361
 18591
 1066763
 500315
 13073
 971301
 919818
 465322
 622251
 880801
 1061607
 175806
 834998
 444068
 358644
 331599
 939150
 247236
 692205
 634919
 161030
 1010788
 466511
 881941
 1043596
 661287
 565557
 315971
 652242
 626687
 1047997
 440116
 153727
 272407
 133940
 997671
 67680
 84478
 727918
 734160
 567058
 423169
 317040
 153971
 684692
 852654
 455688
 723655
 1046779
 974665
 69213
 503786
 997761
 307997
 106353
 511663
 506501
 688980
 1059267
 410740
 943466
 1024439
 559787
 19156
 312424
 847203
 380763
 865855
 649659
 448709
 127456
 746350
 616045
 50038
 182871
 286984
 655525
 957717
 562028
 34416
 1047128
 360176
 833985
 573268
