471385
 626506
 410258
 653353
 445488
 249214
 962464
 335297
 625542
 949758
 863497
 1049086
 312420
 528312
 334862
 371693
 752013
 270791
 1085737
 600480
 129305
 195280
 140170
 1046780
 365899
 618791
 92156
 282297
 214768
 38642
 198745
 355384
 472822
 532863
 1818
 918608
 367929
 488244
 448543
 44536
 253745
 1049232
 665677
 614799
 219803
 840299
 388524
 144214
 925067
 583917
 114386
 710786
 458920
 1029313
 920601
 178614
 546012
 392679
 376428
 318699
 6979
 138973
 931150
 864596
 81562
 833940
 54380
 794532
 970105
 353388
 801634
 832606
 47513
 258904
 7709
 824310
 218520
 852352
 569366
 89796
 314508
 595197
 469048
 111766
 832303
 576396
 493331
 979573
 9264
 15614
 328591
 347433
 423450
 320806
 63216
 454470
 447946
 162760
 822479
 548727
 553523
 881969
 159788
 722151
 680036
 18031
 573742
 911914
 443008
 820415
 816984
 345404
 738569
 615706
 396428
 521006
 879559
 507458
 385639
 1036686
 330113
 864176
 945651
 953788
 177463
 137946
 538748
 843623
 398919
 152165
 492349
 579246
 581406
 151011
 1095746
 136084
 1062346
 198863
 754460
 291090
 913510
 1068215
 187855
 201654
 1090594
 850655
 284558
 163330
 1069251
 819778
 659305
 1017264
 33663
 882325
 476838
 427304
 400049
 945589
 592815
 623992
 770641
 840408
 841687
 1010711
 574282
 638205
 667497
 642461
 771385
 302288
 926741
 950861
 328666
 630768
 773218
 1001410
 727431
 987118
 346741
 377936
 929734
 277533
 24084
 546880
 336708
 347519
 743958
 1099472
 636510
 593077
 737416
 824147
 16189
 214268
 45105
 1031191
 242210
 1024122
 768376
 870580
 485773
 140157
 25575
 851889
 141059
 1019891
 582461
 992927
 628199
 979958
 165014
 602375
 169143
 239468
 910612
 589826
 1092590
 361269
 693894
 456976
 80223
 445144
 102516
 311670
 972902
 161120
 832272
 868345
 363007
 629003
 165491
 473932
 450983
 264620
 853544
 363190
 1046168
 568964
 889555
 801237
 239659
 1096143
 591170
 1049124
 791356
 271079
 897757
 233318
 414986
 726846
 196666
 729119
 1092474
 552467
 117750
 275421
 369178
 526954
 1091930
 650667
 247774
 261135
 971914
 690443
 3609
 670679
 954435
 150728
 51260
 322416
 336791
 493596
 661837
 542497
 30931
 696185
 197163
 148048
 9712
 979185
 608244
 855993
 178061
 774990
 301882
 158149
 1042978
 75978
 931986
 60940
 106639
 221874
 134147
 781717
 367762
 757861
 537298
 498012
 97400
 374796
 1042579
 927646
 180666
 670043
 157339
 163049
 284893
 667673
 373925
 725518
 164489
 708877
 343217
 36493
 130490
 215756
 424175
 31368
 583335
 859339
 698294
 68699
 736324
 1057096
 883615
 342581
 14422
 44789
 573778
 176416
 187661
 354380
 533052
 669724
 269784
 694749
 103984
 976785
 521147
 459284
 643317
 767972
 562527
 663044
 618084
 688085
 940283
 84950
 1033405
 799292
 837230
 43541
 268238
 913256
 457411
 987431
 691499
 1055409
 205544
 536395
 789002
 427772
 686761
 1027576
 561890
 820147
 678416
 307751
 636664
 235695
 80562
 551610
 1018447
 1019842
 1076372
 817959
 863599
 830985
 961358
 101906
 1072263
 351594
 496938
 857342
 959567
 931773
 417139
 447015
 26611
 777744
 368198
 460516
 20432
 633092
 1087197
 315949
 706924
 1066470
 550282
 410486
 298289
 905300
 415964
 798939
 10130
 877388
 629351
 903060
 308234
 927495
 95471
 5280
 35631
 952558
 189817
 216402
 335089
 323861
 246992
 542773
 121969
 605672
 125384
 63617
 768514
 184289
 675148
 781291
 11512
 981391
 925072
 509841
 870818
 778915
 45296
 950892
 572507
 88268
 250434
 955454
 649577
 756215
 669887
 855156
 41394
 489519
 956191
 222354
 52292
 84892
 260108
 86934
 241950
 286397
 986825
 137821
 310983
 505420
 794049
 905437
 349393
 179628
 814343
 457846
 1063010
 97363
 904744
 74241
 503732
 431355
 169541
 357069
 571294
 276036
 236488
 1004557
 1066780
 823859
 664835
 906494
 109861
 993717
 289351
 161178
 175664
 810881
 763201
 102726
 315184
 926007
 550147
 925273
 944332
 711076
 957232
 954752
 445364
 971693
 194167
 26863
 1090309
 956308
 66716
 963638
 989066
 441093
 640738
 687608
 675520
 745394
 110287
 892353
 415366
 655854
 325126
 832006
 834221
 864997
 455408
 290394
 221421
 535451
 357512
 189313
 634259
 177129
 68529
 443148
 52492
 313901
 583935
 176969
 891814
 189926
 721530
 158694
 789207
 192567
 951337
 931289
 413983
 799174
 974931
 324558
 930938
 614071
 59654
 1091585
 729798
 543028
 197999
 371819
 456672
 413739
 1027450
 22958
 760319
 113517
 652610
 537305
 254405
 72323
 1046031
 780519
 112312
 160966
 346589
 54363
 336186
 190466
 697564
 26094
 927448
 4205
 429376
 727614
 652752
 953069
 1082020
 673361
 995689
 1047894
 415858
 770072
 474819
 94376
 321362
 803230
 941370
 233959
 221290
 320352
 453107
 843000
 581029
 978206
 539118
 135049
 249150
 62128
 914651
 746427
 687393
 596265
 1084707
 951647
 277748
 259318
 856931
 191658
 847045
 356983
 1073419
 342018
 256020
 452978
 430267
 295519
 758432
 1018445
 397416
 1023698
 427332
 742282
 900694
 529818
 395439
 343440
 581950
 969874
 92332
 709065
 930477
 906930
 31825
 848476
 387541
 1075612
 304006
 818261
 606700
 891321
 690384
 890864
 660672
 284669
 1061169
 349375
 197174
 473587
 322329
 571204
 401134
 429112
 279413
 632043
 1031770
 714548
 880350
 180903
 73781
 828810
 267426
 339497
 849130
 402947
 757603
 904586
 592138
 702111
 793589
 801980
 518637
 855621
 518610
 674231
 155641
 729052
 165476
 836925
 190220
 1066324
 221044
 1075066
 677799
 509225
 31826
 19155
 226004
 573769
 516992
 895463
 15618
 360175
 453919
 845508
 946064
 434832
 969722
 75675
 594096
 671433
 419037
 1071782
 296862
 696952
 273383
 1049014
 56682
 352963
 851740
 36536
 915045
 988593
 639987
 535393
 663541
 699398
 938496
 154301
 990511
 721744
 626641
 56982
 789136
 1065029
 73858
 157083
 352734
 1095059
 381212
 563410
 525122
 845358
 695760
 970803
 619811
 557663
 1002007
 483803
 1031446
 977204
 478735
 759434
 802076
 622179
 58657
 859707
 409768
 440885
 77323
 986271
 946016
 286164
 260547
 77376
 338326
 99844
 287695
 3812
 173557
 844726
 980530
 1004236
 1054373
 101292
 938303
 523539
 1085561
 946497
 780623
 802038
 661557
 888692
 371655
 916421
 861838
 741415
 72181
 809708
 406817
 275346
 472281
 451255
 215925
 45625
 795599
 922542
 556811
 288719
 381137
 59092
 698220
 289851
 281249
 764215
 186441
 253799
 741530
 368210
 561691
 249576
 682644
 922063
 533996
 471509
 784293
 832544
 314400
 320180
 638799
 57228
 343147
 885994
 157236
 421899
 772969
 693756
 476707
 517453
 418298
 397808
 1036573
 776198
 382285
 895476
 81411
 303217
 253665
 994141
 364746
 258270
 707993
 959970
 700309
 77088
 196467
 612085
 815139
 511191
 710952
 367084
 426803
 740006
 153875
 887595
 154095
 120212
 598472
 606188
 203238
 357505
 357179
 146422
 1029909
 874849
 623329
 1035741
 631607
 426135
 538328
 1080061
 526066
 869076
 40130
 972173
 761025
 476761
 996196
 772656
 227057
 902227
 570297
 723903
 990375
 847272
 618339
 138277
 358472
 790411
 1079852
 585697
 785192
 641373
 991623
 422812
 695027
 471979
 781066
 458413
 118545
 889248
 427451
 37171
 657064
 846003
 596120
 4986
 344171
 112975
 1061207
 545865
 8892
 1091858
 685967
 558957
 964594
 580668
 785787
 273462
 255046
 298976
 710310
 615742
 1033794
 518671
 821475
 1062374
 691640
 941318
 700784
 711139
 265898
 501828
 594327
 446027
 500127
 378410
 978382
 1036289
 444486
 631698
 641205
 201582
 166288
 505134
 460374
 378322
 35948
 636596
 55199
 326622
 376544
 371624
 1008207
 381410
 381424
 681035
 524552
 927297
 933611
 263356
 161913
 958504
 920550
 773886
 1036705
 998264
 893006
 541381
 776265
 685344
 902732
 1044537
 717470
 273422
 596620
 355314
 161460
 484657
 564021
 120675
 523449
 172518
 993187
 746169
 293582
 724812
 607297
 177569
 689250
 1035256
 557599
 375977
 662278
 159311
 1067601
 247586
 713921
 437224
 869254
 953629
 86089
 348166
 210381
 258323
 425915
 676826
 411990
 414642
 811896
 747357
 69442
 404071
 626715
 67348
 409944
 782700
 338411
 191569
 507997
 18338
 464149
 91218
 704630
 360291
 871088
 877230
 517336
 929089
 155012
 609698
 968297
 1057675
 441992
 79656
 392547
 319279
 592317
 834861
 102140
 295781
 39629
 372278
 119642
 417031
 649830
 819719
 935532
 847494
 133325
 457112
 719225
 290009
 755486
 75364
 552528
 481364
 1060937
 802056
 829295
 165705
 155884
 715908
 966311
 883940
 491912
 572300
 532771
 122686
 222299
 459313
 994841
 459326
 337391
 574380
 586746
 317262
 729487
 41686
 210557
 256734
 318821
 759137
 489316
 215742
 118880
 514959
 11292
 981952
 274894
 397051
 1075147
 183386
 111829
 1096227
 852439
 852972
 567494
 29150
 956027
 564488
 1031342
 741497
 1075247
 306171
 547170
 146667
 1093818
 156843
 742212
 332086
 371508
 15985
 846915
 9921
 827656
 789180
 98087
 816990
 626569
 1045565
 1079464
 435489
 797639
 1009538
 414199
 166773
 771580
 563743
 678974
 622781
 976091
 650846
 659919
 518826
 209172
 208485
 329253
 1055609
 1099023
 551009
 313986
 869274
 492635
 328441
 286060
 951527
 542615
 32426
 344585
 738113
 443863
 569174
 399514
 138920
 837260
 622433
 603181
 529799
 1021463
 694571
 365088
 549773
 39350
 323766
 151165
 182812
 306564
 383434
 729725
 447354
 750184
 216445
 403018
 916101
 64916
 427178
 1050326
 806211
 1071219
 837420
 903101
 934733
 738500
 61342
 191487
 5502
 710694
 148743
 226763
 954858
 411020
 683085
 380031
 684843
 644219
 392403
 631623
 1008139
 570154
 285266
 211138
 746443
 866278
 491729
 1008172
 553585
 497197
 299912
 303398
 573465
 266425
 815107
 47796
 202652
 961869
 400574
 176153
 993058
 579855
 701370
 259956
 1089091
 179381
 1007164
 301965
 454035
 669186
 895166
 335104
 605503
 857951
 672646
 50091
 427734
 866866
 605813
 594576
 841915
 352632
 504232
 178502
 526277
 1037313
 517317
 743516
 163131
 176565
 984789
 35910
 281750
 141668
 98578
 19261
 32943
 565605
 1097524
 1052483
 296412
 371726
 872473
 441085
 197258
 196081
 909535
 298166
 744354
 950241
 574165
 718384
 1051661
 564604
 690191
 774867
 1097061
 161774
 603433
 635626
 896207
 799156
 429962
 720922
 1071599
 111593
 74381
 1056196
 33851
 236274
 554746
 522144
 323953
 777685
 62047
 534530
 271085
 610742
 673477
 10120
 195588
 795137
 951670
 629649
 156941
 165894
 102292
 12829
 1098972
 208394
 733326
 848959
 669357
 696222
 308937
 917712
 510048
 296737
 971117
 143433
 1097143
 435376
 225058
 163579
 341753
 1080953
 906281
 743107
 700890
 969554
 930521
 529823
 697980
 1077930
 132392
 866393
 14858
 388377
 350827
 301000
 908988
 781896
 145216
 1023871
 887078
 752074
 999220
 820777
 80255
 572443
 764913
 134590
 46310
 1062203
 1090829
 542716
 845211
 690076
 708371
 1055145
 552086
 342062
 810917
 69201
 944297
 629628
 993269
 684762
 920198
 249168
 315477
 573033
 568157
 151817
 993874
 513645
 486278
 379580
 898988
 84111
 492720
 563988
 593484
 900365
 1017025
 184480
 870158
 49909
 157529
 520834
 849980
 454492
 1040405
 644538
 56958
 451700
 222441
 10028
 557180
 860982
 247683
 440516
 134507
 814130
 326751
 628695
 644139
 644137
 299913
 458953
 49972
 337087
 537862
 514199
 944774
 282878
 583067
 721310
 127052
 76195
 684041
 153646
 883418
 1026940
 1027893
 260611
 530545
 383102
 584147
 599566
 621926
 592654
 305694
 661698
 1040230
 111085
 855768
 442670
 372136
 941341
 1075074
 579369
 357018
 596217
 796737
 900291
 227383
 373206
 893697
 124337
 265762
 734187
 921463
 846369
 843248
 661497
 1032734
 399836
 88955
 691249
 474055
 286396
 740495
 1048930
 1025336
 277754
 752771
 32746
 307504
 157381
 580700
 932082
 1032554
 157381
 184731
 837968
 146374
 1038120
 221415
 563268
 1040335
 965592
 842988
 834582
 596536
 49672
 146559
 143494
 806997
 282787
 501474
 1036204
 400282
 380284
 747990
 591125
 798027
 515873
 231832
 520459
 400157
 228287
 806522
 920215
 67982
 514756
 195496
 545734
 671689
 207231
 735288
 556976
 287902
 1043219
 11545
 150113
 698556
 242374
 1033450
 907475
 912824
 669922
 941624
 134189
 452713
 530203
 37236
 789270
 344010
 755901
 1022193
 649883
 765331
 29082
 975772
 116443
 968783
 72156
 810868
 207798
 1005798
 686466
 972842
 113582
 1098801
 30125
 429682
 797887
 164992
 580350
 937453
 1095515
 133222
 233191
 584312
 773694
 896914
 1002864
 547226
 781488
 19948
 563295
 231935
 658512
 271036
 827873
 18838
 157933
 214540
 205893
 384317
 103231
 124276
 911715
 235583
 619068
 367813
 82519
 182294
 820594
 54868
 66924
 620302
 749432
 393840
 546322
 786900
 388949
 10169
 310634
 481252
 841532
 552429
 862659
 225009
 836895
 287403
 156506
 659947
 537421
 1020686
 638504
 1092197
 373039
 459595
 695121
 364955
 863632
 917754
 818192
 665737
 38484
 993687
 814128
 222467
 839794
 360306
 1078396
 1011041
 513851
 213670
 1037847
 860745
 361859
 953754
 716613
 920488
 503961
 643321
 572595
 855631
 881510
 542685
 746210
 211563
 763103
 715006
 126937
 252451
 539325
 742917
 858914
 967338
 739236
 1078279
 699508
 417330
 201139
 742975
 191107
 178867
 142617
 284769
 277178
 366685
 870882
 1090820
 742096
 622676
 458282
 92971
 550408
 139547
 78761
 37357
 1041356
 726376
 510531
 396178
 798121
 1090599
 733376
 191926
 518310
 598421
 329221
 68494
 652147
 237617
 788658
 250833
 774311
 715573
 566823
 934327
 124937
 562953
 4021
 496305
 607716
 171080
 120808
 537572
 201747
 1077190
 713409
 450307
 138976
 57654
 230550
 632566
 179662
 809219
 1043671
 631572
 646215
 296951
 874844
 610953
 392477
 721497
 431236
 777902
 1052056
 550238
 846436
 754754
 1070941
 76489
 224689
 969957
 28932
 321003
 514948
 767945
 222105
 490285
 627087
 961191
 981263
 780983
 140185
 794889
 264891
 17335
 926129
 399276
 577106
 1036779
 1035814
 220640
 869162
 399744
 835978
 736619
 507889
 99354
 247685
 414909
 210862
 770504
 836112
 505673
 425541
 1035613
 1092819
 671788
 378260
 848266
 664115
 552008
 90292
 971133
 312217
 841851
 482784
 930079
 640326
 671911
 232738
 918390
 209186
 26033
 664338
 455437
 627529
 1049746
 192097
 919679
 291163
 139410
 8656
 872146
 889910
 204555
 657622
 891697
 464579
 658339
 803615
 270102
 129744
 968178
 1095888
 389654
 1045657
 344970
 194396
 726926
 1085378
 570933
 238829
 29092
 851651
 1017316
 851252
 682949
 143630
 687384
 1019280
 954322
 432032
 216820
 1020085
 765827
 480463
 401824
 152262
 359066
 511170
 578242
 257162
 357696
 863564
 1096410
 530155
 900293
 121783
 825076
 827746
 854140
 544213
 675611
 983899
 769233
 582159
 552301
 357056
 1072614
 207383
 157052
 122050
 349199
 954199
 952755
 42500
 989182
 267111
 346958
 832840
 890985
 823435
 135416
 1065723
 322465
 494031
 909131
 620426
 408079
 877265
 30707
 900168
 796834
 446618
 296566
 1050225
 209032
 511555
 724842
 296213
 347907
 275264
 138562
 156862
 448902
 1076031
 181221
 345611
 902842
 485596
 120003
 64631
 599894
 645438
 687072
 102875
 525955
 24801
 1619
 290189
 991124
 293861
 340029
 131979
 847515
 169486
 781739
 1054655
 93456
 233923
 548855
 292672
 914805
 815805
 853620
 820951
 954302
 512747
 55998
 629055
 319912
 251926
 703998
 1057227
 81547
 628988
 1002472
 288194
 445324
 465724
 591224
 332049
 984980
 741978
 40036
 173060
 368917
 46981
 163143
 435545
 329360
 548886
 204386
 365863
 513202
 741087
 1057639
 749602
 451960
 806007
 526832
 711839
 807685
 264744
 888453
 344772
 379368
 191627
 44436
 833128
 91312
 1068124
 200382
 126151
 383883
 376915
 573138
 112710
 940830
 193539
 235055
 57182
 538873
 772950
 171254
 648735
 912262
 82832
 754459
 718799
 352918
 992467
 41960
 683981
 690320
 444008
 409751
 699279
 235196
 1024352
 21974
 1055291
 814915
 190297
 434162
 421500
 408589
 1089555
 772340
 762447
 286071
 488228
 858742
 918361
 623834
 268299
 393368
 541865
 1009356
 388553
 462834
 78707
 124579
 67365
 163063
 1019340
 320396
 1078995
 723457
 371851
 109085
 550096
 359362
 472834
 557168
 530282
 50039
 596030
 58924
 389426
 234088
 264970
 1052298
 235757
 230383
 939711
 306077
 794084
 697794
 250379
 834440
 394848
 198439
 788076
 482987
 301456
 725007
 176935
 616848
 312337
 485864
 659570
 591504
 120668
 1054013
 136472
 332658
 860680
 515818
 966672
 8264
 861825
 569235
 44110
 676536
 940338
 12656
 956789
 245166
 560852
 348205
 360316
 424885
 675130
 521635
 349791
 203326
 760084
 565579
 536648
 1037604
 605372
 91022
 242737
 640874
 1001201
 1074324
 798121
 140874
 870834
 600883
 1059757
 405612
 1030552
 125974
 15111
 1035687
 860475
 744761
 746978
 29803
 577096
 150306
 241619
 253711
 425838
 150714
 614242
 468289
 444510
 775802
 318776
 329806
 518943
 129070
 1075458
 73652
 75695
 710886
 810189
 957355
 750018
 445834
 956720
 342299
 91302
 593394
 727729
 814938
 406946
 652883
 1075557
 824156
 815971
 35934
 199061
 542809
 327117
 304886
 140262
 268657
 171913
 978253
 776741
 72100
 309360
 244419
 52716
 150492
 224306
 536357
 77807
 208192
 139215
 232614
 504091
 625539
 983698
 798124
 928095
 3093
 367662
 739837
 1054018
 338991
 958372
 1062583
 656358
 224581
 999372
 32364
 1062629
 87834
 607528
 461223
 250238
 528550
 595426
 883867
 1098790
 243565
 948763
 916752
 45196
 863563
 318847
 540197
 509421
 136906
 912127
 816678
 1042980
 182640
 358836
 559177
 208017
 78790
 25883
 687285
 774054
 613784
 358107
 703989
 177298
 1054112
 574072
 806853
 418594
 264840
 908123
 1009809
 894462
 1072356
 1047241
 208243
 1017213
 1085290
 116366
 146485
 8367
 881377
 374756
 349520
 749198
 1074717
 579771
 742984
 133193
 684571
 100782
 558048
 15566
 221168
 69350
 158376
 215657
 255211
 369779
 796825
 291457
 962079
 406169
 1050365
 444827
 107208
 1043755
 619708
 906569
 112354
 173112
 470134
 411167
 47472
 265071
 119270
 919842
 853683
 792394
 899108
 561191
 910112
 546504
 869898
 584167
 336936
 540376
 1027548
 43266
 307427
 134917
 355275
 809880
 155945
 42853
 1002813
 671772
 109007
 587391
 666283
 472158
 63942
 163744
 11270
 251571
 877897
 572471
 1077580
 278512
 273037
 342089
 147519
 126461
 377698
 662758
 843431
 38894
 118129
 51673
 482993
 109094
 136323
 212633
 731844
 133658
 626785
 957748
 748529
 36424
 383204
 118149
 345882
 589173
 451773
 1080894
 3721
 657712
 604729
 1051449
 1057626
 897640
 414652
 687036
 212305
 29599
 1058290
 481006
 1096567
 489328
 158226
 120875
 733422
 777373
 914290
 859894
 19767
 958764
 456228
 148111
 985551
 608186
 1076864
 712481
 1033999
 112176
 1037774
 1065745
 623441
 139812
 1017324
 771418
 59923
 856839
 636245
 1044275
 863969
 553828
 888572
 99003
 678061
 774076
 657046
 10799
 169530
 607245
 371082
 965293
 125905
 978535
 1680
 391606
 316129
 284558
 770641
 668150
 284618
 605879
 341586
 727609
 879069
 578366
 894314
 172895
 77709
 558692
 196820
 1047521
 908054
 189634
 1035550
 552898
 318529
 468560
 894890
 1023559
 392421
 972269
 601723
 636461
 197634
 877446
 395691
 606643
 262748
 620006
 545552
 522785
 349206
 1068100
 221875
 7139
 458400
 1096601
 644891
 504507
 185265
 1018339
 369720
 1005475
 1099651
 544183
 60288
 416463
 508833
 1080502
 717756
 737989
 346827
 61435
 213415
 762256
 294833
 32466
 925653
 856926
 19625
 852985
 795830
 631881
 418663
 903159
 175594
 472037
 941223
 75964
 296938
 619405
 709786
 370808
 380574
 168519
 543392
 969110
 394861
 893333
 919519
 327308
 181420
 668420
 61547
 378083
 1096686
 113638
 145589
 407593
 806555
 848327
 609449
 583149
 1065062
 184480
 35007
 1002569
 871789
 254879
 712522
 929910
 133392
 22948
 1089431
 797499
 602072
 45177
 898455
 123788
 131521
 204641
 462910
 828012
 155198
 832613
 687046
 69823
 21239
 198435
 1065751
 498748
 95936
 278831
 310125
 768582
 462038
 942372
 811472
 393952
 676694
 629887
 766674
 227466
 1046545
 409138
 392095
 840467
 822994
 204645
 17655
 289337
 1015794
 936203
 337738
 384090
 531091
 729897
 1051466
 185
 317470
 18142
 250745
 541629
 321672
 737875
 226653
 92297
 95895
 784362
 263208
 666578
 455771
 517938
 567718
 340286
 712259
 679739
 353464
 284200
 507157
 874104
 889643
 1092518
 521371
 968859
 232667
 982977
 364524
 1077417
 967481
 415809
 798439
 886352
 940156
 230827
 131936
 474377
 403124
 572441
 534577
 679693
 622759
 930498
 660147
 575987
 517005
 878400
 442790
 409989
 713008
 935068
 1051097
 395183
 852660
 920078
 426694
 28837
 526983
 938341
 385037
 1016688
 774295
 31889
 383535
 621182
 328572
 148706
 451316
 1007002
 796628
 664570
 687247
 879402
 248836
 950443
 1066415
 677234
 1079752
 921358
 971251
 862845
 361517
 154203
 705239
 960767
 1084884
 124326
 803422
 717636
 708673
 608819
 1093791
 187410
 356261
 965105
 859908
 386886
 688874
 53118
 376716
 837330
 828146
 1020161
 329020
 641722
 1013835
 509515
 619818
 480041
 578949
 1002394
 776798
 274563
 815713
 685242
 498333
 622254
 349135
 675022
 169536
 973465
 742000
 372031
 143389
 796456
 30527
 965109
 934270
 842247
 467098
 1089381
 645864
 173840
 111893
 185576
 563741
 572042
 833341
 1005005
 722643
 4116
 437862
 286675
 534270
 274049
 1014552
 311894
 474878
 602014
 838593
 801409
 469128
 602821
 413593
 505867
 768720
 719086
 281863
 850126
 276563
 345700
 618434
 963117
 263958
 119480
 917477
 22151
 210039
 98405
 424091
 957728
 572672
 187839
 393029
 526185
 541268
 394314
 269006
 89154
 736607
 761196
 832703
 478250
 146025
 695529
 953243
 240664
 465625
 1024476
 155313
 898241
 841397
 177801
 482413
 488281
 51865
 936498
 1096856
 682722
 455468
 366818
 432604
 649975
 139373
 766274
 933722
 197437
 352582
 33428
 258233
 55551
 890831
 190656
 738653
 176867
 167362
 369287
 310868
 504797
 709532
 172584
 1034901
 392894
 633333
 469473
 15398
 532852
 750910
 282595
 330551
 950506
 967377
 128548
 842954
 472781
 437829
 533474
 255452
 121089
 683753
 75703
 525135
 346826
 74965
 554622
 792741
 939688
 426843
 876170
 365180
 960518
 266866
 548818
 10384
 1094065
 633221
 555367
 973652
 737407
 1013784
 716256
 251054
 464447
 1078440
 863872
 615993
 463235
 224070
 472323
 40822
 414245
 942218
 690212
 381055
 670475
 67583
 608851
 1052339
 1012641
 672592
 15713
 474891
 594787
 784770
 995735
 769411
 255837
 246691
 714140
 160597
 14971
 1052174
 817987
 1002677
 117497
 431893
 693376
 748687
 266879
 797787
 702014
 207699
 579134
 850720
 490867
 724273
 150644
 656322
 180026
 835025
 417815
 481771
 950059
 751968
 258450
 499891
 266725
 726906
 411835
 511085
 471760
 1003496
 663603
 4332
 783695
 1021522
 976378
 878638
 1048399
 1025717
 398833
 834178
 72515
 898938
 810219
 935847
 241907
 279521
 585949
 276605
 282492
 21229
 1032040
 532372
 328349
 689646
 757699
 433188
 195312
 402101
 516906
 442415
 386271
 791019
 391621
 170603
 243247
 921199
 703891
 770627
 493087
 913226
 324215
 773049
 289345
 217926
 76064
 456808
 813904
 779669
 724235
 1043611
 610020
 925680
 453896
 1004970
 633021
 300687
 756947
 692871
 888948
 141507
 331840
 503131
 876799
 266892
 386832
 417604
 522877
 58899
 129048
 271533
 436202
 304845
 282246
 1091805
 504413
 467169
 173935
 969796
 461980
 516456
 304990
 1001089
 535306
 409976
 484878
 541962
 206916
 524275
 244845
 203329
 932860
 278621
 942210
 244226
 185018
 233975
 288965
 1016153
 935732
 257712
 672147
 731904
 670701
 684706
 296238
 102311
 283136
 496695
 143738
 918714
 362760
 259579
 383396
 201849
 217009
 924086
 123840
 1020592
 145432
 429862
 891491
 1065329
 321710
 1015205
 1052045
 786083
 815830
 773539
 430144
 1032458
 599378
 207632
 46724
 254146
 190661
 790516
 432474
 836171
 88870
 590660
 353731
 680279
 387008
 669616
 824135
 313335
 77523
 846910
 396511
 922139
 148806
 442253
 143300
 343112
 639218
 1063519
 809910
 120467
 427476
 296031
 596136
 610424
 153407
 193905
 403350
 770533
 781965
 1047042
 917804
 544456
 206524
 292320
 373773
 353668
 392424
 301212
 705446
 757514
 87752
 426704
 180212
 127047
 939210
 140959
 84587
 619616
 600001
 940355
 378805
 520418
 283999
 77919
 494310
 338776
 577084
 230755
 532691
 367595
 682969
 195892
 809201
 343507
 630179
 1056588
 481927
 670358
 121970
 938083
 389050
 625061
 222318
 487334
 1093062
 714226
 715548
 1097696
 763731
 833219
 130860
 395119
 630404
 183400
 22492
 247496
 1099496
 551844
 387547
 22727
 1020890
 319255
 683208
 296669
 405111
 321499
 843874
 872625
 645065
 159694
 691590
 193509
 784027
 367202
 436181
 78210
 204707
 110941
 26330
 898056
 578045
 196744
 774574
 201066
 331782
 160877
 877899
 1021545
 656543
 293174
 218942
 627338
 463248
 300923
 1046003
 433076
 530925
 823107
 809396
 636751
 815824
 779269
 133849
 1017120
 3984
 722339
 231558
 589772
 439006
 482856
 900403
 645565
 613860
 449107
 224600
 179388
 665259
 325698
 262848
 261874
 4320
 1017460
 184878
 579329
 994683
 229833
 525032
 587433
 368373
 210168
 775842
 942258
 10433
 475591
 401919
 956957
 407884
 978042
 301630
 733501
 367430
 166445
 1015738
 1012521
 414526
 10942
 427549
 241967
 815163
 234249
 844211
 362053
 453158
 42678
 627754
 913019
 678554
 348512
 646327
 858082
 1090894
 762606
 598460
 261824
 6042
 107187
 354305
 919128
 925339
 315673
 926424
 972729
 1002792
 90519
 894752
 735423
 1093075
 625881
 259920
 291722
 151691
 361846
 939374
 703526
 260340
 385765
 554673
 192684
 180343
 476545
 465898
 1090548
 213024
 729361
 158169
 916861
 10193
 920782
 586077
 464426
 238095
 349982
 790617
 1008486
 668990
 750066
 508025
 394858
 83699
 746282
 458704
 41365
 1026405
 279227
 159339
 639155
 135022
 521393
 843078
 1020792
 1075580
 692329
 86335
 518111
 647466
 565761
 752181
 582786
 553270
 785192
 363720
 918642
 1043113
 427474
 401690
 6271
 35094
 560053
 1017049
 61253
 1038840
 653299
 184287
 527113
 702613
 333859
 544993
 609030
 1060509
 463857
 630436
 7809
 101352
 853667
 821185
 1054334
 32662
 107776
 244378
 933288
 940144
 314377
 190157
 340998
 446127
 1034001
 100163
 756531
 1066127
 516698
 693777
 679296
 177411
 18857
 716556
 896534
 216707
 682406
 367100
 1029670
 653965
 533647
 49242
 813905
 99665
 216067
 848891
 234759
 402073
 1095947
 402611
 409198
 641780
 307253
 906204
 295954
 796922
 121409
 537677
 593832
 402838
 103659
 172786
 305095
 790587
 756878
 211844
 24187
 454684
 47974
 248967
 1051145
 775159
 656675
 935050
 240015
 425512
 977978
 298876
 424917
 680428
 100489
 341395
 1089832
 183704
 552360
 1064088
 964445
 948140
 490399
 1039553
 226983
 520075
 209567
 126677
 418891
 721833
 725308
 63922
 380146
 310867
 180274
 769321
 776483
 391398
 188973
 445182
 995241
 316040
 401484
 582235
 310467
 435884
 636954
 1046657
 887269
 331304
 819821
 94339
 27314
 372474
 630723
 169153
 1038331
 550773
 732074
 945833
 854317
 740517
 1088849
 413575
 725999
 12222
 348206
 903272
 500151
 1027936
 146301
 365091
 504202
 1034482
 537623
 117374
 204679
 56323
 891332
 495984
 559692
 278028
 875513
 332660
 530508
 36794
 777257
 370770
 1007400
 128130
 8672
 411751
 138483
 519617
 839104
 394412
 1046060
 12880
 604492
 224420
 1015684
 139318
 1043492
 373022
 344552
 430354
 975938
 856551
 831481
 569938
 75892
 268169
 883795
 656158
 803389
 1073357
 44341
 727711
 1070335
 203843
 579680
 419146
 106785
 504358
 74938
 138079
 1055559
 231110
 736336
 1086571
 194639
 690236
 729041
 617532
 982303
 115921
 231716
 73287
 266547
 103082
 620505
 71769
 499649
 368466
 707278
 683779
 460179
 1031207
 302901
 516849
 870312
 708201
 103630
 1013484
 294319
 258839
 1002384
 1032494
 1099564
 70163
 624521
 914279
 43164
 982025
 249304
 380453
 970355
 580131
 784271
 820479
 657948
 641440
 422743
 750555
 539243
 106121
 579034
 1051998
 638130
 519763
 856832
 749302
 413075
 836517
 45670
 16690
 464587
 154493
 1009306
 180993
 33205
 988755
 186566
 222912
 788072
 492648
 1054810
 726093
 1026999
 1072687
 150353
 642669
 621623
 148495
 47129
 8443
 474621
 374678
 1073916
 708388
 1010031
 495724
 613517
 735649
 998668
 346729
 503978
 612991
 497712
 869221
 652050
 259890
 718326
 1099695
 836499
 241288
 492451
 996603
 196743
 123417
 897521
 514056
 125913
 465833
 753903
 226659
 466078
 733965
 1035436
 1415
 2196
 112811
 753154
 820869
 176472
 803480
 203342
 715466
 397285
 282073
 339610
 885286
 1051028
 560850
 750685
 65212
 216961
 971177
 199495
 334457
 482488
 560698
 245675
 490399
 818412
 301873
 273018
 259907
 123326
 416280
 916180
 351941
 564767
 200389
 1084175
 1098400
 962606
 571812
 872441
 450402
 417820
 918275
 173485
 225156
 14413
 457232
 1098405
 206846
 238446
 426591
 392855
 950085
 623739
 217119
 462656
 15787
 956763
 872472
 544443
 735797
 53428
 404945
 765157
 443058
 553583
 600502
 191994
 171635
 649043
 871128
 929208
 1072617
 148074
 814389
 288434
 427643
 658987
 486227
 886697
 797393
 203251
 913984
 4456
 665598
 439006
 1077421
 103717
 684070
 1027315
 204327
 895330
 676359
 342518
 199978
 791393
 237352
 1064364
 734734
 96853
 239067
 1037381
 446128
 723551
 445811
 339201
 366367
 1084443
 275818
 349827
 322121
 358464
 807601
 549926
 1052378
 743074
 784665
 628833
 706095
 923587
 1083753
 608494
 1027179
 566339
 271991
 323
 129330
 14198
 264007
 317052
 668234
 995219
 259910
 1055046
 561290
 494035
 677378
 736559
 129950
 206256
 192603
 410141
 82969
 587676
 847847
 712927
 380770
 436867
 834149
 242509
 3665
 259979
 6060
 846763
 843017
 994924
 813745
 494911
 928984
 737778
 186630
 472600
 1089106
 970257
 861853
 500062
 238602
 1014445
 492521
 816014
 833595
 1071010
 160021
 163259
 1051327
 1008824
 739872
 794798
 455894
 794562
 290226
 126722
 937170
 4550
 404538
 500394
 213351
 556547
 352505
 228836
 448419
 950473
 902992
 654346
 67040
 204463
 962529
 130511
 223262
 49867
 1069441
 151866
 958513
 359430
 653995
 1028452
 161691
 173082
 322887
 448827
 948431
 293229
 670601
 629704
 855459
 1073201
 696689
 611958
 695304
 986046
 210584
 370054
 514011
 907575
 609548
 995989
 660027
 923997
 692401
 648641
 87221
 13253
 700976
 374226
 875604
 1036093
 26965
 414674
 417322
 894324
 181914
 386787
 761337
 583597
 232779
 923611
 41218
 206083
 905040
 471167
 701081
 17648
 255059
 938258
 434917
 451047
 139067
 420021
 249158
 54520
 780343
 865599
 10568
 465557
 142471
 699380
 236304
 333390
 972812
 381244
 678108
 382527
 677726
 30639
 368028
 479110
 183293
 699048
 342892
 861052
 707322
 768667
 985880
 150661
 690335
 832816
 873409
 683660
 294371
 393786
 922796
 735952
 368309
 376690
 934551
 1033675
 958340
 471960
 444737
 139968
 839132
 609256
 98752
 127097
 390656
 311405
 993897
 870518
 925826
 851374
 291000
 424718
 516034
 1039259
 1061181
 315606
 685904
 919926
 714355
 42392
 632505
 354428
 68883
 64639
 693099
 327647
 533552
 1013009
 481254
 521601
 858893
 391596
 531126
 889557
 145314
 259802
 1017430
 233908
 47106
 375591
 935246
 23308
 951770
 583424
 1021
 735378
 145219
 1040706
 810006
 1097788
 574798
 498304
 1098377
 278330
 625990
 353262
 1079802
 1052598
 80259
 113511
 684581
 216307
 717600
 161744
 84022
 73619
 470786
 162240
 516159
 1017946
 153812
 634228
 677328
 732366
 1035942
 19271
 1086399
 59447
 166747
 1072067
 45346
 419886
 71895
 411303
 160058
 242322
 1031054
 936916
 873551
 556744
 564787
 223126
 525112
 501502
 1024923
 919204
 14742
 490913
 935197
 915962
 315807
 866310
 950489
 839075
 908244
 998608
 712112
 490042
 84955
 36610
 151526
 523445
 932403
 1017051
 443126
 251082
 513138
 982479
 58468
 296985
 449055
 571497
 111680
 376643
 157999
 762163
 80974
 101879
 388506
 190965
 292288
 775956
 432760
 377925
 269518
 36135
 1049972
 224904
 574641
 155478
 305351
 86176
 1035164
 263737
 305984
 21768
 239551
 628101
 873002
 966508
 565851
 638058
 123295
 623965
 528692
 267642
 140109
 990441
 624972
 488833
 732533
 747309
 316392
 748046
 984276
 773366
 543039
 89768
 668914
 109602
 368489
 826300
 849125
 407546
 307263
 154732
 279919
 970592
 911772
 893691
 1083008
 139971
 1067862
 791027
 866214
 616142
 74883
 653252
 385550
 504512
 678596
 823104
 1094134
 729159
 402354
 425101
 221903
 813265
 928144
 179319
 730601
 813458
 643869
 120055
 53580
 388865
 916247
 239942
 895240
 1037896
 1001873
 856324
 212513
 46017
 219577
 626890
 705033
 860171
 957639
 840419
 628653
 556127
 397103
 789548
 255319
 510385
 177550
 250075
 405592
 1015183
 661907
 632604
 877403
 470897
 84609
 885093
 517584
 779009
 465655
 685556
 754941
 572445
 756375
 835907
 556036
 1086254
 800716
 58990
 582001
 692705
 824604
 944422
 513468
 544301
 811348
 108609
 47030
 939227
 312781
 261522
 1078080
 238678
 99856
 95466
 434238
 603262
 896376
 649385
 253168
 299819
 387031
 435581
 1061192
 623252
 675436
 902270
 375321
 129581
 621011
 555453
 932136
 245553
 102221
 588149
 682003
 229505
 213235
 157019
 1076381
 1040587
 155531
 568940
 125468
 100178
 864101
 94815
 508824
 710253
 176103
 433472
 927092
 936746
 879282
 196535
 552096
 542291
 715944
 201163
 779968
 961565
 43345
 326700
 851471
 1042264
 963773
 539035
 386972
 244518
 386820
 291978
 332039
 195199
 337418
 868681
 733990
 417470
 495763
 937045
 1008038
 1066111
 882269
 352132
 446361
 601334
 574716
 1008676
 796870
 711716
 401988
 615904
 101312
 438000
 1011344
 423035
 917018
 168941
 823019
 38888
 450489
 199426
 1048179
 525941
 361895
 511294
 678512
 876402
 426344
 55897
 523932
 239526
 730520
 863619
 555801
 644916
 695212
 228921
 430716
 724264
 90980
 959852
 632414
 243968
 289972
 620160
 313482
 732866
 119047
 469112
 112670
 202919
 346634
 803962
 873472
 268452
 1094843
 992919
 54167
 452758
 912065
 476342
 910788
 806617
 456207
 590250
 551387
 914365
 911118
 395811
 913458
 570951
 843905
 455162
 327117
 517452
 890392
 90064
 57451
 832054
 585259
 25641
 69749
 123647
 435377
 648456
 231252
 434424
 600523
 113809
 884981
 147804
 553177
 993518
 1045914
 14181
 871368
 465901
 811339
 552478
 77732
 701259
 753188
 39766
 382178
 18718
 9068
 290026
 988516
 447051
 167280
 898454
 488762
 131885
 437125
 379579
 720554
 46461
 1056711
 137924
 229776
 384598
 535123
 1071859
 1061902
 352425
 408063
 399915
 1003164
 371878
 805373
 578658
 363356
 588462
 483281
 162808
 4605
 730542
 1054006
 1056857
 407381
 951928
 800808
 383824
 370873
 459045
 218628
 438137
 764611
 117870
 259820
 797872
 338533
 361058
 853395
 97292
 129284
 853716
 922267
 687288
 675854
 813146
 483055
 476298
 555805
 206053
 805411
 954506
 205641
 136468
 1009525
 1070483
 774901
 224070
 284985
 113029
 48228
 75854
 450847
 118572
 305001
 923420
 286780
 566952
 138105
 63655
 944479
 1073506
 260948
 324765
 97044
 632574
 382860
 1004397
 214785
 728457
 1013239
 882913
 1024012
 1042671
 1064302
 338262
 557254
 20045
 432580
 498782
 593234
 367917
 646136
 239410
 580414
 843364
 1058805
 655710
 396737
 1075248
 238026
 54702
 87357
 830922
 846656
 457111
 424399
 367382
 724508
 336110
 1097286
 901322
 953128
 428211
 14422
 917335
 770757
 887005
 519770
 187874
 67588
 253797
 985217
 532070
 1091757
 94811
 709096
 708327
 892882
 900726
 299464
 259542
 439146
 82745
 558566
 930560
 306855
 804054
 828162
 301645
 642797
 136433
 679540
 68724
 180166
 998773
 74791
 713334
 244698
 1048754
 194195
 144732
 908456
 10667
 703897
 296736
 907876
 80150
 28714
 995628
 751618
 375491
 616783
 435519
 616861
 77547
 161701
 110511
 746863
 87218
 625699
 962189
 83589
 139531
 338459
 1088102
 182003
 1072708
 558952
 166224
 122916
 136948
 867209
 104667
 1010071
 504204
 580877
 49810
 48091
 878765
 562661
 123189
 961559
 924581
 312252
 256229
 1069996
 59682
 775459
 133761
 11340
 1052579
 714985
 769386
 578487
 477572
 96715
 1043341
 221241
 503529
 517629
 1028691
 1008901
 356869
 1058621
 1026333
 146434
 266957
 119572
 32865
 1063184
 44219
 446749
 1010376
 323783
 1058599
 946201
 1060114
 616073
 217863
 972548
 725952
 645317
 844811
 61409
 542643
 136348
 38806
 125379
 545489
 105492
 825803
 493800
 624608
 684912
 1044602
 349782
 174957
 722886
 726415
 317247
 141189
 486027
 243693
 540963
 202746
 561953
 394552
 321591
 659816
 507126
 478390
 364870
 409905
 846948
 256792
 952537
 66608
 980366
 343635
 155017
 88395
 497028
 950504
 221844
 816307
 532500
 700450
 1040316
 844312
 680142
 406294
 715544
 663591
 533800
 951621
 1042613
 864551
 140049
 225433
 204724
 1078274
 1083981
 812045
 70622
 794167
 615901
 1052713
 932719
 1047639
 312734
 720677
 897806
 1038374
 6998
 906038
 106281
 430253
 211900
 836312
 628890
 694474
 402547
 662459
 1094700
 282695
 625639
 205473
 777075
 112680
 966992
 709546
 474026
 741396
 1082316
 283470
 478378
 343705
 25523
 564891
 148690
 923399
 245787
 1003601
 695721
 376323
 742356
 675353
 664383
 113973
 53030
 642901
 172991
 1097232
 338771
 533648
 513497
 789888
 284
 525418
 452944
 897851
 907827
 385865
 449999
 680903
 235887
 199319
 605795
 344525
 653114
 359306
 46164
 596069
 226717
 255799
 681638
 223943
 772449
 141486
 449150
 897579
 949697
 432114
 108680
 482875
 451713
 887190
 630990
 680691
 1054829
 333483
 859833
 1095720
 65788
 596834
 818623
 462152
 2009
 626135
 209853
 787934
 933294
 758846
 154364
 311835
 139848
 985445
 995503
 23093
 370461
 977967
 253784
 451471
 116052
 373591
 641923
 351059
 280323
 336386
 837275
 712548
 781108
 867992
 846391
 636444
 913453
 968126
 162151
 1046440
 217581
 1016650
 324674
 154933
 603274
 211015
 56690
 325690
 610449
 354421
 705522
 993907
 1041266
 124490
 836234
 614255
 453045
 637277
 867537
 240881
 484569
 825301
 702814
 123102
 712895
 835953
 770319
 523246
 1044394
 811504
 32871
 55337
 154173
 139869
 916911
 810115
 424686
 1060302
 522978
 996064
 754947
 496634
 604872
 158972
 148329
 698958
 680034
 134587
 697518
 825870
 587100
 435348
 749567
 172081
 118593
 102915
 1098037
 43960
 441911
 718918
 968116
 705057
 901991
 716589
 473854
 446475
 53700
 809030
 472880
 324812
 84990
 180026
 1090052
 733125
 964523
 14106
 856587
 499889
 199554
 677359
 207600
 977406
 29420
 199070
 946121
 832159
 705740
 225780
 316998
 909446
 958034
 705385
 215206
 493895
 241069
 100383
 758856
 771680
 996993
 73518
 856204
 153617
 214359
 680525
 992034
 434870
 205185
 1047668
 913479
 758558
 489239
 561566
 473655
 705532
 233088
 501804
 671040
 1021061
 1094613
 549473
 73907
 75350
 976944
 167069
 575002
 1032035
 337221
 141659
 631305
 716272
 949297
 569666
 168453
 136376
 476734
 925490
 807752
 892317
 106753
 976343
 185696
 572721
 40349
 32232
 803506
 857062
 628296
 977673
 546897
 1037388
 1084659
 905508
 621039
 172284
 618469
 109058
 1018374
 547690
 365636
 665526
 253766
 596820
 444283
 911103
 290480
 47514
 744695
 303973
 1058185
 238553
 407657
 933894
 437878
 911849
 51068
 405666
 690948
 1095295
 158540
 870355
 171728
 358285
 374353
 603536
 1056785
 76566
 934614
 953973
 90011
 674253
 684205
 914949
 211701
 619671
 532660
 421539
 102254
 843462
 1034620
 813085
 593621
 266146
 641758
 56283
 914365
 947478
 251900
 563714
 492989
 108833
 907686
 676958
 641684
 633649
 24005
 535682
 76919
 62477
 567969
 771005
 42733
 284666
 736020
 264939
 13185
 358738
 374249
 335363
 820241
 432471
 756540
 22709
 261095
 1032333
 52612
 457695
 708086
 825280
 770600
 81778
 721389
 437412
 263668
 780714
 114080
 777841
 384831
 261299
 986746
 390182
 672437
 712386
 976632
 597865
 325209
 538500
 76835
 406557
 358018
 425606
 111771
 841312
 133277
 2664
 658103
 806623
 252393
 354499
 280584
 506914
 972970
 649483
 981896
 748028
 1037552
 733435
 67457
 813542
 347578
 692814
 426784
 603453
 690131
 868923
 785399
 604945
 21904
 218594
 70569
 242549
 118682
 292153
 450921
 347435
 840173
 866691
 266172
 968116
 319894
 213585
 479009
 140911
 731742
 633434
 1079444
 880961
 783738
 284424
 75318
 200744
 929081
 918004
 928678
 281388
 2822
 939577
 567933
 524717
 309906
 420937
 388486
 583369
 1045416
 536680
 795954
 1049671
 837441
 857306
 908941
 311251
 66588
 1026843
 890536
 1068563
 282192
 473275
 624221
 870277
 372183
 282027
 323971
 204558
 960138
 759729
 735990
 650678
 238690
 1249
 637136
 826140
 428205
 668062
 809550
 21511
 661679
 76522
 940318
 423494
 236367
 612042
 901473
 265806
 84502
 34059
 684076
 269831
 71900
 722409
 1064757
 936421
 345837
 1023917
 336718
 997791
 851441
 37220
 224795
 674107
 561309
 782565
 1036427
 488281
 275861
 1089800
 624049
 838391
 279335
 520706
 683797
 352902
 316755
 758212
 157967
 442999
 64834
 639729
 141189
 950680
 180355
 986010
 705374
 686520
 377696
 449530
 44193
 447289
 206296
 1093599
 765516
 780272
 1038301
 1085606
 388446
 881571
 886021
 651781
 1039602
 341337
 1056559
 144635
 445004
 396571
 49666
 88013
 974259
 181199
 173889
 447377
 297514
 128951
 1042831
 574181
 33008
 755667
 937135
 706118
 1079106
 847786
 756981
 575812
 158642
 747190
 597928
 1038292
 461157
 713296
 537461
 959463
 386564
 803312
 442106
 106983
 694501
 283838
 535480
 245632
 1079988
 778515
 919244
 566111
 676403
 931335
 286341
 356131
 368391
 225305
 660423
 42063
 547620
 438000
 82042
 1053441
 1088856
 14750
 860665
 560769
 837967
 320708
 373020
 804787
 678703
 844147
 273758
 375537
 75969
 1045627
 713512
 942170
 104232
 892674
 16506
 304682
 383601
 637378
 283716
 215388
 14134
 906330
 477149
 155666
 1014696
 458488
 1060800
 450767
 601613
 995666
 1081988
 328668
 481377
 874615
 902308
 668789
 634862
 968234
 841980
 713620
 837830
 826665
 635447
 977347
 735575
 365338
 640091
 928534
 312771
 1079998
 612006
 385627
 136357
 894543
 1066260
 434096
 940297
 427857
 553630
 795718
 740050
 856516
 32669
 58116
 104455
 1053743
 924000
 678912
 936488
 957760
 556683
 317728
 579417
 227621
 1000178
 934257
 638010
 328764
 1046432
 613752
 430856
 498088
 911363
 830634
 337023
 42539
 951578
 126804
 676725
 890912
 457948
 1003881
 276939
 870928
 373034
 1068164
 124059
 676027
 740598
 562869
 686649
 580451
 434532
 713200
 123903
 983051
 873560
 733132
 881460
 978439
 454413
 181296
 696330
 663530
 192774
 93626
 173023
 34456
 1037479
 842240
 284708
 888766
 719049
 642902
 1043524
 857856
 361865
 42273
 658174
 839751
 119816
 181786
 269600
 961225
 441482
 433283
 330368
 838333
 280127
 656637
 1008004
 717823
 1848
 820651
 799654
 873046
 493977
 954177
 430110
 375125
 935086
 694074
 1048600
 507311
 786446
 658907
 574447
 232359
 1074754
 942634
 619448
 540783
 445186
 283542
 389533
 708076
 913738
 670781
 439035
 943652
 505919
 794941
 237079
 829604
 387874
 852588
 776382
 744482
 668524
 1029951
 860520
 933776
 192611
 41024
 864687
 201438
 136583
 517938
 27685
 34568
 731571
 505640
 765018
 845024
 700217
 684712
 116128
 364810
 368020
 934251
 983813
 1097929
 302089
 450616
 24930
 882797
 323909
 301335
 778098
 648691
 1043051
 690176
 1090980
 495942
 175157
 1066837
 911456
 454183
 209526
 648142
 543240
 235826
 1036412
 528617
 345772
 663020
 785928
 142887
 316673
 894927
 1080732
 346547
 579698
 171355
 448686
 901091
 465715
 118002
 239108
 365474
 144824
 610565
 393645
 674698
 1015508
 611703
 551708
 955918
 423045
 13771
 495873
 933007
 570647
 850477
 606587
 747754
 17720
 50961
 270716
 795693
 815487
 847098
 960944
 666157
 74815
 929191
 137136
 888158
 434195
 727258
 925191
 615394
 1031670
 673768
 750659
 105612
 728150
 105786
 467769
 205598
 759304
 623974
 332267
 1035806
 865184
 91553
 586264
 559621
 594325
 533962
 737395
 416526
 121305
 1024187
 185145
 502124
 632298
 402188
 1038393
 483104
 236391
 337356
 14174
 101102
 567740
 1009601
 849334
 137316
 832116
 728934
 1096448
 25244
 392955
 722009
 494207
 822323
 391257
 59529
 110639
 594496
 170549
 649355
 72260
 388786
 149879
 1076502
 591330
 141004
 181233
 65833
 732801
 497128
 1049876
 374973
 779978
 128547
 314306
 680821
 950665
 796312
 670718
 1017220
 370916
 239154
 856955
 759131
 691075
 420395
 614926
 906612
 830161
 578536
 351615
 110391
 511979
 223871
 1009474
 290662
 354682
 611678
 718990
 614676
 269439
 835499
 311730
 599533
 489693
 200652
 600698
 662094
 547694
 931251
 850521
 1088738
 907653
 105145
 227102
 829033
 805613
 358466
 494523
 1051481
 778961
 305791
 727270
 934947
 323305
 639017
 145793
 410903
 964556
 145887
 391489
 714439
 453999
 1067441
 953032
 752571
 156791
 347114
 585276
 934785
 840664
 693908
 268703
 1023847
 1090806
 62769
 569781
 196882
 656213
 56877
 560099
 376847
 548522
 837009
 672208
 355791
 111795
 638585
 863788
 20146
 949193
 1025178
 822708
 1000282
 383920
 780788
 486962
 889306
 62516
 458038
 523263
 186214
 1076043
 1089017
 729199
 590395
 102306
 781249
 593259
 128729
 767800
 776949
 121212
 305352
 737682
 1037417
 219007
 310697
 903435
 486251
 639004
 349273
 298699
 893188
 340031
 653794
 377389
 585513
 842185
 687320
 411858
 474241
 590249
 639026
 259281
 718168
 466137
 250376
 29849
 919556
 1081808
 361345
 170545
 562909
 160832
 168678
 659037
 972941
 26048
 914718
 274787
 639971
 696401
 916532
 243771
 140186
 1079210
 553591
 708943
 157767
 836816
 145906
 841774
 996622
 964154
 145095
 814285
 863172
 976471
 360381
 733205
 1030707
 1076150
 417440
 426511
 397357
 1063803
 949112
 88533
 647156
 943250
 1061525
 493716
 1089878
 565187
 893458
 756943
 446745
 719435
 181644
 990568
 957129
 891476
 800843
 569552
 597555
 1080855
 487199
 768988
 512155
 942609
 117982
 430608
 368413
 128018
 750232
 649786
 1010436
 155975
 797107
 25402
 811921
 342528
 353555
 600822
 184187
 623216
 940970
 664210
 33144
 561655
 584695
 951898
 363316
 939911
 144165
 29885
 1056438
 918706
 781323
 652677
 268628
 643127
 85852
 74435
 276326
 634357
 772025
 968637
 631565
 584017
 435011
 693114
 529157
 407781
 593352
 784579
 260609
 215014
 761466
 879478
 191722
 703436
 182397
 67657
 270465
 459398
 646703
 310011
 757134
 1004314
 667602
 814026
 163730
 852615
 595830
 619160
 846585
 326204
 41598
 354129
 547422
 520593
 354253
 243170
 852673
 162763
 1030656
 998311
 1032371
 1015483
 318619
 645841
 541623
 881006
 202586
 142542
 1019361
 779307
 394658
 681695
 568360
 370168
 896109
 835057
 556116
 686370
 735248
 279448
 401971
 386975
 826128
 864521
 458008
 320118
 308190
 67264
 818992
 673271
 590577
 450502
 971187
 813292
 570893
 487753
 4279
 391800
 211046
 977448
 635828
 1013835
 765405
 547526
 350082
 947758
 492295
 829136
 173309
 995062
 433275
 936424
 321433
 614208
 206580
 804662
 456676
 544469
 657095
 652808
 876157
 307071
 657193
 273204
 1035620
 745504
 885218
 856651
 53355
 122539
 945737
 736513
 188179
 385063
 697954
 966110
 994192
 622913
 477040
 63457
 975078
 366240
 298519
 1024868
 275278
 775507
 964122
 715136
 55461
 1025390
 445872
 282907
 674095
 832865
 533007
 801370
 819164
 264283
 1030429
 399790
 678228
 502595
 1000758
 479081
 259444
 72404
 502425
 1043875
 289809
 317772
 63823
 1050772
 804936
 682919
 203810
 962261
 727356
 705937
 249709
 821491
 325295
 567326
 964009
 264858
 425681
 578807
 1015725
 684025
 917484
 949805
 839177
 42866
 235981
 793322
 384499
 126299
 1078202
 856450
 254135
 434002
 246769
 771768
 402896
 108861
 275994
 24746
 938793
 1093979
 323077
 165560
 394999
 512892
 930396
 1037100
 564981
 402219
 1097138
 790549
 274379
 195476
 107033
 979245
 996683
 437716
 849794
 999128
 24857
 993819
 520527
 390588
 581251
 232679
 1051923
 612850
 506476
 374097
 69528
 204078
 947797
 531707
 1039026
 1009444
 1097613
 653879
 576012
 322609
 1076992
 67868
 752499
 1067412
 777094
 533486
 777466
 472861
 938001
 410150
 680093
 401909
 615847
 737448
 528211
 660397
 339020
 525766
 540073
 164418
 284484
 485252
 1006156
 119906
 373660
 485039
 483810
 736698
 790258
 493245
 258053
 388266
 794478
 1069315
 298658
 510912
 957307
 1097648
 34828
 822279
 219641
 912577
 236533
 1003786
 174430
 234059
 945806
 131910
 227658
 422300
 379881
 295573
 506317
 854701
 1033584
 679005
 647038
 587908
 992930
 937286
 413670
 904894
 370552
 586836
 190196
 102622
 126986
 897887
 345503
 373893
 152699
 143512
 828772
 870083
 276600
 548798
 903779
 611588
 681889
 938848
 92306
 494835
 246879
 62323
 1075550
 435311
 572932
 656803
 75610
 628379
 555321
 521522
 126900
 594452
 67772
 131183
 237084
 710634
 238324
 490152
 474658
 140349
 274851
 281862
 450483
 49910
 174794
 592661
 720499
 289755
 7033
 1096650
 385908
 172790
 350549
 53751
 700867
 946812
 335086
 619375
 144442
 552027
 558239
 778179
 1093984
 595042
 478476
 961497
 1042688
 961339
 694595
 352270
 751843
 938890
 414225
 901515
 945735
 42311
 390944
 597998
 922110
 928472
 1083539
 356127
 239815
 311828
 540468
 669448
 626134
 973997
 299236
 1016907
 923768
 321296
 901970
 798869
 840515
 488103
 147470
 266976
 541902
 1052767
 711836
 317375
 599932
 467801
 387282
 105801
 658464
 852680
 650088
 32207
 343803
 647443
 647777
 853196
 475925
 86201
 880947
 516954
 268406
 288809
 86446
 656123
 980267
 644335
 150962
 180072
 729199
 659547
 785436
 202713
 24200
 95898
 136425
 53679
 635121
 940467
 702491
 11433
 1004686
 921602
 466263
 330503
 140969
 556331
 67749
 45607
 488826
 249594
 1017149
 735773
 964734
 61440
 130079
 817951
 950553
 1028514
 16763
 997855
 141461
 674157
 487510
 743464
 82620
 987480
 266690
 808099
 354512
 228474
 520057
 1090676
 239691
 702988
 788006
 254779
 205351
 951143
 183965
 170320
 477489
 1000141
 612016
 761019
 643719
 157465
 217315
 453737
 39142
 689313
 1066781
 894019
 96691
 638445
 932970
 479931
 741595
 158670
 876814
 134587
 961857
 761480
 518254
 342139
 196112
 69050
 783298
 977781
 664909
 1051980
 433672
 816933
 1049589
 1082804
 11296
 848467
 685770
 770869
 706445
 386455
 516481
 352011
 464093
 195615
 894491
 950077
 186347
 324909
 238925
 1003470
 247150
 750132
 716260
 424742
 541969
 140954
 1041323
 482321
 271992
 48246
 844885
 850109
 1097581
 792511
 441541
 277148
 277233
 920464
 110949
 388246
 121189
 825895
 1014620
 387059
 394113
 765879
 862175
 805469
 346329
 808657
 1091520
 287039
 887307
 817862
 1010911
 789545
 345797
 470819
 1089432
 394808
 661756
 596324
 130336
 451572
 1028357
 201485
 495745
 623013
 586026
 354980
 593364
 517459
 868356
 987490
 863192
 60251
 992137
 829574
 348852
 190040
 19844
 233584
 911141
 664779
 71267
 59441
 805042
 434880
 275605
 363894
 188922
 380885
 713054
 477640
 50234
 832219
 755547
 911243
 885990
 1053997
 427409
 438128
 476393
 83882
 1033039
 750433
 1002002
 382810
 398697
 531891
 794513
 394661
 219802
 603257
 881796
 825690
 371205
 776652
 810808
 137776
 664440
 907870
 416323
 466182
 194131
 673424
 459544
 462233
 43180
 1029363
 865448
 725106
 468127
 997245
 255170
 1020509
 849763
 946153
 850425
 48819
 683860
 636227
 249486
 721905
 654743
 23710
 319281
 665075
 772368
 541832
 869083
 808499
 280099
 513924
 1004867
 29807
 313036
 1046252
 454149
 759295
 338684
 379905
 534915
 755732
 962284
 621596
 494099
 124275
 162500
 541862
 409221
 944599
 323209
 647333
 1003421
 1059062
 805977
 812053
 704399
 221567
 729329
 173541
 278210
 973376
 99277
 373372
 711553
 851838
 246510
 652661
 576946
 944464
 929258
 447777
 155117
 574011
 756972
 982632
 558631
 831562
 984960
 790695
 859467
 650276
 384917
 987564
 941524
 892713
 565277
 872328
 570709
 328867
 348134
 439438
 583246
 554524
 367094
 751709
 644398
 110933
 417111
 1042675
 987119
 997518
 1067902
 811562
 462236
 154945
 855072
 479347
 99053
 891462
 812304
 226991
 894499
 135255
 244306
 145047
 628923
 863415
 575034
 629583
 463196
 1018046
 20313
 1019676
 213007
 201743
 740729
 944163
 309229
 1068412
 950199
 202612
 194371
 459539
 616552
 604423
 777575
 67923
 1024065
 69472
 296073
 129356
 135991
 781591
 318489
 368227
 488092
 871738
 1075116
 484586
 277647
 108210
 863049
 627470
 794638
 135935
 105916
 65753
 509214
 564456
 470492
 567484
 607016
 731281
 171899
 417632
 537111
 574560
 827901
 964195
 925983
 1004524
 998434
 616149
 360831
 181718
 203785
 405184
 906933
 281795
 423959
 368895
 56979
 758272
 834385
 779863
 966520
 676148
 67865
 970087
 22656
 587619
 782934
 444537
 254450
 312174
 11919
 304885
 951836
 814686
 653124
 293372
 426297
 363049
 176175
 31076
 887188
 973797
 856360
 404439
 828925
 319259
 444809
 762489
 225813
 801668
 1056590
 26689
 415421
 1047566
 403556
 655436
 562293
 1098227
 666359
 296945
 435201
 285190
 353608
 985549
 172890
 353918
 514758
 74307
 517832
 675653
 79918
 457062
 1040174
 427321
 204145
 1065731
 233488
 104916
 1065251
 821120
 335000
 403165
 36714
 760266
 846542
 696063
 61189
 256426
 691379
 209927
 646724
 972032
 19165
 225209
 453674
 489036
 483621
 935862
 173737
 535818
 846053
 574245
 886155
 712203
 645882
 466416
 960070
 711332
 348450
 168166
 458763
 1027201
 343299
 1043400
 962984
 878449
 523651
 518810
 327415
 193049
 100181
 408558
 253952
 550724
 243332
 583717
 408921
 473321
 1071457
 1051371
 500310
 347604
 199855
 91469
 401080
 835607
 18861
 646095
 821856
 50904
 250042
 787702
 86754
 1069708
 83866
 330851
 76360
 915776
 417911
 691822
 566746
 593658
 893082
 544011
 678557
 795250
 155814
 345281
 45456
 708890
 637250
 212974
 899276
 688413
 565122
 145042
 850421
 569676
 16709
 137005
 86322
 747623
 663752
 850947
 1041737
 504901
 833672
 389137
 740775
 1055342
 353376
 1083442
 670437
 800283
 357240
 84353
 69955
 155428
 714332
 866888
 778904
 676238
 164893
 776630
 483926
 331677
 91752
 1074292
 862201
 396187
 187991
 113635
 42834
 903850
 1015238
 250446
 649748
 37642
 627233
 47767
 1092848
 918027
 587293
 945640
 982668
 541131
 816224
 749198
 232095
 362832
 832910
 42216
 451694
 433279
 805321
 259841
 107555
 586091
 206997
 921824
 347287
 118900
 123533
 852221
 796307
 338383
 771738
 519167
 163205
 609625
 766745
 23631
 822612
 112992
 846710
 751046
 10911
 1099832
 260863
 150121
 375315
 664413
 222595
 495385
 428267
 379789
 264657
 315096
 951010
 387473
 434528
 340744
 184686
 104461
 624110
 395290
 447486
 716683
 42865
 233591
 567385
 193144
 469621
 902201
 60732
 340952
 348514
 749049
 182020
 328058
 995323
 327728
 492316
 163254
 987485
 183002
 866682
 649543
 869699
 1090545
 564377
 348790
 628004
 326494
 328705
 711698
 365467
 928552
 658360
 162961
 282716
 564896
 905708
 331926
 423797
 533597
 882170
 808914
 288240
 216965
 634863
 756009
 1033846
 1024935
 435394
 6905
 942627
 915762
 659764
 1087398
 630249
 1004778
 726961
 923835
 1057387
 194181
 422107
 811409
 996552
 486469
 614103
 185139
 1090942
 728613
 67038
 1034137
 127247
 419473
 731717
 468488
 523206
 649322
 343222
 67577
 211771
 844786
 387012
 415689
 253009
 809368
 233555
 296023
 689402
 617291
 783395
 204908
 84975
 876974
 541751
 179551
 960307
 877751
 310312
 577684
 894459
 290902
 970462
 133674
 498605
 571266
 366308
 875009
 761093
 113848
 883536
 52906
 492919
 36950
 606437
 463203
 544663
 635276
 335346
 897600
 898630
 258223
 493294
 908141
 803885
 998901
 888437
 516928
 382834
 801011
 236946
 307241
 762969
 874462
 537341
 793182
 728281
 951515
 898689
 771337
 421196
 1091633
 1092281
 1094474
 180535
 813659
 728281
 1070767
 699557
 634760
 623005
 921233
 20068
 521246
 800845
 593344
 285488
 365156
 829154
 129041
 886825
 753488
 191572
 832778
 1076373
 390767
 722691
 449066
 816991
 26659
 121135
 833536
 512581
 1021413
 622682
 480365
 357971
 515101
 457841
 419796
 75109
 212439
 465036
 100274
 535633
 18748
 677807
 510491
 703638
 991380
 431305
 862719
 954316
 730467
 918461
 976203
 854385
 201241
 88357
 198199
 335553
 103555
 633812
 34312
 25360
 436812
 831507
 742763
 21784
 347310
 1058453
 149738
 729134
 987243
 189154
 14723
 270817
 1056959
 396646
 919676
 924585
 214398
 803322
 153618
 804133
 374519
 89518
 1002882
 14958
 920561
 232396
 1069578
 1006400
 686023
 853709
 225608
 618476
 798050
 527571
 495159
 1034558
 217336
 438704
 437251
 898258
 350314
 651550
 711056
 961240
 192512
 710615
 583721
 479986
 43722
 903138
 966122
 394322
 6038
 573447
 17802
 297488
 1045387
 331352
 271831
 731236
 146027
 901345
 247241
 436356
 576849
 945018
 820870
 671556
 845179
 5397
 366055
 1041964
 639821
 516079
 1067048
 201467
 555472
 1054747
 889443
 282465
 855842
 1069461
 496990
 1003227
 180986
 507230
 93471
 630870
 331205
 1070238
 686864
 595826
 1082028
 566981
 500131
 682719
 723391
 929526
 119659
 438194
 466729
 1071970
 1031090
 322125
 211230
 293867
 889869
 948702
 212598
 580247
 483774
 1013865
 133257
 193923
 906232
 311961
 270350
 549640
 422685
 527134
 982570
 461209
 433166
 371928
 160151
 418126
 162648
 689905
 510645
 291979
 197172
 920919
 1024036
 382698
 690010
 1021233
 673354
 151844
 540271
 469924
 318521
 606782
 824133
 934938
 429884
 695331
 1083018
 221133
 607189
 839352
 792291
 44221
 543378
 297684
 292681
 556705
 699775
 1048193
 587054
 824380
 621613
 77430
 1019820
 1033216
 923273
 941013
 691345
 509539
 713385
 762579
 854546
 523777
 1059489
 437458
 569669
 530432
 398628
 294269
 65638
 152509
 752075
 642672
 1007566
 271306
 734366
 948773
 499384
 545122
 852681
 900827
 539021
 783168
 826282
 885722
 403960
 553748
 160029
 88966
 952481
 256450
 521305
 187661
 76346
 923486
 52918
 823293
 690772
 795481
 507523
 1044104
 914514
 746111
 964723
 505399
 255276
 26458
 564348
 741691
 884145
 69252
 977952
 453644
 1086624
 535806
 56858
 420741
 184205
 836937
 537131
 601561
 196262
 609937
 927476
 519516
 962335
 1039654
 769685
 15026
 720763
 788605
 747447
 109263
 154846
 489978
 997818
 498922
 594434
 48490
 899736
 293300
 519151
 729715
 856120
 182611
 1049118
 408093
 814400
 779616
 82869
 279381
 105714
 196881
 939100
 579415
 733285
 1074575
 778788
 677148
 313474
 785635
 871154
 698643
 374631
 994926
 567584
 35612
 526683
 30432
 249683
 172028
 662001
 859057
 907918
 906430
 851359
 146188
 9569
 128149
 544608
 440934
 875898
 266631
 163212
 123247
 236901
 818592
 566206
 708724
 789972
 143693
 307463
 698675
 646592
 398410
 697499
 304809
 315618
 872973
 92993
 698570
 399335
 11084
 715553
 275721
 124677
 431948
 666584
 466099
 566632
 507467
 716983
 1042454
 16023
 949898
 809967
 14081
 966787
 449023
 1077952
 840685
 124982
 818352
 386140
 490769
 128722
 901474
 328027
 1048294
 98827
 1091182
 30090
 805434
 1087801
 799989
 816985
 778237
 674645
 960444
 540921
 755304
 499967
 394741
 825574
 1045511
 419365
 844170
 75657
 618213
 677086
 55111
 549748
 153721
 672460
 643532
 253687
 794236
 4100
 337330
 809008
 244150
 377404
 608834
 139455
 459089
 812655
 387416
 673442
 779120
 193765
 94346
 392757
 932262
 1060241
 934279
 572529
 142394
 295496
 292266
 223046
 499031
 914541
 42910
 16306
 935792
 603992
 1098010
 444212
 755669
 641326
 826787
 821676
 905096
 493543
 579792
 906730
 1020457
 1051375
 970082
 79996
 917078
 746728
 832600
 984740
 61316
 585253
 969487
 845839
 446510
 746175
 306982
 395363
 197717
 814768
 755811
 660244
 569353
 39172
 198119
 909975
 437942
 550801
 85214
 771272
 182327
 1044706
 181989
 988720
 358842
 1074553
 325538
 675881
 141247
 619657
 332880
 152714
 719401
 753627
 16487
 120214
 292122
 247177
 463668
 562579
 867147
 853779
 492413
 1002070
 547262
 1002116
 592344
 274761
 499600
 901593
 634650
 1008830
 425967
 634467
 906938
 928262
 243384
 813560
 243150
 539192
 880337
 822453
 279948
 864583
 353235
 238896
 1028812
 1097194
 632166
 401312
 69080
 666392
 12564
 1015713
 353901
 449993
 572882
 31319
 100656
 33189
 597559
 330618
 24241
 254518
 876682
 617732
 291566
 348936
 641582
 949390
 372971
 543027
 1071849
 216501
 727608
 2118
 1012272
 425313
 876205
 876928
 659521
 180365
 845199
 275114
 581511
 912009
 298943
 416091
 239082
 877594
 972464
 393393
 187166
 550242
 475875
 1017169
 824068
 828428
 882832
 200303
 65653
 318232
 60947
 134528
 899739
 686636
 887323
 651597
 294722
 858614
 255717
 886993
 229291
 1095418
 400073
 396144
 269097
 225181
 1041623
 1063815
 576883
 363510
 964054
 726639
 798526
 520984
 705998
 16610
 464605
 755095
 343166
 349087
 114634
 997006
 452846
 636251
 415896
 1037236
 683341
 217280
 845700
 252845
 110226
 200963
 722718
 778411
 515412
 668965
 60358
 1066098
 939079
 570772
 293863
 598243
 567226
 458981
 496484
 913360
 738367
 414332
 480387
 638632
 48069
 176252
 96266
 1018555
 806004
 101300
 368519
 1051577
 199483
 805818
 155091
 174774
 4745
 394125
 873721
 382655
 295049
 809664
 673787
 64298
 454469
 101373
 358522
 368566
 855301
 354894
 130967
 793917
 633454
 675299
 740798
 539273
 629517
 915562
 348301
 251907
 841863
 750121
 635343
 59813
 241374
 996461
 329701
 475842
 678050
 122809
 296651
 670756
 147488
 599302
 521820
 921108
 862559
 1056004
 616129
 219050
 709724
 795327
 1516
 1009094
 475627
 121745
 431139
 694372
 1089106
 88163
 1093624
 893461
 778406
 789558
 1052790
 672585
 787426
 152232
 37843
 229509
 243835
 385582
 852693
 265542
 798258
 193948
 692662
 940271
 718130
 117574
 594894
 170463
 133972
 524471
 113389
 995512
 688313
 390422
 1009538
 1076467
 817133
 921113
 429398
 706068
 340178
 1019255
 511555
 22772
 894087
 369152
 118395
 107080
 344977
 704914
 492779
 802329
 954300
 136190
 488691
 1029921
 1052319
 98723
 182884
 508937
 253774
 902505
 773885
 624254
 1007436
 31675
 832798
 328763
 448188
 593258
 902505
 914158
 311325
 373590
 315299
 876536
 965893
 720674
 470178
 822949
 1038643
 747684
 943604
 1071358
 313464
 708614
 1084743
 245564
 435857
 554077
 116732
 1005488
 577061
 866753
 761740
 56931
 773214
 686614
 699687
 274148
 364439
 958849
 1041426
 225586
 668741
 908659
 196743
 623186
 471738
 696444
 550713
 629680
 881386
 90538
 377335
 332113
 763722
 783380
 411032
 723991
 975081
 1048975
 565358
 756708
 134697
 560934
 829457
 612487
 563399
 350253
 134742
 733814
 938728
 1012837
 937248
 379592
 1032040
 1078093
 23685
 795704
 39132
 677195
 144204
 764267
 868731
 619500
 1099587
 226028
 1049562
 659509
 129982
 507824
 3166
 1041427
 247706
 1076361
 644235
 1021937
 345144
 698270
 638474
 205681
 22066
 419041
 1046332
 900565
 681700
 809589
 697487
 963217
 757161
 266
 841386
 322384
 943983
 34503
 753067
 63660
 884704
 536921
 505472
 550415
 952708
 1021635
 529374
 855418
 587786
 192798
 742461
 221215
 758161
 1028843
 467306
 1083061
 943995
 218880
 739250
 333216
 638395
 290681
 976218
 161331
 954420
 40630
 582935
 262845
 534359
 663801
 801190
 488919
 338936
 782872
 698042
 273559
 1084830
 106199
 867034
 615354
 997753
 898018
 756125
 987179
 890198
 14396
 99433
 651504
 1050686
 552042
 1060491
 537817
 540043
 786425
 42885
 732816
 185224
 888206
 144953
 167229
 38085
 285314
 654241
 567248
 1051850
 554449
 186400
 433968
 164042
 1068664
 475007
 456995
 204081
 707189
 569398
 485817
 321599
 520978
 827792
 808633
 477367
 435846
 148001
 134451
 848810
 64919
 1064090
 574687
 862108
 263247
 978960
 16874
 346234
 381378
 400341
 1084045
 71523
 405105
 886259
 206215
 452226
 1018234
 862210
 753335
 90615
 497709
 213981
 1091701
 291010
 321783
 878388
 471522
 1072002
 249762
 130789
 57664
 824447
 558240
 799003
 1059316
 660224
 824690
 138196
 944998
 1084233
 931812
 874856
 720013
 160681
 596229
 686741
 625366
 281650
 336227
 999133
 155872
 343750
 374343
 736794
 168923
 103866
 482467
 676053
 993707
 223164
 446781
 67685
 713975
 607726
 446674
 312203
 389722
 1052798
 626001
 1097255
 333074
 100178
 43037
 200599
 517604
 520384
 1098567
 518660
 585171
 465833
 41590
 987448
 1052752
 141029
 371047
 783535
 688187
 841431
 863176
 993262
 491726
 590430
 210581
 390641
 565665
 641799
 1099259
 824789
 67447
 180694
 661840
 394738
 1077682
 773935
 129824
 148881
 767453
 975565
 506033
 383160
 1032583
 809716
 97262
 731609
 194726
 72663
 1024299
 30976
 553360
 1052861
 622286
 279278
 474054
 826809
 639168
 762514
 913194
 714996
 241268
 560589
 185390
 608385
 434802
 976645
 827973
 351457
 677174
 437538
 178961
 745952
 400949
 57772
 84964
 1032463
 544261
 525680
 698713
 454391
 307815
 922043
 646215
 416183
 478077
 522308
 489685
 379483
 908723
 335065
 12006
 334430
 349419
 1090488
 660743
 191794
 195326
 78997
 135142
 184559
 326038
 919355
 745379
 190590
 304971
 78307
 937788
 1077534
 953107
 1084281
 518020
 369490
 754862
 290987
 751016
 719663
 267180
 726497
 974019
 829237
 322275
 23596
 25140
 989709
 133351
 1033688
 282219
 925490
 640566
 740008
 394668
 966014
 554959
 496320
 638070
 675329
 138089
 417742
 316081
 302721
 240664
 659879
 705116
 1096719
 155109
 800803
 589874
 437851
 917001
 461641
 220195
 881077
 132216
 587643
 763839
 649645
 61677
 360154
 546891
 108990
 371125
 551133
 727993
 175444
 9791
 369107
 191122
 866686
 306184
 527982
 516673
 880
 763372
 961895
 705802
 29583
 517782
 254049
 371398
 280110
 324362
 8864
 942522
 366044
 758185
 306694
 991022
 841096
 875525
 151111
 698309
 954339
 349369
 133576
 72569
 643978
 266909
 53509
 144474
 820852
 326379
 782663
