195540
 490627
 763826
 989006
 392300
 425881
 402870
 484130
 735327
 569108
 957072
 1073899
 718630
 569800
 158393
 839004
 882809
 680972
 322093
 475349
 302394
 393304
 75176
 696197
 215816
 38476
 381061
 395905
 11445
 513198
 760132
 1079648
 431663
 1004004
 49430
 707319
 887893
 823405
 80120
 509372
 1045639
 570889
 436885
 211411
 51367
 638264
 669813
 591926
 82741
 824284
 515636
 940495
 368120
 122795
 280857
 1078988
 1056866
 660557
 164073
 688953
 222876
 100458
 78669
 94062
 966263
 961291
 1077801
 509263
 814859
 555719
 788559
 204314
 442318
 237160
 32059
 839758
 494106
 510967
 392816
 720803
 1018275
 854699
 714722
 1052971
 956188
 633712
 807441
 854178
 550110
 935930
 203616
 362429
 312046
 31929
 591003
 311125
 1012872
 1012277
 728835
 865451
 967491
 64411
 676799
 745868
 185680
 356255
 1009625
 553789
 756840
 935149
 849489
 622432
 845640
 110045
 54257
 453457
 606658
 913793
 914120
 59959
 511446
 294160
 189131
 465539
 997890
 43408
 797162
 898769
 124426
 601233
 10625
 815210
 273316
 183667
 352767
 772428
 587948
 829190
 346889
 83971
 268123
 412642
 172153
 492990
 655874
 742850
 678618
 107887
 465097
 655725
 1084819
 718089
 919630
 308556
 249974
 446580
 69280
 46828
 16022
 44419
 721217
 833572
 735265
 470197
 484861
 707641
 667810
 982662
 456235
 529315
 777438
 651121
 653305
 646851
 900271
 626328
 935847
 805536
 566917
 107743
 208208
 968278
 579626
 217577
 23431
 664008
 574854
 1071716
 451627
 406159
 184934
 449989
 689537
 135818
 1046544
 845444
 1067193
 1086222
 369716
 296910
 863704
 558998
 684501
 40582
 85312
 535754
 433757
 747304
 375687
 78173
 244918
 529072
 807461
 343048
 757529
 147316
 638793
 44422
 547784
 872212
 112119
 117221
 248809
 794211
 908983
 1049453
 333335
 549256
 674449
 403629
 332406
 684766
 500484
 622453
 555028
 1002903
 540519
 387491
 543758
 796737
 1043822
 679188
 290350
 325339
 32567
 1067488
 855556
 581794
 777945
 364101
 252613
 949697
 832467
 530186
 276167
 963719
 460775
 971277
 1043168
 510758
 38048
 940701
 1032141
 552385
 834820
 317622
 124848
 536372
 641868
 706959
 720712
 991325
 884712
 160990
 686900
 1029196
 116562
 497194
 329567
 690140
 440895
 1021902
 47825
 583644
 331915
 377689
 666403
 618479
 136116
 611026
 610231
 545855
 639868
 1044166
 577147
 418311
 974018
 99685
 524013
 245516
 352865
 848478
 31634
 1015811
 550708
 235246
 28894
 1024346
 473648
 393086
 184861
 246148
 242992
 773969
 147833
 1092233
 87783
 1054026
 53214
 868301
 677509
 799354
 346492
 668762
 525328
 635071
 852581
 392190
 648060
 802825
 549973
 697705
 578476
 153085
 50052
 641681
 400028
 967227
 854815
 461692
 900128
 62358
 196117
 438336
 300241
 696001
 271319
 54286
 1094294
 611006
 350515
 706778
 751780
 664446
 93582
 259270
 295664
 934826
 704289
 346102
 883043
 416378
 851816
 667655
 656509
 902596
 59496
 483777
 43223
 545370
 951392
 523638
 820002
 12545
 513125
 1031445
 329215
 795709
 651476
 1009012
 44976
 457492
 966653
 629671
 555688
 414086
 409612
 758414
 573129
 54908
 851664
 847157
 1073638
 708595
 646392
 1039676
 412058
 977858
 40904
 122758
 590948
 159138
 256849
 467368
 249439
 348724
 713712
 1033642
 1010685
 168298
 319695
 195436
 820013
 328580
 356012
 852887
 617829
 136986
 978669
 479534
 847109
 696346
 1084923
 839870
 679016
 154540
 1027090
 490515
 662319
 109449
 301182
 521108
 828242
 368005
 988780
 455883
 930002
 6399
 807398
 211977
 551811
 809272
 434231
 803818
 302541
 338363
 817935
 830759
 992761
 544450
 728467
 246563
 714795
 687778
 358499
 478081
 495069
 238896
 669591
 916954
 1070513
 1055338
 646003
 936218
 862112
 961615
 542857
 124180
 240771
 437334
 862991
 951131
 765920
 40104
 797081
 809749
 1075658
 509997
 625413
 450687
 878215
 1000448
 290714
 512523
 1061062
 1085403
 480901
 89930
 54753
 794429
 86443
 211238
 763291
 194746
 101449
 972623
 431947
 321599
 479155
 1037048
 1035233
 260417
 564974
 834798
 997279
 1010281
 66666
 383345
 52205
 646884
 284528
 143254
 1034628
 1010911
 1056936
 613484
 86699
 188954
 828337
 498240
 430804
 1036348
 325137
 281737
 785423
 605104
 285582
 27477
 187307
 542774
 1082970
 204360
 285059
 548508
 335304
 297216
 472586
 586258
 111090
 76230
 93927
 954354
 741065
 1086288
 458743
 484561
 41209
 191148
 114842
 543714
 34931
 269501
 441455
 68786
 258787
 146116
 199425
 686421
 328426
 469047
 1053071
 108720
 230176
 40805
 247810
 130215
 409793
 841441
 93201
 2253
 469416
 1011500
 189025
 754932
 852754
 34604
 531742
 852997
 489817
 160899
 900065
 202185
 252911
 1052504
 656261
 584826
 319479
 739421
 132218
 1036286
 89547
 920893
 861592
 335608
 133194
 513735
 659411
 18818
 730347
 930831
 47873
 736131
 455143
 664677
 450311
 947215
 612821
 164969
 298358
 667927
 489313
 152012
 432638
 1012770
 161911
 857025
 1033605
 1082041
 202309
 201739
 1092655
 702852
 337158
 1097033
 559108
 595275
 897224
 736691
 1062965
 7714
 468837
 100562
 455868
 682688
 1036274
 732873
 359368
 785864
 859024
 213233
 956336
 911148
 136335
 427415
 219248
 35447
 234973
 271753
 318552
 490115
 1074023
 701363
 151893
 732711
 610212
 127241
 277246
 736769
 559845
 610220
 1004689
 857148
 625818
 582650
 774012
 546006
 573379
 506739
 124591
 318217
 462533
 987683
 591914
 674752
 978459
 251686
 146046
 257244
 194877
 553621
 70707
 838339
 482473
 464538
 597905
 783543
 472087
 654317
 931784
 503138
 492284
 1076950
 425500
 527362
 187650
 227916
 300542
 231365
 884617
 127891
 511446
 482153
 526364
 716883
 772741
 1069658
 434805
 366096
 119326
 846551
 1091440
 820650
 382440
 382797
 285773
 202687
 408477
 284239
 1077356
 556804
 599112
 481235
 688558
 1088776
 180347
 961432
 274426
 101622
 762636
 827999
 6763
 397995
 419370
 281745
 1006788
 1043276
 454209
 235324
 451595
 81876
 623142
 687742
 209671
 1061072
 453664
 106798
 321549
 759599
 12303
 90413
 674841
 494849
 484274
 91346
 927464
 46274
 397139
 599823
 789597
 551110
 659341
 352704
 227436
 785144
 152073
 588970
 220871
 724391
 836178
 616870
 378085
 30689
 165461
 435260
 383670
 206677
 836613
 296744
 956882
 600073
 1048408
 570572
 114290
 823611
 578730
 536478
 79717
 287299
 364944
 814630
 849260
 1069976
 347778
 135798
 218016
 586103
 160467
 395722
 144707
 800410
 277494
 902024
 956116
 328016
 1038473
 240768
 133122
 520552
 905166
 247508
 443680
 863573
 1073883
 36749
 756017
 376244
 703055
 214420
 429868
 986328
 804268
 463739
 533815
 1090056
 647412
 815394
 384711
 791586
 859467
 820557
 917525
 1085307
 321586
 690567
 831004
 429552
 168699
 808413
 1029880
 220614
 934845
 867225
 1055693
 192338
 935940
 550516
 1038028
 16015
 1074678
 567255
 1004631
 221739
 1092220
 415158
 300618
 334286
 900695
 175284
 288942
 307306
 952256
 489502
 820345
 1070954
 388698
 781512
 1044057
 1005668
 240916
 131849
 824565
 228518
 826321
 1024791
 718565
 765572
 465920
 310519
 994986
 325144
 1085937
 440616
 304915
 819684
 78701
 1038393
 761726
 1083061
 666730
 562070
 869426
 410434
 103770
 964890
 234793
 874761
 134099
 267713
 149071
 1095822
 315306
 95935
 648694
 424404
 808912
 971219
 466538
 819802
 853927
 1007256
 264329
 323902
 587510
 2911
 646018
 1021031
 225341
 844004
 163147
 84969
 891867
 700473
 43861
 1049815
 781636
 1016268
 41295
 618293
 844252
 603546
 956858
 1019547
 330840
 705116
 173407
 736915
 615270
 71024
 131004
 178744
 973152
 248835
 429798
 176725
 869470
 782336
 166184
 902236
 242
 229706
 214951
 844392
 20187
 907336
 892914
 745804
 749763
 7193
 749000
 656778
 1085273
 865813
 347178
 297619
 446157
 337763
 978893
 907836
 635275
 74422
 504795
 134829
 20194
 663075
 468679
 920803
 826042
 1097653
 350283
 870958
 231747
 267999
 227331
 209813
 15395
 137387
 740290
 329233
 598814
 7764
 387477
 637873
 470779
 492006
 166464
 170117
 253394
 801145
 787288
 752622
 356655
 219006
 121580
 31627
 483389
 197924
 952295
 952364
 79819
 951820
 701697
 134370
 462675
 370652
 601796
 23017
 514307
 984596
 441634
 1081499
 185510
 684156
 254159
 308424
 710600
 1050890
 1047656
 892274
 737256
 662592
 982988
 354865
 496276
 832111
 247440
 87271
 833360
 488193
 586841
 471412
 972751
 1040657
 662062
 225139
 1008143
 685601
 782855
 12432
 356344
 743041
 444391
 686458
 325894
 389597
 469855
 1039146
 801722
 135838
 339845
 982478
 168352
 212350
 933413
 195015
 371697
 1077649
 622213
 475414
 594502
 237566
 986057
 87500
 623759
 331783
 444568
 809206
 493525
 3833
 302475
 12596
 544237
 281059
 454011
 949971
 634993
 838777
 182417
 595604
 903024
 268664
 338265
 888283
 499699
 31798
 634564
 1097969
 948493
 13013
 695341
 180880
 518391
 55858
 407329
 461998
 155633
 68395
 304350
 976649
 459973
 426182
 406102
 507722
 703333
 562938
 328438
 999793
 320327
 919261
 1017905
 174244
 767245
 150815
 666896
 151263
 823598
 381008
 649910
 398898
 891175
 233210
 806471
 547926
 726122
 745355
 502635
 694381
 308727
 651264
 519070
 279862
 257519
 372899
 248998
 1004799
 345271
 38394
 847571
 835783
 324799
 331864
 242024
 427857
 430445
 503138
 875389
 173635
 426678
 1075647
 551836
 1003742
 420997
 297245
 922470
 602223
 610003
 931288
 852573
 594978
 974246
 562469
 669694
 552048
 104565
 86803
 878261
 399443
 1009167
 1012138
 607512
 387570
 460756
 64145
 289633
 328460
 543888
 215032
 771732
 802711
 548401
 931319
 650177
 606718
 215651
 24620
 607773
 718638
 553818
 718387
 427556
 568434
 659385
 322352
 858068
 28542
 696236
 189225
 202391
 422509
 353191
 754293
 35839
 290720
 558490
 575160
 305689
 1050355
 358567
 491746
 988021
 11385
 318164
 243519
 436267
 601762
 67819
 444370
 99343
 1016070
 380272
 49502
 536383
 823914
 111508
 525796
 690684
 1026135
 161401
 67142
 738075
 418352
 274119
 111137
 456664
 465426
 683578
 131117
 734866
 281739
 873262
 1038442
 300045
 781392
 1087486
 824993
 974483
 960824
 114436
 304326
 436979
 989128
 654875
 859249
 1049706
 185720
 1078511
 853897
 593753
 146979
 245327
 532900
 568485
 244904
 95623
 373546
 323345
 19898
 135050
 224667
 519441
 1021881
 409436
 462459
 548525
 759359
 851516
 979010
 311547
 549483
 173674
 760196
 441740
 189697
 315354
 1005471
 11911
 1003433
 360602
 320816
 572155
 30371
 117843
 1016565
 664628
 63656
 10272
 1028424
 238901
 12201
 195620
 827522
 1031868
 230244
 897707
 277007
 1032098
 843476
 740582
 293254
 556241
 918406
 646660
 954159
 832874
 1086508
 556237
 171089
 982241
 374925
 729277
 88531
 38723
 394284
 354886
 1025483
 323153
 544472
 388821
 633738
 904814
 953183
 37526
 753638
 229572
 185870
 497805
 953095
 301386
 630123
 205000
 607056
 126894
 54309
 290159
 1066941
 346530
 65792
 170794
 171417
 27392
 669730
 93508
 888716
 151339
 140124
 318609
 942703
 673034
 362725
 809399
 476588
 722158
 719748
 607784
 136416
 713781
 718711
 931136
 523032
 117250
 1075733
 1035011
 734649
 176382
 673443
 829267
 117308
 315423
 947844
 94953
 979743
 1076893
 540384
 518727
 467661
 986267
 117122
 1094144
 845500
 669135
 1589
 834526
 976491
 831676
 1060561
 642497
 336196
 1090727
 714955
 994979
 570342
 158900
 788289
 44551
 884641
 508481
 11713
 358756
 568263
 265534
 1012404
 860
 633931
 491303
 203993
 96661
 887502
 193742
 673772
 393560
 303353
 198271
 711766
 222062
 848985
 930936
 1055624
 894592
 759052
 232635
 758102
 609445
 996493
 883653
 218547
 794476
 943938
 1070847
 434096
 853215
 563764
 528341
 146073
 837595
 420130
 231699
 177482
 899868
 513076
 614941
 383022
 405129
 795938
 209303
 881495
 1035446
 1043065
 285037
 399026
 1075132
 592370
 38199
 411536
 825745
 361257
 228689
 256554
 547466
 629735
 690086
 662427
 824691
 436887
 597352
 827165
 895246
 981963
 342641
 381839
 162899
 527219
 148006
 521394
 832229
 246934
 198462
 81461
 548435
 948294
 832163
 980997
 715786
 869206
 1072758
 801800
 169466
 1090745
 31204
 611904
 65118
 279714
 1049765
 587536
 257034
 725714
 393087
 25235
 234118
 1058151
 541356
 719396
 878587
 337608
 969624
 315369
 185021
 790311
 485967
 296928
 611343
 318448
 384806
 590681
 911142
 836392
 256435
 1773
 1015343
 269178
 836916
 1046982
 407051
 550860
 711504
 544826
 236610
 168553
 735839
 636079
 53065
 482934
 966822
 983884
 1087664
 418266
 61205
 990520
 758102
 173364
 468217
 416990
 403171
 622832
 236851
 665530
 73901
 728143
 685313
 712661
 750952
 111776
 117035
 837533
 148114
 752069
 925026
 1096546
 89460
 79699
 487112
 331872
 404375
 553956
 772312
 711112
 69841
 572772
 542773
 344537
 984734
 978234
 469117
 59544
 136414
 1057179
 725472
 1063712
 717298
 312766
 294478
 265563
 861459
 749311
 19412
 179221
 894144
 897838
 712370
 517734
 239787
 723552
 917454
 1029585
 965244
 293103
 537819
 145492
 1021008
 469907
 736547
 817987
 478179
 415084
 394369
 878704
 422874
 744190
 546716
 762410
 220349
 406955
 46089
 63076
 655348
 130414
 982800
 316181
 465431
 43541
 556180
 394870
 675336
 489736
 1004488
 328936
 638192
 700665
 670164
 931593
 206220
 972595
 732335
 907606
 334660
 460525
 232195
 326783
 207607
 201445
 619146
 4455
 235738
 736504
 393855
 568033
 290344
 1000708
 464552
 447010
 146971
 112846
 560993
 749128
 743062
 235010
 554829
 121817
 1043720
 554756
 1031487
 825063
 978479
 1027427
 786153
 495110
 158937
 834936
 193941
 422323
 165109
 131525
 281977
 778390
 554820
 570002
 653003
 207453
 213141
 806823
 215639
 473759
 796899
 553744
 1034801
 887488
 237684
 128044
 62863
 635604
 1099932
 241758
 198889
 762833
 690579
 389841
 251745
 890819
 939843
 445533
 1017303
 774014
 261471
 284617
 618174
 123919
 981589
 814132
 325746
 650858
 553149
 657163
 926334
 715043
 48149
 934661
 670703
 833975
 230565
 6896
 370825
 782864
 517073
 872642
 282128
 407839
 214547
 668162
 819964
 709722
 1050491
 701866
 919555
 933804
 464657
 402380
 1078282
 498406
 867997
 936238
 813302
 146737
 722995
 719725
 804428
 991222
 34815
 485817
 535964
 360849
 727131
 987162
 797699
 450352
 79370
 578631
 618927
 614425
 1089269
 16515
 844359
 370037
 59913
 198206
 766273
 806946
 816108
 150815
 1052134
 1085015
 423053
 1098559
 76343
 208191
 1087735
 271148
 2852
 172704
 424898
 324343
 66665
 365106
 261166
 1037982
 644345
 394888
 306824
 100267
 54907
 958980
 295872
 35732
 853669
 739720
 315730
 385056
 397787
 1037287
 385991
 309785
 638780
 563885
 427192
 44167
 542735
 287667
 498905
 337589
 458956
 1042629
 955786
 306407
 769339
 1013115
 651412
 321192
 686010
 1024462
 246938
 188006
 61928
 379238
 799467
 214736
 24920
 211539
 618305
 930554
 163576
 95039
 333141
 542801
 300450
 371777
 891404
 614035
 577992
 472166
 382363
 593073
 850164
 55000
 582265
 671439
 653435
 881143
 738418
 467924
 494717
 193016
 616403
 66629
 358884
 70332
 848924
 984666
 1056153
 950652
 311400
 9848
 513918
 213508
 485260
 208413
 345449
 30974
 107033
 156931
 76169
 670489
 997435
 953693
 479625
 914443
 515850
 228488
 8981
 138613
 1059835
 656624
 933793
 263679
 394665
 18693
 317321
 1012957
 169171
 296802
 155876
 900399
 740890
 31037
 389043
 938700
 983715
 339591
 842952
 403325
 666390
 375272
 1015367
 980476
 543078
 30920
 344610
 697788
 310121
 482380
 413438
 809714
 225402
 816473
 692761
 419646
 61987
 440226
 498958
 667444
 1096507
 1053445
 1085646
 951354
 29308
 453276
 733815
 631094
 408124
 724717
 577826
 737821
 901406
 722769
 489044
 11064
 1066618
 784124
 665178
 39082
 150775
 926898
 786565
 863502
 363793
 378807
 455167
 892265
 158560
 205625
 788190
 836557
 700102
 555015
 371853
 412157
 294058
 244079
 444856
 431310
 703913
 492553
 74132
 729381
 149857
 930069
 3523
 109419
 476931
 883392
 792450
 989594
 924737
 574293
 948007
 904022
 58739
 891591
 179020
 215894
 862881
 53528
 53233
 222938
 390428
 417570
 219205
 1007685
 934200
 620217
 761599
 46438
 44584
 202167
 883927
 1045062
 176777
 227976
 365570
 544726
 700913
 302967
 510665
 857386
 268508
 337894
 529777
 881721
 439987
 673288
 745003
 384947
 301270
 464238
 836590
 1028058
 441515
 942563
 880478
 621821
 956924
 814602
 841766
 307034
 332303
 28921
 787600
 1066631
 126914
 752336
 131002
 1087621
 1055016
 262861
 237485
 783308
 961320
 954786
 61638
 665729
 980949
 370764
 872422
 1006762
 47093
 214172
 907728
 336317
 639584
 750932
 262011
 466598
 168803
 414251
 237204
 21890
 665029
 72830
 647291
 102954
 595475
 775159
 464280
 422936
 1039581
 499259
 530729
 361783
 499891
 714790
 962829
 995065
 24810
 20664
 93083
 234771
 705626
 98437
 633120
 274435
 379583
 980959
 596408
 757746
 31796
 266483
 277005
 915160
 857170
 934757
 808101
 484721
 346967
 607031
 498010
 391919
 377087
 752500
 460016
 571070
 505493
 663438
 699495
 658458
 1091605
 831466
 576781
 287386
 296523
 900118
 79697
 265914
 619307
 458108
 1086738
 710735
 617143
 45541
 1089933
 542828
 788967
 878725
 166104
 319674
 694925
 247455
 328274
 985427
 678290
 861501
 522321
 645270
 967417
 648692
 453203
 888175
 1073395
 592446
 95444
 310756
 706593
 156176
 700356
 771630
 812039
 38226
 69915
 736678
 111923
 365825
 425650
 208030
 418184
 870858
 887319
 209373
 519588
 827937
 890835
 39782
 919437
 1018863
 685254
 500324
 579057
 943313
 795088
 92937
 850929
 622273
 1080268
 230089
 672635
 709878
 862287
 421180
 224529
 554801
 886295
 76082
 850849
 206535
 625775
 725092
 166319
 454519
 929903
 641566
 790165
 395561
 931567
 1000818
 833596
 417881
 120419
 968499
 821800
 524742
 723580
 127606
 33348
 50318
 618087
 241562
 293364
 652009
 292551
 1042450
 852195
 116888
 832742
 754718
 4226
 977007
 208854
 954906
 632187
 850563
 180461
 647537
 508541
 495919
 588590
 1013448
 377128
 956909
 1044783
 415810
 564801
 574483
 221895
 85102
 342041
 168953
 788911
 950434
 342199
 943768
 308245
 277360
 524935
 287928
 1073601
 323035
 530871
 401005
 656264
 690073
 165380
 1079861
 339235
 446619
 284168
 264906
 744558
 981694
 251136
 436672
 632972
 1069716
 894585
 644739
 515550
 332074
 822448
 96761
 534276
 1070381
 97740
 669197
 438320
 261333
 105673
 521805
 593391
 800695
 33191
 832329
 869575
 841260
 108958
 668939
 937961
 842711
 228411
 123330
 1031674
 274305
 54345
 20207
 673593
 168072
 516816
 559960
 43753
 392704
 535251
 250329
 1046192
 782272
 97290
 240344
 1015624
 977011
 579300
 866738
 1053297
 1065598
 894990
 89376
 609693
 416133
 666507
 267910
 920113
 796757
 525410
 9481
 664087
 895910
 584086
 451072
 890673
 227756
 367964
 875670
 608038
 570207
 722951
 323074
 1045502
 203936
 402072
 4142
 870557
 125435
 70129
 340678
 868071
 784569
 148701
 846478
 661865
 628846
 732342
 798058
 463171
 993842
 764002
 785786
 56553
 1081743
 241424
 300096
 645782
 902616
 385880
 319866
 612611
 992842
 654183
 182314
 463490
 50591
 811913
 1007459
 1044674
 1084784
 1066956
 235791
 700358
 332400
 296489
 527736
 880525
 528975
 505952
 219123
 952922
 131695
 759636
 964890
 963492
 219983
 647975
 715192
 589390
 149452
 420773
 1052900
 386486
 1059573
 452972
 347229
 896929
 314929
 188523
 536092
 98912
 308638
 148608
 459464
 885031
 650693
 716192
 1002555
 679495
 396747
 972866
 14085
 989913
 991327
 751400
 269732
 642998
 226453
 70105
 284446
 554483
 42393
 701201
 111839
 210814
 232162
 422225
 701603
 481283
 355535
 510601
 439019
 374786
 9906
 378037
 359998
 643402
 990403
 322226
 500136
 658036
 806650
 339197
 58711
 786627
 1059713
 478314
 1048924
 652703
 609365
 680350
 218496
 136704
 1038129
 962907
 928708
 1014535
 232217
 783830
 276129
 753554
 682529
 403756
 483494
 89106
 257339
 687529
 501981
 968798
 586882
 652615
 18371
 1063142
 101838
 278480
 773916
 548359
 137777
 43812
 28850
 481681
 299100
 130736
 157849
 266163
 1017465
 426639
 160755
 576015
 628084
 853780
 858365
 154756
 869208
 228722
 865015
 325883
 441731
 797578
 414256
 145838
 333615
 475350
 970488
 429533
 900634
 723862
 1064791
 471146
 328372
 993822
 841484
 773576
 188385
 532904
 206669
 474961
 499549
 241988
 325013
 1069291
 361033
 200215
 163262
 189509
 937805
 36986
 700123
 1040025
 283695
 370654
 1092962
 664273
 376127
 461465
 846075
 919985
 12758
 4290
 145257
 995455
 1061033
 898230
 833404
 662847
 490403
 191161
 562339
 696510
 711111
 781684
 750281
 191557
 978539
 986253
 227371
 496109
 31917
 574189
 796632
 71301
 279355
 430130
 815832
 14462
 458401
 1010953
 616083
 480171
 162891
 786093
 594462
 279507
 478287
 939753
 407262
 70303
 142195
 1075166
 185703
 101828
 685127
 465793
 355437
 656980
 76464
 755192
 61960
 850225
 101811
 310761
 698278
 528744
 798628
 178315
 964240
 92724
 883156
 785212
 285302
 131848
 475327
 697083
 854228
 230272
 665579
 774978
 154394
 877027
 71384
 346073
 22804
 551849
 440376
 568992
 878370
 498201
 1051877
 396176
 201572
 50541
 848327
 55666
 498794
 358092
 96236
 870199
 399308
 954122
 211432
 539824
 285771
 640142
 927483
 360084
 258588
 889298
 1041042
 1089796
 229245
 530805
 156889
 186737
 737352
 523673
 412351
 499316
 14304
 653523
 272349
 126490
 800665
 1004636
 509118
 831130
 741121
 1023623
 937958
 959067
 171492
 177117
 631183
 838645
 515968
 452493
 54683
 660363
 928745
 187747
 837260
 185770
 546061
 928778
 8928
 932021
 799515
 349579
 307197
 361762
 846529
 320012
 1098946
 165412
 978673
 1053346
 603591
 1007124
 104522
 384611
 714827
 548549
 340940
 289763
 236499
 450198
 714643
 439043
 313128
 398348
 781158
 723750
 608278
 789779
 925310
 134834
 190303
 411037
 789188
 445368
 13458
 488065
 785996
 802991
 155876
 900841
 540142
 176625
 101222
 364524
 1097670
 1094513
 901780
 1043993
 25452
 403671
 36172
 1086970
 890002
 496477
 446546
 734988
 125387
 193500
 304776
 291567
 259498
 1039816
 510541
 771125
 679576
 865230
 578871
 158293
 510232
 808151
 371015
 1022916
 448822
 661109
 802331
 954248
 411678
 102825
 519239
 660778
 850632
 70187
 280175
 832019
 769926
 501603
 992832
 355206
 301700
 203934
 872447
 440807
 77059
 629312
 972837
 743977
 289362
 197181
 964278
 95745
 1030790
 549160
 183901
 469124
 199607
 42640
 1015553
 433511
 329030
 361049
 388109
 962354
 361751
 923118
 842863
 104344
 79583
 297415
 533882
 332488
 651952
 308559
 320370
 913279
 453138
 294814
 405838
 1009238
 747792
 355392
 681323
 691280
 610412
 744161
 190595
 284316
 210438
 944980
 811257
 581535
 855792
 760186
 754910
 575855
 540260
 7838
 76714
 898526
 141408
 1072061
 314545
 822697
 445113
 227866
 122929
 892093
 792140
 697226
 49457
 331385
 91810
 725607
 503639
 128702
 756324
 210403
 897960
 29106
 603737
 552310
 131632
 771036
 12936
 353555
 557368
 482955
 918720
 973210
 263894
 985239
 767992
 102076
 299786
 778174
 887442
 289828
 803479
 468537
 682400
 526803
 1045923
 983366
 233627
 37233
 863193
 687393
 617945
 223832
 82889
 826560
 500190
 66280
 1048480
 698357
 679310
 81911
 117218
 320380
 780163
 51628
 507396
 469178
 169915
 1090084
 129665
 750016
 667839
 465404
 530821
 306517
 496933
 573894
 1089647
 151023
 202373
 525911
 111745
 23236
 312825
 757794
 1038286
 389173
 790423
 249503
 133776
 749276
 194228
 115549
 243863
 116660
 344569
 252149
 320560
 813612
 607996
 372661
 611784
 639602
 855041
 63316
 339794
 971832
 1034709
 379926
 1057183
 832432
 619883
 992330
 479104
 713863
 491744
 756468
 1006183
 512477
 815956
 787803
 956774
 1037031
 761561
 824814
 1040401
 1004116
 1041306
 209962
 286773
 185969
 465277
 354332
 442104
 339543
 99744
 466009
 428742
 850112
 357058
 806532
 494872
 546843
 48700
 946302
 413359
 730750
 401099
 501170
 465372
 197763
 509063
 186561
 249877
 905642
 451566
 409990
 431156
 255789
 117513
 425224
 880154
 250159
 690385
 820712
 744383
 470589
 94414
 686526
 248097
 772544
 872668
 246826
 629388
 306993
 723063
 370071
 519161
 918602
 655719
 156772
 453812
 43283
 539191
 168659
 281144
 870991
 607128
 263284
 491690
 828041
 308442
 559715
 906237
 931816
 89445
 873682
 72475
 424993
 1093946
 858962
 389384
 881393
 567033
 903057
 956150
 853690
 595413
 377372
 92179
 487482
 852311
 85707
 496819
 625501
 20017
 367130
 383651
 645020
 764420
 885954
 360788
 939417
 803412
 3964
 727761
 141656
 967283
 871128
 545103
 631073
 515675
 193341
 604588
 742585
 969552
 269365
 335468
 513037
 995449
 534530
 372242
 890547
 69917
 525084
 536551
 752292
 579078
 775017
 201351
 213203
 247939
 944402
 550090
 780380
 139560
 551331
 1006174
 231130
 911512
 402891
 410777
 632465
 562656
 451276
 722694
 356585
 136908
 998932
 713689
 162796
 475108
 847438
 664524
 199497
 522422
 16548
 599663
 11028
 95411
 173554
 114552
 807679
 209432
 671696
 277634
 1029026
 539423
 568497
 953670
 787923
 384969
 352336
 691054
 1052940
 757051
 761317
 1049319
 307198
 262480
 1037710
 763642
 684289
 142295
 631602
 779342
 776511
 974358
 307285
 1005965
 1073795
 1069860
 306620
 644696
 542753
 1022580
 317940
 760761
 751623
 1060918
 1037783
 241023
 741321
 752222
 1080564
 538575
 692945
 336536
 216937
 944475
 138427
 496212
 996726
 558186
 405665
 348938
 224184
 737901
 121865
 329035
 347735
 287137
 957748
 982115
 5742
 408442
 220387
 1046332
 335789
 805314
 915623
 38538
 1019692
 929909
 462026
 934791
 149243
 754285
 984739
 245283
 705786
 196927
 886362
 221375
 794224
 146098
 667152
 413129
 123280
 423569
 337229
 605521
 958988
 1051424
 902626
 595168
 859092
 33882
 581107
 641086
 90868
 743333
 785863
 448931
 257689
 339275
 71301
 748216
 775793
 762192
 940187
 440632
 36613
 29226
 1082294
 686273
 198351
 211563
 210432
 669643
 524390
 310327
 580567
 773000
 301252
 710370
 861322
 79408
 595035
 1001349
 647216
 756230
 486894
 312262
 253503
 813944
 703870
 1023019
 244934
 196434
 779398
 1006937
 1013526
 996676
 771921
 328916
 587664
 128949
 226227
 581536
 695325
 279076
 19115
 899256
 659858
 734698
 381707
 390579
 432448
 77682
 626969
 936114
 170609
 379320
 535532
 151909
 201475
 186397
 168418
 1082469
 109531
 456974
 366390
 493842
 1031217
 251670
 131244
 37690
 746323
 20144
 822540
 624675
 614174
 495083
 740969
 414317
 322199
 166283
 474835
 349969
 711209
 671920
 796983
 218996
 522261
 393206
 251281
 733532
 970326
 443733
 145641
 438583
 993025
 271905
 234751
 717187
 851245
 1039778
 849257
 228906
 183886
 211057
 729234
 499067
 397731
 313604
 1052362
 1020223
 597475
 223763
 697066
 613605
 789301
 132608
 150669
 333708
 672084
 1065067
 226114
 1030742
 973520
 673796
 260497
 410584
 800452
 83546
 143925
 13312
 907860
 129907
 256015
 220763
 50023
 983309
 328334
 211830
 652797
 443407
 109331
 1009639
 885348
 926167
 432819
 1078301
 912978
 234678
 141286
 980664
 202723
 178966
 322110
 442235
 1079720
 262531
 294299
 41759
 446342
 466205
 806025
 217445
 843459
 391431
 61995
 393883
 189304
 200815
 643396
 630418
 543574
 523010
 203191
 397353
 784274
 51936
 44896
 214565
 518443
 275517
 312836
 543485
 423099
 1092360
 963499
 342745
 586140
 1026226
 470678
 271316
 626241
 693229
 51951
 264405
 428906
 380257
 548137
 754276
 1076028
 863607
 159480
 549930
 506519
 994532
 654841
 632510
 373111
 859673
 50002
 135625
 1016843
 900981
 505076
 53438
 831075
 550772
 1049748
 329883
 641758
 448492
 679225
 896418
 723106
 292801
 900807
 599062
 920967
 1082657
 86372
 403215
 1036613
 594217
 6976
 613168
 342714
 476008
 529703
 1052494
 190734
 1061101
 735492
 390492
 871184
 511165
 741686
 559764
 612959
 900525
 649916
 652807
 127763
 516359
 931648
 861358
 47077
 756988
 243524
 230986
 5142
 552371
 687785
 411822
 964908
 115893
 692546
 915352
 411521
 353791
 456838
 393960
 1047363
 165750
 760632
 219457
 771299
 1068345
 671027
 419873
 544358
 1038053
 106125
 336736
 703879
 886998
 534745
 327906
 976279
 407647
 889778
 163801
 544047
 462601
 96434
 216720
 938463
 528144
 794317
 396228
 188434
 148523
 624716
 478887
 853322
 453829
 250310
 389325
 661172
 766327
 639990
 574757
 241877
 1065747
 43279
 310163
 354819
 745765
 365644
 1079011
 721095
 277801
 766224
 262284
 942934
 766825
 791232
 68586
 631762
 779863
 415522
 86768
 878955
 613511
 587538
 195901
 111574
 295886
 752582
 1050547
 227324
 897713
 446217
 428986
 67516
 84564
 12096
 259438
 32828
 697894
 407465
 492469
 502300
 165147
 977695
 67567
 725027
 123549
 749603
 681389
 489608
 871802
 613776
 770184
 562064
 813028
 818758
 705280
 421820
 212464
 912191
 516186
 392486
 239579
 790553
 160700
 35298
 199199
 857738
 824362
 700793
 902278
 318040
 1023611
 332756
 578130
 248502
 479346
 960529
 906412
 781024
 639737
 997750
 455000
 172015
 865159
 548577
 643351
 849988
 738735
 186582
 919885
 476425
 137647
 1035298
 401534
 756685
 417252
 298084
 316830
 601837
 657731
 921830
 172464
 821666
 382007
 983218
 375689
 96947
 586058
 450773
 888384
 130822
 198708
 981424
 801733
 129897
 566968
 1050729
 485511
 554436
 900599
 220402
 387306
 692980
 1067648
 797964
 675842
 466875
 818943
 278217
 636906
 504946
 56263
 287601
 711242
 299895
 892053
 417019
 292956
 596903
 815833
 101505
 649708
 1005756
 217797
 841159
 888421
 655529
 284399
 222168
 593962
 322564
 997411
 568930
 382720
 878024
 987099
 658769
 751149
 1077436
 327166
 878975
 312064
 592760
 983826
 311931
 939180
 1066281
 429604
 848623
 330153
 885453
 33050
 837088
 760995
 1024554
 614134
 567950
 685110
 643445
 960713
 605831
 426021
 149947
 274142
 316534
 906731
 1087580
 502060
 954296
 783699
 21191
 538388
 185818
 470296
 472805
 847638
 283574
 566889
 383751
 1096972
 249000
 515868
 792870
 544582
 994857
 216174
 322088
 420590
 578842
 604525
 669563
 714799
 177054
 19439
 867143
 451653
 98265
 11818
 1045189
 204252
 895828
 916406
 295229
 37733
 954666
 891952
 900587
 278739
 778699
 1044559
 730979
 255457
 299622
 770920
 963118
 266099
 76700
 664646
 119179
 1013218
 929963
 56484
 541696
 1019392
 781922
 471167
 266749
 447978
 287758
 298751
 160043
 629248
 330516
 124237
 634294
 68861
 27417
 570316
 941775
 1090519
 907597
 399233
 724428
 626250
 570220
 417654
 764713
 295653
 66241
 43991
 176221
 749472
 438808
 1094997
 874622
 684764
 657054
 35080
 902588
 877574
 856785
 1069971
 961693
 515903
 667129
 129329
 185430
 290847
 537685
 680870
 620620
 851020
 1094086
 471909
 609500
 497720
 156090
 307214
 962557
 277274
 326192
 734935
 9685
 947311
 765599
 226889
 65583
 770000
 202734
 434801
 873214
 467277
 44807
 187182
 189884
 603524
 592976
 326016
 886558
 87426
 145997
 1053078
 46648
 514253
 933715
 106821
 992051
 95711
 153979
 439375
 1053870
 1083652
 152107
 103383
 660472
 476172
 13140
 64601
 1089344
 608390
 10843
 282135
 433920
 121716
 567197
 3628
 959594
 117554
 1085062
 263253
 413894
 353244
 749830
 50
 1084455
 68754
 119100
 882924
 455552
 191680
 1008962
 348995
 90719
 434242
 266822
 617595
 386068
 85816
 497260
 757385
 849969
 289441
 809301
 375098
 457487
 838963
 112972
 762031
 802704
 887713
 700950
 1055586
 403576
 895477
 343814
 142187
 264727
 888707
 830796
 34810
 443072
 880222
 761483
 308491
 673379
 1067253
 230754
 786028
 675863
 653167
 591563
 382272
 802059
 577914
 260613
 366314
 215098
 477316
 489867
 733241
 488913
 526260
 613550
 499454
 765415
 88586
 111093
 51929
 958317
 755231
 4802
 185712
 195823
 296651
 353815
 585883
 1067627
 661560
 825410
 902507
 256490
 650536
 568855
 317337
 139715
 687679
 158655
 1033012
 178838
 467812
 222253
 422560
 611079
 793305
 460347
 989552
 662340
 776505
 846087
 948334
 351649
 1093694
 598576
 371917
 942397
 673767
 4262
 797948
 233693
 522829
 983542
 913804
 153065
 163107
 390854
 824809
 454975
 115067
 1085579
 136416
 1032652
 536012
 625970
 105537
 221339
 558093
 933833
 587281
 624785
 668787
 186093
 869333
 406526
 984150
 128420
 378334
 1098868
 748820
 167065
 70959
 46516
 87568
 1010886
 782845
 249313
 173341
 655734
 1041299
 639599
 1009352
 531804
 332062
 651511
 979360
 1066391
 692939
 4632
 255732
 947505
 758755
 870175
 944877
 911010
 568542
 290250
 581724
 955132
 382262
 419567
 451078
 397689
 816073
 475405
 903274
 777531
 960723
 662232
 121644
 824286
 1004013
 685658
 760162
 868424
 950963
 95035
 883027
 5572
 735435
 770104
 451549
 86341
 373835
 226528
 1017003
 724388
 910703
 409488
 361417
 584320
 682687
 621870
 433964
 1088201
 1029943
 414929
 392513
 534590
 891266
 881504
 134863
 783066
 1032134
 817159
 478136
 831941
 685058
 634953
 96598
 649901
 965661
 575503
 533045
 136220
 925919
 588397
 318646
 1037744
 17780
 854844
 156701
 273672
 133929
 591886
 510362
 518816
 3948
 235534
 297812
 389715
 420356
 1062247
 249202
 510911
 517323
 642523
 924499
 447400
 379492
 180217
 392131
 43440
 478564
 777731
 769480
 493727
 725318
 688977
 757918
 578652
 611848
 523548
 144287
 235388
 687236
 860731
 425398
 110715
 624530
 523887
 740091
 227434
 972401
 22005
 255254
 365264
 744189
 873689
 649550
 436516
 564840
 557217
 296491
 441088
 443411
 743295
 582527
 976220
 883155
 145796
 1007700
 463514
 226273
 319964
 330711
 351237
 378692
 793576
 191553
 642222
 980865
 666796
 1034613
 234591
 1081808
 875052
 262482
 793351
 147602
 243835
 144170
 491299
 925345
 973787
 252469
 235595
 734188
 1086813
 188713
 743799
 203025
 678765
 306032
 568843
 1033111
 67592
 574583
 207583
 489656
 881708
 145016
 220685
 659032
 819856
 858726
 151980
 21962
 97090
 474636
 698133
 984164
 548253
 876668
 1001574
 1066589
 692495
 950259
 446991
 342379
 128718
 886612
 458207
 80204
 774301
 225452
 445644
 968009
 107827
 78948
 124055
 459714
 341812
 23311
 317334
 581898
 73726
 753683
 787628
 437946
 286856
 1090062
 546100
 814698
 506879
 389059
 722640
 356854
 74642
 990004
 507817
 680001
 1075997
 631734
 801620
 435631
 759069
 357118
 126711
 300537
 745555
 128721
 709931
 100973
 425123
 793215
 691950
 895442
 614001
 177473
 688114
 927033
 730604
 609144
 1087564
 793108
 193590
 377463
 821738
 25786
 1043877
 64760
 210292
 126026
 921106
 349463
 871655
 246478
 800833
 355828
 1043763
 390419
 868671
 263747
 167064
 382700
 94693
 690818
 776247
 988756
 1052577
 465349
 612564
 1059394
 865133
 508959
 480300
 464365
 449253
 138203
 859533
 555569
 1077273
 17557
 1068263
 888593
 827577
 517535
 704271
 811689
 90191
 397948
 949029
 495851
 689150
 411816
 67390
 1019737
 28128
 353090
 120872
 978656
 693086
 559845
 590747
 761448
 89199
 148567
 680314
 587623
 598010
 800390
 879700
 875162
 225849
 161004
 239741
 789872
 578485
 129956
 203145
 158768
 712
 427161
 692211
 97411
 94913
 328907
 655470
 1027331
 463658
 948790
 1059807
 384808
 448348
 1092748
 451510
 749441
 191457
 223402
 280107
 903506
 555833
 851213
 657037
 880151
 500600
 1061671
 469016
 394135
 332995
 530837
 412416
 801796
 923223
 854633
 620452
 312861
 922771
 1006893
 552506
 374935
 597336
 926889
 415346
 251710
 998243
 177734
 391647
 387566
 962551
 54864
 986950
 933952
 976967
 368551
 1082440
 501093
 411367
 606308
 714537
 1029938
 744851
 578384
 834369
 972297
 488237
 573335
 78002
 877250
 530680
 824344
 650615
 1096353
 278052
 1010780
 239633
 601003
 384508
 218424
 35139
 1040620
 215757
 881525
 529111
 944681
 51854
 99704
 847963
 709600
 296063
 94748
 280908
 600359
 418184
 48099
 203644
 346661
 799735
 165243
 412242
 778070
 393894
 1080942
 36699
 440769
 72400
 622782
 59138
 697438
 192526
 807080
 639379
 458238
 983932
 265768
 159817
 1018522
 303649
 367821
 475730
 263610
 575378
 6634
 416725
 182930
 889512
 725777
 722602
 706175
 1007098
 62895
 375703
 107019
 814229
 665386
 538652
 435230
 235068
 1033116
 680764
 229794
 413125
 158249
 1054835
 766462
 301766
 216323
 895606
 502518
 472084
 335469
 33966
 76142
 992086
 426162
 788141
 763921
 771715
 398281
 778049
 461024
 710915
 424804
 620919
 552012
 646802
 1004583
 62125
 1075273
 685868
 733486
 1086285
 1063682
 209523
 597118
 547918
 1087275
 417521
 1084753
 560286
 4967
 1080228
 467807
 825209
 363146
 840992
 734637
 638786
 386767
 528993
 474276
 1039628
 157584
 989548
 970416
 807002
 532051
 670012
 633390
 435111
 15253
 640648
 407351
 463462
 824281
 65929
 118993
 271074
 889097
 574688
 306655
 1018139
 440373
 648318
 419317
 806027
 861654
 1067752
 416884
 1070521
 215387
 605437
 409778
 498708
 112517
 696304
 458176
 39692
 631113
 798364
 446642
 836507
 416874
 203182
 1099479
 474353
 888572
 600916
 143507
 644284
 734304
 1586
 709664
 141561
 1009409
 839678
 236621
 770076
 178176
 1049111
 501134
 394345
 22909
 869585
 337084
 980168
 772187
 857075
 291216
 405376
 113688
 730389
 915289
 768142
 600585
 171150
 1092694
 287237
 754196
 581117
 986544
 149062
 654562
 612077
 229136
 904931
 106696
 479571
 941976
 571490
 1040942
 826084
 936437
 1077920
 324640
 1012954
 1008397
 480056
 690381
 1036353
 31103
 560411
 255691
 1017096
 93293
 513245
 862522
 381321
 1096435
 1039405
 801677
 467378
 929965
 218340
 849247
 58445
 221405
 117598
 1032021
 294339
 316852
 777143
 259934
 286068
 327564
 502377
 270210
 99226
 347026
 404559
 444029
 29510
 31555
 790599
 421659
 969936
 153525
 128633
 37660
 807796
 844580
 77915
 276021
 434549
 205294
 359161
 1063683
 925876
 802789
 716045
 229714
 101608
 414469
 166248
 366871
 87485
 496035
 567344
 737496
 200595
 199926
 205533
 65361
 11404
 94950
 635389
 225820
 929854
 316551
 912554
 263930
 467707
 91431
 481944
 228605
 507380
 885833
 721399
 53696
 572954
 863018
 789567
 558443
 654639
 632705
 731445
 859345
 103332
 215675
 535418
 555624
 621853
 619729
 537227
 400357
 142060
 715704
 566533
 315352
 181137
 439551
 880804
 705987
 937417
 290170
 123078
 669602
 917197
 866052
 763311
 825511
 842922
 874913
 618523
 1009845
 475252
 155628
 203334
 367006
 146570
 679089
 893519
 286534
 796071
 606641
 572701
 895249
 756662
 855831
 603331
 216052
 184226
 570527
 248836
 615745
 258496
 535394
 317444
 240030
 341333
 345706
 1085696
 999328
 771218
 1062906
 480372
 288645
 430339
 330541
 329749
 95644
 1051327
 341222
 547142
 436354
 706138
 114999
 292538
 573305
 468739
 319278
 200335
 1018538
 322896
 167157
 736311
 571334
 143028
 38892
 144600
 661964
 83944
 300512
 250166
 429486
 208203
 57644
 300371
 525266
 611076
 919686
 455830
 380128
 637277
 444632
 172525
 853675
 909741
 668284
 779801
 565811
 754884
 272453
 612230
 1090628
 625547
 393579
 553193
 687032
 32864
 853949
 771146
 378711
 766258
 723882
 356362
 863307
 50070
 679663
 406824
 154355
 66474
 890417
 839573
 534239
 781732
 461316
 156565
 400386
 501694
 37768
 619614
 543774
 308312
 428168
 290106
 128968
 913637
 759412
 261039
 623621
 800954
 920468
 739083
 767120
 731795
 13697
 237681
 840003
 944269
 169727
 549372
 160440
 1023608
 924845
 572381
 336280
 860288
 1085413
 432740
 85515
 1004215
 566244
 576795
 946952
 699783
 210177
 824339
 213907
 1072132
 285004
 388681
 502645
 399138
 683846
 379413
 130208
 1078676
 517411
 1055132
 1058853
 207755
 608727
 219024
 1045873
 563782
 1054793
 196094
 992876
 319631
 1024353
 138669
 979239
 557187
 288166
 1028196
 1010276
 690013
 65260
 542061
 371781
 991418
 256467
 771359
 92967
 418563
 838843
 552697
 1098200
 141497
 78915
 643691
 743134
 196721
 983287
 175549
 599676
 114660
 934125
 337668
 221402
 790916
 690591
 846304
 651851
 257123
 852957
 253970
 1057462
 570710
 653679
 742638
 205172
 1066835
 5875
 230878
 379095
 127311
 850363
 579310
 924419
 977982
 14475
 475811
 584272
 64130
 317786
 1021529
 357116
 1036745
 970915
 277941
 186102
 184753
 526247
 256119
 549513
 77016
 766575
 6860
 709012
 311503
 819148
 634394
 448068
 185087
 111239
 1035991
 1089676
 685571
 639556
 774776
 96415
 177652
 138733
 565875
 729197
 40693
 1013881
 688416
 327871
 393266
 743095
 420695
 376121
 257578
 179060
 620183
 236241
 291211
 940585
 636092
 839007
 634750
 812533
 989119
 713168
 559094
 311757
 83591
 660372
 1002083
 172109
 921170
 729062
 640336
 72653
 394593
 617458
 634880
 832563
 31322
 709034
 682838
 528196
 1060740
 250562
 971029
 70911
 733051
 521455
 253202
 435210
 825323
 393434
 508329
 969908
 25171
 564753
 822124
 526285
 16419
 488620
 359141
 823137
 734942
 859749
 759533
 413200
 1090063
 409875
 971258
 892054
 491395
 365241
 831038
 820951
 132064
 588661
 681672
 242335
 391647
 180926
 190020
 274780
 457609
 772292
 209391
 1095516
 894975
 539616
 264696
 379673
 1046069
 960960
 399610
 1082614
 259033
 978651
 69556
 540123
 645240
 829873
 900207
 969526
 633959
 58576
 307625
 586335
 1070040
 455922
 539562
 721011
 770801
 633827
 163857
 239828
 134687
 918570
 992576
 148002
 536540
 23356
 165840
 440889
 30235
 891567
 762170
 376694
 564814
 487809
 718705
 39360
 229579
 697419
 1023282
 805510
 301363
 673056
 49936
 634040
 211279
 81338
 651700
 625382
 830657
 1010394
 1050202
 596290
 873400
 1016405
 256548
 59949
 974872
 603299
 945771
 169437
 607023
 648644
 220271
 577410
 645402
 211215
 749431
 722841
 762232
 916438
 282747
 677852
 597028
 475987
 496655
 758637
 366543
 854521
 496563
 44996
 928768
 595047
 793213
 415747
 84487
 574536
 242528
 101688
 811694
 194752
 685890
 626471
 653788
 1068012
 1074821
 1010309
 916962
 477288
 1052239
 1046375
 1072056
 920839
 319055
 876383
 781676
 505081
 479271
 209111
 504828
 812302
 697679
 1088675
 845112
 361708
 220058
 518365
 1092637
 291261
 311387
 1038839
 129014
 922891
 680916
 465912
 85172
 1013458
 1044505
 571465
 1024428
 645052
 177192
 856
 383919
 12824
 983861
 288148
 501166
 935787
 767745
 1059853
 1034127
 239730
 293664
 742050
 527000
 860605
 750190
 218165
 833129
 1008779
 178567
 150638
 1010563
 601490
 230201
 10752
 147612
 346545
 301765
 900631
 857179
 593832
 252032
 898704
 626188
 696195
 846053
 3325
 128717
 1037562
 861721
 920026
 673591
 427649
 653201
 114097
 1044875
 553152
 248959
 512710
 165144
 1061098
 23602
 1098202
 43745
 565391
 740147
 509374
 250212
 65421
 234375
 653883
 1001699
 632892
 989038
 967683
 875416
 770496
 304030
 305683
 46990
 1095408
 334429
 1057967
 307507
 777166
 929238
 258422
 589912
 537816
 207464
 784198
 504158
 584487
 361365
 77159
 182467
 67915
 916775
 1054295
 380644
 553063
 728393
 223134
 538211
 104386
 246392
 456420
 46368
 301282
 792158
 437633
 297805
 857481
 280281
 227519
 270866
 941768
 1005906
 352536
 368052
 1022458
 1046248
 871946
 307479
 1082194
 771466
 3325
 144729
 871412
 1001680
 777042
 753723
 654964
 515586
 77934
 925077
 246683
 1025132
 1072415
 792514
 64835
 412423
 227207
 1032612
 32148
 739681
 1066680
 679316
 721839
 212554
 15496
 231610
 886501
 754050
 1008023
 790108
 111064
 874354
 1048538
 354853
 211197
 750858
 745932
 1003581
 262178
 540432
 864127
 450067
 208607
 46862
 954567
 345081
 538519
 447148
 32732
 608450
 320352
 302870
 193287
 997077
 255691
 753751
 959553
 675581
 982790
 29949
 388152
 2547
 655670
 933978
 1029033
 152165
 280551
 581840
 53281
 185058
 1063479
 561477
 722430
 1073184
 670649
 168356
 203087
 606988
 258953
 1072568
 372631
 617077
 325274
 1016982
 602345
 871605
 316432
 610251
 182960
 759239
 854082
 646090
 1002697
 546123
 759524
 398980
 481985
 832138
 125601
 43324
 773886
 639216
 588008
 419244
 323897
 636802
 460475
 672802
 329666
 304897
 115802
 603418
 1072971
 392213
 1065093
 379179
 1026487
 994597
 589013
 552894
 1014740
 504155
 712242
 10666
 475170
 75467
 542831
 354150
 743682
 514023
 193973
 339273
 407289
 971939
 731314
 811104
 424159
 1092647
 293467
 131868
 278485
 529469
 179882
 1086601
 1048084
 350142
 122956
 216420
 1085411
 333963
 131149
 51604
 1025287
 1010207
 117246
 381198
 952526
 108953
 983536
 428113
 994835
 931119
 142509
 922892
 228917
 147447
 398882
 795906
 754623
 391314
 843231
 621678
 141176
 1027379
 938652
 974044
 511758
 720057
 254873
 888221
 64454
 1084991
 129948
 705355
 900442
 883336
 189147
 772062
 116047
 206213
 321267
 762921
 53110
 1083117
 201596
 835514
 363431
 391732
 75697
 371979
 868026
 852788
 461065
 368449
 1070893
 666208
 854400
 364261
 949254
 279773
 664556
 651010
 833699
 252143
 311984
 346888
 397548
 332679
 363562
 672287
 913433
 1057292
 145147
 183076
 705697
 731148
 77123
 1066981
 502719
 557930
 801092
 461765
 160892
 849922
 631097
 596580
 516275
 991168
 944992
 472153
 753007
 217052
 614969
 654150
 536895
 341944
 606990
 845273
 850914
 17369
 70490
 21303
 983377
 240319
 251420
 508791
 666072
 450087
 613550
 529113
 316193
 904872
 1099390
 910322
 634066
 530758
 304961
 731935
 134265
 527093
 185363
 52107
 1018094
 37687
 875933
 79159
 151163
 1078776
 287368
 1085008
 400920
 538823
 545898
 66498
 705241
 910235
 980850
 703057
 53104
 1040546
 320157
 1063041
 59093
 1089543
 187206
 1019342
 1051413
 95105
 890129
 1091671
 788845
 376076
 172065
 652526
 692600
 1052539
 757960
 413488
 8409
 412805
 815109
 462527
 229865
 877021
 176162
 75090
 590075
 809226
 611738
 559261
 519749
 631239
 259410
 915002
 80319
 824864
 549148
 335485
 1057274
 138042
 247951
 660240
 488565
 846715
 548066
 621597
 458786
 1059859
 955596
 436232
 454891
 272996
 249557
 355663
 204146
 380443
 993366
 631611
 952191
 533856
 490729
 748437
 79499
 1094422
 790849
 774149
 435648
 1013192
 1093447
 77697
 565488
 852446
 540874
 520014
 422446
 860313
 855848
 822756
 313735
 360321
 871189
 99977
 257889
 372227
 671159
 660669
 126508
 586658
 514161
 257716
 835517
 90792
 23980
 360530
 32145
 443647
 525345
 299059
 962763
 362056
 323054
 465200
 590747
 443878
 93303
 357585
 18169
 568413
 777777
 211665
 763166
 711065
 688913
 853619
 201041
 543235
 982241
 227926
 65282
 970874
 793891
 720805
 436326
 1051836
 390809
 23006
 516308
 14583
 799829
 606101
 172898
 38171
 941301
 681108
 727005
 750156
 757778
 274102
 478506
 30855
 806804
 589398
 263989
 56418
 502129
 891117
 462664
 923421
 712899
 982583
 539023
 168876
 65356
 279305
 1072510
 689432
 983942
 1003007
 996139
 279694
 137081
 600581
 507710
 487847
 823305
 890000
 75913
 880239
 670564
 693979
 677378
 298522
 871489
 501511
 878027
 429166
 100346
 125908
 64894
 643808
 477042
 1043183
 198724
 711060
 161289
 940011
 248746
 960849
 536025
 374054
 354620
 950859
 1014762
 807159
 144412
 887333
 144326
 350908
 831074
 489006
 588153
 697702
 255494
 33750
 532443
 434414
 494002
 36561
 689320
 105403
 748775
 458234
 890445
 921266
 152935
 474914
 591853
 936139
 565202
 242419
 197104
 82267
 820758
 582852
 5594
 606760
 94219
 528700
 363913
 775604
 1037679
 667080
 1034036
 330917
 842403
 700471
 962371
 617237
 377304
 400936
 87509
 1033159
 309646
 934409
 11157
 205222
 441704
 602408
 531638
 159356
 1002611
 900832
 659476
 341118
 66619
 1080559
 958087
 228605
 204596
 293908
 484878
 666744
 428904
 957282
 864278
 705510
 792179
 1049498
 98304
 732676
 701170
 57924
 915392
 500118
 374325
 770060
 1061868
 329206
 577270
 603159
 907077
 420292
 256367
 768145
 392763
 211687
 431153
 422862
 493898
 907161
 63673
 831270
 432629
 169788
 614664
 1048772
 742802
 31500
 935244
 1027527
 225295
 573829
 464744
 19576
 858255
 374789
 732349
 540485
 187472
 707364
 771825
 808251
 1028083
 96600
 874010
 1091606
 34776
 183460
 175449
 867420
 64059
 937207
 722058
 151762
 420185
 706196
 1098506
 586038
 460789
 810840
 1004245
 801643
 833651
 8367
 509016
 290184
 500518
 1057389
 425423
 742695
 52599
 170358
 882941
 298877
 663523
 559882
 1019855
 819172
 829192
 265212
 555261
 662402
 1096116
 740644
 112557
 587595
 1015589
 436148
 562177
 755216
 397560
 348695
 331566
 1000795
 503611
 793518
 930732
 875319
 349970
 568341
 834546
 62863
 610882
 1039097
 323944
 834029
 884574
 480733
 1004219
 778515
 656075
 721827
 970583
 59665
 64101
 334687
 144100
 109595
 168838
 479776
 716679
 618936
 156130
 116989
 874176
 607648
 974441
 425905
 567643
 743602
 533456
 225250
 638952
 924965
 644121
 302828
 992392
 819642
 437961
 100158
 56640
 453725
 675089
 188693
 723065
 218898
 985103
 75572
 472315
 877169
 1078757
 1049803
 657531
 156115
 227933
 192222
 705121
 389240
 907538
 1075996
 1018632
 259286
 830460
 273125
 962167
 444178
 274192
 77439
 747468
 3976
 31814
 623086
 661565
 984131
 397929
 671941
 728237
 477431
 625923
 876073
 1055011
 450720
 455291
 191302
 479706
 792849
 84954
 593964
 241977
 624744
 986947
 461697
 342102
 1015394
 1029831
 888813
 386076
 1062072
 635709
 924932
 532746
 489864
 225951
 501508
 745032
 407763
 1083862
 756463
 942005
 318655
 1059584
 525550
 731395
 401856
 920088
 1042854
 291613
 312435
 81452
 1087360
 446964
 780455
 259634
 27807
 527581
 989074
 227654
 46620
 324434
 529358
 518176
 767291
 816435
 690107
 624278
 493479
 626923
 751524
 843394
 568280
 275430
 500229
 932794
 308304
 633364
 468553
 626424
 664175
 377514
 853383
 44117
 324822
 279679
 114370
 98698
 787820
 266856
 932574
 830050
 858074
 796646
 955265
 721580
 922295
 601760
 990142
 665058
 869181
 1010970
 118017
 411746
 1088052
 708039
 944321
 49853
 127941
 636265
 1000864
 700129
 361983
 597721
 376125
 35371
 1094961
 124020
 1094490
 572014
 403954
 258433
 904922
 177410
 632316
 363960
 351091
 605679
 192420
 573587
 19250
 253175
 750655
 29165
 719269
 243734
 282646
 566834
 340163
 73059
 191258
 157399
 564442
 239429
 573876
 77641
 442143
 519879
 737418
 95168
 238462
 503908
 216975
 1092672
 457990
 355460
 577067
 429834
 180385
 399489
 271063
 1071349
 881511
 714083
 470377
 790077
 722905
 1001886
 184176
 870170
 789829
 452744
 700070
 1005768
 1074924
 88415
 1029545
 5230
 567389
 1062752
 969535
 458836
 728348
 718481
 1081863
 1053747
 837001
 966910
 957472
 370181
 741729
 172023
 428835
 332408
 601266
 524615
 774381
 685934
 379486
 314253
 368511
 919930
 154531
 743080
 7788
 528949
 524973
 849000
 1065504
 707099
 78086
 263336
 793020
 921100
 40117
 611528
 859900
 532247
 668296
 28382
 119530
 1060516
 362803
 733179
 330606
 685462
 1049610
 520279
 928223
 629658
 201134
 78042
 811710
 825011
 945469
 189303
 870738
 1098576
 1028373
 94696
 751600
 414116
 262225
 961519
 28174
 783949
 638036
 8463
 363446
 670703
 629474
 430184
 797070
 167211
 941758
 227638
 686072
 520344
 180318
 228768
 819177
 496466
 204515
 484236
 1046007
 661373
 628652
 272165
 420933
 1062983
 850763
 1002103
 537750
 147008
 636954
 566955
 95852
 439317
 213705
 1089609
 795691
 811818
 605884
 340490
 368075
 214747
 321617
 199835
 22967
 6690
 923106
 511491
 460355
 376692
 1044466
 691358
 640568
 246115
 1072927
 15584
 698841
 413518
 232888
 519434
 913188
 866236
 110440
 499009
 623631
 895742
 721854
 960741
 371630
 884454
 207676
 886361
 744863
 194801
 678200
 260734
 673505
 101197
 22751
 2309
 961990
 298139
 884570
 336999
 857607
 436108
 789960
 326399
 531809
 979940
 964495
 532267
 514209
 669017
 154672
 1058809
 172785
 326529
 1069954
 1024849
 733380
 137899
 633542
 236315
 768185
 966488
 572284
 197821
 263143
 871984
 950953
 13910
 13091
 210267
 1051025
 514665
 383184
 827330
 513513
 990102
 236239
 8193
 384646
 879184
 1055854
 1000643
 104742
 715838
 788823
 585850
 900438
 520137
 1001686
 302974
 890179
 432481
 264529
 548300
 390948
 770679
 36318
 52342
 982323
 178069
 971641
 299459
 570715
 526648
 870122
 898662
 790410
 89999
 396175
 433577
 818543
 504415
 481058
 1088267
 1038850
 667592
 823457
 345911
 1076819
 766535
 665521
 737496
 156648
 268148
 393001
 421431
 41484
 736764
 310210
 447091
 756609
 438304
 412623
 740831
 373468
 1035788
 777963
 841244
 296416
 412874
 142780
 332811
 470181
 612331
 227471
 186333
 242120
 557513
 209985
 1079027
 625645
 50123
 989743
 590899
 260289
 769654
 431517
 1027437
 164799
 507118
 294651
 464015
 114519
 950985
 776703
 552307
 365373
 320696
 597777
 1034077
 962898
 889666
 643797
 680300
 325476
 253356
 259625
 285866
 508805
 867489
 14778
 39256
 868607
 800907
 641763
 122523
 11312
 347400
 784238
 1021465
 877028
 713604
 150782
 315134
 952523
 325492
 842553
 40357
 840068
 960151
 119405
 131733
 230396
 107845
 1059651
 305626
 470635
 802027
 636175
 838274
 595458
 391040
 284527
 225099
 852609
 866283
 840694
 1069064
 718504
 225731
 844809
 195757
 764358
 897308
 717227
 854680
 708353
 300594
 652224
 244011
 944057
 344612
 560784
 929680
 180248
 369922
 423470
 914722
 426203
 1072623
 687262
 874050
 330032
 1015836
 970267
 279301
 1040021
 432486
 388827
 674185
 585048
 787068
 987218
 132505
 1022967
 1024205
 203000
 982551
 399373
 322677
 524901
 852040
 955517
 144143
 648877
 591712
 112638
 547735
 243996
 928700
 499811
 740563
 993882
 965186
 683806
 608105
 667833
 839045
 693118
 776167
 57963
 1018159
 855307
 594755
 458374
 1176
 873734
 403078
 430536
 600375
 835397
 139427
 1019128
 126579
 295249
 1072558
 771497
 396972
 327482
 1041547
 369408
 626133
 705873
 253593
 770466
 134642
 312977
 902076
 487073
 594525
 253091
 851304
 12463
 331232
 516746
 519805
 94929
 794780
 851183
 450934
 506795
 1037589
 206893
 913429
 691602
 291056
 976186
 248156
 175715
 849713
 424970
 163521
 980242
 46237
 34556
 314271
 253038
 358760
 179734
 1091335
 340158
 386419
 558660
 237523
 808232
 63807
 702785
 110483
 890827
 143395
 871429
 583017
 111390
 943226
 517220
 975365
 1063613
 934967
 834345
 841622
 688682
 619730
 621829
 902737
 651996
 495464
 773846
 267878
 366491
 353203
 643109
 186888
 91020
 309014
 259421
 417190
 77430
 360331
 291306
 403666
 86143
 467783
 763450
 998078
 338113
 768421
 911596
 996353
 1049116
 490484
 736423
 280980
 196035
 322994
 418
 1042988
 687529
 720824
 188835
 994594
 949625
 399212
 954069
 782718
 50592
 478852
 570
 756645
 144512
 617659
 483062
 1592
 439075
 908580
 19030
 487761
 28400
 1040942
 137062
 700469
 825068
 94899
 369198
 1053476
 1066848
 818522
 229093
 535951
 29240
 353358
 976102
 888419
 676621
 600495
 538942
 787927
 1090527
 477846
 174231
 196709
 1041229
 278185
 514046
 146982
 889859
 42221
 753249
 648710
 67845
 84911
 750623
 1062364
 350617
 956341
 956983
 990265
 690772
 747539
 910646
 353341
 816092
 104842
 229579
 1032879
 722156
 934385
 290825
 854796
 661066
 585532
 836679
 992462
 713769
 578670
 148785
 187763
 304464
 317182
 200918
 814572
 959331
 547478
 743659
 872317
 554080
 962696
 345658
 18448
 90053
 664836
 106852
 3846
 525088
 638832
 42615
 1095231
 1043159
 653571
 141288
 1005761
 457533
 417100
 665978
 749323
 715942
 157925
 1030170
 461081
 988988
 945939
 89760
 945994
 1079014
 595465
 1088117
 308159
 1063634
 904554
 478575
 781941
 953592
 751073
 123676
 817810
 1072038
 565571
 941289
 836143
 1073640
 751402
 102175
 290932
 381471
 387891
 131209
 278256
 518165
 552363
 615346
 465432
 374888
 366874
 984349
 344055
 332103
 752117
 491531
 386002
 950752
 1040806
 194173
 425954
 296777
 358064
 179905
 1002450
 350234
 674272
 890721
 724184
 668549
 782054
 854143
 502681
 300330
 898548
 1032004
 759524
 567140
 72572
 1004263
 661933
 641260
 359098
 612566
 571723
 353151
 723397
 371188
 857739
 234253
 831927
 794432
 841578
 789044
 34565
 778058
 99097
 113444
 554041
 617984
 551684
 793432
 983460
 244156
 393381
 479755
 838297
 109362
 870597
 1051269
 294089
 529670
 1064291
 449773
 932452
 603936
 653738
 184635
 988319
 1005068
 893615
 727333
 1073438
 442399
 548264
 745454
 114411
 220894
 796661
 83292
 85847
 653818
 1072601
 1031204
 208741
 999825
 957642
 197405
 116055
 281065
 621770
 811123
 1034622
 49514
 657910
 264573
 150508
 393667
 463668
 980098
 485073
 57099
 642797
 840311
 232492
 1067872
 743089
 93291
 904052
 746274
 946317
 748116
 340961
 40497
 1093445
 807789
 334620
 392060
 289317
 517432
 9165
 157461
 342053
 923864
 701625
 141124
 169480
 557247
 98647
 50688
 1036116
 621521
 810953
 805667
 56750
 440878
 310775
 936297
 735964
 990719
 821340
 560345
 310269
 917345
 42910
 49922
 186307
 317342
 300124
 1080309
 833797
 498749
 306433
 108694
 384050
 65315
 148130
 830517
 1039412
 702229
 208234
 555877
 29113
 1065225
 531762
 837469
 384216
 1074687
 679023
 91923
 956033
 180413
 20360
 839704
 641712
 1024575
 936384
 41844
 148495
 287336
 45622
 311478
 1028343
 480969
 467505
 401970
 153718
 908672
 226700
 836019
 791863
 208734
 990113
 1041501
 650740
 393222
 828711
 318536
 386484
 672723
 180930
 805794
 792411
 601428
 93928
 285090
 41297
 79125
 104690
 717352
 207454
 540783
 1044502
 288875
 798886
 119906
 191893
 21585
 929712
 170444
 391262
 424021
 221408
 432880
 951265
 827596
 145940
 711544
 189754
 627896
 381991
 27187
 332276
 1038067
 973708
 833449
 114066
 541244
 515299
 448793
 397230
 621739
 568755
 777463
 528988
 727248
 1024770
 454252
 876222
 452058
 919066
 242049
 200231
 67642
 559467
 777144
 854535
 243291
 1077973
 332245
 894851
 186590
 441107
 222422
 173344
 554992
 534882
 765317
 698431
 238183
 333944
 788693
 955340
 878885
 795646
 960198
 357949
 362931
 391977
 160288
 358648
 839698
 364795
 194390
 940451
 1077893
 1059597
 1082431
 254934
 577165
 177074
 675900
 115016
 807222
 287494
 397684
 343370
 884307
 998335
 197024
 777874
 313497
 41012
 176096
 752590
 772233
 902955
 543037
 608519
 980539
 406649
 241199
 141175
 944440
 890854
 191778
 480879
 985299
 711948
 510006
 739280
 638962
 765085
 880129
 748776
 52974
 979944
 434466
 97248
 471906
 960306
 362347
 937325
 645431
 943175
 310826
 528188
 450372
 552713
 512506
 382416
 537982
 952477
 416157
 114836
 277119
 534505
 176396
 197388
 194104
 726444
 497315
 217384
 977067
 844203
 89717
 231921
 31486
 97496
 463838
 570379
 483552
 789426
 165665
 769017
 333546
 643735
 642948
 11498
 663385
 474818
 1045427
 701105
 506238
 344089
 422825
 465191
 819739
 110038
 1079632
 876255
 177269
 959392
 670547
 305973
 4672
 784644
 873594
 163055
 190261
 726587
 223614
 166680
 81174
 944120
 253748
 135219
 875621
 196246
 98655
 1090369
 334035
 447874
 882098
 246209
 830836
 243323
 874459
 193925
 291481
 318099
 134414
 1019968
 533387
 785219
 355849
 897606
 387364
 456248
 605820
 724691
 290659
 56596
 905355
 709369
 433617
 813287
 918276
 362819
 809348
 820704
 169843
 489345
 80278
 668588
 1031090
 447269
 471548
 163512
 901318
 192224
 504796
 987779
 1090521
 480061
 553749
 51029
 917619
 196505
 973265
 413988
 1017423
 306432
 915806
 270319
 27330
 672751
 507190
 576202
 376184
 915524
 461684
 526723
 772417
 430259
 676595
 545896
 928437
 1081860
 5657
 855838
 627487
 416444
 1040551
 561794
 999142
 697923
 158997
 643254
 452313
 469619
 1058319
 949756
 934260
 1065692
 53662
 832455
 944025
 560854
 1035315
 909516
 971383
 398199
 54053
 474493
 808805
 434260
 866106
 1075412
 280116
 165991
 418909
 269855
 828336
 7637
 283605
 429019
 167307
 480306
 678937
 536379
 53489
 776099
 96755
 186998
 320389
 126935
 117800
 501132
 1093812
 508077
 3200
 941134
 676296
 851335
 387858
 1056221
 646303
 614129
 38038
 459486
 925121
 868567
 375381
 590964
 152041
 812948
 453244
 678254
 328442
 373742
 278905
 663522
 533816
 677010
 137300
 207560
 473384
 555315
 333576
 239720
 347462
 357835
 685894
 373475
 28331
 379328
 368724
 690798
 453366
 932729
 710398
 992712
 371371
 416195
 1005649
 1068136
 1036173
 360698
 1076564
 1023697
 619705
 109772
 812888
 58774
 188086
 994376
 836798
 499855
 340687
 299942
 121418
 764471
 801788
 757749
 829057
 842873
 661556
 82521
 1097205
 334107
 611526
 535
 279935
 342235
 387186
 535521
 38523
 373108
 1079754
 739642
 674173
 187902
 436600
 445022
 620114
 256867
 213267
 468672
 1009844
 1008195
 124505
 616811
 253538
 322321
 762995
 889223
 380228
 613029
 11722
 695613
 705288
 236466
 799761
 518206
 528048
 858384
 907845
 571138
 414499
 973639
 310419
 329243
 988636
 206705
 1094976
 1035088
 99760
 700065
 698152
 492885
 835538
 570134
 152018
 29231
 781276
 417536
 715945
 391157
 41213
 928729
 344636
 954596
 720615
 496120
 325991
 586639
 515881
 954317
 911610
 30732
 396885
 879468
 283989
 1040391
 524556
 960429
 420968
 750104
 846075
 6454
 452027
 658207
 858305
 17232
 138860
 954444
 1023565
 151675
 997735
 509855
 622030
 643953
 97247
 875761
 204051
 830654
 1028221
 1073635
 285902
 471868
 843825
 714540
 669208
 414394
 741024
 731953
 230337
 222224
 2564
 728691
 461154
 886583
 268894
 1017480
 408670
 483109
 1062103
 196366
 67001
 554213
 172040
 896768
 824783
 858096
 833235
 167282
 46902
 27345
 1064835
 20401
 835205
 978242
 544092
 636774
 777750
 335682
 995825
 301068
 1004198
 570454
 52568
 293915
 581655
 695286
 226688
 824580
 818288
 550737
 541940
 8872
 768576
 611511
 787923
 460582
 931935
 332454
 414589
 174957
 962691
 240144
 130405
 946643
 643992
 637620
 86895
 830055
 634629
 397183
 795234
 959317
 433102
 554646
 1000656
 256185
 976600
 112068
 563961
 570151
 50791
 916673
 263599
 86886
 827047
 991026
 305852
 201137
 246383
 386789
 43733
 278742
 94256
 512068
 541698
 989493
 678700
 699339
 895837
 560801
 771137
 293658
 313598
 472763
 592675
 535854
 748682
 853690
 345397
 1074479
 875638
 91509
 441285
 884638
 137543
 1023897
 235270
 653170
 332213
 969075
 943030
 967774
 162784
 188201
 92946
 205551
 810758
 953118
 16014
 449319
 912633
 423205
 195094
 320113
 721344
 1066467
 744272
 192332
 1031144
 145143
 182060
 60555
 409359
 179044
 778009
 512011
 507126
 898162
 922882
 230459
 294263
 429228
 145660
 983778
 952346
 224995
 263360
 1054930
 325524
 63747
 688716
 732113
 764325
 1052575
 854057
 816771
 1093463
 617451
 769899
 559063
 836445
 707474
 905625
 47251
 872132
 226177
 640635
 49486
 727808
 901033
 1052816
 519781
 851195
 105982
 335090
 119668
 302692
 818266
 829782
 770616
 233833
 643616
 961293
 114955
 839247
 1056332
 341538
 988003
 231179
 345155
 1032520
 864640
 180234
 562011
 590527
 391727
 877886
 230306
 164589
 139330
 489812
 1047226
 915805
 398426
 769208
 175753
 934174
 446963
 1048797
 157769
 613690
 211781
 1054874
 705248
 454870
 1051444
 820998
 826730
 730391
 828606
 898852
 1078200
 492697
 990503
 927809
 2002
 238085
 371513
 47848
 332074
 803983
 466695
 234166
 591626
 859470
 177678
 695825
 888585
 94366
 1064862
 997649
 145381
 1021658
 412408
 1052452
 840936
 225031
 944790
 315758
 598726
 655878
 510091
 200355
 686376
 824596
 333815
 455639
 971771
 532878
 35353
 1099620
 305124
 122600
 1023536
 564825
 477971
 760382
 802626
 899281
 1084159
 764910
 129570
 730147
 394345
 451661
 32593
 789194
 39524
 878491
 45193
 305435
 507752
 139299
 518931
 799805
 605655
 213323
 629604
 484252
 221276
 999779
 1042067
 304680
 604095
 716004
 1097881
 164457
 95172
 1011388
 419270
 200797
 150700
 933437
 825878
 107451
 290909
 33682
 705244
 360493
 260093
 184078
 770647
 955861
 672346
 672301
 1049677
 319387
 137699
 931122
 460979
 84566
 34155
 143011
 445302
 540910
 1004521
 30236
 152752
 39044
 116245
 448344
 402603
 250809
 170815
 282538
 120173
 232765
 620863
 38139
 527497
 808511
 795420
 458384
 871893
 794389
 107331
 560797
 819659
 476722
 355289
 895808
 24108
 708931
 1026449
 831406
 470364
 38753
 240198
 825901
 958230
 619015
 725634
 782862
 1074599
 99230
 36156
 477046
 1023985
 62852
 910156
 282929
 616741
 589331
 200212
 839251
 549249
 528384
 558524
 361846
 92996
 715444
 407679
 882897
 984231
 749473
 660238
 1031440
 1065771
 975059
 310432
 13099
 259530
 394436
 1000786
 227352
 986796
 52417
 1012412
 1054259
 440969
 44076
 976285
 693033
 1086431
 121612
 801128
 981774
 200387
 904390
 899226
 633
 884461
 464182
 243365
 809042
 321588
 222689
 347481
 450611
 637598
 617481
 1058721
 204888
 873464
 540744
 293743
 831078
 233426
 271091
 1034410
 381290
 698278
 665075
 502055
 759505
 214940
 930814
 567113
 1083092
 784241
 24538
 276119
 799665
 483328
 1079095
 184988
 1058507
 11396
 470663
 935050
 703711
 397198
 342668
 796017
 1020140
 402153
 593195
 524290
 640501
 502193
 543494
 900083
 616263
 731180
 758549
 479645
 29571
 1060197
 280285
 137675
 96647
 1073655
 591568
 367889
 795547
 987597
 378868
 61967
 425752
 333125
 191371
 328420
 962684
 340567
 1054181
 249427
 279375
 1069099
 151174
 1056604
 715538
 963576
 708098
 904036
 756500
 437508
 92131
 828461
 255457
 513687
 312862
 179412
 937123
 799644
 632508
 314361
 600557
 292785
 725668
 92842
 387543
 415094
 140388
 873739
 483729
 612949
 827294
 11814
 1057717
 621524
 881644
 741564
 778453
 895167
 198323
 204077
 64445
 630211
 453485
 376338
 820838
 70642
 455261
 472855
 595977
 384015
 207053
 944771
 582894
 500620
 990550
 631855
 458583
 771408
 908709
 898842
 642113
 927993
 410730
 463520
 689697
 574652
 33734
 146058
 126857
 931958
 777438
 870002
 514065
 248937
 495610
 899747
 1006528
 175383
 347520
 1087459
 527881
 425617
 291794
 46286
 658106
 269946
 1029556
 288395
 265226
 673642
 553319
 1022618
 488302
 314515
 783269
 633000
