1049769
 16443
 1031321
 516934
 153037
 50544
 348274
 752043
 674153
 725828
 950288
 205914
 490624
 291877
 60761
 188884
 406848
 755591
 992288
 26172
 1070639
 679453
 80254
 254885
 365253
 796516
 808766
 288788
 957475
 166090
 436835
 289851
 117242
 672628
 688490
 882839
 340850
 585085
 153407
 817204
 989486
 348761
 599237
 1061509
 1071621
 441413
 1049943
 740099
 928255
 121589
 63172
 600853
 109827
 792260
 219692
 86898
 916273
 401819
 670073
 263892
 1006486
 684443
 50713
 550138
 916524
 63850
 773945
 195433
 284964
 1012789
 652041
 573160
 913232
 584852
 1057332
 49925
 218036
 1097947
 260566
 319606
 862739
 539057
 981150
 70072
 942126
 876568
 118636
 767447
 8337
 524515
 379957
 445786
 373159
 453696
 326519
 1079965
 1097296
 876780
 463464
 175983
 288683
 461727
 1078122
 293085
 593363
 564249
 137303
 33586
 869564
 798531
 166247
 673096
 948106
 610338
 207068
 230300
 1095035
 555678
 962796
 836610
 280184
 298044
 85066
 771082
 327176
 675082
 353661
 1048207
 596298
 754598
 565983
 491294
 863619
 416987
 773759
 667553
 329412
 881341
 295440
 750738
 180288
 745753
 577262
 51014
 596061
 748522
 325163
 608353
 143729
 184533
 850661
 225637
 837963
 192006
 679841
 958356
 136265
 893984
 172648
 52127
 985622
 375909
 930746
 296188
 1018995
 391196
 414385
 357242
 119163
 781805
 266924
 892676
 124055
 412186
 86314
 795959
 235196
 830312
 320353
 36976
 574975
 935909
 531066
 326668
 144935
 451263
 526054
 824807
 1088925
 153262
 761090
 549649
 484799
 967595
 462327
 248437
 720430
 786599
 217518
 21545
 577985
 288293
 7321
 327912
 778214
 696505
 1032886
 647653
 993234
 952805
 385089
 920835
 1012409
 245948
 594321
 1092770
 892955
 123408
 159784
 185256
 272818
 154381
 506328
 29798
 319086
 167525
 514160
 128244
 393346
 260884
 870079
 1039705
 213756
 577004
 329638
 227300
 458052
 39028
 929439
 733456
 159992
 545214
 30085
 282439
 338978
 83240
 106427
 609150
 567729
 232048
 109563
 341683
 854728
 904139
 419967
 726693
 1014832
 345474
 237113
 801883
 757854
 384031
 564037
 1009120
 841268
 284142
 61862
 472913
 1004994
 235660
 863988
 69374
 931476
 52766
 1045153
 36847
 721562
 252322
 965918
 364141
 23162
 39217
 455115
 634236
 917535
 377810
 419691
 14167
 870948
 239389
 388905
 817489
 262999
 65491
 820228
 429271
 286013
 18837
 526584
 499029
 103038
 36855
 782294
 1044564
 553403
 566385
 1092978
 980566
 898062
 927109
 554784
 897535
 860444
 305970
 836737
 558505
 728614
 784442
 506397
 136672
 771818
 700025
 82941
 816431
 829286
 994452
 826497
 891880
 59327
 780454
 980040
 1048521
 580946
 805689
 611014
 4721
 771635
 529467
 983621
 249683
 575082
 481902
 304991
 486867
 617420
 275115
 149467
 159734
 111050
 72092
 491894
 1033095
 462243
 755740
 669434
 226476
 605837
 1069512
 194170
 739885
 941775
 192719
 242921
 625635
 701377
 504694
 409198
 310051
 30475
 27396
 39591
 497329
 67513
 693771
 1032328
 341540
 802235
 160902
 158898
 1071706
 634394
 52812
 972413
 573360
 640106
 838110
 1026585
 358413
 382408
 554685
 38787
 547001
 140742
 941474
 726783
 1023170
 757754
 59069
 792298
 668520
 287903
 620198
 1083728
 66801
 943066
 795575
 767007
 171296
 928542
 803337
 1071739
 917673
 628388
 120995
 217874
 1035198
 1038025
 47259
 1056060
 622239
 428010
 254019
 659401
 915119
 490681
 996194
 729659
 259452
 96658
 60742
 1062284
 612291
 1053131
 735855
 122316
 952673
 305448
 1024989
 774516
 541370
 688618
 998882
 505952
 721048
 1034763
 1094191
 161992
 801243
 1019558
 525688
 88052
 315565
 544676
 994856
 376207
 76843
 258023
 959815
 398695
 283239
 449328
 825627
 490543
 1081837
 257362
 330458
 506821
 1010561
 1088885
 778284
 1047936
 889249
 808327
 201024
 803621
 530408
 685577
 947447
 997557
 783805
 483089
 358812
 1065012
 371928
 780421
 850111
 20137
 670614
 603500
 347775
 977701
 88699
 763284
 980600
 870268
 1064434
 845815
 559757
 531521
 171629
 549563
 516528
 367996
 18810
 49477
 1024513
 83396
 145229
 627786
 290605
 770282
 419519
 959175
 885576
 746652
 717158
 694044
 189910
 200340
 957901
 773745
 124879
 354588
 884132
 103587
 775832
 606532
 158988
 312705
 419324
 1046832
 882852
 303481
 423285
 873624
 109284
 866683
 172238
 595476
 775996
 480630
 595107
 407129
 589593
 376806
 372805
 823782
 860612
 862607
 321584
 1659
 489052
 611572
 100183
 1052195
 468969
 175075
 314293
 704171
 1028430
 783229
 66944
 433114
 8051
 580268
 42505
 259444
 933011
 303636
 641282
 32409
 728597
 871838
 111901
 416364
 592476
 602112
 588071
 410043
 977453
 101830
 1074617
 214891
 11775
 938298
 104233
 110890
 1008797
 841556
 1037116
 718208
 891972
 160765
 559531
 807591
 259615
 494994
 420956
 897392
 711049
 1065584
 800064
 560755
 873071
 373512
 374808
 735691
 401057
 742892
 868557
 186197
 968952
 581147
 801921
 306482
 1099786
 553254
 366395
 680160
 45686
 690507
 841027
 103281
 879336
 698079
 263198
 394938
 244490
 22877
 458683
 580202
 867731
 823848
 334862
 397120
 936043
 937205
 729713
 446240
 709793
 1070060
 1062376
 1008494
 257238
 660608
 909341
 920039
 733162
 236876
 312803
 7760
 26432
 226986
 408202
 731982
 147099
 738257
 58793
 1094945
 356433
 742853
 805244
 55677
 575423
 367463
 590985
 691579
 469550
 890918
 111475
 312884
 654833
 1030138
 1063139
 1080461
 55158
 257653
 472418
 679365
 529042
 784533
 506386
 263821
 173865
 496382
 988774
 807017
 11380
 1073793
 904794
 691631
 972605
 832234
 164361
 470183
 199978
 1007737
 588469
 897960
 853027
 387363
 960073
 36357
 837187
 273275
 470272
 60394
 196352
 877193
 651678
 33280
 824966
 260698
 441170
 1052045
 408181
 363987
 753586
 89885
 571768
 257544
 532062
 261781
 572096
 189559
 936783
 611891
 671777
 264925
 889421
 1087834
 323668
 548062
 271421
 227739
 178445
 179531
 412306
 391774
 269352
 303440
 912489
 801568
 633366
 522498
 870709
 657919
 581371
 884755
 758786
 305802
 1088509
 521135
 301160
 143987
 755464
 832875
 284442
 947494
 175772
 420258
 178602
 1042587
 751571
 455172
 362295
 515985
 217935
 987036
 386677
 650121
 833618
 926000
 809916
 299560
 660217
 482218
 857633
 31797
 6694
 258069
 68400
 850620
 298103
 138206
 1072314
 771386
 520348
 354968
 786202
 185805
 825886
 1077819
 1090709
 1085322
 403620
 745691
 479555
 608685
 385698
 462230
 165052
 683302
 275712
 421555
 503196
 261281
 1009957
 122287
 195956
 955410
 395202
 536364
 698452
 188873
 403237
 958009
 112301
 514726
 613574
 314635
 603143
 246040
 374072
 564095
 603224
 905924
 368879
 838362
 1002811
 440135
 696020
 87486
 528906
 394726
 609488
 648555
 693867
 960701
 11929
 454258
 232586
 532666
 690787
 292346
 30260
 334669
 638302
 155719
 913327
 1005794
 567965
 164209
 151481
 989157
 784981
 988342
 507189
 734265
 193452
 919120
 924624
 482602
 747062
 103407
 857097
 531492
 906201
 243839
 286870
 911703
 935323
 422695
 180318
 869600
 599787
 976823
 810912
 859900
 36887
 464713
 342402
 734853
 577049
 943062
 375871
 1049925
 928536
 1007533
 38067
 135416
 1040817
 709305
 1044753
 402137
 705932
 521365
 446383
 902759
 49169
 491349
 840142
 163340
 660410
 824371
 406137
 176067
 557656
 653446
 396613
 547367
 660141
 1016883
 755704
 30116
 766304
 793797
 104346
 246045
 52708
 958123
 194815
 383963
 635838
 1026600
 458689
 507191
 392990
 499943
 973024
 142783
 1084041
 109971
 414700
 877543
 759077
 971617
 272709
 587178
 431072
 936385
 764738
 61705
 564529
 324239
 66771
 279194
 213544
 739153
 298539
 742374
 111997
 52179
 1040415
 442325
 415714
 423566
 893128
 948151
 728831
 899615
 1057800
 1022716
 360105
 969191
 467712
 390833
 793777
 668524
 337210
 510011
 1080049
 683040
 142657
 700944
 776892
 1038724
 315065
 171870
 149670
 816279
 407962
 578754
 801891
 636497
 465698
 685248
 518518
 960267
 135469
 14043
 999402
 81924
 375781
 878188
 36686
 972400
 126973
 1091993
 270767
 1053010
 829656
 616261
 260679
 226642
 766685
 829710
 344742
 599112
 1022662
 194385
 960801
 171504
 584369
 160330
 1057219
 696448
 394402
 110979
 594418
 404
 113059
 421598
 355100
