445399
 935817
 868549
 165566
 691060
 183578
 415087
 44184
 586402
 455772
 1046112
 172548
 740752
 794531
 884087
 752650
 637263
 858309
 1064409
 35334
 684517
 932767
 725275
 1020682
 699357
 195040
 354548
 229610
 894687
 93700
 603111
 859836
 782413
 579790
 680493
 306392
 349430
 820169
 972103
 170161
 542516
 926815
 779620
 402098
 131333
 710103
 1026289
 911282
 1050
 303738
 454963
 230222
 894103
 117906
 980497
 396625
 878057
 140355
 409106
 876103
 1063527
 47745
 794536
 1016546
 482553
 595513
 374444
 889741
 195282
 285076
 603329
 158081
 662477
 658574
 906569
 721891
 809044
 533805
 1099226
 14970
 230498
 967013
 929148
 740092
 372324
 42723
 271661
 322003
 828684
 920036
 411789
 730904
 59499
 414640
 526936
 801480
 993094
 241705
 1025536
 745827
 868063
 297033
 628110
 130847
 566120
 833115
 998437
 10090
 754204
 196121
 1023710
 284267
 866016
 952465
 747980
 555236
 419499
 308947
 410830
 642349
 353742
 1086100
 970802
 24203
 888426
 377660
 368268
 597372
 890565
 420683
 790506
 626492
 978954
 392337
 70156
 364987
 848611
 124222
 843590
 588643
 774178
 1003225
 415057
 859988
 217967
 1011936
 941367
 79477
 203645
 366070
 67487
 354385
 915004
 382417
 560837
 489142
 773278
 924269
 998780
 479823
 663020
 965435
 926592
 1038566
 224208
 876235
 616362
 227636
 597261
 418588
 729866
 1053421
 320231
 1001166
 700445
 938492
 368506
 944970
 396885
 848975
 782922
 673946
 1083802
 959070
 650731
 808282
 827808
 78600
 629371
 41016
 1066848
 852876
 518364
 101301
 838676
 556938
 323802
 567295
 750000
 863927
 164043
 1048896
 136312
 1060719
 863222
 249980
 878074
 449172
 583830
 143898
 368447
 844149
 724809
 1013843
 904549
 544563
 262512
 1099751
 579455
 869589
 855864
 698298
 352786
 989764
 1047071
 715089
 995850
 67161
 398619
 225957
 943850
 234281
 1092632
 172316
 990294
 6552
 468259
 633738
 304860
 843600
 384774
 708848
 395579
 108013
 30426
 415278
 134619
 839482
 511967
 258347
 852023
 990774
 442012
 504180
 801863
 181536
 359141
 185159
 334787
 949644
 294827
 31801
 355068
 755138
 784840
 519244
 243499
 794708
 671951
 276005
 679619
 241133
 892968
 462743
 793953
 998138
 552159
 715404
 1080776
 633349
 692020
 562976
 614735
 839004
 1004407
 59431
 174084
 773054
 575094
 1055958
 378807
 221966
 188768
 533416
 99788
 1070534
 874559
 285504
 927471
 578382
 168062
 246302
 426444
 288667
 434410
 1048237
 583219
 1024574
 263867
 586551
 807474
 803667
 220004
 548175
 993034
 185318
 398125
 265049
 780039
 337275
 912299
 127390
 166999
 535500
 1094590
 866912
 326977
 337009
 455609
 493642
 881267
 780674
 134047
 296727
 877651
 64235
 968135
 424884
 241689
 662510
 534982
 463626
 309353
 704215
 780382
 21086
 391872
 131415
 401155
 638576
 253449
 516175
 687441
 309315
 531114
 142366
 49875
 297552
 90694
 892406
 392132
 349625
 815684
 126097
 1075643
 1060870
 396177
 816119
 686269
 1026723
 735904
 578087
 1075880
 31140
 618108
 526562
 597730
 172284
 443225
 318930
 237279
 724086
 140948
 672273
 444097
 67424
 94898
 509737
 531158
 64396
 465220
 924659
 1047595
 632146
 142683
 430596
 174844
 934668
 325639
 285541
 369891
 380209
 1057469
 253655
 3279
 856735
 353389
 324458
 1099766
 95699
 1028630
 408761
 988184
 903472
 180042
 299851
 928319
 335144
 386548
 861209
 325728
 927387
 885176
 319049
 806592
 389565
 342117
 653494
 840281
 798745
 283771
 925933
 273034
 326517
 1013940
 174891
 351886
 691717
 898558
 566378
 535648
 462868
 1098695
 97746
 1072199
 600904
 496786
 351786
 36319
 683354
 396283
 438838
 201680
 600193
 674487
 648151
 567759
 121394
 359220
 806543
 945301
 646801
 361317
 372242
 912211
 603745
 1056874
 464907
 915025
 308343
 474200
 836198
 976964
 1048853
 420289
 1027680
 612841
 945884
 842596
 485169
 824376
 1037409
 1078500
 305947
 354118
 627826
 50266
 1028542
 603309
 211370
 894062
 645704
 636791
 205898
 700535
 143343
 900367
 976117
 1039467
 23430
 539040
 163668
 337928
 740935
 373365
 747906
 185714
 470058
 1055552
 837961
 270517
 331343
 256553
 512265
 209731
 330309
 265025
 294425
 818489
 261604
 886893
 767483
 356154
 1083670
 724948
 167966
 910375
 856290
 587312
 73990
 380158
 400728
 966419
 373552
 540985
 1076053
 314724
 202527
 150099
 102926
 62535
 11523
 424273
 415427
 427796
 558277
 866146
 1097205
 1075212
 482246
 317059
 185913
 684437
 43685
 822468
 703101
 229334
 566744
 47269
 303442
 192347
 46506
 571376
 263501
 559162
 794030
 924673
 369013
 717621
 382678
 653052
 1020168
 811944
 847287
 828106
 286345
 941018
 664733
 572171
 459646
 125858
 1047120
 857813
 727022
 115171
 744104
 718090
 236519
 497671
 1031107
 969197
 1057744
 217010
 1002911
 196628
 590746
 972281
 989047
 234018
 95307
 48011
 698176
 553054
 367108
 840140
 404964
 144947
 42639
 677861
 1099719
 666421
 424000
 267124
 822952
 687271
 1094970
 160659
 964813
 558693
 679872
 125313
 466375
 310298
 353267
 196666
 819111
 153180
 747330
 46445
 558025
 995445
 675525
 777871
 728768
 7129
 773654
 605028
 1060215
 945719
 769397
 586798
 89201
 450457
 259070
 44316
 11702
 269605
 488985
 587173
 792626
 700063
 433585
 585651
 1075771
 22521
 123799
 917127
 804531
 753520
 953996
 174379
 328838
 550337
 924010
 249735
 710389
 975622
 742263
 347057
 307448
 276421
 188549
 39615
 564340
 61475
 828534
 791033
 920701
 844959
 1096492
 1054668
 378881
 274453
 686771
 795156
 725409
 794508
 249639
 628972
 521288
 56023
 819603
 1034923
 86373
 514440
 793622
 341629
 1044978
 572021
 354657
 875695
 939629
 994763
 769828
 184798
 250278
 76214
 1043588
 358295
 65241
 53118
 880547
 592598
 183437
 848520
 426525
 90265
 389215
 293703
 235558
 313741
 661374
 61215
 939416
 288557
 996714
 515462
 604276
 119914
 773778
 1687
 703314
 722586
 877732
 955250
 972386
 818137
 252791
 548052
 861181
 1025279
 651154
 61547
 425953
 1000370
 404901
 11647
 51266
 538996
 457275
 952342
 92874
 203289
 495155
 463069
 198292
 566428
 762512
 770554
 555987
 790679
 974600
 548883
 943502
 370910
 784137
 652105
 81175
 450442
 560376
 73077
 413373
 99543
 214866
 882113
 887879
 155921
 999918
 789058
 67723
 994234
 496749
 369962
 534692
 1065079
 829796
 859053
 946214
 87179
 875485
 819106
 515328
 1084733
 1012657
 714196
 945194
 1010176
 495817
 857864
 497131
 598749
 116238
 234127
 1051937
 238863
 398398
 870204
 139678
 572357
 209605
 746562
 229719
 921545
 1014740
 328873
 1018146
 87452
 525569
 930770
 371065
 123131
 626582
 448843
 575745
 872278
 408507
 621646
 869860
 953562
 698532
 853100
 580358
 1068265
 1074320
 393373
 412679
 396219
 998723
 111829
 941355
 769697
 821750
 124427
 169705
 744623
 246857
 347489
 18480
 41402
 677168
 126487
 414639
 182567
 177834
 392993
 688610
 922127
 579990
 520071
 859675
 59740
 532339
 482351
 805286
 704133
 575918
 74436
 755545
 494720
 414487
 28184
 448891
 694856
 343118
 555495
 360171
 923555
 726531
 813634
 787669
 149828
 2990
 952060
 289628
 991548
 505120
 428613
 714737
 350725
 475675
 932127
 908454
 115636
 42458
 1064756
 934616
 529451
 486861
 1064991
 1026747
 304462
 306179
 227341
 536404
 473124
 695398
 110566
 694218
 652780
 664880
 629571
 231612
 949672
 404573
 367013
 646225
 749730
 777240
 853682
 11467
 449201
 944431
 914684
 824818
 962236
 902915
 892537
 601927
 708227
 470956
 38536
 720175
 340220
 690492
 260133
 38793
 486327
 10977
 202093
 13048
 175392
 903119
 994247
 494138
 501804
 437970
 941025
 889403
 170688
 225785
 765174
 480212
 633646
 53741
 1091329
 397054
 34796
 476362
 710685
 670374
 944937
 659320
 656116
 752992
 289
 948327
 763814
 815691
 493419
 653850
 101333
 536117
 637834
 418097
 300754
 43045
 46604
 487581
 675515
 80231
 611894
 729198
 379236
 902953
 367478
 536732
 1016506
 526337
 1881
 627438
 194429
 959971
 994671
 528477
 424062
 616572
 498555
 285437
 863400
 331874
 803692
 520741
 99405
 706747
 906174
 227862
 940909
 630467
 342927
 737313
 670077
 954442
 428010
 701151
 771018
 983316
 557251
 799005
 97298
 498574
 706828
 355720
 847934
 436354
 370152
 721579
 761571
 709119
 663634
 207711
 618845
 1020257
 672480
 383465
 162070
 274266
 630465
 48867
 719101
 669699
 52468
 12531
 438739
 310223
 801605
 348916
 116941
 514958
 100350
 845138
 581484
 732906
 237717
 1043780
 566472
 814006
 412035
 756166
 838560
 372181
 694256
 136026
 212385
 100403
 755297
 659814
 108601
 879390
 516104
 252919
 554613
 932716
 87413
 451027
 535532
 90442
 774944
 495349
 551801
 150176
 229398
 961550
 532992
 356328
 760653
 74343
 161364
 223622
 257860
 220480
 383610
 457351
 329127
 916368
 333693
 689696
 190629
 820723
 308805
 399124
 221755
 239062
 151489
 220049
 751044
 1046946
 970036
 613992
 796460
 847360
 906120
 484063
 350342
 476892
 350356
 795153
 741408
 398698
 242537
 729604
 476938
 1025984
 85372
 1082497
 985836
 264147
 1087384
 871109
 463990
 859264
 787172
 1002976
 687550
 265643
 460120
 52170
 881352
 297512
 723422
 759745
 127765
 37049
 348336
 654441
 844885
 865826
 863613
 618127
 1034081
 523095
 625460
 972539
 271795
 410298
 253899
 995082
 756725
 767760
 392368
 38884
 163831
 957074
 566569
 559211
 944146
 1093626
 29260
 329197
 594768
 701794
 807002
 1085062
 645066
 450206
 874315
 1074955
 347078
 637127
 285168
 430959
 839755
 12718
 832180
 370949
 49038
 249783
 274450
 898164
 275334
 866365
 491852
 944455
 990103
 778822
 934471
 261462
 770901
 272417
 753570
 172435
 273351
 55064
 1053102
 721537
 285529
 598474
 66915
 787034
 800686
 623386
 501869
 188838
 28467
 634041
 1056805
 778454
 1066959
 406729
 695193
 526136
 639101
 457924
 119457
 538474
 675412
 762205
 768121
 940287
 438993
 775846
 159808
 791946
 497429
 688639
 679552
 403304
 834149
 837930
 812030
 274763
 93533
 503743
 365982
 65395
 465793
 827827
 1027033
 920056
 61906
 851712
 581441
 602216
 513902
 877139
 67014
 1098177
 848813
 729826
 814777
 214104
 106584
 353291
 638070
 967976
 650724
 987137
 957192
 978013
 707512
 587824
 1017554
 926372
 410628
 505151
 773260
 811763
 905711
 167347
 95785
 445831
 288096
 879660
 827021
 416885
 1023786
 146643
 3153
 974310
 763360
 25324
 1033516
 799702
 532633
 158477
 598172
 894529
 502574
 672924
 728472
 968946
 861474
 1004850
 567050
 76782
 831183
 1024842
 191883
 461067
 785084
 348967
 63227
 580941
 410369
 1080094
 598831
 80527
 253976
 562970
 483723
 77519
 285601
 310645
 810704
 248464
 318148
 478443
 443221
 327828
 6472
 198153
 329577
 149953
 942284
 473009
 474465
 781317
 199019
 211543
 517061
 373827
 887745
 93130
 1036623
 606074
 123404
 44741
 743013
 780866
 1027958
 93914
 684061
 723335
 722789
 582995
 649008
 273643
 176864
 962624
 840755
 205737
 490289
 277493
 379388
 926640
 667046
 894919
 569726
 287415
 300196
 432073
 711763
 648450
 975420
 251791
 314870
 531528
 638214
 118451
 342678
 753301
 619486
 773545
 959416
 361145
 322266
 741885
 548737
 205996
 729803
 665609
 1000183
 895152
 28232
 538545
 1047867
 920159
 707517
 977934
 1002007
 912019
 361935
 772290
 606294
 851888
 148423
 394086
 1069037
 555048
 850506
 214955
 213001
 934021
 56336
 88710
 537160
 1007818
 1033306
 456076
 464727
 259631
 563380
 661463
 415087
 388947
 644891
 141756
 824895
 94619
 1022965
 621853
 31183
 186824
 130998
 223993
 399817
 447350
 261951
 1015025
 358643
 439637
 20990
 61619
 442977
 125575
 202114
 1063806
 522924
 949734
 134341
 82999
 108433
 492896
 1097336
 360779
 550282
 320760
 104638
 925349
 574603
 92261
 934394
 536497
 949919
 418935
 158492
 441571
 681622
 969930
 291843
 729246
 1047306
 832396
 775452
 56298
 220031
 921488
 753259
 371127
 841513
 25575
 423416
 312937
 69793
 657088
 933815
 1027487
 922596
 577745
 211507
 175476
 630022
 1081896
 895210
 667527
 1088801
 514526
 1087760
 332058
 169803
 113847
 803129
 734634
 17168
 121516
 356438
 38437
 845178
 739982
 883026
 159500
 931250
 437702
 254704
 127113
 395560
 833946
 1034600
 714620
 875094
 1088645
 540697
 25280
 46493
 778249
 421134
 632959
 672451
 634338
 82070
 635988
 252735
 1079368
 1005732
 93020
 270580
 491673
 425753
 952461
 231846
 295726
 846634
 252508
 683943
 59001
 582712
 1019412
 85719
 934274
 315169
 743272
 854485
 765586
 642912
 570069
 823169
 923830
 624012
 788535
 925667
 1078081
 256811
 692909
 680916
 866819
 257344
 586821
 136174
 541860
 809456
 971828
 87724
 197706
 102845
 453524
 741949
 423912
 957381
 451669
 893484
 741008
 318256
 815827
 149843
 3321
 379588
 635874
 299545
 637524
 953862
 679351
 142104
 18236
 115279
 921440
 216044
 845484
 782718
 182355
 34075
 127366
 1047822
 909775
 80740
 513723
 435735
 626805
 853867
 871031
 881612
 26700
 1003251
 135384
 293803
 674920
 1072435
 633642
 999418
 30146
 47932
 822024
 649004
 145402
 234657
 455775
 77359
 651437
 971277
 69457
 1010333
 627343
 1091494
 809163
 441865
 304428
 344639
 636994
 493873
 926828
 818360
 996699
 540363
 266484
 490452
 399617
 20717
 218408
 774178
 141821
 222311
 783485
 1090808
 185919
 501034
 168081
 986579
 397389
 432104
 30870
 368506
 122164
 1095749
 422828
 467730
 498888
 407941
 44955
 952875
 693106
 75037
 704773
 676585
 969323
 864552
 119730
 692095
 106990
 403046
 52974
 531690
 197441
 694778
 126874
 914344
 46336
 735865
 1084057
 1071173
 867121
 882952
 299973
 817081
 1018271
 452824
 786471
 744929
 929277
 188413
 781313
 583840
 769711
 419339
 578916
 339154
 118816
 1092070
 390433
 230942
 678933
 753511
 185105
 820477
 157020
 532003
 204538
 259672
 592697
 774003
 161390
 450077
 822267
 598093
 113647
 40079
 754349
 307389
 1006914
 161536
 779844
 32337
 1059040
 100605
 348376
 1074181
 672087
 860861
 1096800
 885166
 703873
 145843
 740304
 630174
 767035
 657898
 247321
 684967
 826828
 157267
 607071
 525609
 639567
 650954
 628363
 842773
 674715
 281787
 97435
 17923
 313377
 545050
 548262
 841911
 513447
 112215
 488011
 572396
 59935
 1011571
 760330
 293363
 485207
 125329
 223843
 6254
 843491
 637928
 428412
 745137
 768243
 766477
 811862
 198958
 659378
 621491
 626635
 956626
 345908
 257482
 949534
 570654
 787536
 302207
 916089
 939915
 971779
 723109
 303391
 625274
 655739
 980995
 45230
 539198
 655779
 519568
 1022774
 854131
 532156
 955648
 233731
 793169
 488921
 1058579
 969968
 158057
 911423
 354551
 243515
 532994
 309382
 867152
 717169
 25196
 1090641
 383670
 174514
 571147
 401895
 262951
 937892
 741247
 718568
 639780
 13412
 799516
 47268
 330988
 227186
 616600
 1072611
 991972
 44352
 110114
 680908
 330345
 429722
 557664
 146495
 500996
 95935
 103753
 992678
 386464
 91260
 262121
 197511
 933510
 972173
 1035127
 1024431
 430202
 547030
 624959
 1053081
 701918
 409302
 57703
 914165
 860366
 401772
 320689
 943891
 804444
 85422
 397752
 917984
 954054
 701603
 642930
 676396
 396271
 270614
 798063
 710418
 303130
 225793
 380792
 61791
 30718
 106862
 583909
 1031550
 636096
 348214
 792735
 159573
 621596
 344664
 507262
 1044080
 416786
 1063142
 684165
 934137
 966753
 935634
 466374
 530872
 367403
 361360
 1063231
 942210
 346331
 488804
 277284
 847113
 4862
 252780
 89315
 545667
 1063684
 904683
 253056
 960528
 915642
 612822
 1048846
 64794
 267997
 652806
 442677
 593120
 299215
 130370
 87683
 492159
 521843
 162524
 206744
 666860
 995735
 46097
 929716
 595426
 431292
 951930
 638911
 667702
 851100
 395626
 419059
 1061545
 693467
 587024
 521885
 88897
 616696
 814632
 593540
 204106
 441240
 486499
 447016
 708766
 1021211
 484264
 384001
 761090
 1043547
 120819
 561096
 968209
 57360
 965998
 1038395
 1065156
 627963
 899091
 245958
 621693
 103176
 81176
 758531
 975225
 322180
 552986
 121598
 581766
 1031324
 936126
 857467
 1081879
 967022
 237222
 681141
 1081863
 378818
 425988
 880943
 688179
 1055561
 474395
 252430
 1039553
 856769
 589877
 285815
 419133
 434217
 191231
 833008
 558138
 326779
 406266
 325487
 1083536
 436286
 159631
 490531
 221030
 1068526
 1086613
 272203
 112109
 1037787
 633562
 480967
 583794
 358045
 882302
 500383
 226421
 1802
 972367
 140774
 207522
 830012
 1002642
 111033
 58726
 848082
 850911
 818505
 23514
 432293
 832420
 588288
 406922
 931212
 126290
 889545
 753170
 352210
 57869
 698985
 187365
 396598
 68652
 293752
 143929
 183435
 360091
 901747
 442386
 132367
 169810
 41783
 158337
 9707
 846648
 203038
 426359
 980293
 423247
 316926
 661906
 555475
 436383
 324140
 637267
 346276
 158576
 402632
 104799
 115149
 607948
 1088902
 305727
 1029610
 696837
 39293
 465458
 847131
 250182
 144090
 706129
 35566
 141216
 953779
 387662
 783723
 2300
 109320
 7972
 874603
 682137
 1079229
 802080
 1032762
 436151
 437298
 957873
 438115
 882207
 934380
 42281
 271208
 918301
 835928
 669077
 556834
 353516
 948705
 566658
 224930
 737457
 38307
 567236
 652381
 786449
 682835
 983324
 347670
 656545
 438032
 107462
 280712
 282015
 270148
 864961
 499420
 158872
 830490
 71888
 954663
 22400
 615447
 131273
 194498
 1092444
 94926
 45619
 415026
 1020869
 351895
 355513
 6284
 241733
 861016
 975527
 50213
 331832
 656073
 1084536
 747360
 55906
 927081
 778977
 818458
 921313
 932472
 121214
 615455
 150536
 413673
 373980
 529086
 119431
 868907
 881385
 700591
 719187
 58341
 39243
 1089286
 211586
 8397
 740300
 770694
 810136
 131616
 221946
 1034074
 502182
 675701
 917381
 338420
 651342
 1059079
 163288
 369861
 756899
 1099230
 1039622
 112631
 927194
 349892
 213215
 785907
 675942
 138325
 952559
 374464
 307618
 1078044
 823537
 7403
 887427
 690939
 548689
 826989
 514335
 1058926
 898996
 939152
 617401
 606028
 919288
 980604
 115091
 657466
 871831
 5726
 886337
 267586
 948212
 968358
 693488
 315318
 345141
 204913
 316084
 439438
 623772
 111964
 142534
 110294
 222159
 223430
 677546
 1079170
 619526
 409660
 292111
 320019
 146449
 720335
 570192
 911217
 715858
 933686
 1079086
 924584
 361284
 580880
 888078
 21278
 1009173
 689065
 919886
 1002155
 731888
 887441
 119688
 125531
 180535
 5251
 473456
 242358
 1023446
 479561
 1080783
 315479
 556564
 401935
 88549
 544700
 33822
 157466
 450170
 652125
 250560
 1001961
 615184
 808456
 554635
 312320
 898588
 897835
 1021127
 231471
 706954
 158430
 176477
 642241
 859573
 913855
 174085
 865620
 667992
 877995
 1050690
 314395
 362836
 494467
 234606
 527818
 869925
 891096
 585623
 144415
 1054867
 306683
 237773
 29212
 1048580
 736757
 57613
 307718
 803395
 533868
 839121
 15352
 999582
 183875
 323468
 569735
 1077288
 666314
 509530
 67646
 46979
 1004698
 958805
 985032
 582816
 610001
 134571
 935244
 368847
 714730
 512561
 117155
 101723
 620005
 205505
 235710
 959894
 1066330
 69792
 214703
 52432
 891877
 278824
 819536
 948183
 683497
 965719
 631514
 82145
 676177
 969753
 1073192
 346957
 1032291
 49842
 810868
 613988
 1059424
 903810
 357883
 553046
 962100
 54753
 105707
 673563
 443542
 120512
 770914
 794232
 704701
 249983
 487558
 519325
 314771
 876951
 794535
 609159
 499872
 935456
 306897
 306673
 979282
 645338
 469101
 943745
 129908
 571648
 601184
 1077531
 822883
 848673
 988761
 211208
 266596
 820232
 818745
 1079880
 89353
 907905
 1082265
 370941
 618214
 665091
 594275
 87522
 625987
 1078890
 1024237
 976477
 427084
 264938
 506601
 670460
 273126
 757864
 448983
 520064
 886920
 320757
 380650
 861560
 22581
 657598
 570363
 1063726
 228240
 492241
 881318
 328735
 878570
 946493
 415510
 700028
 64332
 662050
 960050
 148269
 930906
 874208
 62196
 905238
 498733
 233673
 920778
 478951
 978700
 331822
 326843
 818337
 708711
 635811
 586850
 461251
 826679
 398560
 613059
 878313
 82658
 287453
 443786
 745951
 377428
 741659
 528069
 877886
 364652
 482213
 194846
 143693
 167061
 166172
 1043013
 66809
 426497
 375521
 86611
 442922
 601602
 845699
 393542
 415370
 240146
 403716
 1028118
 582468
 940343
 907592
 5469
 225206
 903372
 522321
 774289
 249010
 1099412
 173711
 617662
 417239
 462953
 824403
 631203
 129755
 330470
 583689
 904422
 737200
 781069
 814483
 345850
 352264
 1034028
 687104
 989461
 1003955
 542578
 606106
 239286
 821348
 1062097
 985865
 426120
 856112
 97343
 662094
 482370
 220346
 736993
 865467
 626962
 646191
 1078561
 700204
 770814
 533999
 852883
 414054
 656442
 580983
 297452
 712556
 902261
 494357
 831951
 994913
 1030218
 652500
 809760
 732480
 803925
 830999
 829741
 696245
 25387
 491899
 400128
 290149
 434389
 1099066
 460863
 795224
 245032
 562670
 1073012
 200364
 258342
 377192
 327787
 957848
 55944
 170153
 178062
 980342
 867775
 857653
 88121
 564685
 936231
 580420
 904921
 1040433
 870343
 597975
 821871
 220210
 990138
 509119
 1056906
 677967
 398729
 699219
 279707
 553167
 735924
 1021360
 744442
 570413
 868743
 170497
 986808
 443573
 1049468
 1098390
 447201
 171954
 46892
 182038
 491154
 1098575
 1034622
 823516
 624621
 165383
 8605
 1039627
 99239
 562512
 377942
 250863
 510982
 659674
 673751
 568313
 717688
 381031
 73699
 949674
 686439
 937892
 465317
 479398
 105355
 546815
 24221
 563507
 541377
 687518
 96770
 615439
 567183
 522019
 900977
 68342
 604292
 1083105
 551750
 462797
 53382
 1302
 118710
 21885
 151182
 209345
 142500
 933533
 404204
 911927
 705784
 125158
 876387
 688171
 41392
 546778
 55364
 154889
 453615
 728195
 616110
 881397
 73505
 661424
 326868
 1029509
 729903
 181819
 186010
 794966
 866101
 250717
 462521
 241810
 223478
 394461
 43657
 538885
 788333
 527402
 514819
 1040364
 954296
 777232
 956013
 1098845
 594443
 623051
 509710
 763489
 607759
 537008
 196715
 526042
 728801
 1051925
 340874
 1000210
 1039097
 95748
 611986
 476869
 576824
 456169
 373059
 118223
 232516
 320068
 521494
 603732
 288007
 895725
 113968
 272275
 201427
 284489
 801383
 264759
 1067849
 506915
 8680
 554771
 379537
 769150
 1049315
 590772
 747266
 103191
 21797
 111763
 924194
 77860
 129662
 582921
 946390
 39418
 629622
 248425
 681309
 791364
 553091
 757369
 546721
 716897
 949571
 930353
 288096
 680190
 390708
 933051
 564852
 122549
 96548
 90142
 1022287
 855048
 1037877
 1062902
 438017
 541938
 1054358
 963537
 102325
 804016
 753275
 774685
 631277
 880711
 522055
 901561
 614421
 1020452
 47807
 1043567
 87107
 1096706
 575303
 116095
 582199
 243918
 458867
 534435
 506342
 389637
 125238
 305591
 304019
 783560
 926453
 587749
 533999
 700737
 396859
 458623
 503956
 948514
 223584
 170964
 54183
 1003138
 247721
 348105
 703939
 497670
 370919
 450230
 260976
 388585
 959616
 935171
 205277
 31410
 598607
 932450
 1064850
 11142
 628867
 168195
 1064504
 781545
 667135
 772495
 47126
 685204
 1021251
 729822
 461331
 847731
 53078
 108584
 994834
 313350
 70980
 600147
 747518
 1004711
 706964
 554584
 686268
 916034
 748789
 22972
 936919
 562486
 1097651
 378682
 142366
 386549
 630029
 639653
 8720
 1058576
 614258
 898784
 596760
 136954
 244343
 444315
 1099471
 754241
 1056972
 1038824
 155708
 16094
 544190
 963957
 187476
 688293
 693333
 990094
 846234
 1036711
 530104
 347490
 24299
 30895
 1037509
 591449
 756605
 1049896
 563865
 715107
 1014105
 404001
 500801
 165869
 445000
 813611
 1099286
 75556
 156189
 515858
 267448
 172591
 616979
 905646
 1095261
 978858
 640273
 863776
 897366
 708919
 984890
 65163
 583625
 264830
 124996
 67701
 552584
 75874
 779202
 247415
 643120
 250617
 690286
 46659
 576674
 444165
 216937
 856615
 1091105
 135872
 889623
 809752
 657876
 742927
 893661
 516701
 761976
 823199
 292046
 649691
 874765
 240685
 49124
 413271
 351709
 241594
 81800
 319902
 579221
 969902
 993211
 414635
 673864
 544422
 741513
 620156
 379288
 318572
 294822
 543001
 731237
 132646
 505819
 394821
 26104
 648896
 187896
 604614
 617748
 366906
 473910
 700119
 331656
 327379
 943547
 668217
 278552
 654332
 1089361
 1074565
 750660
 438331
 983810
 665146
 910127
 142499
 651858
 132724
 573087
 206950
 745618
 990080
 809540
 504076
 432187
 531360
 998879
 115660
 240357
 577236
 766741
 858975
 428138
 749033
 272097
 954584
 453676
 276457
 703478
 378469
 940567
 26934
 76258
 52104
 934171
 306923
 1083114
 913448
 824752
 987335
 158633
 216642
 684866
 605716
 622003
 806335
 617027
 1018299
 538825
 651967
 49618
 350850
 986365
 447816
 254096
 586120
 267061
 119093
 440451
 796928
 815380
 107828
 15048
 311185
 232914
 170836
 832758
 201534
 955765
 774292
 642853
 1503
 693761
 922061
 1038919
 18157
 55801
 69259
 341705
 389273
 1094180
 199792
 421392
 468997
 558605
 930074
 270910
 532245
 1090887
 852323
 665085
 647447
 707856
 295018
 244208
 19570
 686872
 996023
 770464
 397825
 224725
 66130
 99618
 717661
 966675
 773745
 825598
 56893
 337550
 655495
 489964
 508576
 386341
 1049146
 147122
 434076
 278416
 406177
 16944
 939751
 640145
 561519
 914430
 655641
 970318
 813514
 556103
 61875
 481965
 573119
 228556
 1091262
 610516
 7078
 562048
 958590
 151782
 1052347
 800496
 562675
 1090108
 671759
 549760
 654900
 570896
 139055
 84608
 634175
 210543
 233940
 993037
 910779
 234047
 399941
 895561
 336534
 844990
 724721
 959619
 733217
 897428
 720202
 527244
 436412
 148425
 715422
 727666
 421907
 146915
 178629
 193878
 665386
 83452
 137456
 71502
 89049
 505737
 251262
 945485
 369938
 425261
 112003
 333742
 538286
 968473
 704372
 880700
 66631
 770996
 29212
 844965
 205732
 695917
 230220
 1095193
 532223
 862829
 342890
 1080644
 974162
 264092
 857753
 375717
 449591
 514021
 654369
 277968
 620262
 21088
 288114
 716643
 662559
 60535
 590793
 65062
 4620
 759504
 28763
 896100
 981274
 706629
 667078
 339861
 713072
 532804
 1018921
 630304
 971953
 1080532
 912414
 863511
 817945
 596924
 116167
 991986
 690462
 586948
 250460
 1012411
 98418
 751287
 864794
 847139
 777828
 1056266
 494499
 373055
 603276
 565918
 26765
 1026600
 106199
 537014
 604673
 408967
 715129
 501949
 424088
 989023
 660257
 385668
 897811
 546363
 17255
 247540
 399891
 928972
 655578
 947168
 415231
 272688
 310059
 893878
 916231
 680043
 1005399
 708511
 328677
 658626
 422555
 992180
 866053
 956324
 300192
 226419
 114373
 161027
 672719
 910507
 875631
 475470
 1090871
 617417
 240966
 127959
 858813
 137899
 921959
 888035
 988694
 324468
 920333
 718152
 775379
 272236
 1098716
 912503
 149765
 766379
 518801
 64318
 524732
 467073
 817880
 576570
 332387
 128231
 167601
 369818
 1094558
 791197
 693280
 787379
 523330
 7278
 441418
 244848
 63550
 809252
 814483
 471244
 379248
 891479
 171642
 531383
 7107
 909525
 601614
 856169
 842043
 31619
 448390
 112202
 86965
 295332
 724509
 1013677
 103061
 81895
 388655
 901216
 362083
 593662
 306174
 138499
 81332
 941751
 897582
 964762
 287302
 115396
 946557
 231402
 680844
 176478
 1029300
 308500
 778596
 728023
 70030
 989552
 228031
 206420
 985737
 185821
 882188
 1097140
 1002896
 675339
 155650
 781506
 73382
 650171
 770153
 937398
 389466
 460079
 9030
 82623
 108294
 309
 43860
 410614
 905208
 495878
 95140
 1059160
 60902
 1010382
 683361
 652640
 196488
 519615
 1027851
 471192
 883158
 865230
 799717
 429784
 900007
 472330
 116641
 948434
 332075
 352569
 685753
 291902
 930590
 361284
 848851
 1010135
 25753
 66209
 755917
 1067880
 70219
 866780
 727189
 353707
 898087
 113031
 1083368
 682980
 541592
 288841
 452358
 954383
 893202
 409901
 10145
 111274
 315009
 780707
 788570
 653915
 110952
 54648
 519938
 36357
 642511
 344334
 899239
 672534
 731328
 1057741
 971375
 41230
 1058083
 9107
 525707
 725643
 553653
 1059815
 415163
 548614
 883410
 654137
 335850
 990847
 553459
 296944
 186388
 796745
 676222
 356971
 429812
 1083618
 283225
 318840
 759789
 662002
 271247
 1095682
 416501
 255113
 1072246
 513343
 5250
 56351
 728273
 53862
 1048830
 807721
 1034434
 529985
 336424
 291651
 250251
 75154
 965592
 1044404
 825718
 237243
 71697
 860390
 849959
 149468
 7419
 46344
 86030
 91238
 913289
 427584
 6581
 953054
 255691
 503207
 364158
 744359
 562729
 789249
 956228
 916265
 917504
 176743
 408577
 1046453
 425968
 526441
 1087959
 572584
 890095
 966563
 652169
 717279
 592794
 529861
 763323
 417058
 986078
 7537
 95779
 608362
 496649
 528083
 16660
 1070495
 361793
 350574
 386340
 119325
 367305
 598311
 136355
 259824
 213796
 902373
 151648
 500024
 27485
 845056
 865698
 997768
 602497
 230703
 795096
 949822
 717665
 696232
 129124
 417416
 712382
 128638
 788212
 289165
 228894
 970827
 987017
 439476
 480622
 935536
 899767
 22922
 958017
 624972
 99654
 70628
 1084571
 480462
 99609
 808291
 93603
 913843
 580505
 606385
 928616
 756080
 107507
 113206
 422182
 1093704
 766437
 762645
 840202
 1031960
 623936
 996353
 336608
 491977
 757570
 460580
 581488
 7323
 453450
 992893
 796482
 637260
 201612
 681895
 740662
 358781
 942314
 641947
 463855
 754354
 958631
 752508
 618511
 662656
 210302
 718542
 427575
 133431
 24524
 18879
 517579
 599917
 426050
 1076934
 81029
 739747
 74187
 350230
 281551
 170071
 1098503
 308974
 360833
 408383
 427165
 557183
 845794
 394284
 609215
 1059270
 237399
 600167
 969671
 786752
 136681
 717077
 1061409
 330470
 977373
 430755
 802497
 948971
 80109
 68825
 66279
 135801
 12183
 1089565
 267527
 378252
 1058379
 541662
 980860
 145965
 561508
 190501
 121940
 755874
 167609
 63546
 442408
 987060
 517297
 30566
 236238
 74362
 46421
 959589
 495215
 826555
 285870
 702790
 459551
 621412
 534115
 129724
 32436
 215785
 1087345
 191978
 903928
 187854
 915835
 907453
 411920
 315751
 855868
 555098
 261925
 650993
 469540
 288201
 324657
 510055
 637684
 582239
 330972
 71778
 70561
 575504
 1093586
 574183
 957759
 21047
 1021244
 856796
 683337
 595066
 1017291
 1091850
 563610
 362526
 845525
 1039496
 352748
 68764
 986979
 291564
 49670
 985522
 368999
 109902
 471445
 282497
 901945
 437842
 259650
 964253
 123712
 386205
 970118
 521886
 714053
 366478
 506871
 325811
 510892
 1099931
 969442
 417024
 195065
 225343
 1043942
 902017
 179189
 833300
 410822
 895661
 468574
 331764
 232223
 201512
 540960
 78646
 459486
 613483
 479916
 515625
 557408
 381173
 201825
 418151
 982482
 251309
 270641
 1032336
 731612
 318643
 354171
 175940
 1051752
 692444
 529097
 153344
 313680
 33908
 1017217
 737332
 233490
 675335
 746871
 982691
 455093
 154479
 439880
 194157
 944358
 291409
 174074
 1089478
 747627
 770999
 612828
 252767
 524165
 452627
 888863
 586029
 867361
 1063815
 471040
 307077
 549634
 743020
 819768
 350090
 280976
 494892
 974752
 32470
 184982
 703079
 1004269
 1053289
 194352
 950645
 125915
 362871
 621003
 724226
 374589
 1014262
 810018
 659965
 1067041
 274309
 325884
 245933
 993179
 240763
 68668
 829712
 816104
 514370
 206628
 3523
 147571
 24689
 341735
 137112
 320535
 698045
 273863
 693255
 960413
 593192
 599660
 436044
 1050393
 434459
 969579
 57310
 801223
 1089865
 408707
 802833
 369321
 145418
 559737
 730075
 1094502
 949264
 263223
 556396
 350685
 333684
 591186
 538324
 128382
 682375
 556367
 625441
 92783
 110868
 519067
 582441
 634175
 688478
 333691
 1000608
 364268
 23375
 955604
 223657
 1017552
 306266
 1066506
 247223
 780691
 135018
 297858
 364932
 265541
 474008
 6192
 170086
 869075
 192416
 625858
 807008
 458757
 543268
 879697
 945431
 393368
 173149
 37712
 935883
 323245
 1024679
 653196
 718669
 959046
 121770
 413744
 734715
 613229
 720111
 984448
 4588
 228892
 1079785
 187227
 985586
 1051044
 308334
 274107
 740044
 149543
 280682
 666587
 1066923
 1067358
 938725
 896822
 830515
 413944
 521826
 1027575
 1020616
 414074
 153987
 22437
 211884
 706971
 246555
 708542
 1012117
 1034461
 768160
 997831
 204861
 177904
 480246
 884368
 293237
 339299
 187265
 993247
 646148
 870165
 724183
 187473
 43077
 798989
 606413
 383749
 493890
 239180
 939325
 414705
 883512
 281170
 566916
 711255
 300911
 643926
 361303
 270919
 303299
 5195
 187333
 279463
 833618
 800570
 956368
 114045
 770118
 1047809
 526291
 7820
 115659
 656947
 1016858
 750014
 458692
 1015108
 849389
 729488
 159031
 841722
 209288
 1095744
 830182
 998486
 14743
 722410
 536064
 512904
 332545
 882049
 254120
 621224
 781017
 127711
 833804
 1051614
 844243
 846633
 315109
 1068021
 112101
 893868
 645764
 290886
 267408
 697459
 318273
 213087
 985097
 858845
 132490
 542353
 227247
 1012016
 823158
 462492
 1006055
 633844
 845836
 769830
 388981
 84511
 400476
 727214
 464287
 708676
 987348
 474493
 109313
 36024
 349610
 186539
 355560
 167430
 99570
 591108
 950610
 509112
 709010
 104074
 1055291
 1017886
 720616
 372484
 1018231
 852384
 80774
 844910
 1050477
 813390
 875944
 606849
 986898
 1070301
