888472
 403419
 815855
 892774
 558832
 670333
 202697
 657179
 619694
 1096819
 836212
 719607
 976880
 908115
 431689
 87073
 885554
 242016
 291427
 299853
 221585
 590868
 136216
 3006
 938178
 210518
 122931
 372122
 117455
 3505
 503507
 527247
 584290
 302560
 593789
 502729
 588058
 567836
 1099603
 259787
 282787
 23210
 515167
 645674
 526282
 404648
 533044
 249326
 849239
 542364
 125842
 10380
 104785
 1016911
 268569
 689034
 294085
 285467
 805417
 973065
 650086
 942065
 900785
 112222
 316136
 971031
 41883
 207608
 480323
 978056
 1005367
 168350
 28830
 921632
 141066
 283587
 596292
 238690
 1053280
 427033
 838841
 423143
 1088043
 709462
 191199
 596605
 840425
 433009
 276562
 939075
 181042
 239964
 895877
 68986
 650486
 1017611
 886938
 1016272
 169620
 1049690
 658762
 230763
 436117
 57869
 891412
 870933
 515682
 484278
 27421
 89025
 872141
 1081532
 347783
 541996
 793850
 703803
 106701
 819535
 596472
 427188
 603824
 921502
 1057309
 539432
 763281
 405110
 531928
 614350
 208438
 962316
 189042
 764715
 411075
 159583
 107475
 548979
 1070773
 1063987
 24237
 127929
 531477
 819655
 531078
 832814
 1006144
 168068
 672188
 751344
 299331
 323584
 544203
 520097
 664003
 474473
 449746
 259320
 203496
 580849
 675900
 919346
 231963
 295235
 210423
 226871
 235159
 94801
 584662
 252500
 528547
 1052635
 576289
 12211
 999103
 679001
 210466
 604089
 511583
 96334
 591888
 606075
 546759
 450978
 34262
 749494
 636300
 129996
 26562
 121316
 588357
 628095
 1055120
 882888
 778268
 943833
 78319
 188263
 632717
 95297
 258114
 641811
 282888
 876393
 134471
 345334
 563762
 920084
 282732
 663114
 38183
 946584
 25401
 930724
 284304
 674192
 380978
 930042
 428284
 295886
 800664
 762658
 79240
 8075
 649451
 232682
 670829
 311490
 618117
 8460
 857667
 133400
 1002143
 1099025
 805090
 323429
 580807
 1003281
 514783
 894269
 1046818
 736135
 807987
 23063
 35402
 863997
 159256
 482715
 566812
 304043
 10630
 879428
 291696
 530258
 534412
 198882
 993528
 936954
 297208
 247030
 725089
 197575
 608058
 872553
 970804
 230044
 1082476
 58620
 861491
 967365
 989929
 115380
 950666
 826083
 45259
 667419
 879601
 14431
 255342
 1024316
 732682
 723285
 645445
 1030147
 274810
 722628
 36725
 199696
 653027
 146923
 303340
 101555
 238860
 413198
 966529
 283922
 514478
 343912
 597457
 965353
 162700
 425963
 529326
 163352
 1026922
 131229
 165816
 534116
 123859
 1080371
 144940
 638827
 560032
 698202
 995961
 564716
 440433
 717209
 98268
 1028451
 152568
 1067125
 394785
 821023
 846180
 997288
 627453
 158490
 726681
 959426
 825994
 1037138
 294911
 793199
 96519
 577750
 782716
 569665
 313456
 471328
 733364
 288213
 964616
 663515
 713628
 364084
 729283
 317006
 817674
 288463
 17140
 730064
 688500
 855765
 954010
 479583
 451546
 465862
 979703
 321687
 390024
 17478
 142513
 261101
 889144
 682391
 426221
 206916
 157464
 930751
 876749
 621604
 100817
 185854
 534368
 275524
 845617
 416395
 40014
 364919
 457801
 809069
 595357
 615846
 784964
 735388
 725724
 124345
 803818
 59533
 346626
 157623
 434299
 324060
 95518
 978117
 1044050
 804616
 900531
 248729
 620837
 493588
 738246
 152520
 91779
 854783
 424219
 84779
 667128
 818193
 249165
 769214
 560665
 71687
 42214
 968798
 201482
 557378
 936011
 850559
 804752
 121755
 533344
 992277
 978311
 450034
 504492
 965952
 716612
 983605
 897745
 66591
 880847
 376877
 249844
 912284
 897818
 627007
 240736
 31071
 104076
 402439
 697528
 286538
 992690
 497558
 523102
 1705
 668924
 350534
 1072033
 577419
 728805
 262193
 342445
 281577
 437911
 737364
 913360
 101664
 896491
 970628
 725514
 944333
 857177
 188726
 136771
 473227
 568250
 364009
 127825
 265272
 424765
 657884
 608485
 797516
 1089170
 541739
 779828
 773429
 792042
 815594
 605508
 1001925
 630677
 222220
 360513
 138056
 1067774
 535318
 259144
 451192
 1022894
 1042131
 938130
 685034
 786951
 728724
 468804
 159609
 335005
 872636
 155786
 291858
 354762
 588519
 625932
 203249
 683633
 373795
 454874
 1008951
 549830
 601363
 343939
 10179
 718345
 895105
 920464
 988022
 115616
 1007604
 123001
 899381
 641986
 958748
 690522
 175361
 965454
 77668
 949296
 639319
 292745
 884034
 113959
 324766
 574701
 665503
 52879
 31963
 1012540
 732260
 289686
 1058876
 801761
 1063121
 1052742
 1055898
 91919
 1022304
 733191
 781399
 157897
 941905
 43005
 126590
 255911
 575004
 1021866
 166007
 593804
 715648
 183142
 972806
 37626
 890952
 741534
 859881
 594223
 769844
 866184
 571954
 925207
 573380
 2248
 867566
 140019
 562678
 11120
 968269
 358756
 163922
 95714
 637288
 367279
 803905
 394123
 788378
 583913
 437801
 659548
 961641
 958492
 371094
 987413
 651559
 694149
 803774
 964537
 421998
 219870
 493160
 949674
 432104
 151597
 688575
 500975
 848454
 380434
 604445
 375693
 331413
 420499
 18649
 1061241
 477127
 668132
 61975
 185648
 767056
 720697
 712919
 928659
 650140
 90338
 368025
 498217
 1054072
 403881
 911494
 715697
 88270
 256412
 971308
 562211
 170277
 490509
 660042
 89715
 338725
 901920
 621955
 870558
 477748
 665027
 666052
 512189
 747249
 724763
 941575
 278239
 790249
 638053
 903648
 984697
 763493
 1067808
 203654
 933997
 915952
 461064
 603113
 1030415
 30416
 809320
 757461
 115965
 524202
 1091020
 79233
 984384
 62388
 567909
 665257
 494948
 99935
 454210
 256671
 291126
 829159
 181658
 456950
 987485
 376526
 12208
 1058038
 200722
 147897
 974095
 650072
 768791
 571204
 674490
 564967
 6666
 177100
 250786
 519154
 616240
 645828
 326600
 369507
 827315
 37764
 939741
 488914
 1035934
 560685
 73396
 264870
 135440
 112696
 626383
 239252
 766914
 750487
 599830
 191536
 684377
 511605
 557696
 359906
 972897
 956805
 774295
 961953
 585986
 110445
 311036
 572635
 949246
 65024
 264390
 581180
 858662
 860576
 612765
 1065765
 669127
 8068
 731616
 75936
 473559
 499107
 335396
 892323
 13655
 697771
 20792
 813849
 218885
 283673
 578989
 108823
 1188
 969510
 263866
 396408
 391755
 928060
 341682
 367675
 514366
 698865
 783273
 298870
 1068615
 259345
 31117
 166307
 356039
 271654
 315635
 481272
 146479
 1016280
 225916
 953007
 155318
 197534
 650325
 840003
 790532
 861577
 56120
 864041
 870178
 400112
 479262
 698843
 496884
 35090
 376762
 1045646
 1063003
 322974
 209815
 632953
 352188
 175416
 613798
 701683
 442286
 553855
 365237
 894593
 368810
 714563
 644303
 460216
 473436
 198939
 5859
 16562
 36509
 741470
 139949
 20778
 312404
 1058824
 758522
 982821
 808579
 296553
 330339
 171352
 804456
 173770
 1055277
 848946
 495374
 636477
 554032
 49744
 903675
 614079
 777542
 1017020
 757102
 682085
 982273
 47332
 422020
 421228
 915774
 158402
 938079
 520165
 153002
 206392
 817679
 1036342
 15722
 857629
 248662
 168578
 793275
 599103
 246841
 446842
 52315
 715167
 634600
 679885
 624656
 293515
 85665
 69215
 197670
 399437
 59451
 859029
 828330
 344114
 259453
 816306
 868723
 329580
 911625
 702151
 131705
 204028
 326662
 241007
 156078
 854495
 962071
 899828
 786335
 475872
 251264
 411743
 853146
 566251
 502035
 101777
 61914
 733128
 1046344
 974653
 722227
 517636
 867011
 923106
 300142
 1032457
 193006
 293000
 920757
 59897
 128642
 101519
 778596
 236227
 830475
 29322
 764548
 1091702
 800007
 355170
 23013
 61435
 700839
 645472
 214416
 969473
 375683
 513933
 844214
 871645
 665502
 630906
 167521
 585733
 551672
 684013
 281881
 666199
 896259
 561042
 889876
 545003
 112744
 1061906
 83009
 1057318
 390447
 810996
 476604
 890217
 189576
 279505
 46255
 407768
 1014345
 360511
 547373
 152936
 769611
 535340
 1032991
 703523
 495204
 492564
 112825
 507124
 935197
 666727
 35063
 143083
 661385
 956709
 186267
 960758
 18370
 26897
 10730
 238154
 396539
 682588
 746967
 1026167
 435981
 892665
 571085
 761573
 866901
 517751
 346120
 866574
 117421
 677673
 415608
 397153
 356230
 909887
 989525
 515029
 757507
 1057884
 888967
 216641
 866166
 65777
 319383
 694475
 256937
 1050757
 940534
 276867
 804673
 752774
 228555
 987522
 1051338
 932781
 819086
 882176
 658544
 641977
 157747
 351520
 843771
 755602
 711195
 1089988
 229599
 234893
 70418
 56373
 371695
 245532
 476305
 667969
 686109
 223632
 678979
 1044564
 448918
 825496
 381574
 381596
 374310
 358274
 953740
 1025212
 131068
 78413
 559538
 114721
 659480
 835403
 1049004
 335100
 323763
 519086
 426135
 574509
 566667
 896266
 406950
 74920
 402095
 866816
 299469
 818069
 945473
 86173
 331068
 151621
 548818
 112392
 106766
 632516
 429671
 694370
 535818
 431309
 880392
 676710
 83758
 241081
 363401
 1022651
 434669
 641517
 943028
 837987
 601384
 422811
 1057242
 773374
 843845
 91878
 392696
 986267
 795976
 169316
 197489
 959948
 995119
 746833
 169291
 566508
 7359
 841336
 570775
 377661
 1052425
 1007754
 86883
 675781
 112045
 319379
 1094874
 188243
 180795
 325479
 812366
 334567
 712559
 363195
 824696
 273882
 304344
 350164
 197102
 261171
 11846
 1016074
 1024087
 932099
 969030
 1095491
 886350
 647446
 452112
 57048
 412413
 878232
 112495
 314179
 269816
 140980
 875996
 646801
 466880
 851008
 683873
 1000266
 266912
 96071
 386200
 731139
 264957
 518790
 59041
 208929
 1070029
 114523
 872877
 280960
 233992
 786889
 252508
 127922
 752484
 680435
 277641
 835621
 671454
 359752
 517441
 590015
 423212
 876115
 686488
 278373
 535515
 820266
 133159
 353336
 775230
 308591
 532139
 256717
 412170
 731465
 230000
 419866
 818325
 207853
 1002819
 968468
 174735
 609603
 562165
 990895
 884189
 1076893
 982734
 667808
 291087
 217913
 181785
 1069677
 1023691
 21536
 422439
 762554
 1076974
 322488
 229561
 60026
 843118
 349655
 127917
 85548
 676380
 587125
 96144
 422747
 988971
 488015
 659699
 705618
 462829
 503168
 367083
 862883
 56258
 767856
 337819
 925507
 902704
 374724
 853966
 789298
 636404
 583939
 379844
 467153
 738085
 506391
 17646
 445300
 961936
 762309
 788744
 132764
 347637
 1051926
 746726
 924434
 689081
 719222
 29542
 10123
 103510
 866880
 911119
 1028841
 1004179
 991178
 183178
 582894
 275533
 359106
 1054738
 670571
 768374
 183246
 402682
 1076000
 219403
 163580
 649799
 1041600
 414181
 787226
 479060
 715000
 104450
 668515
 913843
 515916
 331864
 784616
 430305
 242314
 679273
 12904
 786023
 344493
 310308
 977184
 816667
 944895
 3255
 1046133
 959561
 16665
 439406
 202666
 1037660
 334612
 899080
 1067563
 635632
 644402
 37982
 729475
 479499
 460263
 103076
 137765
 11286
 777151
 913353
 1017535
 279382
 222229
 781116
 196916
 351393
 34256
 203135
 305881
 730687
 963890
 838974
 449140
 263824
 146740
 100864
 999575
 694786
 502771
 1017814
 435074
 1079684
 1053966
 1028337
 176915
 171008
 1073158
 412938
 393898
 200911
 268189
 129933
 818337
 597751
 1054107
 757642
 842686
 769092
 42548
 316957
 563849
 902098
 930619
 169998
 440805
 868964
 403391
 170241
 679827
 187753
 415698
 380933
 877308
 832147
 594436
 771985
 907043
 1086384
 230224
 1010000
 464367
 285943
 959273
 589842
 152353
 1037864
 1006290
 296789
 254437
 793571
 687857
 59411
 361381
 131330
 208641
 242551
 1097418
 165697
 620044
 1001028
 780435
 618213
 1013029
 559268
 175448
 204903
 174392
 900050
 636744
 752683
 112587
 488905
 439967
 86578
 1031426
 644699
 225107
 670222
 5817
 433358
 82856
 1056515
 996127
 994987
 794883
 755618
 141539
 665981
 924001
 726880
 407786
 395449
 715337
 630937
 304703
 946304
 95680
 155593
 403208
 662964
 875569
 247022
 962759
 274811
 945114
 146138
 158504
 93023
 695889
 671672
 211350
 683020
 130752
 268460
 964988
 87543
 520749
 672950
 635223
 930589
 57572
 898563
 307766
 468974
 640902
 19064
 44928
 918478
 935496
 354212
 266224
 724859
 1076725
 404625
 425489
 449654
 494707
 781797
 255599
 941600
 291787
 808608
 355801
 638227
 476520
 1027214
 26611
 577177
 211996
 121377
 552413
 975339
 253082
 1077984
 97339
 215243
 905858
 634081
 717202
 61123
 657499
 226737
 124450
 206229
 109541
 676660
 76023
 768036
 440272
 484155
 659590
 668274
 545031
 173024
 197914
 74743
 870153
 222307
 137541
 877119
 536112
 436099
 245277
 471130
 952079
 151430
 175596
 313341
 73732
 350664
 1017060
 184376
 659634
 779187
 738254
 98144
 327150
 151759
 710653
 708919
 57593
 235584
 590657
 195710
 358327
 694736
 829449
 100256
 896194
 364837
 542591
 489140
 619858
 655834
 1099872
 887377
 59074
 652462
 724698
 79846
 608025
 274761
 169458
 1058083
 541160
 237737
 431340
 929836
 427367
 91306
 444730
 299830
 27910
 853899
 888565
 489392
 695603
 759462
 1082458
 766274
 889975
 110388
 533020
 36737
 1006940
 908868
 324942
 654248
 587875
 27091
 382242
 700893
 277050
 800906
 673676
 578045
 1095994
 955207
 160901
 403444
 749235
 1033842
 1020755
 20553
 789096
 207731
 447429
 36661
 325687
 122986
 808519
 623769
 1027031
 334949
 727072
 970209
 238634
 133302
 883512
 249328
 833730
 898509
 961940
 7325
 83843
 61955
 58640
 481402
 983229
 1088353
 113344
 874874
 211478
 953332
 361786
 1056314
 952469
 281987
 958587
 769427
 1004860
 851089
 803035
 173126
 292316
 934399
 22217
 187682
 1038633
 791032
 798232
 251523
 848460
 749608
 301442
 1098929
 1020835
 481373
 833632
 917769
 347730
 625260
 243014
 506214
 113403
 842582
 705525
 550891
 146234
 152636
 76951
 937153
 1034746
 302636
 389208
 479199
 595366
 1031166
 84131
 567166
 723514
 175848
 166329
 157581
 369573
 399644
 107482
 1084773
 306400
 397438
 75629
 782759
 1003737
 1009570
 121682
 417653
 540712
 593751
 736777
 716429
 948871
 721603
 860061
 813563
 507720
 270109
 575591
 775859
 519220
 1089058
 29781
 141445
 826288
 442919
 499612
 290718
 889282
 978010
 1058846
 406919
 903688
 279425
 976669
 950470
 472082
 571201
 83723
 1091234
 330088
 999533
 350720
 812911
 469752
 836303
 389055
 183779
 256562
 53236
 117269
 928212
 722727
 958467
 701909
 269569
 302324
 1032798
 828373
 543331
 1043905
 713983
 15378
 347827
 824908
 453275
 683057
 425403
 908205
 179680
 245440
 1060283
 385274
 74667
 247830
 610790
 658889
 500127
 895484
 221043
 329363
 758956
 773039
 1037587
 267104
 714960
 1090376
 424057
 81885
 624183
 49412
 1032793
 966750
 1080024
 593604
 143332
 736130
 749361
 7098
 832968
 732640
 1089727
 237016
 752025
 210426
 727914
 215246
 828596
 363024
 262552
 10635
 372592
 194112
 163132
 636016
 117864
 84139
 1043994
 434106
 74838
 574840
 327503
 289919
 226437
 913276
 576206
 643805
 43583
 937932
 12113
 893828
 1016271
 906597
 834906
 208747
 970394
 752092
 951619
 808867
 162609
 887611
 952379
 40647
 454206
 89073
 490727
 662644
 517885
 807973
 1002348
 1024070
 940827
 779897
 107956
 687254
 61210
 675309
 499119
 13829
 1370
 869920
 18308
 138035
 928334
 27277
 578553
 56232
 668724
 639394
 536436
 358409
 367962
 388738
 438901
 617699
 185088
 318165
 1017502
 14960
 649809
 99566
 448888
 211137
 940713
 800566
 707688
 842962
 896339
 32144
 540696
 586615
 1017820
 888241
 387812
 200319
 876807
 1015937
 498194
 355350
 572775
 148422
 122648
 729941
 1022463
 343098
 141500
 329469
 185586
 7760
 236721
 53463
 357399
 455051
 635112
 864770
 484432
 619934
 106035
 1001298
 940013
 105168
 650628
 459983
 338122
 932958
 617535
 161296
 234980
 729358
 1014457
 1011130
 375067
 266492
 77567
 889455
 780890
 806044
 199626
 1041653
 68298
 101567
 347516
 1085202
 345231
 850949
 123173
 179355
 216676
 280242
 81380
 872323
 715278
 220648
 669679
 103854
 666104
 802607
 145533
 88468
 759642
 475034
 941661
 600103
 245478
 908676
 590010
 656269
 300600
 276330
 170334
 895071
 7739
 477840
 18831
 30706
 804470
 546469
 869712
 1033262
 791317
 581139
 116734
 463976
 144147
 871317
 578373
 945900
 422230
 21218
 124539
 641996
 1036163
 687112
 371351
 399111
 39251
 530186
 1083005
 382869
 953546
 934931
 3414
 762546
 946724
 1092639
 1037214
 736532
 883225
 932722
 947443
 640950
 388715
 1039070
 506185
 156168
 1050351
 13178
 1078440
 812228
 700552
 759498
 603317
 512457
 446231
 448304
 400023
 369134
 951810
 231989
 134319
 237678
 144276
 435772
 590229
 1002231
 137600
 727802
 521516
 694961
 698228
 974702
 951598
 943412
 580396
 790887
 357221
 238915
 879557
 306223
 427093
 283651
 994507
 350845
 545576
 845740
 469252
 1078743
 115995
 1034377
 153782
 1012547
 600240
 536221
