60820
 524430
 447307
 111776
 468440
 1010609
 317383
 352940
 322615
 1078219
 337739
 912120
 491892
 709750
 741293
 86052
 241626
 190606
 553719
 812735
 677029
 864634
 691574
 474043
 392875
 438731
 100144
 1004305
 608358
 195574
 407194
 1054665
 26199
 1041746
 304136
 227645
 418441
 162979
 1000187
 8080
 487872
 1069993
 325373
 978041
 198956
 728634
 702082
 619063
 475227
 864954
 258843
 789829
 280773
 593373
 1092209
 313429
 1009184
 926670
 106353
 563315
 282863
 690397
 195499
 231560
 19250
 111021
 394260
 514886
 429402
 113553
 200796
 347450
 1023003
 417719
 364976
 690358
 682666
 548790
 705087
 327020
 861338
 271263
 609446
 1014593
 373419
 1084045
 552997
 52160
 788204
 399969
 416971
 755850
 444974
 680284
 474713
 355375
 972240
 308536
 1006986
 535720
 810153
 88459
 430449
 163041
 983309
 1095338
 33882
 15953
 71617
 236274
 995244
 463284
 201391
 928044
 826852
 643179
 451064
 602681
 666701
 386400
 652926
 740590
 771702
 559062
 49402
 90244
 116677
 536531
 804190
 450355
 384312
 329520
 567833
 346626
 491120
 91524
 464470
 1022164
 207997
 576012
 555966
 891484
 225011
 761286
 531414
 14071
 500443
 336080
 893056
 913451
 868634
 737567
 621321
 380921
 746752
 1038832
 341554
 940403
 269299
 176859
 394535
 86554
 67369
 306298
 268093
 676360
 204745
 467268
 215749
 600011
 1050986
 726471
 913692
 675843
 949370
 826324
 901753
 482085
 290862
 384220
 34697
 703383
 316315
 461297
 168288
 1019269
 660480
 90728
 438741
 621739
 991127
 209199
 955938
 711366
 497018
 430160
 631020
 912986
 368974
 552834
 120062
 433202
 30205
 231746
 96654
 902383
 316168
 11174
 118749
 1073111
 427860
 293451
 308524
 384794
 974908
 646376
 1061256
 758774
 88467
 590268
 530775
 785167
 811315
 593606
 230514
 484109
 930808
 1019517
 144233
 677438
 630969
 518165
 67629
 63127
 110450
 1096430
 105595
 690516
 568167
 868352
 879845
 286037
 1072126
 545655
 349664
 1046372
 680831
 251335
 158518
 857145
 423183
 697112
 520338
 797644
 529434
 819923
 991480
 24789
 885322
 590336
 1034249
 501306
 352706
 345940
 848410
 1068854
 978010
 580623
 1031950
 123917
 830101
 365887
 312132
 280884
 281503
 777730
 1009134
 452205
 97077
 794519
 1020055
 143304
 155324
 215319
 814915
 236813
 347035
 766116
 412305
 16562
 999383
 747611
 942551
 271680
 190102
 380029
 147122
 923607
 1055363
 1027906
 487751
 711642
 634182
 240063
 858044
 132647
 1055249
 431779
 873916
 789254
 708010
 485161
 37601
 1007576
 532373
 203265
 223071
 569400
 58947
 233252
 582535
 548395
 848164
 960407
 408444
 126677
 50231
 309580
 5515
 98739
 1025768
 822300
 78129
 375703
 438942
 1068471
 505333
 486013
 490173
 663981
 767965
 271042
 503154
 986604
 484764
 376688
 748851
 204457
 683155
 515752
 795037
 331902
 328308
 9046
 138139
 821693
 852479
 97152
 117834
 772373
 893188
 569057
 3712
 315063
 557197
 441388
 648835
 765157
 653222
 232279
 617043
 378040
 507583
 121582
 994072
 144123
 541362
 821105
 738150
 589753
 523715
 344354
 534357
 495332
 1030462
 1083693
 445301
 892085
 958676
 609985
 22064
 3747
 976271
 378408
 631280
 76932
 942606
 947160
 922940
 1064073
 703681
 396950
 279132
 1041524
 671885
 918056
 999878
 407642
 834493
 696449
 681079
 1068441
 701818
 1064781
 873331
 531429
 46897
 670012
 1029261
 206294
 903854
 357972
 883376
 181200
 418388
 495888
 22783
 1011039
 41687
 791890
 737558
 397845
 402338
 492551
 632051
 210801
 1094153
 41554
 539451
 551656
 372113
 370014
 718033
 941486
 309356
 332682
 633772
 21956
 219484
 616095
 275208
 212930
 449984
 907782
 606319
 158284
 473625
 921451
 861599
 1017045
 416255
 147597
 1060872
 463856
 1066738
 675415
 255013
 386382
 435841
 506987
 147282
 56802
 975199
 228614
 725718
 687105
 183049
 141540
 874431
 27095
 230490
 786103
 69098
 1020168
 521674
 730347
 64386
 1097574
 466569
 791331
 957465
 1029482
 118004
 974702
 438166
 421867
 604272
 769355
 153255
 558965
 626579
 978269
 131240
 952148
 510272
 1043878
 547451
 797530
 476568
 1021183
 610559
 637993
 957764
 946307
 769103
 331611
 848414
 561326
 779531
 743440
 248730
 529094
 963694
 511602
 250633
 326834
 14027
 153313
 312211
 816184
 16647
 237208
 1043784
 751182
 997847
 923443
 57339
 286208
 609975
 815191
 1055557
 608472
 909664
 866745
 390907
 244024
 650453
 655365
 171409
 531074
 39203
 115496
 504461
 746983
 459265
 383066
 806348
 1046358
 690119
 503569
 559387
 688392
 434557
 1084642
 352175
 987355
 138558
 267145
 782813
 126958
 971619
 736075
 683518
 1055753
 42500
 103887
 48222
 87964
 901879
 239327
 294104
 406303
 580250
 214856
 177045
 214708
 427500
 526665
 560702
 475289
 458617
 1019420
 663022
 554018
 632995
 384876
 738677
 199667
 185875
 184157
 615397
 875168
 223252
 527735
 1033339
 351546
 99459
 71564
 363095
 282751
 618435
 217038
 661948
 577575
 855530
 456545
 475334
 758159
 79560
 909613
 991418
 340527
 287798
 544228
 66048
 952189
 635436
 764553
 547140
 244809
 138895
 675651
 655539
 346237
 730002
 273433
 739758
 76257
 646756
 658781
 820131
 617611
 494295
 119872
 125097
 338041
 176032
 210607
 762235
 591692
 156513
 10775
 74365
 885749
 728054
 992169
 259335
 480215
 1065345
 61855
 573869
 974509
 822032
 202796
 858189
 453742
 301414
 256101
 47851
 884489
 474414
 445943
 110526
 652385
 499571
 287237
 581068
 623657
 132734
 680636
 1006339
 902668
 985154
 574853
 480911
 745442
 786251
 319539
 972146
 179454
 420021
 749005
 235165
 47994
 481977
 769370
 496052
 631836
 362709
 648724
 278479
 793122
 789808
 337295
 1068340
 408236
 485171
 977481
 289682
 436018
 769575
 309508
 289369
 642879
 1072363
 430510
 855682
 1077084
 736263
 1068442
 225158
 474835
 750717
 650252
 515050
 938677
 884097
 811040
 682597
 503952
 1090271
 427825
 315569
 555044
 245105
 703640
 927212
 646708
 1082361
 1036970
 967259
 215732
 854689
 413797
 795821
 142871
 494589
 178830
 829017
 835739
 407818
 77263
 267535
 271449
 25893
 158750
 977902
 287757
 861490
 183773
 519473
 730969
 299453
 724131
 278193
 163738
 732954
 212759
 907179
 429733
 761745
 110051
 810816
 1075036
 469215
 1038981
 158766
 174114
 780469
 552095
 647636
 654801
 692114
 803619
 684558
 43801
 993001
 73042
 908487
 1074027
 537670
 815339
 179983
 883095
 180437
 132583
 988689
 475232
 475106
 61754
 218022
 699734
 292499
 218102
 220953
 1003580
 756072
 820910
 1060197
 482145
 382858
 935903
 30121
 607810
 868997
 660511
 134686
 374710
 286728
 181928
 375192
 880828
 609996
 768003
 320249
 550849
 113432
 978857
 875258
 617863
 490366
 908886
 645605
 192581
 432552
 981028
 351011
 48489
 111118
 775317
 394604
 160081
 110918
 288507
 102465
 193399
 408378
 847549
 642714
 493874
 551653
 277997
 1049204
 726621
 555627
 251420
 840033
 209828
 635204
 1011411
 843964
 763058
 388515
 308545
 102382
 426691
 548353
 932992
 1001156
 657904
 820493
 189593
 867686
 318206
 144456
 650582
 9505
 187335
 512636
 135549
 39087
 249752
 992311
 622036
 1061008
 511921
 511556
 1097783
 474430
 292904
 698614
 729942
 1068393
 559251
 711925
 817680
 527867
 1079294
 232629
 576077
 898026
 280181
 768036
 552254
 391338
 724687
 930719
 991451
 613601
 555706
 279990
 272561
 1052163
 887840
 524041
 334747
 1050153
 264624
 721139
 1055272
 714486
 299090
 175882
 889915
 620172
 728807
 414607
 430669
 174063
 747444
 352327
 605997
 457275
 503789
 200698
 537259
 213419
 1048455
 214375
 139538
 528090
 87606
 172927
 996524
 276119
 977765
 459944
 632068
 510024
 46944
 463397
 938726
 631068
 621891
 1025019
 78714
 755809
 362699
 36418
 788035
 872466
 712097
 246429
 926521
 1019551
 715231
 1036913
 618561
 24798
 212756
 716448
 1044764
 271324
 739598
 20432
 828228
 1089376
 446304
 287796
 843946
 593206
 232725
 791956
 646395
 61306
 85415
 686103
 247724
 793807
 952017
 523527
 597523
 243568
 87247
 736314
 184192
 43029
 527380
 471457
 160278
 1057087
 768404
 665351
 568447
 130529
 132678
 181553
 916460
 5599
 263529
 228097
 946965
 21002
 488329
 64961
 798797
 119806
 312532
 847444
 653274
 813002
 174113
 849637
 1013881
 713113
 813949
 196677
 170527
 268030
 159276
 614812
 507011
 685067
 140101
 541153
 318972
 250434
 783867
 552224
 973080
 680436
 534527
 204719
 906889
 59435
 686067
 926856
 815598
 950168
 514941
 538086
 3848
 319388
 502096
 855333
 712315
 210005
 9296
 727239
 645923
 290712
 533480
 300511
 532945
 790610
 240152
 868630
 565760
 857867
 25859
 536452
 99109
 348458
 805619
 955017
 650001
 7887
 24362
 122070
 454256
 212318
 1006043
 1047880
 771614
 937746
 476167
 278231
 961586
 889565
 1064754
 812243
 1086285
 1048607
 113480
 997782
 856304
 805554
 984483
 53095
 506387
 34800
 1022525
 526061
 244892
 734873
 500740
 68637
 488746
 854855
 807702
 761420
 945615
 87846
 853421
 1064559
 1038185
 825725
 6782
 144741
 685438
 842302
 313799
 894460
 945028
 622113
 669885
 747728
 842220
 1068801
 956890
 474510
 269748
 1071634
 457385
 965594
 198316
 214995
 40697
 1004491
 1034990
 858806
 960480
 868251
 606786
 96652
 272043
 185779
 1027416
 214746
 698449
 335717
 170943
 740425
 317957
 514892
 672490
 131384
 710188
 956328
 24252
 1086258
 803594
 485506
 498336
 975762
 55516
 1007274
 29732
 959361
 956098
 540209
 669250
 1097435
 1075602
 294711
 714842
 240345
 675743
 250539
 325657
 675958
 983876
 368847
 515847
 141002
 1063664
 535905
 714922
 1076751
 616934
 1097313
 1067136
 719423
 100464
 394590
 388935
 211951
 459028
 677621
 515604
 1081556
 742402
 502455
 394782
 683298
 681144
 205213
 737051
 609490
 335444
 269785
 400091
 292169
 844970
 196297
 46982
 381875
 893365
 763229
 808181
 23702
 720981
 500696
 928296
 17080
 1071785
 529506
 915478
 233062
 258648
 514661
 834263
 802841
 95051
 814716
 485733
 668377
 674841
 885899
 901257
 448537
 344125
 513606
 566388
 679698
 81414
 893231
 79022
 835719
 1068306
 925550
 254783
 964709
 898290
 234461
 569489
 213127
 136734
 377001
 113694
 804858
 775494
 929140
 1023069
 974324
 669124
 838503
 800053
 131641
 575037
 206358
 42703
 753592
 458832
 368782
 490353
 985073
 325410
 256275
 639847
 731611
 468539
 939497
 974982
 97822
 239664
 520806
 1058085
 411920
 906397
 1014036
 398435
 721610
 383907
 112971
 540107
 879450
 434980
 740744
 353822
 367471
 902219
 513512
 610751
 53151
 152915
 114371
 766285
 683454
 557535
 787745
 1002813
 560543
 663267
 419799
 42061
 482513
 476771
 198632
 251931
 670273
 319561
 133539
 773893
 506436
 575318
 122160
 1036298
 216314
 705209
 614643
 943848
 730919
 578895
 443
 14702
 440483
 151376
 504777
 190563
 859580
 112672
 286388
 1077784
 333924
 995866
 1011800
 486648
 1040229
 945828
 14448
 178748
 254425
 902740
 359091
 520832
 282573
 816944
 692666
 945943
 1083733
 771626
 952162
 494039
 690440
 780785
 1032621
 463627
 1012002
 564399
 670634
 67470
 109758
 246293
 459340
 267895
 109286
 860361
 48878
 556168
 1097089
 242955
 84591
 307156
 919071
 736631
 93262
 344194
 752738
 234343
 1034406
 232264
 246110
 23471
 416627
 334460
 447150
 313384
 849961
 47614
 624200
 150507
 52819
 1014679
 614708
 550315
 374643
 724098
 402517
 312169
 749644
 784324
 790762
 716358
 293505
 838773
 260128
 1085033
 325134
 321970
 83748
 179836
 557622
 790676
 693203
 385476
 151226
 833881
 170920
 235698
 216607
 586795
 349963
 517699
 565688
 539121
 481299
 198781
 262886
 301251
 675460
 451134
 1038880
 217972
 320500
 873057
 1087696
 306533
 1025145
 125717
 1055768
 1010239
 79538
 411719
 730858
 803308
 376462
 709599
 436079
 198848
 271598
 716617
 899492
 1051643
 1094631
 814938
 201130
 764687
 774935
 270743
 186116
 146926
 466890
 555492
 757077
 437642
 743552
 204736
 473334
 212504
 166338
 92247
 771812
 1024160
 349301
 429439
 1001961
 703508
 523812
 908710
 124758
 215353
 244665
 731931
 236815
 5264
 313578
 50649
 1089526
 223575
 387050
 521812
 691313
 167436
 760102
 798582
 241305
 649910
 1042005
 721506
 167009
 249879
 296886
 388948
 29385
 742370
 303677
 722603
 32587
 699985
 557814
 884709
 766806
 189294
 1094484
 422816
 85085
 918909
 548166
 822929
 598649
 38262
 1011549
 731705
 120136
 264387
 785367
 455364
 823372
 529700
 202575
 886256
 1022463
 738811
 676742
 21049
 748897
 297717
 314011
 103146
 497589
 518510
 1040753
 746496
 148386
 1062363
 1051269
 194074
 270970
 348401
 125934
 193739
 856698
 544051
 613418
 590998
 539798
 530662
 909569
 666704
 529387
 789505
 195291
 700858
 1099937
 1056958
 407182
 509422
 607293
 390726
 189900
 205435
 778042
 406605
 886104
 474397
 450094
 1017308
 627611
 136280
 409294
 1028544
 337709
 822060
 1064875
 108766
 952014
 699039
 60803
 834511
 595124
 1098044
 326697
 54217
 552579
 912922
 86513
 135795
 623365
 716964
 795876
 815872
 438532
 660281
 570216
 655718
 554249
 219050
 710164
 859943
 499636
 131847
 182607
 1090108
 590508
 836567
 831037
 299428
 593805
 1010098
 972638
 309104
 578027
 334307
 119155
 909832
 786826
 291427
 570557
 665371
 105089
 542888
 777948
 64827
 316820
 41533
 1043558
 410281
 413774
 51980
 653046
 1042231
 935844
 619153
 457489
 757512
 1025739
 897145
 1085839
 675519
 608609
 535798
 59534
 1031854
 802886
 1042801
 996610
 169259
 345181
 438004
 868177
 796505
 718075
 3651
 417980
 463699
 247130
 281256
 92684
 897593
 368637
 776954
 173417
 348075
 835591
 1065914
 402029
 557858
 197771
 345049
 120505
 543578
 268097
 897269
 673334
 342881
 341052
 574798
 921884
 220627
 667216
 317124
 989926
 111696
 163528
 393979
 543614
 776052
 147744
 508472
 374415
 686830
 704231
 349833
 963736
 24725
 48462
 505520
 866422
 993102
 973538
 453117
 300977
 284290
 418438
 354697
 834228
 585241
 691039
 1041181
 743545
 1018902
 111390
 1057494
 266838
 1085952
 900620
 409970
 229961
 1095938
 169537
 637242
 613301
 418479
 396079
 173342
 466968
 651256
 247610
 247881
 173371
 532251
 721384
 952647
 1050949
 1036220
 1059235
 858195
 1013404
 951308
 444130
 130701
 295216
 170447
 427609
 100507
 364863
 929265
 652756
 72773
 540524
 221957
 665430
 600925
 641443
 689646
 184650
 1041104
 756867
 363036
 692058
 460208
 523914
 840035
 34429
 952590
 304469
 625054
 58614
 1046517
 293419
 968075
 760966
 939404
 366852
 601186
 162221
 127224
 710358
 373699
 1078540
 616019
 939816
 859479
 600380
 119307
 629631
 733039
 448322
 18553
 520268
 168326
 120615
 790326
 539955
 290444
 155722
 814623
 857835
 517190
 828012
 377968
 879913
 693168
 924456
 342200
 786633
 856870
 953481
 165356
 860434
 670575
 717671
 766735
 158457
 307469
 422443
 461869
 691264
 1033208
 1067997
 528096
 537039
 857013
 644256
 171122
 744476
 600621
 30091
 120935
 648287
 81547
 3270
 723905
 969050
 812395
 1081415
 793744
 958431
 52295
 566921
 563481
 893924
 875874
 741188
 301549
 697420
 896778
 178847
 712901
 237709
 922002
 835524
 351810
 1012730
 41998
 270954
 486029
 604364
 22075
 810316
 488910
 358715
 46245
 609384
 142059
 624879
 22560
 608589
 219191
 388773
 349498
 347068
 166514
 321871
 843404
 792332
 204360
 894402
 747231
 141937
 945727
 881061
 1062487
 576431
 87025
 751795
 348906
 11620
 636277
 897285
 569195
 521614
 463882
 208462
 851876
 226146
 683189
 722093
 488622
 1001486
 988137
 344068
 936449
 569024
 90006
 1038270
 773442
 104539
 531920
 287612
 1051870
 625404
 426393
 613154
 663234
 69869
 256338
 630423
 214285
 509890
 830596
 581899
 435547
 566097
 672480
 323634
 845363
 77465
 241956
 866365
 1073368
 613212
 567482
 757533
 195032
 951789
 119396
 746887
 599821
 756382
 536089
 607949
 415495
 786499
 614421
 616414
 348718
 150037
 320823
 941695
 405755
 340555
 1098050
 1047329
 196566
 637223
 888715
 395802
 1079540
 846844
 28185
 925002
 376407
 1058022
 566791
 19063
 840771
 710629
 417976
 773775
 364061
 327342
 778276
 573082
 820321
 464569
 281044
 937850
 373267
 995150
 147625
 106390
 48454
 325793
 358951
 1033572
 459323
 456493
 382835
 920814
 296742
 758989
 335516
 223246
 25202
 276954
 192709
 1028869
 977661
 289582
 367379
 579983
 732890
 689587
 702952
 195998
 80484
 810064
 677698
 783060
 143972
 555731
 331620
 807616
 188467
 462380
 860401
 442035
 108227
 986557
 706719
 167034
 103319
 641350
 162884
 874615
 864331
 309301
 553189
 985165
 674625
 776279
 947936
 1071430
 330286
 934779
 1086533
 612986
 615534
 684041
 811517
 438745
 577702
 576347
 709178
 860221
 210496
 169569
 500473
 364659
 678484
 999922
 166630
 453115
 119339
 992868
 325266
 740305
 44412
 42495
 478231
 544470
 423806
 654852
 1060121
 792127
 205499
 416502
 580910
 932014
 246805
 745473
 146858
 670735
 1035332
 260277
 24393
 611442
 222994
 375188
 15872
 811467
 1076955
 656913
 471583
 366705
 38108
 619301
 493678
 562461
 516745
 924202
 246327
 239086
 960635
 284579
 952984
 111593
 85306
 953884
 63763
 474918
 860563
 379135
 1006991
 99132
 622144
 881944
 360308
 602602
 561450
 253471
 1000686
 735311
 283904
 46420
 340693
 732052
 40717
 1031597
 482026
 646318
 369368
 528384
 896709
 766311
 93342
 883237
 157678
 345050
 1056924
 43324
 992740
 754216
 750421
 355589
 150687
 568656
 465045
 90886
 243337
 128429
 693556
 911983
 1073327
 388936
 443355
 628887
 837969
 860587
 691188
 11359
 784817
 8144
 619152
 38671
 1045815
 457295
 583169
 815463
 290934
 766705
 415669
 501853
 854080
 182356
 1053260
 910690
 990821
 282849
 12912
 652954
 366062
 930750
 266280
 324002
 733432
 1033297
 414684
 887748
 215304
 209501
 991229
 525674
 1064364
 1024801
 308830
 322133
 474146
 120864
 1000538
 699594
 313197
 414085
 126203
 577070
 922590
 666588
 562154
 467699
 934758
 607494
 399087
 1003339
 268407
 49921
 694767
 1011611
 872527
 649918
 361154
 240288
 122402
 73916
 460812
 929159
 563301
 86608
 9237
 552319
 636701
 551919
 904443
 112389
 48449
 68933
 760451
 1064782
 591086
 146134
 916557
 795806
 1039746
 485530
 160569
 157308
 105439
 749676
 933767
 970702
 10152
 1001146
 505871
 964149
 275045
 825470
 913618
 744536
 769225
 906283
 1055715
 255140
 1051394
 852508
 960792
 569849
 805515
 113260
 368696
 596035
 609373
 102853
 1032920
 635523
 643489
 8072
 245229
 1083004
 309779
 1048953
 56857
 738912
 279499
 352272
 32869
 674159
 718941
 1075772
 160060
 314346
 102294
 30487
 959300
 879635
 283451
 749180
 420342
 842751
 116648
 591165
 455198
 222899
 722671
 465682
 67449
 272337
 610996
 665832
 896751
 887585
 1023194
 736318
 625821
 708920
 199562
 176001
 331047
 877732
 344999
 454573
 993918
 587110
 13639
 197633
 697528
 211179
 138609
 190246
 41244
 114512
 164948
 236529
 3569
 152738
 1055654
 984695
 424063
 923848
 457620
 690411
 617632
 515158
 219896
 618127
 880334
 177225
 114783
 1056127
 965827
 1008764
 713292
 401974
 940167
 428864
 705164
 336940
 131372
 161347
 598234
 437272
 581713
 79724
 608700
 124325
 583768
 422741
 290112
 544349
 453784
 1041786
 766221
 422038
 334178
 437590
 823536
 319419
 1098086
 432459
 233287
 162752
 755529
 829323
 927067
 771132
 610715
 525639
 54640
 311308
 25215
 479248
 663579
 807811
 87629
 191934
 456255
 919374
 980482
 527696
 460135
 434585
 177906
 428613
 361589
 415724
 798810
 682181
 780877
 676991
 820390
 705843
 1074890
 981174
 514883
 1026388
 675896
 65546
 553294
 335350
 780701
 1035484
 244617
 895810
 840939
 542409
 310266
 16406
 438979
 855281
 327430
 566382
 565247
 766896
 916272
 836565
 1070835
 145813
 26640
 26370
 1097915
 135157
 917627
 698341
 145743
 491910
 712141
 96207
 436426
 339851
 337211
 1029350
 315431
 932758
 971349
 408840
 510762
 955278
 822881
 926586
 223945
 135460
 975155
 595676
 266790
 440944
 627490
 493215
 1095646
 741546
 224832
 377584
 289603
 955676
 137737
 139108
 94067
 949980
 493039
 263235
 723306
 866641
 849780
 106953
 1094096
 26760
 117457
 243927
 908978
 524356
 75919
 549407
 410495
 215523
 779882
 1087412
 677006
 431834
 1083972
 269611
 149077
 796416
 221019
 528246
 92588
 711836
 70625
 509375
 858087
 825454
 225876
 24358
 747427
 270068
 530184
 365426
 660161
 883691
 364065
 771529
 695028
 886964
 589423
 540672
 303816
 650183
 43762
 275517
 865161
 167110
 734233
 484640
 531916
 475340
 468821
 657824
 203422
 62613
 1097650
 371140
 712639
 667993
 597349
 237142
 822861
 30471
 356014
 556790
 937165
 259010
 858037
 926692
 252820
 437135
 1039622
 214156
 837898
 252983
 250798
 121818
 498768
 1013326
 548036
 568433
 147869
 671593
 304845
 942834
 751658
 833405
 171339
 267210
 875318
 1048158
 144169
 132765
 1013736
 161685
 176421
 99287
 674544
 59736
 1088630
 454549
 715717
 191109
 1064042
 499066
 299901
 730171
 1044484
 919928
 402696
 493993
 332794
 80018
 101330
 299053
 101363
 865319
 236383
 862299
 664924
 141474
 1057008
 423135
 910377
 493063
 58856
 39892
 626440
 689343
 543781
 77265
 569506
 486497
 192521
 131849
 395039
 669733
 383075
 333992
 49623
 156606
 560197
 455831
 496409
 302735
 64314
 207599
 57949
 878199
 764096
 1050610
 970338
 871778
 477299
 409001
 79680
 242019
 374731
 830171
 938197
 554617
 989773
 501780
 139007
 199989
 489282
 824044
 122742
 1083796
 369522
 555367
 834125
 584273
 957129
 481595
 201915
 554572
 164858
 408997
 874542
 203389
 142233
 835187
 812545
 120074
 499413
 383151
 53969
 615838
 589563
 542282
 113191
 498816
 257787
 764939
 175721
 1002101
 890157
 878464
 44221
 1064902
 413766
 660738
 645826
 699984
 421869
 358091
 880870
 25564
 34874
 671863
 329523
 227707
 231383
 849094
 847052
 438244
 893641
 953714
 591151
 894183
 744979
 888574
 677709
 425276
 568426
 223192
 509797
 170803
 374454
 244173
 396487
 507881
 560964
 334396
 26835
 406213
 423737
 221723
 288848
 235605
 91729
 191853
 981318
 544015
 147644
 437724
 892795
 274667
 504508
 854374
 1035086
 280967
 1074452
 683712
 238950
 415807
 717925
 140879
 17924
 554698
 879743
 258688
 184427
 218790
 1054948
 1035274
 22527
 159626
 1066437
 555611
 1086540
 376109
 778390
 302743
 114620
 770289
 668327
 430314
 997575
 726639
 304819
 44777
 277380
 744856
 544401
 32799
 926958
 408708
 63325
 1009163
 637375
 33315
 592574
 893514
 169765
 246166
 105639
 295544
 253274
 371309
 877630
 609813
 39172
 790018
 220966
 1090025
 128621
 130575
 166030
 191445
 524125
 112339
 286353
 734098
 1017525
 1035549
 569060
 635977
 317863
 998559
 498327
 753730
 864094
 1016732
 1040994
 870719
 973946
 1066155
 634218
 809354
 194661
 41771
 326558
 203168
 309713
 987277
 919985
 355804
 314858
 553895
 777483
 701949
 273583
 716918
 87017
 447636
 482497
 814433
 420373
 456816
 813410
 401639
 549354
 704805
 850152
 968372
 475060
 702701
 877015
 862377
 207215
 817640
 783163
 590960
 982878
 724432
 43112
 798313
 1003779
 628340
 867541
 741267
 593632
 568894
 846556
 416131
 995879
 215246
 901117
 601799
 266448
 802767
 592736
 223502
 1008731
 357934
 853244
 780161
 918531
 314570
 818695
 775357
 152346
 544226
 416292
 986547
 296004
 847016
 853063
 53405
 1014989
 501470
 599905
 991992
 990057
 299067
 686756
 569748
 529890
 365025
 215324
 261115
 674059
 295058
 1069622
 448103
 247915
 428366
 72076
 1034257
 1051015
 590919
 1043113
 649500
 112434
 171360
 279217
 651442
 783663
 877246
 316058
 333592
 280372
 510776
 129995
 337773
 90951
 20557
 762978
 99429
 761993
 894311
 488305
 804753
 953374
 105207
 1054476
 264191
 616622
 717367
 528450
 695109
 806788
 944790
 892195
 44475
 860338
 148307
 628641
 1045420
 368335
 363039
 484120
 977567
 196189
 911262
 1043059
 809237
 103364
 743697
 267284
 657213
 976778
 142897
 487601
 697382
 1071426
 1071703
 126440
 659745
 895327
 815520
 781801
 513946
 799702
 751921
 629527
 744910
 544525
 121151
 267829
 314048
 526179
 705186
 558474
 177302
 77506
 280240
 57565
 559000
 96434
 20947
 133024
 732718
 1047715
 798930
 8784
 951336
 13191
 432978
 314233
 988193
 360288
 37891
 18549
 1071733
 898184
 273662
 474016
 672522
 288965
 428660
 838598
 955461
 185711
 923029
 459584
 295882
 755336
 607065
 157952
 90587
 875172
 163147
 554654
 480127
 241254
 598522
 617208
 193572
 920729
 966205
 1083478
 714412
 82634
 921703
 566932
 468155
 426896
 647975
 194834
 674369
 359896
 842853
 833403
 988528
 712786
 233854
 863944
 870141
 613782
 81128
 692402
 465096
 982264
 510785
 322779
 307379
 753750
 651715
 624537
 1045647
 43196
 775617
 146003
 219064
 334419
 780319
 278366
 1025691
 533877
 252967
 980329
 700780
 981375
 526883
 787441
 962278
 779695
 915653
 52988
 463082
 548146
 934436
 520320
 742328
 795402
 278661
 968712
 988995
 575415
 19843
 74090
 273882
 367165
 41505
 753823
 139268
 78164
 656500
 93470
 325562
 56210
 910772
 794981
 138712
 924284
 187227
 26749
 850894
 250175
 448196
 389923
 670725
 517278
 565856
 502450
 191705
 390222
 101726
 999891
 857760
 991933
 980640
 282565
 450252
 315666
 456902
 121281
 171619
 1027057
 979777
 802587
 260430
 938764
 4817
 20299
 175942
 293700
 1000287
 175020
 344367
 913314
 761155
 216128
 321819
 838731
 298339
 625464
 989609
 110888
 307741
 85522
 756191
 541326
 883387
 781674
 139769
 528293
 625835
 605691
 723585
 896262
 96353
 1099358
 1017536
 252761
 894630
 818996
 981386
 486596
 231660
 914055
 499193
 22789
 561086
 937924
 637125
 1019137
 464072
 837620
 840328
 841206
 64848
 213167
 358134
 259125
 713001
 771082
 1036045
 589782
 479251
 247667
 1075551
 310137
 120815
 896429
 785533
 250077
 155294
 687990
 1009231
 733692
 816328
 1073300
 272633
 238147
 86775
 299714
 211297
 74083
 142285
 500303
 551142
 947803
 642503
 809637
 830050
 580304
 67655
 410918
 129739
 594972
 63232
 103878
 573959
 225666
 515835
 565739
 933821
 1059630
 441877
 444049
 653050
 342787
 99090
 1063097
 703083
 243548
 460695
 275175
 612628
 89731
 952442
 79412
 389595
 393625
 405756
 725567
 776852
 344826
 645099
 596476
 321791
 1012746
 310441
 942604
 262218
 16529
 377186
 976306
 400292
 26222
 474408
 704073
 789411
 348519
 440379
 372716
 711344
 448387
 739298
 604278
 698668
 220952
 76812
 460713
 460726
 876174
 120987
 921620
 22867
 353412
 823043
 433600
 908890
 865524
 961020
 497357
 45334
 904567
 964439
 146625
 1094145
 970377
 858738
 925629
 1009281
 610800
 464687
 974363
 163521
 480694
 1017700
 693001
 619331
 536000
 423159
 4977
 186650
 1050834
 676074
 445067
 724821
 744125
 878707
 850410
 122694
 353098
 540859
 399485
 525790
 507474
 829096
 405815
 229139
 85683
 795229
 756966
 46748
 865728
 950513
 953863
 888315
 984692
 852517
 787639
 302349
 359704
 156865
 722772
 1092566
 57642
 111414
 412643
 890874
 214206
 571437
 317490
 657515
 661688
 433754
 1046287
 1005101
 743163
 227529
 413432
 98053
 14771
 1098934
 796952
 362398
 143534
 754643
 563890
 1038340
 522493
 343595
 765042
 598306
 856551
 208364
 516655
 1056478
 330916
 796977
 581176
 544606
 97076
 469364
 1079975
 549605
 224349
 256360
 127644
 1009735
 308486
 436902
 955740
 1046042
 800054
 1092308
 849178
 324129
 716267
 917099
 874916
 128693
 760639
 527806
 51030
 100505
 274034
 1077960
 933421
 37801
 202702
 494159
 712767
 832462
 150947
 937645
 810627
 366517
 1092616
 779009
 35854
 932791
 97111
 259399
 935119
 538037
 534598
 960206
 859563
 121660
 571029
 171597
 3957
 439780
 127440
 69505
 1080768
 174369
 676585
 97856
 1038893
 720604
 23254
 1070169
 256268
 664375
 171490
 894232
 528958
 758957
 50677
 612226
 534729
 473103
 350984
 164200
 294050
 266356
 816718
 400684
 522757
 1035325
 698096
 124167
 253957
 276734
 813681
 964849
 3604
 199031
 81706
 566493
 1082943
 936754
 588332
 669122
 883628
 557302
 763776
 201785
 783077
 335742
 798667
 473051
 223781
 884622
 645007
 991371
 93603
 202547
 23373
 986920
 73916
 295411
 307241
 582514
 653711
 495163
 279460
 63643
 918434
 2603
 612156
 605498
 405927
 60329
 965731
 299836
 785473
 385149
 138025
 570704
 762034
 373048
 598291
 942191
 806612
 811923
 165114
 293438
 21595
 764932
 894689
 910915
 394475
 59153
 123309
 25304
 818536
 350262
 228596
 689514
 689885
 223132
 862154
 145501
 1055271
 834274
 1023132
 330822
 774172
 585833
 154829
 166293
 12304
 293419
 917112
 454273
 894413
 292480
 580463
 671779
 739326
 112530
 949997
 637588
 886971
 169092
 449796
 370710
 965105
 564159
 187704
 421618
 104442
 554321
 1015259
 226843
 638956
 403138
 351496
 981191
 147436
 597766
 98930
 364698
 1054926
 104950
 258453
 572832
 913542
 309854
 400280
 1095493
 294774
 711121
 1034088
 990813
 824462
 119887
 187991
 997978
 291535
 371910
 359463
 166228
 941850
 367598
 469230
 459304
 681323
 876908
 121340
 869976
 360716
 740936
 537672
 556975
 1061990
 771655
 1085828
 184904
 410901
 431511
 987821
 906450
 912800
 1009958
 738436
 374292
 936185
 903051
 1092913
 940385
 760805
 724437
 915527
 570924
 565048
 1057304
 702960
 54363
 587716
 1020536
 574760
 495736
 985691
 1007436
 1046789
 68454
 1009108
 482201
 733888
 244373
 144432
 514618
 281947
 520457
 415573
 270699
 1034961
 383818
 60633
 873855
 140387
 360455
 860564
 483869
 1026910
 708125
 825628
 589287
 511370
 128147
 39299
 1086596
 44064
 346819
 113299
 419645
 602317
 138490
 1019172
 140289
 799366
 907379
 996620
 323507
 805492
 1018654
 335053
 804656
 422597
 551593
 700318
 529275
 17409
 226260
 442939
 695557
 169034
 179507
 207023
 367217
 463486
 500746
 1057182
 879687
 134013
 121455
 262813
 547754
 125537
 1096359
 455623
 734408
 627440
 305356
 730218
 148498
 268813
 1052474
 412063
 235260
 436633
 541460
 232780
 901943
 1012191
 1067944
 203377
 145112
 25077
 1006900
 661006
 416958
 959691
 187234
 290272
 456672
 808649
 74757
 314536
 107696
 251950
 346801
 395278
 488511
 1050539
 502174
 1011696
 620846
 117479
 324675
 1091504
 374624
 750400
 1022111
 960316
 168825
 945702
 281156
 683900
 200310
 836789
 772040
 618132
 954199
 369429
 143912
 524212
 286686
 990117
 1006126
 814691
 1077059
 1075968
 695207
 906595
 1041219
 329613
 494516
 405126
 329720
 968611
 628078
 809580
 426107
 699007
 1076563
 655987
 497769
 674372
 661945
 456563
 966235
 18199
 10327
 229080
 617844
 695433
 776871
 153365
 1037737
 243538
 84181
 9271
 607449
 465421
 444860
 627066
 692723
 478327
 978676
 255161
 640910
 95344
 923764
 505906
 314036
 264792
 419042
 522532
 87086
 57835
 484846
 529498
 444333
 858046
 1070175
 91734
 536096
 507968
 305138
 923167
 222000
 502573
 836051
 673225
 1002583
 924234
 479266
 885486
 581981
 590551
 789807
 810585
 390825
 536080
 674884
 749799
 644652
 733698
 390044
 897663
 888513
 843345
 712650
 825553
 61778
 581839
 373658
 1054758
 643183
 15053
 324374
 175724
 331707
 883614
 117257
 297820
 638014
 563084
 239592
 658041
 1028440
 712910
 737203
 68306
 136260
 102933
 762585
 218230
 439537
 593343
 446580
 323363
 401567
 633185
 394264
 46814
 1069997
 292807
 761665
 1001667
 149714
 258197
 53761
 815295
 953018
 126665
 954239
 969392
 929667
 696279
 137716
 272278
 902868
 585064
 1029474
 659601
 442272
 458234
 44780
 574425
 891171
 801211
 828569
 445405
 367246
 758478
 253816
 623087
 800432
 276819
 804235
 664241
 366707
 254458
 423712
 289423
 344290
 415434
 884936
 286756
 784060
 706227
 756692
 481664
 724240
 734851
 762255
 305609
 357449
 478487
 505131
 349311
 584067
 322939
 280082
 1004770
 459935
 114370
 7761
 754617
 684558
 215875
 382323
 674947
 898897
 765201
 514257
 357535
 339016
 516775
 136731
 590222
 105851
 342077
 165319
 441903
 264078
 918021
 449857
 435562
 948412
 649477
 1067041
 101676
 583565
 1023073
 86354
 517702
 362597
 664884
 84589
 69339
 1095994
 1014181
 745486
 624853
 355018
 85227
 629439
 695111
 136936
 100581
 850098
 572227
 114443
 824853
 577965
 71790
 724894
 74085
 626138
 136565
 110950
 424066
 844434
 997918
 771187
 914649
 929134
 155900
 649840
 94486
 779627
 1039607
 992673
 836310
 862652
 278224
 1077312
 958322
 202657
 1071020
 983554
 465433
 240020
 200555
 825179
 734278
 588929
 838782
 217873
 314724
 613863
 739881
 31548
 46482
 491201
 1046143
 643410
 570418
 988043
 263744
 526174
 330825
 756698
 369742
 597366
 705281
 190614
 1011254
 637088
 734432
 216165
 1059574
 125776
 569209
 781655
 299709
 497904
 311906
 524234
 631786
 915300
 977389
 299732
 912015
 382272
 1091384
 1091353
 886878
 309514
 1040988
 904975
 140209
 351979
 363997
 349590
 872766
 251747
 59284
 760821
 633800
 546066
 572671
 293804
 269464
 696312
 750944
 559820
 773749
 693627
 31323
 984018
 83668
 875966
 676813
 392043
 656141
 1002759
 496415
 215964
 533855
