1014167
 305777
 331686
 306349
 634226
 341180
 160683
 368729
 551761
 410328
 607049
 170500
 536299
 6789
 1061123
 671552
 188700
 980579
 75252
 819621
 633950
 514290
 1055440
 660865
 92516
 661003
 319596
 258304
 821084
 307322
 861022
 605986
 345133
 981471
 405015
 934004
 813520
 246184
 140266
 750440
 138564
 487169
 938425
 698157
 388766
 909659
 1085478
 16310
 436254
 995355
 8711
 686328
 788677
 6347
 553801
 755541
 192459
 459995
 1048682
 480038
 164391
 280664
 1068929
 756163
 315131
 513149
 206319
 725961
 338332
 367319
 883096
 98443
 459240
 162809
 623830
 1016938
 873402
 352091
 311116
 995879
 171949
 545101
 489565
 547871
 1027786
 361837
 716317
 266734
 630219
 710820
 568246
 750314
 418709
 523963
 443268
 371134
 918764
 107658
 862839
 634588
 1083474
 694864
 372400
 60089
 17017
 521256
 504924
 213622
 98189
 331006
 449864
 283120
 868562
 827605
 485409
 900014
 402754
 1084951
 516441
 775019
 475291
 818448
 828502
 1060022
 238150
 622143
 7936
 644825
 119225
 963999
 313638
 33515
 400604
 195482
 632885
 37305
 17232
 792572
 1025286
 933659
 390015
 31462
 739523
 406745
 558271
 226373
 329661
 377116
 829087
 977094
 478721
 1018113
 228633
 424
 947137
 282780
 115279
 769103
 1011594
 777674
 537152
 1031576
 38273
 253770
 356168
 362909
 828793
 834644
 667022
 573901
 582291
 13167
 1033071
 1077356
 820029
 810868
 148259
 466001
 20650
 800200
 674555
 750805
 57638
 45443
 708364
 104175
 417667
 472772
 214871
 604025
 1006578
 781839
 348671
 231116
 487979
 4985
 1012024
 819202
 812367
 38929
 904117
 887478
 954159
 53523
 1032614
 1085635
 957232
 480586
 69301
 749190
 454570
 402497
 840334
 371417
 111473
 29255
 51311
 871919
 580707
 79564
 919900
 313669
 263224
 621104
 190107
 193827
 481304
 365417
 49880
 216219
 350653
 531623
 902413
 326028
 1031450
 61652
 325001
 903579
 982671
 510041
 583246
 615196
 340307
 489538
 785325
 776442
 472013
 158876
 922565
 168625
 993143
 355702
 636221
 1095726
 544113
 79908
 47946
 796103
 894717
 190953
 211208
 122226
 670440
 193540
 411054
 523845
 166082
 207266
 1039504
 807071
 880641
 391410
 417944
 382505
 175862
 1007436
 429543
 34141
 764439
 767802
 1028671
 232659
 63442
 1060209
 886781
 623125
 800251
 350841
 874657
 204126
 886743
 115426
 1085646
 991683
 154870
 21833
 1026888
 37126
 609828
 685120
 881688
 986850
 1050221
 908504
 678119
 1032398
 571057
 584472
 960533
 764221
 336525
 939042
 520630
 561023
 466074
 496623
 294311
 74974
 374949
 274442
 70180
 430892
 1009475
 537798
 238111
 417819
 1027926
 366000
 778984
 1029414
 705870
 521804
 473787
 799937
 41902
 504058
 794110
 463117
 636584
 169074
 107507
 788734
 34624
 717198
 535816
 582089
 417070
 1085841
 633739
 632652
 728732
 56066
 151461
 554513
 278112
 339964
 579893
 138453
 989793
 125580
 1070713
 481569
 52387
 808503
 830802
 422938
 639465
 431197
 600159
 934887
 445959
 649038
 387710
 845654
 369651
 246939
 972279
 319613
 293135
 497311
 251719
 697001
 337236
 266731
 1079391
 822859
 445995
 1014466
 880900
 985045
 815624
 664661
 658324
 659997
 240698
 747618
 507063
 641863
 75833
 928428
 2992
 141885
 578573
 1017838
 1081168
 392885
 430554
 239083
 141060
 1018532
 353429
 847932
 895277
 851351
 752330
 857353
 137772
 433422
 270141
 95096
 298401
 131539
 336123
 483515
 908868
 269512
 888910
 876973
 208943
 458373
 1031523
 574614
 993862
 331232
 164779
 116451
 791789
 240235
 266361
 1000664
 544285
 42581
 4262
 457482
 69002
 1029227
 155132
 349464
 843944
 717563
 593942
 511024
 748573
 807284
 68282
 1055444
 640080
 839260
 656626
 756083
 370511
 1017897
 439072
 343070
 640120
 420504
 260777
 292178
 727836
 657410
 1004742
 935939
 371678
 276476
 183936
 285100
 420946
 117223
 787578
 591209
 473539
 31011
 1053203
 681156
 760643
 661608
 845614
 682271
 910118
 945310
 1016719
 1036915
 850220
 624764
 333308
 1003166
 925905
 746675
 393549
 640215
 199007
 962587
 223552
 329831
 124347
 533639
 191775
 585590
 610819
 1092910
 515401
 1081494
 301509
 536949
 408578
 944483
 633739
 516558
 695992
 103882
 825392
 801072
 226382
 451152
 372298
 1092452
 565289
 111814
 999052
 216037
 41824
 750749
 915148
 113681
 8167
 337660
 744618
 401793
 506016
 330724
 1021273
 38446
 40752
 743495
 100734
 821924
 955659
 948433
 356007
 340753
 246503
 99608
 264349
 969867
 879539
 778943
 518181
 978903
 529070
 770254
 636197
 190476
 920265
 706619
 766497
 837389
 259939
 153638
 597430
 161768
 320031
 74556
 195520
 420968
 400679
 50632
 669977
 652080
 652711
 613088
 965382
 813236
 54359
 249440
 1049504
 600253
 139568
 869496
 838930
 157452
 240523
 963960
 1034966
 639646
 923790
 404905
 17267
 307086
 562202
 960605
 185140
 323350
 119813
 485410
 1913
 447803
 289853
 626224
 948822
 629343
 838040
 358107
 902920
 1045811
 182645
 702598
 444206
 986407
 17468
 86705
 236715
 475050
 257963
 559270
 942861
 339556
 735250
 556822
 261380
 334744
 941066
 220924
 417706
 647236
 61295
 1017961
 716223
 766066
 1054987
 862620
 304821
 457280
 642538
 254376
 1077854
 368664
 1053084
 827442
 313267
 32264
 451337
 995542
 628821
 531791
 631562
 46611
 160137
 363615
 78934
 416997
 720120
 224537
 480828
 361546
 680918
 155096
 261429
 402523
 1058754
 112303
 915881
 801554
 379820
 736657
 1095345
 20106
 726284
 965180
 925748
 197778
 438069
 10324
 1031082
 948204
 117846
 98757
 270358
 658320
 924137
 892424
 121132
 486776
 53106
 589129
 743272
 580956
 1019755
 1005049
 266470
 852585
 881922
 851645
 812436
 1011272
 115011
 436076
 781830
 634015
 26941
 289163
 626153
 1088447
 983465
 785363
 1090226
 228655
 498423
 1072995
 770454
 923709
 934562
 344902
 1010274
 347987
 820185
 126201
 448584
 437320
 652575
 76999
 800927
 660351
 217399
 93659
 303911
 1053884
 205117
 955507
 877855
 270157
 697566
 632757
 34211
 316968
 682478
 866218
 72148
 495229
 445102
 467279
 139632
 916357
 979253
 842822
 605000
 391244
 88772
 805945
 871189
 661522
 299171
 1068930
 1022010
 102646
 147148
 182911
 958837
 392539
 16109
 808544
 78989
 279364
 536343
 813393
 173786
 996242
 833029
 213094
 63668
 92904
 868438
 178885
 636285
 1089661
 436843
 832151
 936133
 255760
 1062518
 445395
 1000116
 805305
 845359
 972660
 388196
 735150
 45756
 900919
 672430
 638584
 674691
 587926
 894499
 206247
 563669
 63031
 21294
 1002567
 648683
 572034
 199529
 274043
 53134
 810690
 2313
 251644
 985681
 812050
 261784
 209575
 65034
 361269
 406939
 935370
 299991
 246824
 850505
 676187
 191104
 361815
 467857
 348392
 241286
 515614
 945902
 368844
 732370
 833248
 82575
 62762
 663949
 832904
 215267
 525685
 130563
 67293
 937433
 948372
 450641
 1020401
 227772
 565455
 1083309
 225683
 108911
 743701
 525549
 565113
 456640
 595536
 291844
 825206
 1042956
 38161
 135071
 530204
 887848
 179881
 905513
 337325
 908769
 611910
 486548
 529557
 811779
 398544
 264445
 9473
 181098
 1041075
 12510
 571063
 993558
 836380
 65900
 874705
 768222
 225586
 135085
 522324
 305180
 574604
 799701
 270500
 247593
 329039
 199849
 176113
 62122
 381545
 111189
 387722
 152137
 927138
 1052552
 1050360
 513719
 210613
 314625
 971581
 571934
 1007111
 842376
 887241
 669516
 674022
 994722
 782843
 197629
 130243
 756302
 904406
 673380
 661041
 92186
 498811
 508277
 503642
 991738
 561874
 365876
 854828
 553898
 225967
 350708
 722902
 702562
 97235
 706150
 609027
 335061
 700319
 394665
 377753
 128512
 93984
 745431
 409604
 593708
 1087987
 449547
 1091654
 124195
 1017957
 473697
 128848
 804864
 815480
 145956
 290194
 842097
 445475
 1090077
 293190
 281638
 179408
 282245
 619527
 32379
 775951
 524384
 1040107
 691965
 583680
 816647
 654389
 907942
 271678
 476576
 424977
 897832
 612826
 532192
 381367
 813747
 421170
 841089
 940399
 461795
 766611
 177618
 569465
 562271
 488739
 192384
 3370
 283152
 977713
 387649
 640454
 407115
 696522
 765187
 838018
 808196
 373007
 644066
 126641
 724395
 376625
 298493
 1017507
 929273
 304226
 259526
 399643
 1009992
 289871
 825969
 29514
 382326
 1032963
 248122
 511470
