786913
 330775
 748714
 651557
 154420
 1090531
 1011872
 427396
 881559
 686808
 567145
 28844
 99283
 529266
 597638
 395625
 517086
 921359
 529174
 106350
 653509
 265183
 955316
 799487
 579866
 890172
 513587
 387125
 575588
 366113
 1061026
 469327
 389219
 986439
 407318
 681931
 71232
 1036295
 736616
 52546
 199330
 397152
 33678
 214859
 734796
 573490
 778874
 109045
 1059902
 619620
 299539
 145535
 206090
 559847
 1068064
 1011827
 498535
 486137
 1072419
 838814
 475572
 465355
 759703
 1011557
 449366
 429318
 788814
 45526
 325357
 259199
 981862
 281190
 810195
 963042
 1045416
 850144
 250429
 225102
 512459
 176141
 89685
 1084143
 641842
 741792
 210146
 753847
 659826
 1057030
 54748
 208785
 628250
 157679
 70903
 453947
 740982
 535736
 1069518
 111503
 807436
 917553
 695639
 566557
 125971
 381446
 469702
 150790
 766389
 594818
 268337
 199229
 92857
 895652
 946253
 1088894
 112705
 967202
 478505
 86381
 85766
 40963
 479290
 899996
 263630
 268031
 912431
 78168
 743531
 446275
 614995
 769175
 761161
 524122
 325892
 677282
 396846
 375938
 752695
 325799
 360517
 393120
 17206
 1092035
 41889
 538337
 936632
 849057
 42439
 691160
 705586
 880148
 166704
 549940
 860281
 138437
 415771
 246865
 55700
 1096121
 510688
 18996
 991710
 672069
 843906
 582062
 685904
 28511
 666270
 418399
 633986
 288637
 505067
 314434
 303069
 1023446
 200879
 5800
 750268
 776758
 801068
 714873
 81275
 68394
 380609
 318092
 174400
 29589
 119833
 894209
 612160
 714443
 137163
 79538
 1037093
 953212
 944613
 6282
 592835
 938623
 142481
 485139
 988101
 862244
 878548
 776596
 758784
 896288
 292575
 482965
 370410
 255846
 867297
 84252
 966075
 138532
 962328
 867465
 152826
 517299
 176037
 226793
 447559
 201980
 667851
 421065
 65279
 240049
 905807
 304162
 818715
 998667
 1005636
 289536
 255994
 419194
 269648
 434306
 1062807
 761290
 996678
 1084585
 1029291
 877469
 369584
 488823
 32971
 116432
 1031679
 732588
 617332
 897666
 949162
 1075335
 679202
 150859
 546339
 535346
 363716
 536998
 575698
 1078435
 682928
 280157
 836804
 926836
 529347
 834627
 137800
 1008106
 261724
 848783
 1044307
 610385
 602162
 1071422
 763005
 885884
 92711
 676645
 553638
 962723
 388073
 618897
 37822
 773699
 495055
 738323
 641790
 59173
 1096091
 1041450
 848938
 750041
 809659
 12585
 573733
 523602
 569643
 583645
 4062
 355900
 678975
 504853
 622513
 331217
 1011031
 45935
 879664
 583694
 392948
 358162
 261882
 261547
 684984
 1054942
 293765
 241815
 83468
 110221
 988544
 638460
 597015
 10983
 991625
 559881
 962987
 1073398
 947244
 25086
 20035
 341341
 918050
 388543
 72845
 493571
 393287
 204585
 421848
 490671
 910101
 686857
 357584
 675105
 76848
 724713
 282912
 605336
 259515
 320557
 363863
 102923
 21136
 985719
 521748
 182527
 894142
 814558
 830378
 806457
 244700
 776467
 636220
 379111
 849109
 438207
 63662
 54870
 711094
 153913
 239292
 373379
 909644
 168514
 674471
 174210
 314485
 820572
 286358
 961519
 425534
 871915
 458366
 984338
 267539
 92509
 176443
 587522
 782985
 610408
 505026
 8234
 292194
 478134
 160651
 93732
 757894
 471116
 1064741
 576220
 682563
 551940
 39521
 627605
 515356
 12170
 588661
 965112
 1079038
 845837
 862207
 282799
 117800
 988358
 913428
 992093
 841158
 981696
 1086620
 715957
 726062
 751745
 486133
 143539
 346669
 577638
 900843
 155904
 626622
 534580
 855511
 721908
 534245
 877655
 553423
 973326
 497033
 114475
 444999
 1043630
 770430
 679451
 282400
 1084557
 669858
 917743
 607114
 581250
 659523
 205790
 466219
 414719
 725194
 1029730
 630937
 76626
 141357
 115122
 517355
 462108
 298085
 403283
 395238
 758955
 457836
 118276
 959599
 302525
 724181
 849019
 1075088
 697663
 994318
 1011550
 700007
 854487
 531073
 180623
 1082897
 719747
 603912
 682902
 724555
 348041
 1007956
 511587
 319143
 408021
 40498
 870254
 253862
 129517
 441018
 601840
 153603
 531431
 578537
 316823
 183230
 403806
 464751
 367336
 894502
 725427
 814709
 939667
 1054210
 790259
 553731
 828987
 102276
 142694
 1011805
 652016
 1069476
 771248
 632507
 667362
 775838
 187330
 658211
 220582
 764742
 242906
 357953
 321673
 360534
 709376
 349248
 32648
 511023
 215976
 978440
 901539
 713402
 619080
 863600
 558363
 975412
 321733
 360253
 495041
 771334
 903901
 146901
 448854
 906665
 380042
 898177
 801222
 227747
 526788
 85219
 607200
 52105
 790821
 963956
 936415
 19102
 1052484
 114453
 79386
 1082706
 401728
 656635
 805198
 210324
 878527
 779923
 479542
 216395
 905816
 559856
 450526
 1000869
 759630
 207647
 552744
 1008864
 276508
 59417
 10718
 97633
 561850
 647037
 288847
 892483
 308887
 313343
 271399
 202172
 376100
 1022030
 556752
 452486
 54171
 559692
 567159
 454834
 1080462
 763306
 339296
 237821
 683954
 356335
 814364
 260526
 472542
 759545
 62091
 862078
 801826
 656055
 1073791
 423179
 191818
 857682
 778721
 605521
 407545
 963852
 1063850
 229437
 372049
 121793
 118959
 379227
 558343
 336348
 789114
 822591
 776688
 929406
 418284
 5658
 768631
 76099
 931570
 239760
 432620
 191911
 251509
 366861
 171809
 349623
 450854
 329647
 431483
 206994
 1059077
 171023
 613444
 1081722
 400042
 685709
 701138
 693917
 327065
 1099497
 649423
 88432
 522138
 676297
 904527
 508342
 911973
 536390
 366117
 979015
 637550
 57742
 592887
 638314
 1055085
 97437
 935554
 533475
 1051431
 734091
 1081461
 289951
 602590
 955240
 57513
 69525
 736121
 614384
 889338
 791197
 481606
 508218
 18018
 301808
 957371
 622437
 362064
 399315
 796133
 894462
 808606
 722735
 1016204
 541199
 428324
 1005353
 65080
 844245
 208523
 951596
 150511
 1067111
 600502
 995776
 304754
 877292
 732204
 1030629
 280588
 805116
 130139
 729050
 811379
 749698
 592137
 168690
 722081
 543283
 387782
 902977
 467683
 135093
 878808
 634062
 1025953
 970436
 611489
 950831
 938796
 796318
 1015954
 111900
 747501
 379071
 728910
 799719
 461591
 386052
 442149
 330613
 503127
 1098246
 172117
 612067
 677938
 367447
 983626
 256908
 1092140
 364816
 888054
 1029763
 882101
 166440
 995715
 43422
 838109
 222643
 101898
 322167
 671041
 140306
 612679
 651979
 1020714
 719223
 309945
 303072
 414450
 738565
 11591
 509783
 1003627
 569208
 823450
 295755
 120488
 687515
 609153
 316781
 75140
 443111
 698796
 58916
 706182
 140103
 827673
 19338
 220201
 778562
 215482
 647577
 1075447
 1032847
 81346
 438371
 1038227
 656885
 149009
 751100
 677066
 637794
 932666
 1095609
 217498
 234973
 550504
 818928
 494729
 1010685
 976472
 529673
 56479
 89459
 550766
 442010
 636198
 310199
 29371
 184027
 749984
 439214
 1070734
 448271
 998172
 95853
 863262
 629353
 414908
 987791
 498318
 151633
 1056924
 728574
 449312
 729345
 779397
 482616
 617432
 127282
 284337
 270979
 772332
 781141
 61155
 1035528
 537431
 304019
 842109
 86433
 992546
 1065623
 1005388
 206782
 1024718
 684936
 478180
 401099
 54912
 53398
 387564
 954431
 792055
 871895
 452848
 961292
 875665
 628930
 74894
 380276
 250789
 753892
 157099
 777430
 390817
 681308
 655980
 78343
 946880
 566102
 22168
 587915
 660832
 749572
 834394
 878412
 133558
 152624
 276013
 274867
 429693
 386133
 499245
 188086
 975996
 1091399
 1043268
 718026
 676393
 160311
 1095516
 951481
 306300
 772803
 861014
 290178
 758633
 699703
 325958
 856867
 343566
 998965
 212207
 6722
 263891
 863467
 327659
 874694
 200001
 1037108
 100166
 1027783
 1065024
 855511
 104426
 253816
 1057128
 143690
 432225
 670199
 171704
 317876
 875223
 715675
 844952
 764168
 273733
 446120
 648266
 188393
 924614
 611537
 1078162
 891286
 611774
 842281
 1043804
 660997
 770563
 25182
 278573
 122693
 566677
 506468
 396901
 946084
 752289
 519777
 1070627
 117491
 627162
 558958
 652750
 302144
 814693
 980044
 511247
 1025210
 426406
 7711
 62339
 471405
 61475
 936734
 711368
 1609
 380900
 989490
 290893
 131103
 1076475
 642040
 511427
 1009370
 586063
 737175
 756239
 71272
 181878
 912327
 382144
 939024
 664136
 314645
 842633
 989680
 752035
 199135
 31189
 1090341
 839954
 679333
 925951
 84028
 477916
 996644
 776193
 234285
 535409
 292140
 437384
 1098214
 665926
 482013
 453548
 859613
 712552
