570429
 127874
 832574
 86465
 180266
 574738
 741451
 270844
 795546
 263765
 46905
 668287
 228899
 502314
 462327
 1004491
 748240
 794057
 257285
 772771
 175896
 711763
 727596
 260431
 897805
 820029
 691368
 1002674
 884635
 614966
 85035
 100523
 323743
 211840
 1060550
 685244
 507829
 825754
 382974
 75894
 884578
 634328
 126449
 292764
 186795
 822868
 702226
 711916
 482156
 869244
 325083
 117116
 713887
 713831
 300569
 46472
 232485
 218559
 334597
 296582
 51681
 149223
 1084233
 797058
 628746
 382419
 697997
 1011890
 637598
 396765
 304063
 517717
 31510
 882754
 810698
 311102
 746837
 208754
 926867
 180090
 841861
 781691
 332452
 262228
 203895
 203275
 1062308
 386035
 939227
 461704
 100045
 100460
 560585
 171304
 791302
 527971
 268276
 134991
 1079672
 177427
 684364
 94223
 515556
 617464
 382769
 95474
 242615
 807606
 561632
 754978
 531099
 804490
 664441
 439062
 606930
 213000
 1026727
 211658
 50806
 336530
 660622
 712001
 387707
 103180
 97081
 1018459
 434851
 483840
 446760
 755964
 1041382
 858589
 165530
 808703
 232372
 349679
 846456
 710773
 102878
 252705
 729103
 803897
 67939
 437422
 288314
 382812
 300659
 204722
 639161
 561893
 76134
 276280
 403340
 538408
 518041
 513682
 839950
 609756
 607794
 564518
 608425
 988542
 363377
 465145
 801909
 1042889
 524563
 115182
 283006
 334345
 486545
 297523
 248664
 241399
 1047360
 1011696
 800120
 487902
 965833
 515208
 465752
 658566
 665634
 113722
 763718
 490440
 968479
 125644
 557181
 831022
 570447
 109126
 533926
 1099780
 615873
 360479
 439417
 25176
 737319
 864124
 1059083
 724824
 958561
 967631
 434312
 603423
 983741
 992022
 55902
 798623
 844734
 535569
 1051027
 22874
 881366
 35607
 907522
 48434
 972370
 498082
 195657
 1007682
 594798
 126058
 212434
 110830
 470809
 550336
 307422
 952854
 127020
 927502
 723687
 186874
 685655
 944753
 498089
 547155
 482573
 8326
 110487
 524938
 779106
 14618
 997513
 943074
 274411
 571219
 233012
 850108
 214260
 493573
 709499
 203727
 24636
 742989
 1975
 1089590
 387249
 140753
 490614
 772625
 44231
 899968
 290615
 45099
 61527
 61625
 697344
 190844
 742206
 55063
 177893
 250462
 583242
 174808
 807783
 710223
 596289
 802009
 241147
 230055
 116540
 767838
 896816
 321525
 942204
 681652
 283898
 610133
 914331
 802375
 535017
 612878
 1082203
 946341
 554272
 582134
 981704
 747949
 325067
 339313
 535017
 741508
 899125
 251580
 140951
 670263
 875771
 260339
 353364
 427248
 80900
 75390
 173500
 261760
 229416
 860033
 866966
 665188
 115712
 568318
 297196
 40181
 385578
 619424
 213316
 93674
 215657
 427599
 954393
 433016
 565305
 580006
 1080862
 785143
 411956
 339354
 276893
 838594
 828719
 181554
 91283
 695590
 792853
 1001375
 408298
 964895
 180226
 630438
 721745
 42735
 800845
 1078266
 1012625
 632518
 294688
 882697
 242952
 543303
 223218
 171277
 231340
 329285
 698215
 276475
 316870
 52006
 327572
 157760
 1090953
 58908
 269454
 976793
 822619
 718085
 24455
 448217
 1099747
 925392
 576240
 363900
 95261
 768923
 60401
 219560
 950391
 28323
 511418
 337414
 384954
 497505
 16614
 1074790
 502126
 394774
 394991
 303921
 311461
 873434
 655410
 371515
 499296
 364847
 336561
 886417
 791762
 796893
 1008643
 139466
 278207
 268299
 463769
 929592
 867931
 590491
 129005
 66558
 681709
 278269
 217598
 753222
 1089656
 304488
 168039
 916000
 800234
 689865
 201488
 879612
 1040988
 779812
 636204
 247886
 705797
 259898
 144885
 460037
 206152
 913348
 158682
 134340
 73568
 841997
 263247
 162193
 1063416
 852369
 93224
 695130
 700016
 380646
 462237
 686061
 203447
 896086
 171853
 941457
 910328
 433297
 753077
 727048
 986330
 1099149
 72229
 251427
 319069
 635275
 6378
 450335
 38223
 834229
 681486
 711826
 677098
 773307
 684486
 364335
 949195
 1076906
 537904
 423234
 393928
 551832
 19785
 835901
 243080
 542815
 168420
 637705
 300292
 991346
 452416
 896442
 609471
 2790
 635661
 552394
 332522
 402685
 20015
 489722
 937342
 589785
 478824
 374757
 891548
 795165
 36094
 431476
 681491
 766014
 834907
 775781
 153125
 904597
 548765
 573271
 745234
 193966
 905009
 624124
 621842
 225475
 283345
 575269
 536917
 302872
 1027921
 14913
 292959
 834226
 194904
 943359
 332047
 893631
 776201
 228070
 885593
 257866
 996835
 510900
 938322
 692567
 143052
 457800
 795226
 120280
 802139
 824296
 1075955
 458095
 826443
 1037325
 759614
 241364
 842148
 974771
 866518
 160543
 317288
 811509
 258176
 105874
 440470
 1018387
 1034003
 146795
 187184
 916474
 178401
 287873
 391479
 542998
 984465
 575397
 438237
 661759
 396284
 2772
 539240
 1068986
 365406
 109770
 970742
 805181
 564549
 981611
 642134
 204991
 730992
 124230
 739493
 349113
 587329
 977667
 806102
 547853
 194816
 193986
 813011
 156646
 896137
 232047
 840023
 698381
 904959
 1097017
 122196
 758672
 427812
 334776
 881088
 171658
 933900
 616631
 209562
 84243
 379477
 483391
 546567
 879974
 1026097
 244621
 994441
 871430
 677282
 758997
 67773
 964541
 849245
 371440
 903223
 689725
 870339
 174061
 929347
 1040355
 50545
 100716
 675725
 945213
 14449
 557235
 346398
 530109
 599198
 1000863
 200484
 506983
 992140
 49835
 1052779
 154282
 865146
 225931
 17638
 67697
 137700
 1033541
 840272
 128713
 254345
 30282
 214972
 685060
 82292
 526688
 275594
 180712
 542264
 291999
 962390
 30031
 667775
 551135
 1020397
 236270
 479592
 112828
 835256
 613752
 983066
 599951
 532108
 93620
 646349
 494957
 676825
 209023
 139024
 585072
 347243
 678103
 985301
 511541
 825224
 396169
 355799
 440109
 63876
 395302
 758823
 198354
 873340
 690088
 833240
 752300
 753149
 390646
 1088965
 1053450
 128633
 203113
 389171
 123270
 597570
 280595
 32411
 308584
 164452
 1040188
 19762
 589106
 159961
 955892
 504755
 4772
 414280
 494153
 336273
 915184
 321885
 396670
 916078
 314879
 87773
 948486
 64324
 31888
 428710
 303953
 879660
 533765
 546221
 952059
 1014469
 980367
 466098
 1064115
 823609
 1049088
 414158
 563032
 1047566
 194776
 863564
 736588
 417932
 948920
 74026
 484784
 1094475
 324215
 161355
 414386
 74371
 116423
 942583
 942593
 531463
 884976
 108184
 216286
 317219
 744083
 81902
 80611
 360600
 139952
 815331
 1050905
 557619
 207839
 962667
 821873
 772886
 182207
 378716
 553466
 622781
 953330
 799742
 1049855
 358979
 1014344
 727885
 127096
 1088639
 705313
 91114
 293958
 782353
 247017
 618473
 996928
 465168
 322490
 661834
 25151
 551262
 608974
 12252
 694710
 485486
 209407
 463507
 896990
 1042758
 1002206
 237267
 88594
 124307
 570120
 715362
 638309
 476901
 1054381
 356064
 832214
 955502
 1082208
 568302
 662297
 672542
 539167
 353214
 919813
 417522
 67441
 22705
 512222
 895364
 581411
 4493
 648668
 949874
 401014
 232506
 789095
 416827
 113821
 480180
 194115
 331840
 560442
 75417
 158905
 674158
 803053
 353570
 816648
 485639
 571000
 1085640
 64087
 216497
 17588
 638087
 12567
 608949
 782451
 293149
 102732
 669660
 204992
 87726
 229541
 448354
 578711
 454048
 110683
 274723
 16129
 1055736
 844212
 498186
 385674
 28799
 640108
 475761
 494899
 991384
 943558
 470002
 84778
 131576
 646174
 977910
 172003
 45864
 86879
 332139
 990578
 552518
 90478
 283343
 215011
 742106
 1010770
 951106
 99265
 346634
 559443
 81614
 267552
 297598
 208564
 684001
 246791
 476388
 390815
 1006497
 110104
 823123
 347973
 277498
 322206
 822012
 829300
 232729
 618862
 339098
 544021
 367365
 1068678
 180668
 607868
 743108
 891838
 1023454
 716866
 124784
 216485
 942818
 355998
 76801
 742753
 395466
 538627
 519980
 905312
 375589
 618442
 423617
 844793
 861893
 922461
 674363
 874748
 141545
 42662
 789484
 760180
 291119
 548591
 235041
 1748
 953239
 484889
 906984
 226745
 69849
 559750
 566610
 1025623
 712043
 807351
 49387
 964477
 522152
 255100
 661855
 677308
 983812
 476221
 288843
 689670
 760216
 491712
 80118
 347730
 166770
 72576
 84742
 450491
 783428
 280816
 825899
 747107
 680476
 643255
 694852
 878233
 639059
 230748
 1001751
 598170
 779778
 734238
 251923
 583526
 293196
 908451
 1095129
 389488
 722552
 588818
 214212
 843310
 784115
 178661
 246768
 1032377
