183194
 714221
 1058520
 799402
 663969
 97043
 401060
 640605
 376799
 376717
 15892
 281568
 291409
 121166
 114068
 933115
 924357
 681916
 789284
 756661
 1022520
 733566
 511767
 974065
 919446
 870508
 275826
 629721
 423962
 717120
 303775
 578740
 128983
 972553
 1041625
 538711
 431469
 416881
 172483
 853707
 965761
 359365
 301412
 1047468
 265372
 436125
 345852
 228618
 1092903
 17327
 806275
 967643
 845874
 183337
 205484
 195377
 966700
 428995
 361594
 350936
 612713
 594856
 380633
 214349
 702232
 117402
 151368
 739034
 388815
 1022007
 332975
 427673
 399692
 644003
 505730
 48137
 574744
 544208
 449283
 404156
 822117
 13096
 59699
 807927
 226288
 138572
 599464
 130627
 815421
 770824
 372824
 868818
 301101
 859942
 571042
 1042940
 699567
 606032
 748693
 852297
 979128
 275707
 1033105
 203673
 979503
 662262
 92456
 856006
 439322
 919837
 58946
 696010
 601500
 632992
 1030650
 417759
 929937
 250665
 203112
 689755
 1068257
 147896
 515668
 1073621
 142610
 764099
 646992
 696330
 468629
 858991
 285734
 1081447
 563816
 74924
 244671
 328165
 342552
 74493
 87234
 606760
 473208
 577853
 10318
 176146
 895615
 1008674
 949593
 575880
 797998
 233415
 817386
 815009
 1094181
 1087149
 961441
 477677
 373850
 1076653
 101553
 797262
 625070
 690823
 410577
 451960
 394358
 298843
 535979
 227404
 822042
 48592
 644997
 834875
 383418
 118278
 149152
 293021
 654958
 305672
 749116
 390667
 417253
 215136
 456392
 621732
 985465
 851331
 2343
 252224
 141307
 279905
 1083455
 803917
 946599
 266516
 710757
 613960
 1099893
 602988
 438358
 412054
 923098
 999629
 913435
 255672
 804579
 488907
 113166
 608029
 702584
 518405
 244943
 232927
 494606
 767754
 774153
 1096270
 765673
 861770
 903403
 461203
 572282
 767971
 217431
 923171
 358973
 880959
 1021676
 972343
 222762
 844333
 11718
 391504
 121841
 446911
 699445
 353902
 200721
 469019
 193172
 263732
 397554
 825514
 64918
 959192
 330638
 409085
 98117
 637720
 721188
 450023
 1058697
 552297
 965613
 1072458
 244890
 1059586
 1059986
 271129
 96634
 133422
 943595
 543860
 837184
 294446
 323340
 895600
 852417
 836013
 446259
 286581
 389476
 344718
 148292
 530735
 695412
 1018910
 800991
 153513
 178866
 436975
 1069543
 629344
 145793
 683100
 599283
 374946
 750023
 103194
 37962
 673685
 355385
 286483
 38841
 149930
 1023110
 157076
 1098046
 290985
 389031
 884479
 486669
 1020288
 653426
 550479
 823645
 315464
 471362
 627458
 318675
 138125
 493998
 235850
 163133
 683010
 543732
 1077501
 350443
 880183
 365287
 400631
 572260
 1000963
 482666
 1043870
 558303
 928274
 1048146
 738888
 740702
 395516
 717508
 449920
 215312
 45966
 263129
 508242
 138122
 13977
 997833
 101941
 17338
 937699
 169281
 81901
 374302
 25925
 992636
 230988
 563254
 580050
 935170
 568921
 851858
 236081
 662829
 1023808
 632463
 749551
 956929
 964028
 1095789
 508167
 319620
 573225
 844795
 1078158
 609697
 72013
 597224
 535849
 834704
 141845
 896270
 813048
 1095641
 832517
 778145
 258580
 355557
 877812
 369210
 452607
 824501
 560330
 1052634
 362639
 714668
 181638
 285313
 702351
 229830
 59744
 2483
 342628
 892248
 762525
 501163
 562599
 533083
 901927
 776582
 327975
 97965
 992356
 713974
 767618
 779186
 587091
 356928
 161213
 243830
 391530
 860392
 1074516
 1091268
 1035781
 844557
 151916
 1082921
 1060510
 651675
 981540
 54818
 939186
 996396
 200748
 816690
 332187
 874676
 129269
 527040
 465786
 1065462
 614671
 410051
 463472
 1050567
 268458
 816775
 551273
 1036507
 60609
 3064
 76164
 1090485
 222396
 725052
 308095
 1042225
 924130
 818758
 503148
 562835
 673242
 72111
 948790
 68685
 277149
 59861
 461302
 258400
 738377
 101765
 320936
 71225
 914076
 360216
 867214
 133041
 259528
 166362
 983459
 698501
 384969
 432912
 592461
 724048
 189897
 700079
 1064062
 172778
 738333
 332009
 760341
 283243
 841783
 28367
 60928
 577798
 1082884
 1094422
 985916
 1063045
 853652
 364833
 107666
 129709
 517226
 877659
 1005097
 1067511
 1049
 984824
 545514
 203947
 1000274
 1035331
 883814
 915920
 891158
 380735
 1042990
 230232
 117728
 373672
 1009444
 836699
 206088
 993516
 797241
 976613
 392682
 893661
 306431
 701729
 598782
 692168
 31620
 304449
 999007
 1057603
 866991
 348848
 1095751
 461836
 328851
 1081748
 907535
 655684
 827012
 66699
 624952
 243651
 8381
 680393
 348238
 911909
 494373
 467706
 73927
 821784
 974497
 1049538
 587755
 655568
 1014932
 660970
 94745
 242803
 341507
 416835
 958469
 563427
 826473
 314571
 270249
 762415
 539171
 554686
 1011156
 1044934
 1016397
 422130
 307939
 962037
 59151
 1080266
 328816
 675609
 617792
 534094
 377350
 435422
 646606
 512638
 725948
 133856
 308843
 332430
 1028953
 611101
 685397
 35258
 364654
 865133
 289802
 933346
 834323
 226477
 922395
 247920
 572436
 393697
 409787
 345269
 853072
 176963
 129888
 191281
 247014
 884553
 452325
 574150
 292991
 593546
 92365
 145343
 852091
 17096
 126871
 627060
 319191
 794367
 619388
 250898
 848901
 30620
 873444
 1096084
 260558
 193167
 859059
 30023
 870420
 456375
 749443
 547778
 966708
 414542
 301022
 71560
 469157
 458699
 982892
 200817
 179254
 774607
 423030
 68043
 89816
 1095356
 484925
 741837
 304305
 188221
 330638
 545316
 580701
 301756
 465043
 904403
 644651
 548743
 382983
 586206
 85092
 835503
 794244
 531950
 568649
 706126
 900793
 454445
 409672
 971566
 700563
 424669
 218503
 227611
 925708
 443338
 824820
 974711
 711593
 472478
 907787
 811254
 434867
 1042421
 455448
 587111
 625091
 869349
 1009204
 312270
 708628
 358862
 496387
 676701
 987533
 960009
 966670
 479444
 191480
 938901
 1046752
 896944
 488782
 769298
 450013
 778168
 776600
 988947
 283019
 537314
 791552
 1079201
 1053263
 743722
 952745
 73977
 1092870
 146012
 789606
 365222
 1032044
 488036
 349750
 1084212
 177027
 729907
 331219
 404294
 806738
 377940
 910903
 268040
 1057580
 372562
 853588
 300150
 458967
 383570
 823544
 158479
 378327
 976271
 147614
 95285
 885411
 176196
 292760
 1036404
 4462
 138156
 456225
 920905
 142437
 501979
 413319
 479378
 506855
 398028
 234716
 796976
 976819
 697594
 1022642
 83632
 1076188
 349125
 478407
 718136
 638555
 436585
 1030980
 205804
 630955
 667469
 983736
 82851
 116425
 257241
 153542
 68577
 189468
 326483
 332691
 70594
 808750
 538288
 90085
 704211
 678972
 321601
 931471
 218257
 889248
 589231
 589277
 365144
 245470
 597831
 498368
 527943
 570329
 785961
 589248
 521681
 547632
 421952
 258349
 743308
 307253
 361350
 417931
 410848
 656490
 361620
 295026
 60209
 782552
 169292
 646777
 737270
 495211
 971842
 810641
 884251
 51685
 825925
 158290
 343959
 886717
 145334
 303600
 539757
 570400
 241040
 926915
 251633
 142629
 825158
 225046
 245983
 199124
 350954
 111338
 916460
 356213
 103740
 305436
 348682
 756539
 998046
 409776
 940709
 541959
 826024
 273108
 34300
 503298
 987721
 122923
 752060
 35723
 647804
 866189
 426717
 218021
 210941
 416103
 22370
 511682
 80520
 158607
 200928
 120422
 231680
 1028249
 370365
 693975
 631400
 1087029
 66261
 220449
 480730
 271505
 158595
 1090816
 847339
 376283
 812605
 582520
 309672
 681113
 897040
 756299
 799037
 1073128
 133352
 318900
 240108
 891266
 138693
 5392
 264349
 505320
 1037168
 844742
 727213
 1074674
 487517
 145162
 2789
 744741
 579817
 1070074
 303940
 794743
 503209
 785829
 420543
 638734
 933351
 492317
 678884
 513190
 33036
 850252
 435005
 476033
 691827
 844290
 397850
 544260
 313330
 970665
 225513
 28159
 875728
 563442
 6294
 964956
 682749
 363378
 1005977
 438399
 365358
 406596
 483882
 434600
 929911
 522022
 907565
 105935
 34004
 96647
 361304
 712243
 121016
 246416
 869917
 476870
 240610
 261511
 457233
 379981
 412415
 609229
 95032
 410194
 188902
 478204
 459950
 363119
 746590
 839488
 638363
 431356
 48503
 839533
 155300
 1097923
 615419
 387823
 742303
 511923
 848169
 505474
 334385
 527240
 915002
 807639
 798713
 249709
 629232
 521246
 433175
 994220
 951835
 434531
 560499
 562142
 468744
 46647
 297198
 859828
 264351
 452460
 626375
 226480
 850794
 285314
 962703
 995171
 1035096
 760510
 455486
 247111
 433603
 583747
 178131
 511893
 407041
 367539
 259406
 601740
 144805
 609515
 1025606
 255556
 247600
 999716
 1099458
 533507
 646550
 93387
 653233
 110224
 824028
 448817
 637661
 519965
 472571
 257626
 922182
 588028
 259905
 240891
 23243
 299566
 431907
 171878
 588399
 849388
 191813
 715487
 891841
 1023692
 537467
 693179
 722017
 583471
 61289
 741284
 991652
 596040
 895554
 232296
 839337
 70217
 870194
 675283
 660044
 712712
 952368
 669143
 936624
 118202
 518004
 1081950
 78744
 119457
 64872
 645955
 483673
 470635
 399357
 506522
 317614
 454065
 997857
 122317
 11361
 518481
 979818
 660188
 484175
 387885
 69118
 1041622
 545800
 408924
 561115
 381788
 438104
 248680
 793570
 559498
 929398
 1001619
 634918
 290111
 439554
 330208
 554673
 786930
 835386
 347346
 329527
 658389
 692921
 497550
 27469
 1094161
 708760
 380484
 710856
 644429
 813875
 279776
 209585
 1081691
 346313
 153163
 851690
 274171
 685938
 728940
 530135
 170002
 720407
 367577
 45722
 353270
 368119
 922217
 700756
 408048
 1066878
 526573
 148993
 604006
 644459
 698317
 1047428
 167397
 548234
 54991
 1094739
 848191
 771702
 895430
 136294
 1027896
 242760
 593076
 706880
 970040
 41844
 415943
 1038544
 910657
 424908
 208418
 542232
 104351
 397298
 70046
 135228
 147760
 855728
 316682
 755111
 272109
 77266
 82724
 106977
 235385
 52643
 31572
 1041640
 1031356
 13312
 193600
 538213
 314769
 826418
 661397
 50830
 144888
 313398
 373175
 563600
 197278
 796256
 2037
 395507
 739930
 694518
 772477
 838980
 595740
 315694
 535472
 645927
 682282
 474875
 715783
 775689
 282974
 498149
 238441
 655571
 193853
 719737
 746006
 279044
 919901
 802846
 474789
 227025
 476820
 931769
 436208
 451442
 670883
 609836
 770333
 151466
 492746
 85528
 91375
 983182
 532647
 139595
 452521
 165772
 81938
 610145
 783761
 367226
 882102
 553500
 645461
 405768
 186406
 868461
 131851
 989543
 813936
 489137
 842616
 972814
 1078763
 192378
 899023
 698425
 598170
 40092
 650176
 710214
 126271
 1052287
 504633
 474698
 155988
 416007
 916862
 942235
 324791
 8828
 1032349
 1044108
 660614
 350933
 515216
 485714
 130021
 500525
 670024
 1061324
 425407
 1075548
 403774
 1072179
 832311
 779618
 447547
 504651
 121238
 1022278
 706854
 239821
 70350
 508351
 105914
 572088
 987194
 565942
 136836
 564035
 801939
 513536
 652258
 902968
 379629
 439678
 116269
 64986
 126633
 789914
 1010235
 714893
 241109
 396654
 687178
 292278
 290990
 656188
 970372
 442196
 642110
 733991
 1029479
 793545
 937122
 1056947
 208480
 427044
 991658
 988851
 301669
 109249
 876546
 30838
 701081
 37756
 67960
 877045
 126570
 73714
 417205
 790049
 89325
 415510
 694335
 662026
 546303
 724461
 123127
 701461
 639342
 96961
 165720
 470808
 356496
 508454
 249473
 991740
 58756
 115981
 801630
 266029
 758983
 380808
 1098794
 827243
 646344
 416936
 1067102
 1046035
 125009
 1038675
 135862
 803983
 826367
 1003543
 180614
 166524
 685300
 173667
 158337
 1096663
 73425
 353008
 298355
 51342
 722027
 73882
 535790
 744071
 299077
 496950
 693081
 1052781
 166035
 242573
 991329
 340271
 1093544
 750282
 231332
 892375
 932348
 239059
 803348
 287676
 341271
 222749
 208236
 323183
 237439
 928271
 407155
 533428
 811433
 491231
 513307
 327246
 178345
 356138
 796051
 949316
 12815
 578240
 706694
 428583
 979252
 332733
 536078
 481143
 118173
 315255
 31386
 495944
 700109
 491548
 698080
 960846
 1059713
 815614
 886436
 88306
 935169
 130269
 1022942
 1009475
 276065
 868185
 975722
 352781
 1021092
 844112
 611844
 383599
 310080
 500290
 44168
 953760
 854713
 127658
 366960
 708559
 849506
 377263
 661162
 907552
 627337
 715550
 789152
 274399
 609148
 787076
 726442
 912043
 934602
 810855
 906495
 589352
 876166
 37729
 664931
 696681
 453391
 912273
 321117
 114563
 406208
 907252
 923216
 1096399
 788757
 351822
 329508
 724700
 854825
 576731
 261466
 847424
 398873
 623023
 485935
 466201
 913017
 1068388
 1040331
 90241
 83344
 772846
 201025
 1039095
 179525
 970653
 991215
 871387
 13000
 698424
 902655
 376279
 698109
 777739
 660653
 428916
 755752
 553572
 944849
 312184
 1043822
 1074637
 79189
 495789
 629104
 1091428
 56913
 142733
 129247
 4965
 452069
 914799
 437322
 409685
 844737
 286467
 892251
 418552
 967919
 633584
 442446
 1064621
 504910
 4826
 108757
 274074
 231706
 274668
 25091
 465278
 79574
 790877
 167004
 931392
 303595
 184533
 113047
 159913
 208149
 747490
 816887
 689175
 86708
 1000527
 248542
 766400
 1045642
 188868
 1001242
 787810
 339284
 858124
 86593
 120128
 749347
 808493
 695457
 711351
 888219
 216673
 848059
 1045128
 963890
 646945
 1031181
 776916
 116338
 536066
 891054
 923788
 852615
 836174
 936449
 623065
 172658
 185204
 533875
 433101
 240315
 310121
 577253
 928943
 294403
 647636
 703293
 442624
 1090102
 181832
 328420
 797411
 923223
 271512
 1092428
 414975
 857366
 649305
 199898
 299171
 1011304
 28685
 421265
 755689
 790570
 470774
 592115
 11595
 847078
 643707
 380233
 584683
 994789
 720973
 740632
 216307
 776494
 993642
 39545
 67807
 1082836
 635784
 438917
 421898
 819234
 410279
 672058
 625074
 451020
 705083
 814299
 731978
 880445
 293949
 798547
 17553
 894605
 187393
 715508
 660839
 839128
 987276
 439611
 532542
 419317
 112051
 1064799
 34042
 243942
 239327
 323841
 189375
 859461
 256457
 1035558
 471148
 807850
 226177
 631400
 1092657
 374605
 419440
 321551
 100336
 72737
 76608
 895741
 586002
 345720
 557228
 951885
 542630
 917211
 675949
 461085
 737413
 908065
 8042
 998239
 333284
 667456
 1064767
 412502
 296328
 265225
 8402
 148706
 1064438
 156327
 401844
 982122
 982344
 103232
 1038389
 856278
 762585
 822096
 96814
 958425
 321800
 1034460
 326686
 1001666
 939224
 418104
 1044070
 752021
 640367
 787004
 779243
 678464
 1098385
 772121
 127074
 959241
 460378
 898026
 473830
 854767
 459078
 446327
 937884
 923263
 652372
 821843
 721962
 895573
 685240
 1085645
 239708
 115200
 310325
 451433
 236439
 460857
 680185
 458415
 243913
 219507
 543195
 924506
 449325
 787213
 818808
 508758
 376608
 818271
 321045
 1017361
 669676
 811668
 381854
 959048
 865315
 739995
 703695
 213095
 177682
 283368
 573071
 886025
 323418
 107706
 402968
 564170
 1070174
 559433
 13986
 300082
 1031166
 1075449
 783917
 691396
 626270
 555631
 395418
 901136
 1029193
 1059827
 405346
 62444
 188676
 1079074
 478931
 556450
 575674
 108757
 623693
 473039
 1054556
 775660
 505845
 704591
 939642
 1041719
 956542
 359372
 804279
 713397
 806310
 186893
 875154
 1063015
 640377
 471613
 962033
 996049
 382370
 385913
 314947
 37612
 1038799
 818266
 1017616
 887898
 862396
 583432
 536021
 497559
 1028857
 804288
 412248
 1041056
 604107
 601793
 703147
 192922
 534249
 742694
 833839
 357316
 975321
 480760
 700529
 1093868
 564957
 1081606
 694490
 94773
 404738
 334888
 642712
 726534
 471337
 479810
 169381
 439982
 130098
 773908
 588380
 104053
 663309
 379106
 68636
 359017
 564742
 752365
 525433
 205164
 712113
 838583
 383421
 838364
 513705
 975895
 338304
 543168
 341297
 848584
 87611
 182460
 871702
 434895
 943676
 639379
 776897
 800586
 158906
 989902
 1009336
 107834
 900147
 92639
 789739
 196893
 222260
 852035
 111666
 609812
 909157
 281335
 152480
 927664
 804997
 896713
 816264
 716682
 772873
 451649
 28679
 577833
 211354
 709619
 716332
 569728
 348901
 312070
 658817
 10664
 880245
 571960
 903268
 993508
 487625
 868498
 382797
 921330
 1057536
 785354
 24340
 908886
 284838
 768724
 872544
 656329
 45936
 557341
 457054
 696809
 138011
 816267
 533500
 188893
 1093037
 358820
 435961
 261463
 364351
 820672
 370213
 511278
 248680
 360181
 859453
 429333
 758382
 457383
 1030413
 85185
 828333
 1035215
 609128
 38419
 1075120
 515013
 1029500
 138025
 661176
 887259
 43634
 1093498
 238485
 34729
 296496
 669981
 22609
 803555
 594201
 760435
 787158
 1031935
 855795
 834766
 1062688
 471183
 37910
 728227
 122800
 442916
 38395
 899284
 384860
 534397
 652730
 276107
 987296
 531001
 553720
 299221
 283460
 527803
 399622
 373497
 248299
 563467
 949539
 438479
 83938
 957356
 802695
 523584
 1001542
 1027647
 101228
 592675
 323235
 581184
 587262
 405317
 548701
 1058773
 150849
 930553
 456638
 181487
 416654
 117128
 576515
 555546
 745636
 936739
 904255
 198102
 632569
 769530
 288946
 830559
 997012
 799386
 491517
 145725
 258385
 355096
 966023
 1020750
 924012
 785376
 297748
 1067553
 142093
 688551
 285464
 155788
 974178
 296978
 143246
 386275
 1033768
 339353
 47708
 1081309
 286051
 284864
 612845
 242462
 420128
 699342
 168379
 700832
 520614
 1087261
 312786
 542732
 915532
 140893
 1022413
 213077
 826228
 708874
 444012
 226217
 593263
 71438
 690302
 646049
 190880
 739510
 1034830
 944716
 374675
 826113
 712127
 668900
 1052061
 555382
 523173
 955624
 161552
 565436
 950783
 1021029
 29654
 730665
 969877
 282356
 497247
 330877
 266212
 68004
 1015417
 1025149
 709888
 724749
 400268
 506173
 68883
 537463
 123274
 54457
 15927
 952337
 863259
 556874
 117386
 621489
 11430
 158729
 486205
 606291
 976161
 1006981
 628523
 710624
 1097194
 952268
 300037
 465041
 399131
 820634
 226427
 731893
 403153
 102314
 236370
 593621
 933400
 539359
 925277
 744731
 589026
 953862
 1052889
 536492
 462082
 1038946
 710999
 490484
 1003567
 213442
 758796
 313503
 514691
 30226
 175640
 744455
 699475
 999783
 357406
 274426
 118098
 965256
 314652
 674700
 474341
 420458
 984622
 42473
 71662
 646538
 163698
 815822
 844855
 683254
 436609
 584719
 326421
 914109
 10001
 244066
 601237
 313607
 1057536
 791011
 558990
 884298
 136457
 771800
 975117
 780473
 328832
 875154
 267821
 347659
 401253
 941317
 811734
 203999
 412961
 1077499
 1010781
 1092294
 92923
 740662
 543585
 486883
 383264
 406598
 212376
 208396
 577409
 453760
 815760
 446687
 624683
 517604
 125745
 146317
 379608
 601199
 471743
 1055013
 163986
 842552
 690555
 141461
 411718
 659264
 506812
 395544
 265782
 748395
 392597
 627284
 611120
 882084
 515991
 668783
 407374
 974952
 581266
 157472
 744519
 402025
 773171
 977416
 216313
 963560
 949829
 604245
 930814
 258917
 739845
 353413
 464373
 1054328
 593773
 424890
 573630
 199737
 444001
 818533
 288913
 157489
 581617
 1034948
 38738
 546109
 1050098
 793747
 1033805
 544162
 25614
 577099
 1085480
 140724
 799844
 735615
 804326
 859670
 757936
 983756
 634448
 367050
 357248
 870824
 314272
 1045572
 973792
 801106
 104620
 781766
 909993
 324708
 929735
 732607
 1072068
 145977
 372297
 187231
 633373
 628346
 571034
 328191
 357087
 1051022
 963370
 8625
 767979
 649553
 105224
 885901
 15828
 774636
 760535
 884577
 230898
 620917
 693265
 698526
 993183
 379734
 328357
 671648
 198900
 618801
 416303
 889196
 292938
 53522
 532033
 581284
 999315
 834526
 1053212
 839275
 207455
 618612
 272888
 262419
 112115
 119600
 458267
 712929
 730017
 774542
 350135
 74475
 803273
 571497
 967228
 949226
 226713
 95137
 170851
 1053619
 474931
 398352
 820151
 488071
 578090
 880153
 416064
 335873
 496344
 242517
 1011687
 784347
 480624
 697809
 185968
 905747
 354746
 201358
 314068
 687800
 370568
 102805
 839993
 244077
 116404
 291843
 155729
 128344
 624270
 960565
 411366
 546201
 835646
 948837
 515840
 1084061
 889983
 1001540
 785673
 191053
 854058
 749375
 1024389
 932633
 243930
 637680
 624220
 332752
 295963
 143264
 1054612
 21077
 638787
 201112
 460204
 418542
 199646
 114760
 79438
 328361
 822954
 18452
 608397
 324745
 274173
 33425
 207785
 853212
 615074
 657042
 790184
 1048109
 793051
 1060347
 939638
 1032969
 831882
 1076213
 715262
 307498
 727483
 160572
 90448
 245425
 110786
 996740
 971320
 734963
 367665
 174647
 873164
 1057140
 427302
 32676
 875653
 517948
 29604
 584585
 373559
 828736
 334339
 312535
 71330
 565510
 396895
 960612
 218466
 148859
 365849
 414275
 56437
 159836
 386944
 976662
 869490
 96278
 1084433
 692541
 821073
 140944
 735840
 442165
 299961
 686583
 731147
 535306
 102735
 1034238
 737087
 451180
 629112
 102982
 880241
 949770
 612633
 187292
 475279
 727395
 706013
 530165
 218680
 90682
 185659
 602637
 1021434
 417628
 43876
 852756
 403598
 515861
 827931
 972754
 262959
 774763
 825328
 936623
 319701
 526724
 542971
 1026000
 663812
 394426
 792346
 550463
 197966
 711572
 1010130
 249682
 102621
 263546
 352400
 961951
 24608
 57047
 851214
 409547
 620566
 915157
 589149
 184356
 368734
 858640
 1086671
 152024
 405608
 427120
 521893
 577890
 1078471
 462152
 72990
 739673
 228279
 286834
 161274
 745339
 339556
 501344
 711822
 638204
 620342
 808332
 273593
 1022461
 948429
 126011
 921721
 512099
 490959
 124797
 616386
 403356
 862038
 151922
 1015197
 5249
 1021683
 898665
 366869
 479860
 1034927
 357369
 955001
 463553
 284874
 372796
 198316
 229291
 906174
 484264
 404832
 878318
 989384
 727946
 604822
 366533
 245764
 642031
 90658
 121244
 698168
 908904
 75452
 633643
 476411
 260355
 344462
 405736
 965751
 32462
 755686
 939676
 888108
 531030
 371691
 629555
 278162
 185125
 769053
 165170
 339010
 999298
 756846
 900850
 473142
 348265
 685021
 388276
 1093087
 730793
 380717
 79726
 804703
 683588
 784450
 1086925
 605882
 1082082
 611336
 718331
 100676
 290936
 62765
 493223
 991946
 733610
 483497
 51666
 1039215
 949610
 164566
 28239
 636731
 549628
 892680
 738633
 539692
 530147
 243615
 473101
 13956
 292538
 1049079
 827550
 697737
 656663
 579486
 24045
 642998
 328590
 63663
 182528
 44269
 827829
 719016
 879891
 919108
 930696
 249239
 695029
 56685
 622792
 775838
 194789
 231048
 603966
 500340
 763574
 330585
 428036
 957964
 90028
 826233
 616166
 534581
 625427
 206419
 1044853
 165932
 1005663
 733258
 608659
 739034
 1002324
 750411
 761920
 511736
 908912
 113624
 187768
 74928
 250382
 480049
 775459
 831214
 759066
 696675
 583720
 255795
 364862
 183458
 431376
 494623
 874258
 141043
 707102
 223538
 160916
 9161
 103243
 757011
 1060721
 157043
 744819
 623314
 872369
 92802
 807959
 929935
 451471
 611212
 366930
 581522
 250395
 427996
 83448
 532859
 655151
 397642
 769346
 923516
 993700
 1006828
 182879
 179962
 902815
 773790
 383849
 1077079
 229804
 641737
 394480
 791407
 1059259
 320227
 996235
 824661
 363665
 715090
 46256
 838754
 372030
 24162
 318179
 153742
 915583
 1009921
 334801
 36645
 599420
 842379
 441912
 967601
 801130
 1079294
 327718
 858896
 737865
 396016
 782700
 710475
 761756
 947993
 384847
 964461
 290765
 329045
 934275
 180108
 33253
 1079344
 286037
 83809
 889340
 155051
 40915
 498113
 743415
 633321
 508200
 208379
 580219
 77668
 259428
 777914
 209985
 335691
 555913
 38714
 114259
 120220
 34455
 583015
 655266
 826198
 754951
 787594
 522321
 342139
 1917
 411456
 688905
 1034623
 372177
 1030366
 909582
 139622
 733091
 52803
 157149
 940313
 543871
 891787
 31090
 900584
 347286
 474060
 962360
 486913
 873088
 927144
 667163
 578401
 72368
 344253
 595517
 167233
 561180
 1009907
 1064170
 603652
 674373
 1057683
 751232
 26779
 432649
 359084
 777207
 400719
 953726
 167770
 445095
 190809
 352416
 535390
 435941
 905782
 371748
 746128
 683231
 881703
 771501
 133483
 165266
 135725
 215201
 539245
 75402
 765018
 169487
 386186
 447297
 869415
 14567
 595083
 982061
 260428
 84203
 842140
 153239
 890706
 707870
 203443
 598552
 1043387
 979522
 491650
 710651
 646286
 1014851
 236249
 803586
 562720
 1057481
 458410
 857927
 678963
 929328
 456541
 878324
 382596
 314513
 293170
 690273
 897320
 948447
 368090
 792658
 442293
 400148
 189259
 1091193
 1006685
 1078589
 105226
 131175
 410641
 306364
 232673
 1032285
 820977
 206047
 1007456
 979681
 619284
 1066211
 896327
 388067
 832024
 602978
 752768
 215015
 158482
 980884
 87772
 167160
 96669
 694127
 302072
 851475
 414058
 566947
 143957
 303662
 193769
 1040021
 200448
 295515
 810337
 559339
 904023
 256337
 205624
 711498
 915330
 889361
 729837
 761414
 584800
 605627
 678997
 711364
 480131
 264496
 997535
 463148
 493500
 833194
 1054451
 751967
 310566
 142325
 894141
 298288
 113803
 848890
 78750
 628732
 914081
 488211
 900302
 838160
 183570
 593034
 716946
 402049
 827548
 274165
 483846
 914824
 138372
 338719
 176694
 982491
 182101
 863499
 483548
 265119
 847822
 736895
 665031
 251573
 856142
 703308
 835917
 542324
 187820
 410955
 615886
 62117
 417224
 930748
 194064
 358436
 1028384
 919581
 914488
 915620
 553
 1098967
 257226
 252801
 993446
 148446
 767689
 144517
 75966
 395510
 593996
 981704
 299473
 67694
 844199
 510719
 421928
 1073794
 890370
 709199
 954380
 353587
 843374
 462628
 442985
 635228
 125778
 241553
 657492
 343561
 161593
 831300
 787466
 1061602
 121433
 567253
 991371
 323156
 320723
 856139
 35475
 702993
 840555
 941936
 199715
 721131
 423052
 1010315
 1040875
 226951
 934546
 58350
 183934
 893884
 467956
 164211
 151319
 626359
 248911
 363474
 40352
 688544
 721524
 319637
 654842
 661930
 195366
 689073
 378473
 742569
 641987
 954214
 990908
 578804
 567237
 334593
 847080
 696131
 951001
 74154
 102283
 62774
 849045
 816814
 482049
 261231
 669003
 344350
 1097617
 940628
 618852
 71142
 349408
 1031914
 1094778
 740592
 44844
 141909
 488697
 877481
 153090
 210872
 31143
 382082
 1093539
 755978
 1019035
 755910
 724250
 821722
 517763
 829127
 505597
 616904
 871155
 616945
 478027
 130707
 220234
 763057
 897302
 642913
 1061836
 939205
 359367
 120889
 665863
 202736
 731503
 1086240
 899355
 814352
 234825
 257904
 277078
 300040
 400120
 269490
 109195
 235264
 43894
 292601
 201084
 639207
 312841
 828275
 1035464
 106446
 868080
 267689
 1092881
 771835
 694834
 515141
 383837
 546685
 1074741
 63942
 986875
 705384
 971805
 181295
 705150
 448698
 725875
 959560
 416156
 583119
 935294
 838582
 182810
 312718
 319819
 176929
 390446
 660138
 19164
 150772
 1085703
 553675
 601702
 989609
 62053
 548520
 223138
 771797
 155308
 994991
 135914
 15111
 215947
 601993
 98213
 538192
 347967
 607792
 400576
 712721
 320277
 649745
 414394
 1027599
 192753
 723198
 401313
 323116
 419200
 703719
 9139
 996173
 105992
 523063
 450131
 267443
 1040072
 371156
 701010
 176345
 552285
 48092
 198405
 582716
 347838
 1026169
 581960
 507726
 915328
 943891
 558191
 108533
 1086327
 303886
 496090
 702772
 716890
 824629
 1059815
 270567
 965883
 1090175
 211922
 293174
 714666
 220266
 17720
 339145
 711773
 139885
 632398
 268002
 124159
 311669
 658261
 22366
 473854
 476376
 937925
 680824
 903139
 147687
 465097
 3107
 767209
 981673
 64501
 820557
 52528
 893747
 223139
 206963
 923550
 997467
 1099146
 544396
 797174
 379242
 966346
 1092567
 1001953
 702291
 438105
 491573
 949373
 1040712
 587790
 756410
 774439
 43578
 206034
 990783
 32211
 77109
 580168
 935039
 756451
 629974
 1045716
 491033
 787876
 644469
 819179
 46405
 184713
 231466
 933360
 585373
 1052400
 1049709
 376276
 276680
 495535
 19500
 536760
 379528
 146746
 1011035
 545908
 101741
 556612
 1074566
 144776
 1024327
 161854
 422436
 25899
 351642
 85246
 12132
 39471
 499073
 710085
 268978
 845662
 271771
 627898
 71117
 169437
 607977
 271851
 844680
 731198
 173578
 411607
 477055
 85555
 896971
 733084
 751149
 563348
 806646
 268386
 388818
 522054
 1007003
 881943
 604628
 774407
 251383
 312647
 773094
 944124
 112016
 107865
 389235
 145542
 455848
 780418
 592652
 541560
 65152
 639392
 254093
 885381
 820261
 334950
 585773
 702598
 772068
 662919
 361143
 1052213
 1044934
 564507
 341106
 1049735
 901862
 163617
 813863
 1074638
 609780
 851396
 477714
 381110
 135026
 563413
 127462
 626070
 485629
 73815
 994241
 821756
 256612
 60808
 46074
 678041
 929753
 96959
 184956
 154366
 466216
 511617
 53911
 235814
 993340
 354820
 344437
 445572
 55944
 58289
 620632
 939814
 173041
 522237
 705999
 969605
 910207
 130539
 845726
 167233
 176853
 609831
 100110
 837800
 1042435
 668376
 244899
 723960
 281459
 415060
 466585
 331562
 974019
 325721
 975034
 590659
 846597
 1088328
 285345
 988424
 253411
 932155
 850137
 587312
 1021902
 903898
 391754
 90110
 1048193
 143484
 700175
 308975
 602421
 1070243
 94647
 531314
 462113
 236912
 733046
 603827
 769717
 528711
 343875
 43114
 759280
 344552
 776644
 879720
 821680
 114528
 863582
 129387
 214084
 973469
 780342
 942246
 498383
 806781
 208432
 757914
 800882
 720344
 616464
 214918
 578547
 433
 889158
 1087695
 181466
 835468
 403169
 581807
 850949
 595221
 550117
 291329
 553798
 881417
 201427
 156539
 826081
 39905
 521112
 373238
 1038025
 581538
 250461
 936143
 352369
 272836
 1092005
 428927
 398574
 361655
 123410
 1004795
 1053768
 455382
 509531
 142851
 1040096
 904923
 630514
 982857
 934516
 497468
 485562
 778856
 392591
 570324
 433945
 381233
 961227
 766236
 519612
 693367
 567327
 465049
 1047993
 172708
 683718
 332910
 616701
 556730
 929578
 951377
 334375
 419532
 299239
 379716
 345285
 813108
 237330
 912710
 154261
 581568
 435594
 839347
 131289
 1055418
 424582
 753772
 533710
 952161
 913572
 1071522
 436491
 898219
 754676
 968738
 883982
 357176
 426189
 730648
 904914
 412590
 1004277
 87227
 107839
 502100
 255887
 186301
 107092
 932061
 797952
 335351
 732272
 754860
 528332
 538990
 183861
 722977
 1014672
 420811
 625325
 758091
 645586
 709176
 154505
 136739
 797849
 747667
 93205
 539846
 713514
 83988
 1037421
 102922
 202786
 1087605
 583330
 1096934
 687522
 1043613
 412004
 94033
 692214
 114579
 1084678
 555853
 57609
 674653
 289915
 1068210
 265388
 232220
 243253
 750736
 194587
 54448
 674996
 270266
 660248
 203771
 914436
 219281
 10502
 333826
 790421
 789780
 669505
 175480
 281573
 833492
 335518
 1032910
 134217
 55805
 147230
 571875
 128553
 277063
 1066585
 832675
 358908
 1023909
 543367
 989354
 602923
 313583
 459122
 292943
 281337
 386159
 767010
 893866
 289582
 913532
 689957
 926474
 499406
 428834
 682507
 195273
 916217
 732205
 464448
 492000
 224301
 933452
 980474
 964662
 446500
 704630
 92914
 634682
 767714
 761125
 1086052
 1064967
 414634
 298860
 645129
 1018183
 702945
 230621
 906750
 276380
 607263
 897536
 422314
 179369
 454157
 100397
 760180
 486130
 115626
 461765
 490957
 1091501
 873952
 802638
 662398
 696282
 105064
 495398
 495826
 442184
 43567
 1047311
 921116
 358657
 303307
 883458
 176081
 872122
 449033
 826679
 52065
 205223
 807646
 247735
 176317
 405920
 351701
 168080
 512694
 43500
 398564
 1037791
 592146
 897626
 776648
 684524
 481492
 430244
 361777
 152364
 18935
 174447
 164188
 258899
 316745
 444233
 992517
 672620
 1061321
 1020471
 1098685
 361625
 32450
 279996
 58643
 237038
 605141
 645518
 712239
 548971
 67029
 631331
 117295
 471222
 314101
 117467
 616414
 760378
 171407
 40624
 115615
 563855
 196884
 541201
 824188
 1065561
 294624
 469407
 303070
 779169
 372913
 690985
 575160
 926359
 637002
 211573
 406466
 105344
 250576
 369241
 563008
 73178
 978654
 972595
 135497
 12439
 1030207
 242713
 475812
 881466
 734141
 269487
 607874
 335908
 481373
 809526
 432257
 341990
 868352
 364962
 171428
 734547
 383684
 411655
 631161
 689688
 845671
 15133
 840193
 987183
 548368
 346520
 245319
 711812
 658099
 290413
 553236
 809905
 222091
 387656
 769810
 463715
 281898
 163230
 229135
 1539
 891217
 134856
 499095
 657220
 338897
 715003
 923592
 517993
 297037
 212940
 785292
 301568
 395815
 877817
 515485
 391711
 101038
 817315
 554090
 196705
 1070576
 1008471
 1027648
 741852
 895533
 173871
 1007962
 202514
 910174
 276486
 154491
 425266
 169854
 428671
 230425
 844819
 377281
 531988
 872886
 156391
 680349
 560231
 789899
 2076
 97124
 1090331
 511558
 131603
 1020813
 188212
 341885
 322822
 650978
 323154
 463091
 575389
 566978
 1018879
 551118
 454558
 548203
 1042292
 558667
 200225
 1048296
 152530
 637757
 656351
 901246
 646036
 592032
 911195
 55151
 411291
 412012
 886257
 36488
 184330
 523513
 177085
 673205
 120385
 722733
 973815
 998067
 1092378
 648513
 394008
 157277
 519735
 38713
 410781
 969843
 847043
 192444
 92370
 116269
 210386
 1001223
 926820
 765089
 1090481
 16687
 1054210
 245628
 537460
 461964
 609986
 915273
 752059
 65948
 526101
 318643
 597730
 899765
 698717
 372153
 731112
 146519
 981340
 688105
 474177
 923627
 34352
 133656
 764422
 307082
 106717
 519050
 432612
 44473
 136902
 903367
 173565
 376243
 957038
 622437
 870305
 545878
 301439
 157182
 276686
 987558
 609260
 897016
 147169
 584406
 370786
 115217
 235149
 198597
 1057778
 699626
 797519
 494878
 226756
 599383
 420653
 523545
 248401
 965516
 303979
 679390
 650119
 732089
 295640
 819656
 155499
 58344
 596052
 1064478
 20760
 400529
