877499
 346924
 936892
 992865
 241447
 686805
 737339
 150472
 141127
 886087
 975590
 353234
 780361
 654155
 756920
 367217
 794025
 415299
 119750
 943974
 1018376
 954093
 23260
 531443
 583680
 943734
 1042559
 232067
 266433
 442082
 404142
 119848
 23165
 154811
 469047
 370145
 898446
 370189
 215678
 651737
 760883
 621166
 915331
 237699
 810094
 23092
 603820
 581432
 865305
 911527
 282264
 1003267
 583005
 985403
 895167
 103509
 406658
 832962
 165246
 573363
 515410
 336303
 1083401
 979235
 932713
 175647
 40068
 803883
 386552
 456899
 722439
 996914
 1062634
 984847
 283553
 151228
 659961
 8048
 492792
 1023151
 156613
 640899
 988114
 941349
 121839
 218638
 638006
 72788
 810452
 876938
 629577
 667000
 231420
 936310
 83234
 92988
 1071517
 99776
 329521
 457606
 240335
 221682
 171560
 885757
 332284
 524350
 770407
 820391
 344743
 476210
 808817
 631530
 75266
 210150
 806843
 531904
 782271
 308985
 1003405
 435660
 503320
 741804
 124256
 196201
 56756
 670017
 637249
 10495
 699121
 729881
 198397
 75917
 745377
 1089061
 537051
 987668
 937516
 735709
 147341
 213016
 355243
 827806
 427152
 880792
 717237
 348699
 468355
 188191
 199377
 496711
 1044600
 356961
 835873
 138835
 323816
 602290
 486537
 955875
 215248
 1069809
 1044044
 665587
 933452
 528688
 448718
 525834
 254581
 392987
 114508
 176466
 389293
 717082
 1085212
 826524
 11895
 688275
 221094
 142446
 1035084
 985289
 30877
 1050636
 215679
 437371
 736925
 860482
 769424
 360273
 924741
 473191
 154155
 1099970
 110078
 337752
 884835
 543091
 645697
 904680
 496173
 1006047
 160114
 31735
 585241
 536963
 613806
 700692
 470590
 88856
 337832
 784481
 910603
 1087556
 515016
 139776
 529926
 742636
 948406
 1076029
 1007368
 851953
 926411
 751125
 869900
 398889
 857610
 603313
 183259
 357203
 708462
 1026055
 1012454
 905000
 1046179
 1066431
 461449
 257757
 702609
 165443
 630901
 330709
 122180
 1043979
 1063020
 587014
 122785
 963143
 817397
 990493
 261520
 324183
 553849
 742171
 634004
 467364
 1006694
 1034287
 504991
 61661
 625944
 224273
 535747
 560627
 188320
 477787
 52415
 810782
 1081685
 1092857
 118659
 728627
 270096
 601342
 93013
 136372
 538428
 851387
 816026
 921773
 1036806
 554607
 830751
 897075
 1047280
 593995
 533129
 635419
 209959
 377849
 766851
 969071
 704346
 261455
 136979
 35987
 401465
 826969
 291941
 917644
 911456
 855767
 996678
 520614
 905767
 1089627
 550931
 831129
 716863
 772252
 947293
 645813
 595914
 132805
 550397
 812022
 276580
 589373
 598716
 753668
 1040748
 1073753
 983690
 934373
 343779
 649088
 887455
 830552
 756369
 857036
 733699
 711342
 917767
 499489
 427710
 1018801
 367394
 529268
 269568
 553955
 745157
 127499
 1012845
 1018531
 72700
 1048249
 327532
 243690
 567237
 455220
 65129
 404936
 1040609
 299961
 89811
 709558
 838989
 440173
 923532
 1091983
 597026
 97223
 950561
 119418
 715669
 153658
 612300
 27459
 832172
 734270
 441385
 644010
 988084
 545371
 803134
 949385
 237373
 626422
 567494
 445737
 946593
 478092
 405554
 184688
 332209
 753442
 907054
 488151
 493790
 507625
 798595
 794212
 62361
 702375
 330647
 427910
 55757
 903496
 111468
 46038
 912945
 58899
 387376
 933779
 595104
 967364
 678321
 173512
 49110
 342220
 541003
 955728
 543738
 790291
 110741
 1038666
 560812
 285081
 974806
 5194
 333825
 513913
 957813
 24156
 131804
 350229
 493586
 144970
 413488
 1048494
 744517
 784771
 610164
 182847
 1059558
 1073911
 119898
 694916
 152819
 95703
 1009020
 162977
 879781
 237674
 473990
 558364
 438143
 357953
 310074
 502516
 26225
 9435
 1064768
 165178
 192661
 1034812
 417326
 786415
 850387
 155332
 858604
 912211
 1068628
 614646
 809204
 82752
 1081553
 563884
 578367
 283859
 1076462
 787306
 525329
 967385
 1035110
 121333
 271202
 124946
 544714
 1019279
 453745
 417732
 522227
 614200
 751972
 573462
 587968
 1038700
 55871
 418438
 414228
 494592
 336075
 241315
 113720
 678851
 973666
 272136
 135265
 848538
 1023529
 828543
 261843
 501402
 658433
 843988
 171913
 475327
 788611
 259792
 864701
 481358
 91528
 680711
 808609
 244068
 1079198
 742948
 528862
 90159
 869042
 344182
 1095035
 1015393
 290024
 435508
 314093
 238023
 19015
 742528
 245235
 765219
 378787
 1012039
 976071
 1039242
 99039
 967389
 443982
 1018865
 785519
 949091
 288872
 850591
 473760
 728134
 752488
 793388
 474584
 782090
 139115
 398432
 446439
 1083418
 146593
 1023981
 318391
 277885
 190631
 386360
 604592
 996337
 94434
 342681
 171483
 729250
 221080
 230115
 196746
 75730
 245764
 536199
 411862
 909677
 256954
 684864
 392316
 140505
 930978
 572718
 1047177
 356996
 691343
 691505
 489057
 703837
 460103
 89409
 223954
 75257
 163146
 312329
 813598
 360326
 1018930
 634850
 400680
 992849
 625240
 546126
 74995
 661450
 103816
 964580
 169440
 236715
 940941
 35683
 218305
 374529
 945773
 752140
 702581
 917291
 726753
 217077
 261894
 319196
 1041423
 217124
 921943
 731494
 719365
 741851
 619478
 539600
 1096507
 596996
 229775
 751090
 1097873
 379822
 4874
 1049931
 1097166
 537815
 1023161
 673606
 305665
 850376
 807468
 538448
 312145
 18274
 391492
 67087
 854787
 572161
 191827
 135365
 1002412
 805627
 659552
 85189
 314277
 891371
 306010
 437325
 420710
 248583
 348858
 281703
 1022747
 1065867
 315134
 133802
 899919
 848665
 1019317
 344372
 409591
 439690
 220875
 230352
 1047376
 997639
 1095408
 680238
 849693
 610834
 1060367
 296216
 1056734
 529939
 986392
 45280
 547914
 884106
 785011
 381211
 338239
 994231
 189752
 698271
 534587
 56925
 553303
 694425
 495900
 457947
 728356
 577221
 710686
 309331
 1052419
 761643
 520531
 726418
 710783
 173926
 755080
 526932
 235460
 75305
 823440
 44232
 859227
 186681
 968130
 478742
 787599
 1087452
 502572
 42114
 118363
 588524
 578103
 101870
 288840
 1016810
 1067107
 963003
 312672
 1006367
 435120
 829337
 201128
 580345
 103448
 336316
 237303
 911585
 967321
 397020
 649165
 339634
 879290
 174861
 1018080
 322280
 294368
 483044
 486173
 660926
 1047710
 194512
 73584
 53743
 935534
 636783
 949682
 270719
 397082
 437123
 345425
 341585
 630428
 239959
 27136
 291663
 100864
 820787
 368349
 19432
 161383
 190930
 661786
 330790
 1026500
 650858
 970586
 586423
 624296
 955403
 65570
 921227
 657040
 865126
 350713
 388365
 683987
 671318
 608602
 903591
 720263
 343251
 956901
 1004160
 254618
 756711
 667273
 35058
 725942
 269459
 968436
 335655
 68490
 1003774
 353150
 553634
 563207
 633759
 52491
 213532
 264287
 1093523
 353677
 434193
 401831
 826281
 1061967
 822558
 992212
 787132
 295832
 435156
 291728
 128150
 299196
 489716
 827079
 453620
 591142
 653285
 239465
 538189
 271623
 214957
 280258
 205761
 62105
 970579
 842360
 73938
 268149
 567068
 957053
 467497
 797680
 828688
 49639
 25418
 851148
 793784
 378169
 145772
 688705
 91728
 1035733
 1082365
 203314
 815067
 969231
 161365
 797809
 507930
 395296
 777992
 71635
 1004235
 1098586
 684755
 390409
 644393
 303194
 602519
 130011
 1097182
 693005
 803726
 613568
 210372
 971271
 1085526
 792634
 384527
 740189
 315057
 882251
 368579
 981033
 813820
 1006494
 1027053
 538137
 748199
 514009
 240160
 923727
 56333
 791284
 63409
 936168
 855172
 736044
 1027992
 419807
 827351
 942696
 891713
 1076409
 433819
 972487
 233312
 515253
 680
 544027
 1021654
 984257
 947611
 1077885
 1098142
 875279
 109675
 403180
 366364
 1020910
 805407
 755769
 356301
 709854
 551922
 131435
 92656
 414920
 1029111
 485618
 268318
 599122
 372500
 131825
 682657
 648655
 261875
 648763
 873119
 620600
 918690
 35493
 1081495
 417955
 876140
 912737
 767715
 372900
 206383
 206663
 385655
 258579
 415850
 19077
 251788
 562699
 921155
 1072736
 916594
 45108
 351334
 137058
 363562
 72592
 902996
 145981
 37276
 106893
 217276
 1077927
 563272
 857564
 879648
 594129
 961561
 836846
 639506
 483132
 724285
 907986
 492951
 603787
 793915
 812296
 195739
 102536
 515087
 478768
 992269
 830041
 219190
 149633
 862307
 499032
 388458
 518551
 754677
 1074467
 12159
 627391
 209965
 72435
 363883
 84317
 122022
 59219
 407136
 607309
 85265
 494166
 178878
 631255
 611267
 801103
 819810
 66204
 565484
 298672
 1088132
 696344
 830639
 974624
 652824
 764314
 309571
 485804
 1074607
 540657
 566082
 188035
 1049040
 104774
 1091896
 167124
 448535
 759771
 1006304
 716470
 641793
 691280
 239164
 414586
 708709
 263887
 87248
 473589
 732041
 251749
 770525
 408460
 1053425
 478337
 85091
 1059815
 955917
 210828
 308587
 501229
 128229
 349752
 1011078
 810907
 18573
 279472
 680199
 506314
 577651
 484691
 948462
 694828
 887872
 1067151
 1014104
 294443
 692590
 1091671
 1049508
 1090686
 202637
 588262
 225860
 644371
 974557
 933659
 299191
 774541
 987693
 568399
 824807
 511234
 904970
 163145
 432172
 825350
 966825
 1036162
 629421
 623111
 807782
 812458
 243817
 623756
 356152
 883702
 1027362
 374139
 405833
 528440
 1023146
 877141
 486675
 867975
 525945
 544266
 141872
 447112
 986783
 789693
 50454
 896145
 333350
 899527
 1005778
 260149
 955379
 830427
 731955
 1018318
 842846
 987475
 644482
 1028987
 773184
 998007
 388375
 390951
 48120
 318393
 854267
 968180
 62907
 44743
 412065
 76354
 1064612
 104011
 822015
 573622
 767095
 376805
 639642
 139857
 443714
 915354
 506571
 943342
 369490
 970014
 500110
 499539
 468128
 209907
 978483
 488479
 132090
 11335
 258237
 342466
 412953
 733410
 668480
 509215
 201870
 898884
 384743
 222389
 703500
 1070257
 196517
 723552
 290878
 997061
 443662
 305346
 468870
 7918
 1009458
 460128
 173038
 186682
 1032742
 314757
 115301
 46877
 708223
 70785
 110899
 764730
 492397
 817983
 314201
 823916
 366812
 6226
 489515
 345693
 204724
 175807
 659205
 143893
 325840
 1079655
 1079349
 190365
 1031081
 558536
 972195
 598045
 619080
 722083
 359410
 160973
 288790
 329416
 420130
 140055
 715176
 340379
 619424
 818696
 971628
 434907
 780677
 837632
 278209
 768249
 270708
 933738
 950007
 832034
 632623
 57604
 945964
 110058
 177363
 840786
 124743
 51951
 283653
 95518
 286360
 684512
 533092
 266049
 196556
 51474
 949299
 472948
 860748
 235503
 201467
 730992
 516476
 226167
 863694
 938433
 410711
 315491
 829876
 1094279
 708307
 210458
 154840
 931104
 1075919
 934085
 531243
 637410
 275165
 609272
 369504
 101658
 493566
 656768
 682909
 654148
 572366
 190524
 343155
 712220
 298958
 479324
 125081
 210732
 113753
 232913
 875495
 588724
 138047
 496020
 757346
 892512
 1079011
 417166
 454326
 888335
 407509
 658395
 804053
 378148
 797875
 508198
 559815
 283551
 568708
 393554
 497823
 858783
 261938
 263204
 1052741
 320340
 461200
 61664
 397844
 348055
 167612
 115747
 508097
 251401
 236649
 52587
 253799
 210708
 560346
 658318
 576465
 469971
 820886
 183028
 376663
 902732
 880781
 826853
 295016
 420450
 374186
 769682
 864200
 110097
 520696
 455815
 543302
 360326
 862814
 253881
 921690
 356314
 903279
 289092
 369518
 99898
 341188
 4502
 336198
 181691
 622295
 529432
 362631
 529725
 502368
 478748
 261572
 351002
 627323
 774146
 586222
 690456
 776773
 346746
 805487
 886944
 1073289
 778774
 981950
 188889
 296903
 203555
 473752
 925074
 984308
 439900
 538520
 329781
 574077
 837302
 974471
 92803
 575132
 25741
 609118
 254288
 216563
 538345
 699441
 136217
 317505
 1065171
 143585
 836659
 344221
 64115
 323320
 311004
 1024617
 332558
 206456
 580530
 441921
 738441
 697707
 443108
 435325
 555226
 688103
 725572
 986303
 393052
 484380
 794879
 409220
 86043
 274415
 552116
 425238
 994560
 979734
 265914
 521199
 146789
 864093
 171603
 1060447
 473124
 686053
 312243
 826631
 568202
 375419
 550322
 684550
 897429
 839011
 135366
 655246
 879027
 197888
 609138
 940259
 141352
 268206
 129248
 972206
 1047964
 373199
 761637
 320657
 661911
 622842
 937069
 319313
 131253
 184755
 537668
 345140
 841355
 793888
 940150
 615501
 712315
 278995
 17222
 471517
 727049
 77418
 38886
 1023915
 269809
 533235
 636677
 866324
 926459
 660013
 426607
 11668
 326483
 536591
 295599
 44379
 726156
 804136
 866374
 432841
 1002613
 692652
 835461
 867500
 1096945
 96630
 79382
 767196
 294267
 402042
 408476
 960442
 192006
 852838
 548539
 942193
 78655
 476168
 208633
 164486
 732546
 954089
 1098928
 658606
 352083
 883841
 315804
 47166
 261833
 349184
 876202
 366228
 521570
 962749
 675155
 536372
 21084
 712117
 790502
 135916
 867011
 1026405
 311172
 184472
 293895
 1027616
 984250
 994474
 201219
 955310
 661568
 317457
 254512
 753425
 458737
 1090434
 206789
 616811
 49530
 618203
 213122
 227
 411550
 702326
 463316
 162821
 501797
 526495
 1080430
 1054203
 332736
 747362
 990363
 715754
 594008
 828341
 653319
 681577
 776946
 854364
 370178
 607815
 1003658
 221358
 102431
 528253
 314513
 804881
 218381
 41326
 789286
 912149
 954005
 107892
 295993
 238760
 133118
 930465
 1049398
 369130
 233736
 342013
 429879
 329718
 1002701
 151764
 279849
 900596
 702564
 8460
 1064291
 983601
 532130
 323547
 182071
 129544
 235898
 696997
 387575
 1081140
 175208
 660887
 939692
 1091557
 67977
 107863
 569143
 170486
 295490
 255809
 782983
 652589
 697573
 720967
 10799
 557241
 147664
 238990
 362131
 944932
 683549
 793830
 1068393
 342227
 660138
 325078
 828969
 161065
 1016158
 637124
 244775
 831428
 1044746
 754894
 833712
 525746
 730724
 1098289
 861120
 948577
 940187
 651694
 771470
 873968
 802330
 407759
 749054
 2139
 158221
 803405
 1027881
 749837
 464847
 16318
 436918
 536869
 1088682
 61173
 458110
 1007847
 989031
 610927
 261493
 537558
 968352
 1049537
 753399
 1019647
 1067602
 1063294
 417089
 831554
 652270
 524034
 705425
 1042070
 697924
 362839
 364575
 321595
 796953
 59456
 593280
 295463
 891079
 866635
 1012497
 16177
 411449
 127409
 778080
 690140
 1092532
 1036308
 1049246
 42197
 21497
 1087708
 130427
 997397
 989022
 613450
 674321
 239827
 819386
 360444
 273780
 682103
 601670
 906531
 797853
 46887
 723038
 648545
 215936
 623353
 205843
 472823
 732213
 518898
 422754
 549146
 620610
 320312
 430723
 878291
 162148
 1052773
 858235
 560213
 750553
 661913
 456638
 478146
 279450
 939735
 206360
 939734
 688917
 846671
 540048
 702167
 673990
 307679
 876798
 798074
 1098069
 148883
 715899
 423738
 1036851
 927858
 718650
 80985
 1033732
 269681
 515430
 1081706
 723642
 960355
 380074
 1067770
 608673
 379962
 63929
 503090
 78862
 537498
 309474
 205145
 258048
 509993
 866608
 479096
 768483
 940796
 1014823
 350462
 322552
 317291
 583100
 186694
 626565
 111342
 31201
 312842
 40342
 761050
 163897
 256909
 399658
 978403
 265483
 1095497
 492196
 232813
 218687
 1039830
 1008348
 788433
 187953
 252532
 533140
 661596
 284185
 1022791
 816571
 468596
 31838
 424975
 1057076
 426139
 695529
 327489
 881066
 860103
 1193
 650921
 646731
 8144
 148103
 137708
 419636
 764852
 1053169
 811607
 732210
 2419
 892448
 416167
 470885
 797585
 480486
 566799
 132079
 993432
 583458
 239070
 699148
 464210
 291093
 611000
 288502
 76883
 48126
 98616
 906315
 354713
 856005
 710639
 494993
 909303
 983715
 479963
 623327
 740635
 70653
 145522
 1096009
 676385
 173244
 885494
 1024038
 942451
 614290
 213164
 425589
 138872
 477157
 88504
 177588
 830427
 1036266
 527081
 548647
 1077364
 314307
 447688
 574963
 238179
 636894
 188932
 534050
 430379
 590657
 138284
 753010
 100104
 395605
 380893
 543276
 461192
 775384
 237480
 352972
 1053785
 1071748
 391613
 620004
 538458
 107569
 830017
 1074049
 6598
 331698
 494623
 860269
 291219
 463501
 596206
 708830
 514180
 104680
 946019
 783505
 964036
 668988
 506910
 383287
 364847
 797658
 751104
 529399
 285043
 665526
 352365
 1015226
 183674
 38940
 407448
 986483
 891283
 1035349
 868287
 4035
 893530
 922185
 64806
 1078389
 312076
 1046742
 837398
 1018898
 141419
 330239
 625267
 93555
 654552
 219006
 217691
 843653
 3467
 706294
 817959
 518612
 5151
 405978
 610918
 754527
 272283
 864054
 486767
 342211
 1086265
 354598
 18082
 335745
 817693
 819569
 193766
 503185
 963164
 294227
 153062
 577758
 250645
 502081
 71106
 1084761
 958611
 643139
 965557
 803277
 457806
 71569
 249960
 30666
 1011056
 799978
 167421
 606055
 226905
 496610
 130341
 18318
 349790
 793811
 962806
 981365
 886552
 237650
 227008
 204995
 462720
 789376
 748407
 154018
 806822
 230591
 519242
 937179
 963086
 745522
 944207
 713699
 70891
 297791
 971847
 255093
 344245
 332177
 172263
 773740
 863256
 436423
 1086869
 891701
 744888
 1008115
 85502
 739801
 191637
 326754
 375944
 756866
 273162
 844093
 529639
 2547
 726982
 121192
 894837
 578509
 1014101
 419368
 1020011
 58998
 204962
 559351
 756562
 768541
 725082
 598473
 237140
 7982
 106348
 476814
 865220
 95688
 351835
 32897
 818915
 347776
 136846
 867430
 538008
 531807
 300474
 904625
 200050
 1089969
 992596
 687896
 904795
 470709
 126789
 867733
 321635
 168254
 345550
 507388
 257021
 490589
 560070
 71009
 560352
 802609
 864313
 980405
 387711
 890671
 740614
 733941
 684789
 665889
 552973
 324837
 654490
 590438
 413759
 485938
 61351
 299741
 392608
 91030
 330429
 1032523
 452323
 170538
 767507
 637892
 459494
 463554
 345536
 905199
 163637
 338583
 483010
 1006723
 125083
 980095
 413070
 46344
 593067
 514332
 783292
 391556
 707115
 246244
 147131
 1097388
 880524
 203535
 354791
 303327
 993826
 173515
 998095
 615767
 383977
 797247
 871191
 471460
 232298
 267321
 440763
 339393
 138747
 692772
 896452
 721759
 705765
 1086635
 198866
 122429
 957295
 538822
 30594
 168885
 130652
 880858
 143021
 986402
 698122
 565491
 16802
 362566
 682486
 621628
 681008
 365647
 1050673
 904045
 913597
 712541
 358922
 407664
 721497
 1050400
 770028
 536352
 185133
 783043
 651067
 986078
 431755
 423512
 1010396
 626256
 474249
 495417
 65060
 683151
 815172
 291618
 764985
 483523
 736568
 655837
 68532
 306800
 181612
 869253
 909893
 568450
 209017
 771533
 513717
 354964
 896123
 961173
 269740
 1015718
 566825
 650345
 491569
 462979
 635839
 775609
 589601
 65907
 744224
 226608
 779624
 974779
 111794
 924117
 1050776
 1019653
 108966
 345834
 340266
 187550
 696915
 32649
 207921
 404762
 157099
 775851
 308609
 486951
 591229
 903350
 879428
 389757
 390111
 785368
 502877
 378081
 147542
 275897
 14344
 81307
 806663
 809863
 841252
 428427
 193422
 210973
 472944
 65450
 127321
 310472
 1001738
 468571
 853750
 77350
 868404
 11357
 38993
 469592
 394601
 819383
 724180
 536991
 272664
 736094
 372305
 624917
 502621
 568858
 984885
 919563
 246806
 1016985
 1067583
 590705
 1039905
 982788
 97048
 935196
 1086910
 539769
 1030400
 746895
 807917
 343933
 820385
 931380
 705323
 873049
 407358
 28948
 106602
 1407
 374030
 553237
 136735
 286371
 530681
 838347
 996550
 470728
 186638
 321346
 935128
 844605
 328306
 734990
 1006184
 84486
 414338
 951605
 766483
 472095
 956582
 266716
 608395
 1084129
 919636
 878567
 1072172
 524064
 348551
 664572
 340143
 1071485
 39443
 388911
 122696
 359752
 989016
 372877
 358118
 802461
 824661
 368165
 953136
 275122
 534781
 1037921
 746301
 851306
 632269
 932691
 940561
 710418
 882879
 238636
 275933
 42799
 945616
 581521
 101474
 641284
 73153
 35425
 894319
 62324
 317890
 710735
 948951
 85506
 560884
 74284
 393538
 803793
 461170
 895688
 571729
 408658
 350498
 45044
 1029773
 549452
 29202
 432926
 640420
 963030
 215116
 863400
 218034
 333157
 771789
 998465
 828616
 20210
 55834
 802051
 465318
 401976
 839339
 931289
 735631
 886161
 662373
 801420
 584224
 838113
 298803
 123654
 748560
 536063
 59309
 541867
 1045299
 1078186
 140218
 450083
 231391
 1092400
 608851
 174593
 695743
 346621
 982401
 157668
 630589
 430669
 128374
 84457
 91491
 535525
 1055557
 1006197
 325389
 453361
 735655
 721555
 375671
 824278
 306428
 1003715
 304532
 1066109
 684089
 843134
 606089
 987606
 937261
 97981
 629958
 699156
 579388
 351578
 604678
 595952
 653857
 875421
 823355
 1007139
 884834
 409679
 932311
 840700
 555471
 825862
 569871
 570886
 1008894
 937758
 912242
 544967
 994499
 620650
 649328
 659981
 906276
 140668
 539742
 337701
 373537
 899573
 850622
 918645
 645537
 1046468
 122501
 1029991
 706855
 98822
 739202
 1093939
 398710
 814809
 857625
 751199
 698798
 210953
 34821
 383795
 262644
 1007547
 968296
 323005
 726250
 515002
 1029282
 1093753
 503538
 200366
 258089
 252695
 76471
 925244
 656847
 107549
 655635
 698530
 254445
 142307
 431599
 303822
 227740
 578389
 1014081
 503470
 1045900
 378238
 839500
 222031
 277963
 1055446
 1006811
 272712
 547281
 891548
 1046140
 405350
 972448
 797315
 256196
 193996
 740316
 159962
 701279
 635848
 808826
 457040
 968130
 17390
 902841
 284310
 885956
 209909
 144744
 1019699
 5410
 972296
 841085
 879494
 479092
 57858
 471224
 199965
 588259
 847828
 422319
 1003886
 963354
 764533
 978118
 132891
 444646
 714482
 223195
 841072
 446252
 697335
 960766
 646092
 887853
 824155
 131704
 876167
 1033148
 224670
 1054764
 317939
 100167
 544924
 295379
 321551
 504696
 867205
 17648
 367971
 814699
 452909
 747912
 1049389
 484793
 156034
 961501
 851253
 159504
 590062
 754916
 1065615
 1015732
 236964
 604175
 744887
 791440
 167395
 694448
 12629
 437068
 2669
 1076607
 494811
 1043238
 494727
 274330
 1062987
 582083
 406786
 980434
 876071
 747
 102012
 836722
 832890
 784606
 113731
 443682
 848495
 169552
 1083933
 77468
 25654
 1034065
 462744
 761531
 48394
 491661
 448860
 756709
 268291
 148231
 791969
 139220
 35777
 583931
 155847
 190995
 819347
 512795
 307719
 45909
 70660
 404147
 421637
 273178
 846234
 258696
 840168
 319451
 432741
 1002142
 578582
 644323
 1095516
 497962
 212291
 948270
 1031597
 544226
 386841
 395212
 680613
 587349
 41755
 670965
 39867
 861010
 90503
 794938
 729692
 85612
 334561
 401168
 707019
 628941
 927951
 333801
 17731
 651863
 1018243
 200159
 377595
 302622
 1036183
 955102
 1035900
 839221
 443571
 755564
 597708
 606936
 725960
 713958
 790431
 782577
 953206
 634080
 568361
 306524
 625518
 153727
 858351
 595951
 264852
 767359
 142663
 341848
 999787
 67555
 1081512
 1007382
 198593
 724871
 812420
 559251
 320570
 359723
 1060330
 517122
 926096
 164371
 132832
 212422
 371051
 621677
 98906
 335749
 1094665
 270793
 923596
 244580
 906236
 843023
 496563
 586295
 491565
 988783
 904246
 966244
 804505
 3538
 748106
 93228
 879073
 486869
 446065
 3861
 620874
 192622
 68313
 376234
 257186
 571048
 568845
 980367
 1068492
 392422
 207532
 35376
 752531
 283913
 215895
 757091
 759035
 452243
 774072
 229873
 161492
 804306
 721610
 68056
 1015166
 715559
 495938
 123959
 869924
 213691
 645730
 96710
 860772
 177678
 529493
 641478
 14596
 1063208
 745756
 228555
 353234
 492153
 514966
 307236
 35501
 242852
 572741
 215022
 703913
 125514
 746876
 330995
 746103
 840795
 659488
 929956
 578959
 379138
 608098
 782570
 605422
 1061524
 308708
 988490
 1033163
 900496
 531264
 81697
 1038745
 867477
 480978
 301480
 702522
 367087
 299631
 212276
 842299
 293943
 29827
 416820
 612193
 501632
 253963
 36373
 447428
 539236
 182791
 431535
 94453
 279008
 507962
 821598
 616091
 402172
 830234
 762577
 936812
 498929
 1020142
 603105
 96022
 989400
 996681
 199120
 204217
 854657
 123424
 219795
 343465
 231157
 1087455
 863025
 245502
 501947
 303859
 661434
 892542
 691522
 166670
 192232
 728443
 259378
 148387
 824311
 540634
 290231
 8868
 1093936
 169093
 1005804
 9506
 1078988
 63484
 279443
 1066145
 54109
 353107
 766333
 577344
 217567
 33431
 731579
 1097800
 450146
 115738
 947379
 210502
 181275
 283711
 199662
 1098953
 738363
 399902
 207325
 5633
 825549
 1071420
 867992
 21569
 1039995
 601829
 972704
 541649
 46853
 39029
 736225
 1097818
 619901
 753384
 734730
 614753
 538033
 774280
 313507
 644385
 464693
 573186
 1022837
 135461
 682635
 936946
 223741
 938967
 216462
 326111
 429778
 678189
 553952
 834386
 801765
 578823
 273501
 257579
 429009
 986832
 1023356
 404722
 633689
 921269
 344687
 599201
 796694
 165931
 850498
 202927
 335541
 970111
 81492
 559042
 1030297
 7769
 412566
 989019
 600909
 1054026
 190013
 268485
 648773
 742955
 1036061
 285693
 1016699
 712963
 840048
 427704
 829851
 106902
 127641
 656155
 830900
 412289
 850693
 1093528
 982841
 566131
 875671
 784128
 1061131
 767868
 592009
 862914
 231172
 825809
 615935
 968936
 271994
 530102
 505024
 1055220
 573932
 154975
 645645
 96045
 863602
 255620
 178755
 707960
 239820
 415905
 702565
 207113
 923937
 95269
 1028629
 994085
 468022
 238613
 261623
 520458
 332284
 211898
 197098
 486227
 953339
 346413
 49883
 337960
 32008
 158782
 303131
 1040253
 899262
 388507
 635311
 399382
 982792
 259182
 1005225
 971914
 1073011
 468226
 427015
 614362
 418751
 524705
 886152
 602201
 829613
 602511
 86147
 85193
 928307
 10317
 78666
 964204
 468669
 949920
 961615
 783183
 917291
 271249
 611328
 674711
 301074
 369390
 702918
 537837
 110375
 697805
 239229
 828683
 574701
 638629
 824901
 679663
 117717
 518351
 1016112
 803190
 475917
 843668
 378152
 1091389
 1006025
 57997
 34896
 801182
 191735
 612503
 1076672
 920921
 562481
 435466
 1026892
 994051
 549837
 723937
 522961
 73270
 357043
 871837
 746349
 718774
 238923
 436041
 655416
 380424
 804158
 916033
 657175
 137489
 748917
 530751
 302835
 989316
 28476
 1046006
 884487
 122081
 251148
 460314
 452033
 769152
 245949
 287965
 260964
 494131
 154247
 947826
 37801
 968632
 354949
 795897
 771231
 559748
 1094037
 226156
 699044
 199344
 708510
 996624
 151679
 277973
 424565
 950639
 519561
 17308
 993803
 247581
 614842
 920714
 248383
 341284
 805847
 4514
 323429
 655047
 1029243
 559934
 465565
 358867
 220569
 154269
 908008
 59340
 1040404
 494299
 162961
 765363
 425932
 124634
 925997
 834414
 119101
 1074744
 767690
 950490
 212774
 954907
 968409
 550980
 734738
 836114
 973283
 529338
 854422
 606455
 369886
 851714
 621024
 152920
 949751
 454375
 30216
 1003376
 571330
 1017168
 839714
 395886
 838566
 321307
 605916
 205532
 298571
 85209
 626161
 125608
 612648
 35709
 900963
 108444
 667107
 824361
 51099
 1075282
 937862
 416676
 599215
 54531
 126645
 235368
 887861
 983231
 579854
 131199
 25154
 452733
 498255
 1084320
 955908
 567605
 267704
 285048
 406957
 316442
 264459
 649876
 131203
 470549
 684857
 448795
 795086
 188492
 978407
 371948
 64414
 662340
 119997
 619293
 395421
 37354
 655377
 96792
 439562
 894623
 492193
 815493
 1001312
 658025
 3175
 205086
 709341
 985485
 159601
 209687
 1081255
 343478
 318140
 907045
 375495
 132922
 69932
 853426
 759532
 136377
 707661
 354995
 981731
 925727
 1065061
 420333
 781459
 409990
 994614
 934931
 9496
 829667
 392527
 109139
 842237
 466369
 1007146
 439758
 578675
 315871
 838410
 977263
 1059749
 134540
 971805
 652225
 418080
 659858
 626306
 20984
 1008612
 686590
 893655
 860873
 366410
 947045
 593711
 200697
 559206
 900212
 740541
 1077367
 523401
 1033017
 470613
 936156
 378044
 311677
 471894
 1925
 896609
 839598
 25485
 818007
 668172
 220414
 522992
 314426
 704837
 414991
 435274
 1038779
 611881
 96055
 295214
 1069310
 918689
 631838
 847664
 413763
 979821
 713915
 214408
 686400
 581763
 438475
 47150
 426154
 196022
 716565
 195579
 551290
 983463
 756642
 813264
 510701
 857592
 30933
 1053482
 410051
 43348
 362206
 575785
 209039
 835971
 432843
 1031221
 539442
 633755
 902722
 80457
 449126
 549647
 160268
 1011999
 47425
 921847
 1089598
 472778
 583675
 564450
 541331
 1084282
 82831
 763465
 100471
 439631
 409825
 762433
 881440
 1003404
 154896
 320258
 1081659
 617352
 432091
 650579
 586489
 203063
 752120
 936358
 590927
 609713
 1046221
 882736
 500376
 1018739
 1075729
 787772
 121449
 441470
 1002350
 1052042
 394031
 64066
 521107
 111406
 1048865
 592358
 918843
 1050416
 573051
 1070018
 474049
 358309
 43038
 147594
 527825
 505361
 32359
 1055644
 690161
 342105
 548276
 108006
 616204
 940476
 405824
 451810
 419742
 165798
 253430
 29039
 190999
 283054
 782140
 1011025
 998440
 598192
 291779
 938076
 501445
 121436
 155632
 427590
 395629
 950772
 1044441
 23400
 233376
 541074
 681419
 645786
 713971
 500962
 977520
 379219
 422957
 1042048
 188607
 481367
 427902
 535739
 488567
 347916
 235184
 1052017
 1044470
 874574
 199580
 202404
 604177
 707538
 367185
 357897
 166023
 394140
 302136
 265507
 772218
 592212
 927648
 990378
 937569
 42880
 258140
 589942
 95535
 279036
 298264
 748076
 415687
 413182
 41726
 835534
 727103
 774129
 988928
 820572
 55120
 434062
 1009785
 742779
 3952
 1062258
 538971
 47756
 701225
 157744
 324695
 23297
 553373
 160906
 420486
 841690
 462008
 140883
 369994
 40420
 168009
 793413
 616518
 437661
 580204
 12881
 527875
 35455
 631836
 729090
 61840
 962581
 727249
 277314
 69944
 282942
 381624
 3023
 1044865
 581324
 346132
 249687
 500990
 983887
 55243
 727862
 286685
 774221
 535735
 217078
 963147
 930448
 513740
 647532
 622449
 1038828
 703086
 596858
 667136
 504466
 625461
 317529
 148318
 1046395
 470977
 947659
 122216
 353716
 83287
 5801
 286358
 767865
 724733
 937439
 479253
 857396
 993166
 668582
 784639
 524114
 1044059
 466004
 586185
 872687
 126060
 601736
 585652
 375620
 893610
 357414
 855095
 1048220
 924986
 305840
 462967
 90120
 1077273
 533410
 852001
 958770
 223404
 962148
 734964
 99887
 672971
 46888
 745319
 449169
 200488
 898563
 628442
 897208
 615244
 1040494
 227010
 287095
 283862
 442636
 322630
 857971
 228074
 722911
 263154
 706388
 400465
 361244
 349597
 604712
 544584
 356293
 526174
 949012
 428393
 656029
 1007916
 853667
 654223
 296044
 27947
 101256
 677373
 180266
 253672
 983853
 618788
 962964
 295668
 567260
 1059314
 800872
 442364
 1068882
 345334
 682429
 1029840
 445168
 835383
 166560
 313396
 833811
 144849
 195627
 717433
 564816
 1027350
 82162
 274333
 208301
 759747
 459659
 351096
 365045
 911909
 756045
 856107
 860407
 906707
 407217
 202748
 180523
 767156
 918809
 913625
 666034
 916360
 30526
 709255
 966692
 681823
 928596
 762298
 656559
 377201
 632289
 875779
 393267
 914084
 367653
 390109
 649312
 142922
 378359
 1055646
 251735
 95955
 334012
 979591
 1023510
 152246
 649952
 693022
 2410
 205038
 463254
 680076
 332001
 886934
 216505
 984663
 1053822
 635876
 978140
 536867
 53622
 81485
 445449
 160067
 911993
 1005284
 761765
 662815
 969279
 645340
 1015510
 293838
 668142
 1081206
 1011105
 522676
 667695
 293303
 691676
 294766
 616284
 89947
 746477
 939319
 892425
 287725
 798758
 521847
 425541
 1076899
 278102
 816212
 98260
 883598
 553421
 889078
 221532
 205724
 806061
 1005730
 72838
 419517
 525943
 241037
 502842
 467618
 836781
 304969
 708793
 44944
 99940
 600279
 167742
 144614
 1094392
 428576
 168739
 1067262
 933360
 1029970
 728369
 359114
 399224
 165821
 109770
 443196
 674199
 90010
 604254
 812428
 499290
 816077
 399291
 71147
 1015512
 66436
 926420
 690637
 243142
 335068
 181008
 405159
 186679
 505708
 867880
 668015
 554296
 1026001
 731361
 669293
 264629
 127286
 1096119
 497933
 172335
 1006217
 454126
 1088987
 361864
 687359
 342489
 230024
 435847
 1078718
 386549
 171226
 140010
 789874
 413841
 846447
 423801
 262653
 996493
 609140
 609912
 990946
 391475
 538806
 51399
 187946
 112098
 848924
 640632
 969826
 600733
 713188
 789203
 946613
 160526
 1004920
 222543
 179883
 541586
 422547
 867358
 758289
 72729
 1096370
 898147
 405285
 353309
 456885
 8216
 100003
 495410
 211285
 586974
 61681
 720444
 290486
 745798
 917938
 258098
 191448
 573761
 816055
 939285
 216988
 508387
 1080579
 48486
 104922
 83840
 349749
 254995
 392287
 17401
 957772
 1086798
 28398
 855490
 649039
 1085264
 882731
 251552
 375753
 645290
 572683
 461942
 885316
 71648
 251316
 733934
 536961
 301365
 997597
 159287
 268229
 883605
 280565
 867305
 919704
 246609
 568772
 129561
 953302
 921078
 920181
 858183
 607816
 1070932
 778941
 870435
 945038
 38700
 1035629
 708801
 269899
 981869
 1088942
 435436
 851728
 686029
 690189
 451792
 827504
 830198
 1080236
 567507
 452227
 569608
 839236
 992315
 480457
 992359
 990960
 267081
 672749
 122788
 392354
 513956
 681514
 478040
 774947
 302351
 195287
 666037
 633585
 726530
 433515
 922914
 579617
 990429
 864480
 970501
 535232
 1050130
 685236
 119955
 833031
 533659
 734577
 499341
 812280
 86836
 305803
 407562
 416242
 663460
 498599
 986717
 310617
 483621
 848788
 840263
 601405
 926000
 552421
 535077
 976831
 985135
 4784
 492737
 882830
 895902
 877788
 475866
 768616
 911991
 967476
 149700
 821825
 717477
 871405
 528928
 997369
 979384
 528456
 225801
 589972
 221962
 325886
 605611
 155732
 438499
 520947
 758453
 56109
 92033
 353600
 575422
 200884
 872288
 661926
 800678
 379843
 357582
 1041339
 133715
 245966
 316197
 654564
 551294
 360920
 949518
