138735
 61028
 522211
 392663
 460985
 519956
 158005
 649472
 22631
 66361
 212208
 490678
 90864
 930013
 510568
 800662
 815694
 1042948
 690581
 3494
 891318
 1014644
 321649
 324375
 530528
 419939
 369195
 981882
 864672
 270863
 677249
 1011515
 42802
 213117
 796949
 568497
 779692
 3612
 243368
 552284
 890724
 1024285
 16765
 36058
 169053
 376627
 360663
 568238
 903594
 1038236
 709814
 380966
 931682
 535162
 104696
 424522
 789236
 326256
 254625
 236076
 172883
 586597
 565553
 96825
 685017
 55817
 593402
 678193
 602925
 918978
 994503
 188350
 967903
 284249
 752475
 396446
 949896
 669635
 857227
 987675
 1044567
 918315
 790938
 745215
 719666
 314001
 156757
 1081363
 756330
 211389
 60020
 1043550
 424027
 678346
 1016903
 391298
 642757
 453394
 403646
 795034
 841793
 138835
 898965
 1025708
 166468
 760071
 512239
 937888
 737622
 52903
 321201
 101958
 1001109
 441061
 33804
 743066
 146702
 919920
 806307
 426706
 358805
 839883
 227435
 808052
 197934
 547179
 192970
 981251
 995698
 156872
 18990
 964518
 1018346
 951496
 95424
 375314
 10368
 1049201
 754646
 174036
 988233
 577584
 149134
 1087251
 256007
 775694
 185436
 1351
 402380
 445021
 817666
 945134
 635331
 921827
 986824
 977706
 392698
 22854
 551044
 20573
 248747
 858520
 436063
 1009806
 816231
 84526
 1027683
 1020909
 617505
 491870
 26518
 370921
 81075
 187026
 926917
 531024
 983054
 187995
 575863
 888038
 77521
 883900
 270312
 220453
 118468
 594358
 610358
 687142
 369669
 536450
 533442
 313351
 844903
 150151
 204463
 2739
 1010847
 413028
 17002
 997249
 751692
 764559
 761354
 900055
 106513
 974854
 644384
 18883
 192668
 354957
 1024282
 725440
 694216
 1008963
 118030
 145519
 609927
 973829
 367474
 958567
 464507
 428639
 932197
 649315
 524452
 523384
 65237
 935076
 905517
 554052
 742850
 701993
 263030
 330713
 434871
 451336
 242734
 496705
 162071
 25002
 171717
 336246
 1049376
 653268
 768354
 862221
 20155
 990967
 470501
 236587
 457296
 679543
 842894
 171057
 880361
 560907
 941044
 295084
 1018568
 692935
 294875
 431532
 529026
 429959
 642963
 408142
 803017
 994708
 679475
 574312
 480070
 829227
 965791
 184583
 472534
 798441
 630268
 918224
 340675
 1057720
 220156
 947097
 221325
 1052572
 295800
 555161
 381968
 106727
 171493
 553086
 563571
 872777
 207867
 898792
 374535
 599791
 893164
 221849
 606423
 325145
 361129
 83085
 532022
 627168
 663299
 530555
 49100
 67659
 180679
 465466
 815985
 796876
 242545
 1068392
 867459
 139054
 799500
 462045
 64044
 945676
 457283
 635593
 758773
 241896
 1058550
 819973
 1057843
 183390
 360379
 1037032
 417347
 629294
 1030681
 586026
 683442
 575426
 27961
 323421
 990739
 324406
 339547
 59646
 975486
 1021277
 913259
 309431
 980149
 96799
 156341
 672294
 728522
 237786
 726342
 348249
 497477
 51932
 917034
 368321
 556215
 631926
 370180
 493023
 365528
 441457
 891589
 123280
 50559
 307072
 9188
 398420
 371905
 508186
 832047
 636328
 510695
 388560
 82159
 410298
 347046
 87911
 875040
 652639
 816400
 371123
 255263
 1002668
 1035117
 993094
 376852
 397324
 503292
 154448
 763778
 211276
 619172
 113451
 1048655
 258058
 85079
 880281
 252581
 219104
 73705
 1065348
 543449
 229418
 684939
 240231
 1033732
 589908
 887767
 509347
 781917
 86828
 914221
 83670
 849796
 817301
 478499
 874560
 43361
 204600
 1009605
 285244
 753787
 94592
 379662
 466103
 988028
 157284
 148249
 823255
 915991
 220669
 972980
 690963
 423287
 701508
 254494
 532193
 1050152
 695953
 452865
 398450
 135713
 875398
 227215
 218756
 353783
 906112
 607215
 281733
 174736
 17280
 616754
 45927
 751012
 883957
 810626
 448672
 171305
 342126
 388505
 196243
 179981
 604208
 28740
 382038
 607994
 581766
 81550
 638418
 958232
 820156
 153521
 973438
 288964
 133512
 1013514
 313952
 850906
 919671
 506228
 494541
 613738
 746414
 318616
 722201
 612847
 661384
 747254
 1057239
 452202
 1040127
 574032
 184813
 1019360
 1090887
 442058
 454031
 1072029
 628682
 376518
 622831
 296805
 1168
 472397
 914587
 364050
 295107
 407236
 652529
 104760
 483232
 1052847
 718922
 926625
 14051
 126669
 525401
 411307
 373031
 581147
 224671
 833102
 188390
 598842
 293436
 724955
 449899
 559322
 700611
 886915
 887020
 1059468
 570818
 106350
 7534
 203026
 330510
 1000976
 506151
 994967
 709279
 35386
 211858
 157008
 1022865
 657955
 366349
 98746
 690874
 1040632
 863949
 899648
 38855
 51021
 943056
 815396
 181807
 507889
 527914
 192786
 535783
 421640
 721264
 541926
 27187
 1017777
 52014
 983062
 983581
 968916
 603272
 989611
 1015523
 889957
 354074
 945052
 220430
 418087
 598227
 476108
 227888
 1048044
 146087
 460003
 503217
 226864
 951083
 880594
 111782
 157677
 906762
 80075
 567468
 141324
 405346
 250117
 311335
 736227
 155553
 408884
 158515
 1096874
 991139
 869391
 73253
 614292
 1028110
 131335
 1043144
 348662
 499618
 115061
 820398
 263519
 29151
 89758
 514280
 524653
 542425
 331168
 190947
 707429
 385194
 48314
 552681
 307880
 323841
 869157
 157771
 990977
 867239
 137446
 135562
 315650
 254421
 899572
 701597
 514404
 578264
 916993
 100125
 436207
 289604
 596504
 334374
 175959
 50078
 491668
 71038
 489080
 653974
 860235
 229472
 581142
 581157
 302582
 1099634
 351805
 994162
 585059
 1089084
 649228
 704776
 642874
 66445
 836848
 709462
 666347
 488853
 742052
 1012871
 20607
 235361
 797996
 780450
 717159
 647187
 832483
 162786
 65291
 679664
 886970
 679498
 258625
 739116
 976589
 264602
 113930
 594405
 266105
 211297
 96923
 1030208
 57254
 420847
 610399
 768137
 935424
 118627
 768322
 491905
 615761
 750586
 893706
 231548
 697482
 185819
 860594
 1088670
 606432
 158137
 732701
 75512
 1003926
 364054
 717962
 310000
 442086
 791984
 60188
 466696
 83481
 248897
 624310
 936753
 1022668
 822989
 1022502
 445126
 682925
 593
 548861
 509504
 140188
 94096
 464807
 324663
 12229
 942560
 385774
 478179
 961269
 646281
 735436
 753655
 924322
 374852
 277943
 250231
 608261
 394548
 576554
 938814
 227026
 848347
 751706
 155059
 962257
 837032
 29343
 947425
 199688
 97045
 1045434
 1036881
 653560
 466843
 205614
 870920
 840859
 1066859
 330558
 415133
 121259
 1032504
 586683
 266695
 1023071
 700752
 802037
 194578
 1040243
 995034
 605660
 177151
 201482
 2256
 84916
 85336
 670437
 1071879
 790555
 656225
 1015271
 354805
 1074146
 60803
 1056339
 777063
 788652
 1092034
 261703
 756414
 960758
 246985
 937135
 665085
 504722
 1058397
 446534
 524952
 637125
 585641
 124555
 844596
 496751
 779016
 970985
 9079
 697506
 851068
 564080
 837877
 1072370
 1062383
 196171
 324978
 838237
 435620
 466971
 379581
 852886
 696464
 720868
 167327
 834133
 914785
 785194
 1088144
 599944
 550156
 375677
 488761
 588379
 75222
 816396
 769533
 888490
 211155
 1087956
 576480
 1003318
 866266
 741218
 591671
 1065945
 91926
 937048
 747442
 364394
 873114
 989654
 1028944
 741269
 334989
 966598
 463785
 363236
 199409
 777708
 1084697
 53923
 728397
 177243
 163808
 332155
 571565
 224895
 1086542
 991708
 711651
 862636
 985637
 455635
 517142
 998638
 922880
 732376
 430232
 137695
 3396
 970849
 278065
 81784
 469724
 644654
 980292
 780395
 464346
 974394
 434341
 660484
 1057110
 111858
 753672
 1002153
 343884
 132574
 1004794
 768814
 430994
 736944
 367068
 388540
 1059343
 185738
 20261
 640207
 138723
 869543
 555514
 350384
 7239
 913127
 455867
 1019978
 341398
 652276
 939228
 25077
 640448
 344715
 58359
 299326
 956493
 664630
 323432
 917282
 943868
 996054
 751154
 970934
 656207
 487598
 831021
 574945
 67612
 382684
 1055845
 740668
 181827
 245186
 5062
 181947
 187937
 790931
 119082
 962932
 104102
 1049918
 419570
 258060
 59967
 307149
 536759
 670408
 13451
 945064
 1083532
 277144
 408763
 943198
 1026630
 463956
 16440
 103093
 37646
 588317
 859253
 573198
 471504
 660537
 769709
 211652
 662979
 824681
 407225
 1099297
 570828
 572810
 385814
 723256
 174406
 736160
 484587
 835489
 649383
 720661
 468986
 366204
 830842
 536667
 160820
 318320
 288400
 565879
 872752
 847676
 170784
 158553
 339770
 815778
 825902
 200053
 941858
 1026356
 368624
 157238
 824010
 134908
 1068870
 1082430
 828297
 215196
 857855
 6701
 69842
 851697
 807538
 370992
 258715
 216108
 1041230
 81002
 678246
 787278
 822842
 55806
 875555
 136532
 522990
 775709
 764584
 703785
 358837
 989874
 335214
 345966
 47459
 139115
 189171
 380503
 434766
 989991
 744832
 144757
 196776
 301603
 1047912
 262358
 386992
 149114
 93310
 1099209
 965174
 44963
 308857
 341660
 91671
 149975
 428632
 670621
 264231
 717962
 364236
 1019689
 604550
 370993
 580211
 80464
 251030
 486482
 499593
 269437
 869091
 264980
 731124
 194334
 793897
 755544
 523692
 758999
 1083847
 953422
 439409
 454393
 185745
 1057473
 744346
 49044
 745660
 284323
 581169
 499736
 660973
 26263
 90326
 487569
 85139
 190505
 33931
 740693
 965387
 948530
 914708
 455077
 408832
 577571
 14766
 13149
 968283
 366299
 496311
 469838
 25412
 263355
 479975
 134692
 466762
 493630
 844525
 1023545
 835149
 638853
 734792
 915581
 166061
 10895
 460877
 466316
 1095388
 803994
 525952
 258474
 350503
 12150
 731359
 492132
 50960
 635823
 11725
 956530
 229653
 1077850
 102983
 46233
 220453
 990996
 977715
 106491
 442199
 336451
 552170
 618124
 14266
 472451
 398163
 865313
 669403
 385877
 80264
 717157
 1024922
 201799
 614461
 865416
 831878
 626692
 431254
 495949
 26959
 591171
 601843
 487282
 29949
 737470
 41112
 294941
 192772
 820916
 838306
 563864
 775330
 164220
 432980
 1004023
 69565
 548656
 721563
 283942
 513832
 737772
 985653
 1015846
 166525
 550418
 939002
 635225
 839101
 763936
 200210
 231556
 669139
 404830
 293600
 813023
 187544
 605032
 128339
 1086146
 816735
 431319
 10697
 520348
 924287
 1097089
 790685
 669360
 71493
 810906
 444256
 33969
 871001
 749376
 168512
 887268
 958101
 87308
 1063250
 297627
 196415
 463593
 1023153
 705343
 743821
 182550
 378605
 705939
 644750
 751618
 995160
 761067
 585108
 144254
 307293
 949257
 383395
 849680
 84840
 310568
 701011
 169211
 940626
 752765
 822280
 42206
 434495
 385305
 236199
 47343
 644454
 205320
 122738
 1023795
 924949
 930086
 270016
 947136
 506472
 625333
 77682
 801894
 289769
 778661
 552462
 718983
 643324
 526495
 997057
 443877
 696774
 498418
 529728
 184433
 623192
 737904
 768799
 797666
 65198
 174147
 199348
 854651
 671524
 242892
 133546
 1090169
 418493
 1027104
 288059
 722353
 215036
 920859
 566798
 655395
 722676
 50414
 911133
 318373
 84344
 338387
 800527
 447695
 39110
 938326
 493110
 132594
 560830
 689048
 345843
 476777
 247288
 707513
 1046222
 427236
 471978
 780982
 307964
 3328
 183574
 600058
 980088
 776889
 535068
 1065948
 1092675
 140147
 197592
 765835
 903340
 136489
 349244
 486681
 252320
 920185
 86247
 303396
 27317
 742508
 919118
 287725
 499196
 506322
 693230
 305108
 717063
 445291
 858159
 335472
 902651
 908134
 1072468
 995503
 796159
 342667
 14873
 996142
 713403
 354070
 403735
 455190
 192992
 729594
 660364
 53659
 82846
 810357
 139014
 92883
 743537
 799492
 264307
 654383
 968619
 56546
 441768
 499851
 163987
 212272
 269183
 801351
 614313
 963499
 1049814
 900196
 608479
 64912
 108108
 686637
 1055672
 424213
 653674
 915097
 361790
 1009407
 1085980
 673767
 414557
 873412
 210648
 628071
 256309
 510815
 1018518
 186060
 130540
 624329
 533201
 466602
 425769
 507958
 902186
 344241
 12369
 710028
 722170
 916951
 40356
 1045632
 569229
 421351
 235795
 28615
 907917
 347491
 519917
 80472
 941997
 1059384
 1088448
 686980
 440520
 571706
 194643
 516148
 75933
 527200
 360913
 335444
 16813
 438764
 932557
 79497
 81063
 1017961
 148152
 637666
 303942
 153114
 595843
 300411
 1019343
 12726
 722422
 795829
 1078785
 950598
 567423
 921385
 936204
 778024
 78951
 638261
 132812
 1035064
 595451
 511159
 542673
 167066
 229916
 403454
 314362
 273648
 952248
 270027
 678228
 867932
 99087
 1059419
 323863
 196179
 144928
 399627
 110612
 812475
 217085
 118509
 879982
 87563
 85993
 605197
 267279
 569209
 352538
 602521
 278333
 513032
 833859
 712113
 748587
 413714
 814218
 571833
 678347
 5274
 550180
 422054
 126484
 680074
 654173
 1052195
 315039
 330731
 577604
 1008240
 476966
 6477
 471038
 502404
 124700
 314364
 284721
 539022
 346369
 666455
 700889
 533438
 875801
 273024
 51242
 925503
 621470
 356721
 1025905
 1009156
 351944
 528519
 845332
 963248
 123041
 847575
 963910
 588882
 686039
 201680
 263696
 475723
 465824
 935111
 646485
 6590
 64226
 1042252
 407157
 40855
 467981
 1023065
 187382
 90479
 716549
 71244
 1089057
 68337
 445765
 700087
 1022582
 757649
 195275
 465545
 1083079
 327087
 463296
 817018
 846892
 663842
 277341
 793322
 302306
 919218
 266986
 856625
 907951
 849777
 821052
 360370
 493293
 858378
 455950
 285799
 990171
 330439
 706029
 1095543
 721456
 909186
 724094
 950738
 338314
 139109
 494453
 854802
 358154
 14270
 926397
 879436
 817399
 872278
 1056366
 844670
 967527
 39112
 422415
 473791
 680095
 866514
 372164
 18576
 641761
 500672
 270415
 458138
 222817
 201277
 325346
 48190
 380213
 937326
 473602
 620059
 651946
 458364
 604558
 39035
 659350
 57196
 970665
 325755
 569975
 1086776
 274447
 63938
 880267
 680942
 925124
 626419
 1026457
 892186
 2329
 810735
 839399
 162472
 614264
 115435
 60272
 323088
 844820
 156563
 903150
 841631
 364903
 243850
 134804
 925690
 314966
 956606
 821379
 44239
 368655
 567102
 816496
 19142
 607556
 148687
 676488
 212242
 846622
 775777
 1056642
 562410
 461865
 520147
 1021982
 1011578
 693382
 922873
 1059500
 384198
 338841
 1088008
 50842
 307079
 845081
 760880
 398250
 969975
 468874
 425078
 428827
 456027
 804108
 30241
 353698
 633477
 865301
 1087180
 55459
 282676
 415640
 430559
 149091
 630200
 134871
 873424
 418772
 353944
 493732
 220604
 721258
 157130
 106759
 621524
 929532
 552826
 342008
 610868
 739922
 238956
 347316
 1008781
 926753
 880447
 75856
 802113
 1075353
 833014
 584504
 678668
 293930
 1020874
 1074958
 456445
 344326
 720052
 600577
 200619
 61755
 376759
 188724
 153977
 879203
 681983
 954266
 950691
 473250
 195137
 401016
 904757
 180252
 1022266
 531601
 326973
 1003741
 11858
 772882
 577160
 1015062
 369350
 574926
 210013
 750447
 955097
 968778
 527967
 1071468
 216407
 522904
 298008
 1075455
 550175
 679664
 646532
 1095123
 762364
 845096
 1054444
 871996
 833420
 22941
 869652
 449966
 284689
 522215
 803278
 643650
 999346
 668835
 720953
 351770
 1067365
 84304
 748588
 449044
 358434
 118152
 711911
 639226
 818039
 451569
 1067883
 535771
 614388
 403008
 191423
 106297
 327368
 869648
 770291
 142665
 345544
 693507
 407777
 852392
 258090
 503722
 998613
 444326
 730059
 528238
 701728
 384650
 70229
 675670
 162891
 172343
 1006481
 1060041
 590000
 229007
 642696
 1054819
 737042
 50684
 115019
 307629
 546706
 311430
 134541
 773449
 766688
 858329
 487014
 737621
 350131
 803446
 746918
 115430
 90199
 600003
 871794
 213573
 224757
 578270
 679240
 672975
 1075278
 240836
 518949
 59450
 156897
 447856
 102705
 1071596
 722291
 838357
 764228
 83322
 291522
 616558
 231391
 793884
 634147
 465532
 906371
 613278
 354491
 1067307
 670289
 502970
 395297
 940069
 875963
 1039098
 543481
 365602
 809599
 803871
 120410
 914428
 293010
 104081
 376935
 558099
 675225
 620123
 354590
 673784
 552055
 743970
 557706
 390386
 597356
 633573
 839330
 346007
 1015327
 213662
 662834
 651089
 210627
 943399
 877339
 105752
 938193
 158434
 105327
 449673
 532259
 564311
 827900
 425916
 498504
 554672
 205234
 910917
 164881
 247883
 856000
 694387
 104852
 587050
 423109
 482085
 197253
 33852
 1011454
 908042
 312829
 643342
 703181
 296856
 431324
 63763
 648997
 886881
 1035461
 860117
 144266
 357721
 40611
 222672
 447944
 952528
 733064
 74687
 435333
 4484
 53501
 591609
 1081978
 635302
 202077
 253589
 496542
 43012
 318166
 175836
 229925
 982674
 834340
 180553
 489902
 28561
 501879
 419722
 567397
 414805
 747460
 339061
 325499
 7034
 287441
 613914
 36445
 412420
 38836
 821447
 148673
 150054
 633663
 806203
 126053
 331717
 365022
 168693
 1079672
 1035312
 247784
 410756
 69845
 577953
 50840
 768465
 544306
 733096
 735369
 669621
 972053
 136278
 1051102
 886046
 845426
 726136
 364612
 669898
 410382
 202162
 140884
 377801
 723035
 110861
 584514
 1020946
 230111
 60416
 316128
 126330
 127365
 474365
 695975
 311427
 670598
 275610
 523249
 194853
 937775
 1086543
 356085
 25808
 451737
 559591
 954441
 496649
 490054
 793483
 582476
 891925
 932189
 956757
 1070689
 758886
 334520
 1016103
 417780
 561408
 88589
 736469
 941142
 614589
 73870
 946789
 17079
 722035
 425149
 675577
 613772
 27548
 290029
 480074
 416728
 11491
 178146
 93113
 711959
 166901
 798233
 1053737
 685194
 1081679
 101030
 708927
 489486
 189424
 156382
 945015
 371976
 525336
 459919
 870885
 586341
 515212
 387090
 815542
 751963
 472268
 414947
 971919
 173045
 12575
 830607
 153738
 357637
 301261
 180431
 483480
 57978
 500449
 562732
 535579
 157562
 36233
 494990
 438572
 284002
 881927
 321473
 721018
 830082
 671819
 771013
 987585
 117064
 837339
 297021
 103501
 928317
 1032151
 485269
 987247
 19790
 191215
 363486
 41442
 258991
 971202
 362540
 1051550
 806789
 497291
 806325
 14555
 154269
 189126
 897713
 1006256
 954377
 856514
 930578
 758910
 881527
 767924
 86144
 808442
 674767
 767391
 351979
 388421
 351380
 884949
 449886
 489399
 152585
 465346
 301241
 786473
 15218
 580977
 322981
 380920
 747008
 993201
 458450
 530649
 260451
 105118
 892949
 584097
 746505
 554499
 321653
 577181
 827334
 442916
 166232
 113486
 774114
 151879
 680760
 218475
 277213
 708841
 1084028
 279680
 705739
 126041
 839040
 9864
 309566
 492557
 989803
 876275
 458228
 121220
 858436
 338761
 357588
 615997
 863074
 257477
 894445
 465723
 88782
 1076494
 663838
 142759
 64930
 257236
 365813
 897126
 731333
 1060146
 665719
 86856
 785827
 797798
 223420
 994045
 838381
 453656
 625647
 521130
 944129
 785685
 988514
 443375
 564250
 552211
 580137
 844729
 891207
 38859
 668889
 302167
 539301
 886973
 603504
 794334
 753485
 706762
 751019
 876794
 503131
 693104
 270471
 335295
 345456
 49432
 357603
 25540
 445322
 173480
 231321
 313284
 911469
 509188
 972986
 1072285
 376415
 1031823
 884858
 1097908
 333949
 143528
 616159
 1006860
 160524
 378679
 432362
 771900
 387900
 857001
 126549
 947163
 399327
 510563
 537117
 930911
 1057258
 598773
 791100
 165794
 517712
 719316
 287101
 975430
 827470
 524385
 265448
 589758
 923796
 1082310
 919143
 935246
 334456
 1267
 1022122
 618808
 961014
 1065053
 334743
 408513
 790071
 689458
 1035322
 88021
 35067
 350912
 743329
 976091
 584357
 761268
 622124
 377750
 933086
 80532
 50852
 321714
 617376
 122380
 673369
 285237
 221999
 954319
 318653
 481769
 340833
 142713
 880809
 409216
 46939
 918361
 160186
 481362
 923389
 815049
 870766
 1056430
 1054977
 588265
 288847
 189747
 826566
 210254
 49937
 319670
 710934
 375038
 1064807
 841966
 111601
 358292
 162445
 955806
 241685
 403197
 208045
 999538
 243138
 202104
 783984
 325240
 259684
 166258
 485193
 913798
 73917
 69896
 624965
 359031
 528635
 863430
 266410
 632509
 778448
 1081695
 519649
 984802
 361262
 995450
 611200
 744871
 400102
 277143
 779067
 704595
 766046
 891866
 735454
 167571
 224933
 585613
 815790
 873743
 921019
 690600
 887064
 522554
 603325
 974337
 169105
 30400
 546868
 865724
 139841
 181040
 432032
 348102
 1041175
 1017738
 695026
 274845
 145426
 262526
 1074599
 421481
 452538
 314152
 605979
 686966
 8870
 975101
 256622
 226561
 97889
 162503
 740649
 67553
 580425
 1074801
 469704
 806757
 893563
 643459
 331395
 881388
 842238
 1089000
 971789
 1053153
 896746
 300194
 602961
 514999
 554398
 474244
 579801
 976119
 965098
 874497
 432567
 402477
 87255
 337333
 19599
 271711
 254215
 459636
 735103
 214032
 164446
 804286
 600492
 252934
 810101
 514403
 43185
 889955
 540682
 731424
 880480
 510134
 1065265
 1099917
 429447
 819861
 823144
 1082941
 480437
 641861
 311237
 288604
 796934
 653436
 141781
 145731
 796368
 245222
 510498
 413456
 716383
 1043221
 103326
 792807
 464561
 716463
 703040
 339542
 287422
 987507
 679934
 664890
 932205
 152821
 399451
 972488
 258095
 1062866
 190571
 589856
 939333
 777812
 572199
 366313
 618127
 610345
 584512
 644163
 77036
 1082155
 302155
 840389
 823755
 750389
 420735
 536686
 585351
 26483
 143647
 127711
 317866
 439878
 677941
 15690
 920621
 119700
 271267
 687781
 532771
 657847
 354099
 336562
 65282
 164633
 837220
 1024732
 475481
 1070881
 508734
 227162
 607108
 690387
 943140
 907918
 430708
 38591
 898243
 1046180
 532291
 869318
 786186
 434398
 641345
 828427
 1290
 820344
 314213
 877655
 1020660
 1002949
 321685
 686262
 973258
 205931
 711366
 856463
 544330
 987062
 183262
 70193
 554553
 561444
 19607
 247645
 160168
 725346
 89747
 70244
 317439
 728144
 477189
 639615
 696308
 988586
 1007363
 891012
 821019
 845492
 638326
 1093343
 919107
 97898
 603575
 98632
 338527
 247339
 1026449
 799044
 357267
 738512
 1009395
 205559
 102016
 248927
 665463
 432434
 55284
 617707
 443981
 546178
 330778
 713350
 1087656
 1076450
 557129
 961231
 283135
 791103
 198526
 806098
 985341
 998891
 5956
 938430
 740640
 611032
 304557
 577037
 378518
 880710
 1041657
 1082270
 146641
 432879
 773811
 524911
 513530
 621529
 985426
 283904
 191846
 467602
 483658
 882776
 893677
 1052473
 209414
 555577
 663100
 708582
 817918
 352817
 64176
 101623
 796131
 445055
 980499
 581084
 104321
 893247
 473398
 593699
 107202
 491192
 327740
 974796
 229091
 916145
 57792
 372734
 482607
 92743
 190202
 716156
 152945
 801918
 497315
 442971
 828431
 794425
 468342
 628499
 558521
 33265
 211
 503297
 706950
 653306
 984557
 244019
 554079
 400316
 302505
 580498
 15184
 1005360
 27941
 71193
 94066
 534127
 729020
 428460
 251106
 817637
 651993
 213640
 655115
 112044
 719538
 746834
 263862
 584303
 808051
 701001
 725996
 1063954
 366592
 456376
 306184
 455343
 848549
 368839
 454719
 935459
 830235
 213575
 841370
 808783
 1074079
 638781
 426246
 1080335
 122928
 492748
 48569
 669587
 954004
 38677
 325406
 404215
 326503
 923420
 986459
 1000473
 489435
 944514
 728736
 1029721
 479673
 198998
 833932
 867578
 174086
 913691
 750079
 1010301
 360694
 2738
 989217
 919719
 974481
 1033078
 289190
 301786
 468901
 175762
 126562
 110085
 218050
 678409
 303467
 700725
 420806
 184401
 409199
 324904
 353632
 1019592
 892452
 484694
 216883
 876441
 629340
 941441
 247011
 264105
 910448
 437686
 969179
 866285
 962337
 421645
 771352
 33123
 100232
 650471
 689359
 80385
 228527
 1013351
 811931
 395956
 592400
 807009
 100337
 131242
 1023879
 532584
 514668
 356
 880796
 167463
 896731
 613092
 647660
 1069815
 973255
 876363
 906727
 213444
 497690
 686588
 108225
 76030
 485080
 320746
 2395
 1022545
 482524
 272826
 803205
 623347
 151205
 262164
 126950
 762594
 990407
 720043
 955947
 816681
 758813
 948469
 1021606
 146356
 643441
 868775
 1016854
 1083766
 923586
 828563
 673455
 370257
 594352
 180570
 610517
 72535
 965321
 296309
 455745
 817130
 760761
 125031
 490806
 735293
 539519
 223534
 550292
 571955
 13872
 593129
 251792
 304640
 352785
 96042
 653856
 167450
 880293
 1067025
 683280
 710100
 333303
 756829
 638293
 80101
 916306
 974102
 985666
 439430
 16770
 908993
 286012
 1022507
 519231
 430573
 1096300
 28131
 560433
 348244
 836785
 440205
 1024606
 425740
 357831
 832346
 495300
 416659
 504347
 453104
 352697
 808494
 921300
 687480
 8336
 1041771
 1058856
 1082222
 730735
 374281
 55518
 616134
 686183
 732775
 334437
 710647
 831946
 89131
 121387
 694317
 238403
 1033461
 979159
 110372
 394609
 174491
 1048037
 528558
 60609
 929253
 733445
 124695
 798791
 824169
 686929
 487821
 620313
 885614
 798730
 918288
 297283
 487149
 418708
 900320
 848128
 937314
 980334
 301933
 428410
 587741
 175268
 703398
 110014
 328552
 4784
 70584
 1001748
 1032525
 431766
 213136
 1052978
 469082
 331216
 1031753
 138965
 101781
 73222
 938229
 992189
 338061
 268463
 7942
 59146
 578183
 244673
 376357
 1044282
 257027
 856606
 990476
 66725
 872962
 332392
 452922
 640514
 120697
 950686
 974724
 469344
 334375
 746120
 697036
 111392
 655412
 1079584
 974869
 1021096
 314370
 578516
 982255
 406383
 964317
 1084268
 72274
 1052972
 699266
 763716
 308939
 885749
 89551
 453588
 13619
 59159
 284987
 123850
 313401
 843091
 451299
 4978
 461167
 688765
 9046
 813926
 967723
 1017386
 671750
 921329
 830525
 487770
 78143
 707096
 1068116
 939979
 204133
 742944
 454536
 802615
 301195
 1042365
 859544
 1091603
 607547
 1119
 467451
 41590
 49142
 181229
 1020565
 918855
 1004197
 588200
 1041012
 870640
 779853
 157976
 258632
 1082662
 618442
 284846
 517395
 514829
 100857
 782600
 715183
 604992
 410220
 876747
 1088164
 356199
 1035764
 600494
 680890
 611070
 550185
 373277
 646063
 794435
 1049098
 215213
 271520
 897264
 620079
 391033
 960267
 908389
 1071006
 105910
 833161
 1093255
 92805
 1027323
 242742
 552042
 94549
 764550
 530817
 526889
 88144
 599520
 474704
 363462
 649576
 408137
 34160
 64343
 770291
 48396
 336951
 194772
 623434
 462594
 158322
 1079796
 277597
 539182
 297454
 287821
 1016136
 360275
 538524
 1048888
 424772
 167476
 356583
 700210
 83283
 1076243
 191653
 969583
 870769
 654602
 453321
 934988
 488434
 251858
 505628
 577452
 203605
 965449
 201180
 420892
 187805
 474376
 43024
 116194
 571077
 850083
 84887
 625225
 17712
 797026
 168916
 433238
 587976
 603024
 73432
 739737
 382683
 135299
 18321
 252045
 936373
 749480
 1010669
 830160
 172285
 355572
 330040
 297246
 111288
 865639
 681182
 817093
 174499
 1079153
 39545
 828669
 704591
 377347
 294909
 394517
 200578
 509317
 395911
 158173
 131316
 787224
 894020
 1049481
 914574
 331654
 270521
 232356
 860344
 623903
 336155
 356700
 1034931
 484399
 443754
 884025
 175022
 1083507
 520338
 528548
 520167
 633676
 1099085
 21011
 543523
 117707
 924822
 20043
 772238
 70500
 113756
 787132
 327350
 565101
 530133
 471019
 435048
 640134
 551199
 355029
 709563
 998357
 638625
 926174
 391319
 410345
 528628
 646230
 368390
 1031231
 1028727
 260706
 344934
 894170
 221266
 37252
 84158
 870320
 878200
 10965
 543018
 891040
 1067742
 842049
 270102
 513292
 793919
 1047508
 429618
 767232
 649926
 935940
 706039
 76443
 858732
 907015
 676982
 240667
 954614
 487798
 158675
 1063840
 865501
 538178
 11376
 1068686
 77916
 838700
 832214
 148496
 1065794
 512281
 611845
 415126
 454991
 265576
 427047
 684158
 273394
 816328
 388276
 744693
 826430
 1032921
 950417
 1043095
 603638
 859045
 858572
 827209
 707966
 525574
 484992
 383938
 38465
 36712
 699849
 865551
 33146
 357372
 646336
 595708
 407431
 329509
 316043
 389439
 706755
 687590
 517028
 237605
 448762
 723533
 814143
 604356
 816281
 1041889
 360820
 1030731
 23962
 957714
 412874
 389337
 625134
 938012
 1012397
 160598
 1062507
 492762
 153790
 806131
 460995
 59866
 417923
 705017
 817898
 33271
 231498
 638304
 564045
 1080331
 1000515
 70829
 72012
 672375
 935979
 819546
 163106
 344678
 397723
 1020224
 471385
 547518
 188019
 327022
 220042
 1087334
 570741
 485463
 358284
 877276
 946087
 718162
 324897
 217618
 678432
 399788
 795334
 431825
 1031815
 89044
 396867
 148508
 1005145
 632161
 266974
 1089287
 31346
 1018726
 32309
 922942
 26653
 229276
 750365
 134820
 947076
 606346
 834979
 439980
 73383
 21642
 586050
 937567
 8315
 34700
 612023
 559900
 265354
 540834
 649349
 748463
 871474
 880274
 219992
 56966
 37845
 399467
 1060378
 938642
 712733
 868408
 985438
 946300
 689878
 663101
 671274
 127953
 378509
 273724
 536228
 309032
 45161
 920033
 990892
 184073
 290646
 408112
 1018910
 602757
 309968
 159825
 700607
 1001122
 1033282
 580150
 803048
 1026555
 108040
 707303
 426801
 731284
 1064137
 668884
 329767
 480990
 870877
 963999
 13561
 639462
 340269
 11937
 676542
 106227
 1007620
 780106
 649898
 1016392
 711137
 943097
 372142
 797759
 313940
 10978
 220988
 340676
 495038
 459612
 580311
 333707
 808695
 438417
 791876
 712513
 279094
 387597
 136601
 694839
 337841
 472390
 537333
 1044634
 291113
 769477
 116547
 927499
 549777
 466815
 311919
 110287
 490461
 848756
 842490
 949190
 736276
 527018
 778117
 966656
 827426
 6429
 82619
 292192
 991558
 90084
 146424
 276593
 456563
 72500
 61692
 28562
 121856
 797733
 873199
 843709
 685553
 820172
 7474
 490766
 897650
 468103
 956902
 571012
 669629
 143056
 215132
 146994
 870159
 580193
 730053
 696181
 1022624
 223174
 1098147
 995930
 951981
 1037389
 923932
 459819
 997884
 317678
 480204
 892037
 821193
 373092
 967062
 677710
 350048
 182253
 1019751
 587643
 567162
 116275
 231891
 17964
 842148
 544535
 994320
 800031
 620034
 75847
 786343
 690613
 229507
 353054
 985964
 640313
 785913
 357159
 195132
 1032059
 948820
 1003271
 1053029
 860761
 1041817
 1063779
 325230
 1008369
 1011850
 280352
 694968
 143336
 836173
 683462
 492345
 861000
 517628
 45855
 883962
 650925
 184710
 479883
 1090198
 110825
 714698
 988361
 817389
 332386
 1065128
 967256
 279327
 952961
 312323
 1002435
 994037
 482327
 233343
 780821
 1016888
 232464
 855037
 760577
 670997
 601321
 1038144
 243707
 778322
 1075457
 102976
 718881
 309651
 17772
 925402
 1085591
 396790
 576937
 795885
 404043
 174504
 841995
 108522
 121035
 1039212
 614415
 783589
 618542
 499722
 583022
 83985
 239216
 553831
 1031329
 1058389
 1714
 948782
 274052
 280302
 816753
 871409
 797323
 645956
 31330
 889569
 664615
 29775
 199601
 367274
 217821
 837031
 249494
 499461
 71154
 846350
 876016
 911609
 323268
 79709
 713452
 202980
 386144
 390319
 729868
 612595
 397747
 557001
 989894
 1004917
 598193
 635090
 52805
 775389
 462380
 734823
 650694
 384036
 319018
 668747
 943200
 540828
 1009143
 688400
 401227
 1074584
 210120
 29128
 333752
 29392
 99143
 696267
 310569
 950067
 320104
 536036
 42041
 927275
 1032918
 971986
 340173
 336974
 355790
 10411
 1028996
 129408
 1042177
 1066919
 175293
 455172
 1024193
 1078519
 649105
 884820
 1099794
 714195
 148086
 458592
 706147
 29297
 286284
 742382
 95091
 469718
 522722
 796796
 85294
 297564
 382523
 614005
 290469
 913220
 70944
 344507
 99591
 1017595
 919565
 1031157
 390291
 612874
 782572
 375242
 539894
 1084551
 80885
 759102
 253587
 369735
 112509
 995737
 173244
 193997
 1034930
 437984
 221909
 855020
 483949
 496842
 624363
 918286
 130236
 190172
 383691
 509196
 750843
 297608
 175936
 153416
 42962
 613799
 493360
 986328
 565183
 735732
 888572
 929244
 1011657
 741304
 1076342
 894636
 491600
 1086676
 347973
 37690
 260250
 560659
 10673
 364994
 857970
 794814
 965178
 799814
 33010
 794109
 910606
 70447
 1018915
 709864
 951539
 309120
 751953
 472896
 716143
 793534
 234041
 569229
 306540
 836291
 701215
 210410
 586589
 567053
 426969
 37960
 704419
 551451
 840868
 725186
 853075
 937203
 912524
 1075924
 905636
 863603
 896172
 487341
 98606
 419381
 482862
 1010469
 271746
 25125
 534744
 296563
 498260
 438781
 895561
 694021
 641940
 47273
 911325
 295431
 920529
 816725
 88771
 101393
 877371
 951460
 161464
 225075
 556252
 873733
 322495
 43780
 466481
 352013
 845849
 450740
 188473
 532357
 1062777
 265454
 40305
 983529
 891596
 562278
 503241
 528545
 653601
 345606
 723080
 442248
 246261
 248881
 98602
 87924
 1066135
 736666
 22683
 606308
 788434
 116041
 482455
 758476
 928207
 232450
 367920
 667838
 625267
 370948
 1015336
 23305
 890371
 1082020
 777375
 320794
 816928
 487616
 786884
 818041
 1016183
 610200
 314203
 542466
 968236
 966301
 349358
 1007926
 318076
 422754
 1092293
 814338
 542275
 1013623
 848700
 641991
 516186
 958649
 845874
 629250
 45336
 353542
 26440
 148015
 143040
 830005
 462401
 832556
 769375
 448277
 891774
 864950
 862327
 891724
 336098
 891059
 131785
 695990
 792372
 820638
 693206
 266734
 394023
 29812
 139250
 81095
 584714
 821657
 1011231
 1026407
 182669
 1097915
 471570
 893217
 703513
 272871
 513712
 833235
 514449
 837673
 36304
 1004113
 922522
 907671
 125649
 201780
 491133
 685228
 974334
 849118
 978300
 598109
 601704
 583665
 548664
 538307
 392813
 230905
 518111
 34921
 18184
 866433
 423662
 169100
 354693
 399943
 358000
 8387
 638583
 57103
 805413
 1075507
 879188
 705656
 611731
 347700
 4668
 1894
 591762
 668789
 440459
 1052810
 296064
 1036780
 678070
 54575
 712193
 337793
 798008
 879636
 118725
 13879
 583614
 577272
 618754
 208527
 436681
 399610
 1041719
 982755
 29319
 171146
 607342
 778348
 292936
 1011247
 899232
 501877
 84597
 398751
 1061552
 928
 403815
 1012426
 1054105
 189437
 1032926
 583674
 314995
 457635
 366255
 437275
 649718
 417152
 1090741
 875619
 312118
 894887
 165206
 1071049
 319259
 839869
 553800
 588804
 906370
 964834
 803995
 649779
 236210
 479355
 477879
 893682
 154616
 708713
 27517
 126658
 175126
 532466
 234803
 617971
 909948
 335639
 1076771
 280166
 842416
 707953
 1068929
 240754
 827644
 550951
 299645
 410541
 844396
 839500
 419737
 427903
 567532
 923163
 807666
 946239
 806464
 1033456
 203895
 1022333
 681921
 628204
 1090973
 122747
 751158
 12787
 22913
 778853
 45870
 133206
 824429
 600857
 1011976
 620675
 309580
 1003576
 115401
 882399
 204731
 827667
 448006
 349254
 917577
 331363
 21876
 1010952
 724194
 1005737
 539561
 242171
 61146
 825000
 839228
 193299
 283503
 110862
 770855
 395135
 211543
 758578
 556532
 76440
 254249
 900146
 110160
 570475
 44311
 780914
 543398
 553290
 869080
 100461
 859118
 246971
 1079651
 639981
 832177
 989497
 448230
 374828
 500230
 980927
 596315
 691083
 562980
 151727
 977969
 88865
 920809
 1064917
 522066
 63862
 645446
 703238
 495099
 270905
 399902
 837991
 98213
 299970
 344371
 125297
 418901
 13169
 1030938
 198741
 55406
 438793
 387440
 632873
 43698
 994651
 428533
 1087926
 493111
 885998
 826799
 336287
 264941
 1060851
 238457
 752982
 541194
 976337
 814039
 708408
 623470
 810264
 494983
 789270
 543380
 441174
 213728
 733545
 6004
 738456
 938680
 204210
 23430
 572538
 690374
 387443
 1061320
 225783
 151876
 944682
 735151
 775998
 913417
 811095
 75561
 154130
 320193
 1034673
 1048215
 1057657
 792799
 310246
 966865
 621199
 240058
 652418
 1050824
 986788
 526771
 948409
 293982
 427037
 816266
 607338
 1014623
 762907
 690232
 187684
 923401
 454806
 671429
 871979
 713244
 59664
 813432
 449406
 1039014
 609545
 1099
 1098379
 749475
 273704
 1540
 351309
 18258
 761844
 681996
 94164
 510173
 1049763
 101198
 430840
 438907
 156269
 125828
 257663
 284808
 611096
 9681
 632819
 97035
 971205
 227622
 587664
 934063
 174106
 545434
 221847
 621559
 1022532
 594601
 924720
 396720
 801907
 241095
 212114
 831211
 344761
 1083358
 235718
 757916
 97166
 795735
 938755
 1075152
 10823
 158443
 924436
 176650
 865147
 579882
 279433
 415715
 719245
 174453
 1050995
 130181
 766528
 168377
 321252
 83287
 968227
 295602
 651789
 250501
 86888
 921898
 896931
 269326
 532125
 589962
 862
 63877
 252939
 788705
 136547
 198616
 297734
 308783
 1041188
 40646
 392694
 109525
 494211
 892301
 668824
 360148
 97071
 947385
 584060
 62643
 1057465
 595876
 105325
 906987
 836337
 557487
 110659
 1045036
 429068
 468720
 578219
 1084797
 1061064
 1024782
 172427
 975284
 254612
 475537
 164727
 285934
 870398
 900416
 943609
 447334
 340117
 922143
 589006
 489538
 1068815
 1072538
 475162
 319910
 691975
 657132
 985857
 1044372
 789690
 695054
 475662
 979676
 164060
 198350
 633893
 979540
 533431
 59996
 369536
 1090461
 911379
 435891
 342001
 886647
 321722
 770151
 159368
 954334
 303138
 274733
 870506
 488939
 804959
 1006402
 803561
 532699
 586004
 292444
 189491
 246862
 230753
 630824
 685571
 323755
 421725
 190584
 569349
 246492
 863965
 470841
 389056
 1054782
 122483
 633587
 149968
 171368
 1007874
 68524
 187317
 362400
 124806
 1047983
 1061213
 529530
 541645
 1071794
 480741
 952672
 819296
 89007
 429899
 1018003
 579252
 518593
 937303
 277114
 452790
 47299
 299904
 432786
 93101
 618948
 709471
 722321
 777835
 150887
 491874
 631167
 413474
 481090
 956638
 620873
 995197
 703285
 768371
 990685
 297459
 302083
 82212
 1095575
 412371
 804265
 153694
 183109
 430166
 530176
 273770
 936184
 851061
 107926
 516810
 295620
 778805
 310448
 1010030
 990338
 789616
 113999
 688835
 154875
 872170
 929154
 592577
 428535
 1021964
 375304
 31253
 249659
 921472
 927843
 220610
 949686
 108447
 382981
 369071
 143714
 364453
 838595
 147296
 222157
 322833
 250450
 1068789
 782249
 1039293
 656638
 941280
 105636
 515646
 10217
 695635
 298209
 53041
 485593
 984490
 60290
 204335
 57199
 264403
 160102
 334620
 45747
 198399
 804893
 787652
 336387
 162799
 842071
 407071
 897388
 191191
 787653
 715165
 1061610
 989716
 878054
 939952
 1076548
 743643
 348617
 709589
 591840
 546881
 861165
 286801
 357031
 323942
 14627
 1030167
 882367
 669489
 199402
 1045848
 416433
 578682
 203501
 465773
 714124
 790988
 382801
 286633
 636317
 431329
 1003412
 320265
 22199
 617765
 65490
 403836
 108855
 328417
 424483
 459764
 193701
 965971
 335964
 125018
 1080999
 983900
 406750
 542282
 601819
 594620
 208362
 84033
 843400
 256099
 348376
 875869
 273622
 47605
 324131
 871113
 200058
 955347
 451162
 1060548
 1092454
 956030
 436344
 556029
 68356
 881589
 23139
 886336
 818513
 233301
 329409
 398155
 185694
 589333
 518415
 515512
 118858
 315307
 877160
 291031
 30666
 283401
 750478
 733451
 176400
 447254
 894701
 756852
 403732
 258386
 478396
 594898
 597626
 1070423
 536106
 834457
 145371
 905973
 692087
 691853
 163165
 541454
 1070144
 297793
 1034840
 508785
 407329
 660324
 631344
 1097973
 625805
 514956
 865694
 215600
 36330
 207850
 864589
 609359
 646663
 759071
 109699
 882746
 253941
 979899
 284856
 855173
 588274
 15535
 707161
 553022
 104470
 85895
 438271
 454076
 561917
 93003
 947688
 488025
 264617
 1097038
 336409
 671805
 877725
 297484
 245275
 251634
 629431
 1040519
 726074
 589621
 424629
 729662
 172286
 646953
 790487
 131788
 283302
 556152
 872986
 583645
 938522
 748377
 909562
 887863
 344298
 619029
 259619
 651528
 938539
 34115
 890382
 604393
 403822
 47174
 630131
 880242
 176968
 731191
 1091898
 59872
 157835
 190332
 895876
 973234
 947311
 105054
 458408
 929492
 245922
 189255
 628032
 564247
 409182
 232641
 632681
 578291
 11598
 39697
 133624
 843869
 178729
 226044
 69425
 959782
 1078094
 33046
 917883
 334168
 583768
 178122
 1018661
 641726
 353793
 868991
 576044
 561657
 180886
 203975
 311823
 591672
 682156
 362283
 645117
 652959
 984437
 291926
 31352
 329041
 137979
 272630
 120335
 893718
 907784
 378313
 49142
 841312
 776021
 715578
 987633
 605814
 767702
 1049594
 453770
 146744
 1047422
 1051609
 811725
 505671
 682175
 142272
 1022645
 794896
 1048911
 918809
 922829
 791335
 462835
 425468
 946826
 705827
 261230
 149244
 982236
 241560
 242928
 313812
 747108
 332558
 79983
 164457
 508788
 960706
 806334
 741682
 860940
 862496
 389528
 484344
 511124
 276829
 568218
 277084
 1047286
 539137
 871075
 124830
 451736
 899515
 842408
 590359
 65869
 304981
 620733
 638158
 180227
 744916
 251173
 318454
 925654
 49108
 1077398
 276544
 1012555
 102984
 167053
 543312
 175317
 642417
 760115
 361979
 550770
 4434
 31893
 986528
 340962
 873888
 761786
 389299
 900278
 734510
 163460
 135296
 949878
 679212
 1041407
 84838
 571157
 988679
 362800
 80327
 457893
 325404
 373267
 730077
 1068641
 838641
 660827
 1029642
 31537
 328815
 905959
 179417
 1075190
 866634
 872067
 1060679
 717010
 888365
 151963
 128639
 1096911
 518209
 86253
 575671
 590720
 349317
 910931
 476270
 978383
 611209
 413062
 175499
 391728
 849322
 368989
 317725
 48771
 700281
 760982
 753682
 122778
 636621
 497661
 1817
 531710
 854286
 134497
 946344
 896208
 587962
 352917
 515314
 980697
 53668
 123214
 414732
 774589
 580356
 598891
 1072979
 584017
 309436
 684896
 685661
 536541
 434705
 1048189
 708789
 284098
 879619
 853607
 689040
 1025893
 774143
 366242
 576344
 722473
 283861
 653988
 671148
 175297
 367286
 516736
 223690
 223759
 51793
 1035907
 416698
 433406
 4395
 124520
 802671
 963103
 80026
 5519
 348642
 186203
 784058
 354209
 482874
 997967
 283992
 290167
 774054
 284983
 952225
 236708
 784619
 909317
 291696
 951249
 1069388
 259223
 229748
 1012254
 178139
 377226
 612474
 641560
 282275
 267744
 161782
 204950
 24712
 132415
 374971
 835204
 446144
 705415
 816423
 482398
 581238
 617155
 427078
 820991
 554853
 292014
 876535
 64742
 822203
 14821
 1051120
 490600
 730561
 1004156
 180902
 369212
 40433
 223206
 691538
 517546
 158503
 254354
 625380
 723392
 573314
 854457
 896080
 1045453
 628664
 859382
 906566
 1051492
 646956
 284442
 140169
 462136
 15619
 409748
 15247
 868760
 949052
 872971
 92028
 791666
 565828
 626565
 65140
 17027
 397333
 818256
 186030
 800099
 29913
 338142
 1014829
 282537
 691076
 382834
 839571
 1051471
 993110
 332508
 698473
 1016198
 776662
 73059
 763888
 274158
 553754
 1069565
 1074274
 380869
 519862
 968470
 887430
 543050
 1080080
 176688
 761468
 1007142
 12492
 426058
 701976
 115088
 429828
 992297
 464809
 153154
 638789
 688173
 255498
 799336
 953565
 953937
 595762
 8855
 438761
 1082533
 816204
 350234
 4327
 651328
 439077
 1059719
 547920
 1055701
 355392
 67087
 771602
 371662
 454174
 239119
 806247
 432731
 606061
 328462
 937125
 288599
 867333
 664219
 1089509
 775522
 1050654
 340745
 806984
 890893
 1077397
 165197
 141260
 179724
 933623
 385493
 1060852
 139711
 652511
 716364
 81168
 310949
 1081094
 606136
 771576
 426405
 420406
 782499
 462509
 788436
 899403
 226047
 88369
 1079427
 646901
 735031
 76422
 713872
 911911
 176717
 925245
 854525
 78038
 181565
 838090
 120946
 74630
 690448
 90145
 47637
 256805
 360740
 239439
 545470
 44376
 359490
 950389
 376038
 125789
 765762
 1024673
 90692
 24693
 744207
 392273
 348007
 759244
 417125
 401581
 735846
 198491
 260973
 401798
 428355
 888516
 1049146
 526861
 173322
 687607
 1036378
 282643
 602059
 614069
 50370
 349959
 82664
 1071956
 424226
 233146
 840013
 632155
 835700
 1005719
 1074054
 590763
 11190
 36574
 326775
 574089
 49696
 570759
 611399
 170662
 462159
 36235
 63622
 395467
 158425
 785479
 275659
 324466
 752585
 731365
 771945
 515642
 607143
 240531
 941011
 676601
 268679
 639707
 562333
 150316
 215753
 1044882
 531919
 304537
 774636
 349121
 61595
 52327
 474921
 644098
 924552
 128012
 588084
 982166
 151263
 624145
 907021
 826917
 1082948
 1014676
 184437
 214772
 1008935
 426394
 676428
 952528
 879777
 769709
 951659
 583045
 50719
 434095
 124740
 704627
 395271
 775325
 738192
 59416
 411049
 464893
 279754
 692767
 900202
 884806
 903420
 183620
 372227
 1059364
 798179
 451311
 105906
 785499
 417092
 31803
 1059197
 261106
 1023694
 327378
 451302
 72236
 69256
 596081
 322962
 234104
 202763
 364657
 294868
 877557
 700091
 601165
 639729
 1043123
 371856
 195854
 812757
 947579
 352258
 362140
 322210
 739211
 724760
 398474
 322490
 838024
 827732
 266158
 378459
 677385
 434839
 198470
 584178
 243301
 664048
 88609
 789563
 623338
 215698
 6612
 991734
 760600
 1012095
 918505
 739362
 1097840
 224093
 844407
 744565
 1073930
 802393
 155213
 482554
 1548
 399574
 34229
 811483
 1003971
 485360
 898853
 805898
 918579
 805674
 37226
 393090
 632779
 462865
 910119
 487945
 915853
 473551
 900166
 433791
 698591
 286341
 71105
 540751
 569887
 398684
 231438
 41823
 195366
 263474
 560439
 787502
 896058
 723643
 37564
 336272
 662829
 613305
 567647
 749740
 830679
 172950
 576616
 472347
 656563
 625638
 736550
 25358
 121937
 870379
 841280
 840802
 495840
 928752
 167358
 352553
 798095
 974972
 43431
 366153
 391954
 959308
 132554
 446601
 385951
 351166
 648369
 300608
 536870
 696637
 660211
 754681
 327223
 921919
 588606
 492799
 86472
 256064
 680661
 334293
 656758
 776848
 825846
 717228
 668436
 866946
 881885
 830019
 778024
 32288
 354546
 1026186
 512143
 591204
 850916
 422464
 903780
 178943
 704700
 70478
 496883
 769837
 849725
 610566
 8557
 954481
 1079253
 488225
 255281
 106184
 490545
 1088312
 366901
 225257
 225902
 118803
 67504
 550452
 718128
 548248
 623594
 236586
 350681
 713693
 357493
 577731
 431609
 567385
 277016
 775347
 354569
 742920
 12438
 173882
 351914
 336709
 280313
 229853
 1027270
 655682
 160941
 718800
 37482
 171813
 601674
 953459
 614297
 535023
 1061313
 295376
 961223
 1065174
 482691
 719158
 412631
 732888
 123550
 942583
 1080212
 405266
 1089588
 324112
 538165
 817529
 1816
 135782
 316049
 1017658
 828642
 860749
 455309
 862120
 763260
 57771
 72664
 512842
 871998
 730175
 239132
 69332
 408680
 881402
 904238
 452534
 1030449
 916089
 677492
 134273
 915282
 853470
 999574
 644264
 548934
 986941
 816478
 390741
 255413
 151542
 595917
 70980
 81360
 601127
 269902
 353953
 234325
 747234
 888307
 803716
 83821
 980038
 932687
 397949
 449294
 488986
 913169
 801575
 757138
 428941
 285833
 514028
 717085
 238539
 490695
 256682
 332607
 645524
 677606
 165409
 956283
 802878
 635191
 243338
 719619
 367459
 897386
 520354
 7554
 370902
 338753
 14613
 508112
 555817
 753810
 435524
 97989
 588503
 872228
 17789
 836428
 26109
 586564
 311094
 962873
 504202
 532662
 425154
 896508
 957704
 600243
 191691
 764336
 681084
 623552
 236105
 309138
 1004230
 855782
 236117
 980242
 889562
 948281
 311493
 604504
 217477
 598048
 271063
 862695
 673753
 92280
 113116
 510870
 523947
 864245
 40332
 534278
 925744
 962199
 1040034
 756041
 590654
 1030422
 254230
 424978
 924402
 628359
 15183
 754711
 462596
 660249
 293763
 3397
 279539
 247462
 632144
 735518
 150964
 878509
 374402
 575346
 296577
 1050007
 130772
 630588
 442551
 1057536
 439213
 721027
 70727
 9500
 432120
 775153
 770364
 810272
 870069
 704405
 682916
 821712
 996305
 573461
 923135
 623929
 48319
 104083
 348653
 830473
 833359
 266090
 205184
 259265
 273477
 1046720
 557183
 79008
 906783
 965560
 1012156
 979305
 876048
 274050
 667897
 927104
 471905
 261301
 583797
 72304
 898266
 954134
 251850
 336574
 660990
 636728
 148427
 682008
 61555
 653943
 454643
 591374
 35172
 25812
 787134
 86800
 41102
 235429
 1079863
 29327
 751641
 250705
 1090945
 923273
 302262
 841251
 713544
 442555
 66121
 805895
 571974
 216444
 55096
 1031759
 782796
 479523
 270892
 838282
 160116
 243062
 203786
 1089958
 952973
 1094863
 636334
 768951
 749767
 58012
 69206
 888165
 213213
 612152
 468791
 751884
 213625
 395217
 767430
 602088
 1039968
 39434
 630713
 302359
 335573
 925977
 910747
 1045748
 324628
 585188
 672090
 626080
 649336
 867883
 901921
 190863
 918824
 428101
 840198
 143407
 817094
 1071805
 276770
 1035694
 973286
 226802
 495122
 1069982
 984675
 1067558
 552626
 6582
 814549
 721939
 780581
 2285
 1042704
 781531
 267630
 833351
 811707
 213980
 527097
 762696
 1014445
 208242
 666084
 36469
 1070396
 933301
 220627
 666057
 15270
 647481
 1070877
 823897
 476960
 19647
 983866
 7607
 1044600
 75592
 202025
 732668
 638301
 696385
 976288
 378813
 128933
 1032443
 618140
 680033
 373848
 789695
 352030
 43925
 100834
 602703
 988170
 312101
 687859
 474560
 753968
 174080
 544398
 136527
 171963
 73391
 703811
 279777
 251222
 911891
 534956
 161317
 855231
 75709
 51755
 658061
 619326
 180769
 341172
 241135
 1023819
 822692
 697111
 181129
 797939
 118350
 694847
 266483
 281058
 827865
 567288
 862691
 1003844
 468966
 1081701
 1026490
 952414
 207746
 1004882
 89133
 167936
 172220
 684983
 691849
 413807
 8895
 204442
 497292
 61208
 202632
 607308
 1015060
 248577
 258003
 778624
 7750
 180610
 535856
 413731
 565039
 780515
 323851
 391197
 18459
 928926
 127391
 403971
 103316
 601269
 1006928
 1006779
 41887
 912522
 186859
 632011
 746888
 391633
 1063314
 98809
 296285
 1072966
 680077
 298602
 803578
 191694
 579174
 1084843
 275736
 374429
 667939
 172711
 299605
 263265
 578009
 210405
 528619
 426324
 408202
 554
 845908
 1024101
 992986
 1003869
 788905
 876592
 629590
 195967
 900031
 1051959
 49339
 480506
 565549
 405040
 711802
 195464
 185431
 1003029
 723240
 643349
 415385
 912043
 425176
 81474
 655378
 860289
 83197
 872920
 342781
 855908
 898875
 176842
 329734
 8720
 342365
 72374
 1071266
 984406
 910968
 1069869
 696883
 1063117
 904586
 974397
 870084
 473709
 392258
 1011872
 525230
 950592
 545018
 304177
 918293
 48887
 443409
 89648
 70060
 1092675
 647830
 38952
 701000
 996903
 543992
 57009
 727235
 76935
 64190
 596877
 784273
 242773
 553991
 923409
 503966
 452243
 712891
 917272
 954117
 204506
 388473
 979090
 346448
 826910
 1041695
 1040289
 187942
 393629
 783389
 420758
 805596
 519145
 848770
 406875
 547197
 120325
 581680
 993122
 357125
 836908
 910930
 274830
 225429
 382339
 810988
 71478
 853262
 200596
 320996
 857079
 672831
 495076
 334938
 306183
 369851
 63830
 123164
 247335
 699371
 989344
 500495
 319668
 1083859
 638606
 903336
 78636
 389383
 285344
 67501
 324864
 1053373
 946394
 375607
 269629
 940511
 1092036
 779809
 416173
 111017
 219687
 977406
 331322
 530594
 1048089
 539487
 1085468
 150017
 215611
 865179
 752114
 793214
 286640
 162670
 81040
 87204
 912075
 394776
 832025
 760831
 744888
 34514
 738590
 744557
 107425
 817385
 820234
 971371
 878933
 226740
 1014459
 182798
 565202
 495142
 858944
 619996
 642201
 682037
 553226
 255630
 331470
 425520
 966133
 973913
 832152
 39271
 903725
 137394
 1094211
 928751
 1074755
 152985
 340929
 92382
 979025
 1018360
 333490
 403792
 877357
 157830
 665113
 241426
 604581
 10532
 716412
 1066299
 126177
 273396
 717521
 191145
 839920
 181462
 572315
 171189
 881933
 302783
 673485
 280720
 35670
 714245
 1067518
 195419
 201244
 641011
 500640
 434958
 35590
 1028879
 470126
 279549
 256512
 142021
 578577
 247366
 416934
 130360
 447285
 561655
 153208
 393840
 590051
 881286
 610229
 592246
 360943
 748476
 835966
 551725
 1024402
 556736
 916778
 1041391
 196867
 153626
 805034
 25635
 328
 126834
 795770
 162115
 90449
 508878
 562060
 160460
 400076
 1001574
 530568
 870619
 511298
 742122
 593619
 488574
 258537
 842562
 679285
 687298
 722347
 510996
 507127
 675818
 150670
 1057194
 593558
 756587
 962122
 792474
 1076751
 1019889
 767575
 1077535
 644650
 419858
 978016
 920699
 705498
 1014544
 530039
 341334
 707030
 604184
 7622
 447957
 1078396
 464568
 278507
 732934
 367165
 251435
 820415
 110200
 1077891
 904020
 582965
 768344
 881039
 329597
 730236
 316423
 18376
 794930
 560466
 852819
 314708
 519457
 320278
 943716
 979185
 756559
 488155
 203346
 788554
 1006397
 581947
 477040
 365719
 665985
 863550
 51732
 414595
 161744
 672709
 437047
 1025949
 478
 176417
 630256
 349208
 1055382
 555369
 265216
 794218
 124355
 591594
 427873
 918043
 463382
 604215
 131050
 313612
 99054
 744752
 707078
 886845
 890063
 801447
 946367
 539134
 351372
 481741
 551948
 324709
 328541
 169787
 706122
 1015677
 452319
 115643
 105326
 331240
 464395
 961250
 1007558
 878764
 942078
 1038868
 673685
 5321
 301690
 644642
 611505
 729508
 777914
 1082372
 437592
 866862
 893083
 689617
 212103
 346426
 388214
 561678
 724191
 141223
 903485
 28733
 906623
 693658
 514185
 108009
 372013
 878387
 169067
 1058913
 1087868
 728899
 828018
 978025
 170456
 547571
 358512
 261720
 829990
 605964
 322428
 675220
 710655
 544557
 859452
 878854
 771202
 295382
 696061
 609998
 435931
 710132
 753803
 918903
 701730
 370565
 676362
 644577
 302819
 721485
 1047214
 966369
 933537
 1000264
 187102
 454626
 745310
 1050097
 1011143
 168306
 1050856
 1093911
 415798
 970839
 1088186
 141780
 701909
 999437
 754364
 384777
 798659
 962227
 312849
 677407
 88782
 832795
 671656
 352174
 281296
 843988
 765096
 425944
 1060384
 1083403
 472608
 395104
 822468
 844501
 982377
 755621
 976236
 605750
 1091566
 481774
 578469
 1088111
 258168
 1020619
 154264
 758023
 366002
 226364
 561439
 679068
 254653
 297508
 301116
 477510
 606303
 328636
 622926
 406399
 796424
 624679
 89125
 369320
 469166
 1011389
 887845
 475435
 386969
 21538
 310812
 182501
 708988
 606452
 702198
 1020000
 226801
 73073
 305593
 990619
 939881
 637068
 951680
 142660
 14968
 23165
 684226
 327548
 849768
 566046
 680921
 902712
 161085
 127549
 29017
 274851
 484630
 299435
 853533
 307666
 741437
 981130
 121348
 589250
 241037
 158953
 141631
 586121
 515757
 718152
 971924
 975103
 704805
 1093610
 445303
 1041655
 945999
 36352
 1071626
 911033
 1060236
 1044919
 78894
 970611
 616607
 907898
 169341
 62432
 632221
 784124
 745446
 801086
 803609
 325098
 156395
 246658
 596540
 954374
 945032
 1066434
 296940
 209343
 829949
 775672
 10267
 1985
 405960
 476741
 169604
 942956
 795787
 662837
 988863
 388500
 521448
 882721
 94705
 708431
 87665
 543794
 399389
 458309
 747597
 577121
 30663
 268554
 917515
 220496
 842507
 194775
 39633
 791872
 669528
 934863
 383913
 663933
 820186
 363053
 1047180
 17143
 594251
 1015422
 114041
 645268
 813888
 651264
 107872
 175257
 837246
 364147
 295728
 965121
 343054
 546837
 459870
 628612
 741109
 211216
 586902
 742954
 154669
 792954
 215984
 626836
 394779
 253722
 354402
 525621
 515335
 288629
 941027
 301920
 222129
 347098
 309682
 556358
 369925
 24793
 503272
 912617
 556515
 51041
 478681
 1094881
 1034348
 894174
 499870
 184643
 212546
 72379
 947527
 906778
 168871
 551582
 736523
 477758
 682328
 375810
 445027
 355996
 954827
 857221
 155318
 684337
 387683
 876945
 833944
 967051
 239461
 1044040
 656201
 541187
 736269
 200572
 784439
 959267
 23993
 1061617
 774356
 11237
 663579
 396815
 33662
 372763
 89175
 27681
 517089
 451273
 669398
 706518
 889434
 587532
 474270
 1043595
 751154
 777297
 646897
 714204
 243925
 224044
 1065515
 982958
 717492
 721037
 699513
 476478
 828902
 1096377
 660719
 951456
 567900
 93103
 601627
 894991
 277436
 364726
 1044334
 581349
 535347
 701191
 511082
 201934
 862274
 179413
 20620
 183287
 805427
 285620
 186531
 58372
 611622
 842059
 486825
 1046207
 744237
 966059
 605814
 463858
 508751
 411359
 838280
 860543
 1026567
 664794
 787399
 145817
 661213
 10897
 840145
 1015142
 1006690
 670515
 76728
 183645
 875564
 671775
 518187
 270898
 1091705
 25615
 1096059
 208203
 678977
 1078358
 1031817
 1079500
 1092719
 224043
 26606
 440261
 287952
 431387
 809689
 309843
 1031877
 64773
 484879
 577483
 258532
 945673
 789780
 220362
 384562
 621424
 292509
 946652
 368517
 414853
 66328
 660562
 832401
 36226
 546586
 388745
 917014
 170524
 978127
 330686
 72419
 22705
 1038714
 612299
 433987
 1066301
 1089894
 917986
 163648
 218431
 302686
 698818
 193806
 376310
 378933
 710920
 285929
 429681
 135078
 267898
 30163
 576317
 1049350
 819312
 575471
 103083
 203759
 19628
 96834
 442797
 929112
 733826
 707674
 545235
 821294
 53530
 926621
 669963
 487226
 722815
 1082855
 968511
 629819
 924242
 785359
 245940
 1095875
 492043
 719562
 238710
 74893
 284936
 1066913
 68749
 782105
 8780
 588077
 206497
 183867
 760251
 199988
 143554
 271463
 437645
 17412
 707425
 193028
 1053434
 390351
 924719
 79914
 572682
 930120
 698316
 864489
 1004514
 94940
 1048863
 483287
 374727
 875327
 245974
 243611
 920119
 911136
 290867
 570246
 31267
 502602
 283971
 713088
 369367
 551217
 1041196
 572774
 1075135
 21810
 326447
 1072023
 106081
 1070198
 24542
 593579
 563032
 329666
 648706
 1074522
 982981
 536975
 866883
 41364
 888183
 269632
 396042
 329343
 807721
 23822
 856427
 83976
 90222
 825414
 563168
 673788
 896207
 492437
 478894
 646921
 148546
 1046429
 462872
 384252
 498707
 96794
 18952
 111558
 986279
 574049
 319653
 640570
 390083
 461124
 789893
 549268
 176186
 14963
 512239
 454563
 498285
 535562
 922573
 274405
 584037
 578306
 204683
 270604
 70585
 91259
 589650
 668278
 601924
 457315
 312521
 544624
 1096004
 993365
 1078242
 881843
 925799
 579774
 829351
 747277
 92838
 106028
 716198
 121786
 845312
 541912
 7072
 612005
 717535
 414550
 283940
 545767
 575935
 550556
 366999
 159462
 622037
 943631
 865039
 510465
 413056
 721282
 463008
 809507
 828897
 95604
 911876
 721070
 948905
 865832
 708341
 615262
 137058
 130122
 107779
 63123
 987462
 352037
 320435
 275198
 865293
 137484
 677932
 565246
 199559
 802400
 272035
 581544
 305711
 424283
 379176
 15914
 753236
 321790
 566057
 960935
 780620
 247743
 285140
 346869
 566500
 49565
 789724
 43354
 1072798
 502342
 86702
 343040
 1068911
 98094
 548511
 1096736
 602021
 670543
 894051
 989546
 469129
 990634
 16838
 327527
 199985
 177082
 92905
 184396
 705217
 718109
 601885
 737095
 497632
 400094
 658189
 944901
 301834
 876490
 113126
 170502
 523292
 1095339
 365346
 145816
 751430
 888565
 769660
 546429
 535124
 207127
 304727
 1087146
 936405
 415524
 483493
 96177
 1023264
 1094994
 504320
 314525
 44817
 156916
 66741
 295902
 938014
 851288
 102343
 30621
 241957
 501279
 506471
 650204
 125009
 488369
 1026891
 119917
 959348
 863914
 954276
 575043
 7395
 962108
 715834
 491138
 780526
 1029903
 740880
 366029
 179978
 618982
 1073312
 479805
 126433
 137511
 1063083
 10165
 295879
 976946
 531619
 431799
 901545
 496674
 538669
 461908
 490162
 394963
 730765
 1085663
 391489
 852215
 417211
 77904
 757543
 311507
 200362
 663310
 1063423
 520751
 308968
 920444
 993469
 541329
 121253
 225520
 177305
 198073
 511978
 168732
 160313
 375782
 885001
 1056292
 119301
 1051627
 644648
 213758
 316608
 1021569
 9340
 767034
 966199
 1088573
 840638
 770786
 602225
 849417
 309360
 677411
 280552
 265153
 710759
 86690
 811989
 704554
 804536
 262630
 161909
 445359
 701782
 439474
 754629
 749640
 746766
 410749
 560549
 585756
 801167
 945729
 581217
 636590
 528943
 165265
 519176
 638114
 556509
 335499
 445488
 443055
 642278
 684317
 687761
 765121
 595493
 726642
 1058425
 715615
 1085823
 890526
 781806
 515326
 202914
 111873
 226963
 1058690
 121457
 633289
 329252
 216801
 234619
 1088639
 474813
 1025658
 291432
 1041783
 1021982
 118706
 512702
 204863
 657969
 1073577
 1034442
 321573
 784586
 424954
 775054
 301234
 538332
 534412
 744207
 308921
 649841
 709349
 254930
 559325
 1042215
 1078510
 609463
 458933
 516014
 116085
 928053
 478973
 1055292
 1053687
 143121
 1014549
 17855
 717859
 1080345
 664642
 690897
 718246
 118144
 1042602
 391494
 286180
 266420
 405175
 489091
 980259
 773180
 110099
 567024
 745432
 13821
 737959
 607165
 49156
 670946
 281665
 1038397
 724556
 809749
 388502
 917317
 800099
 192076
 469225
 38916
 766788
 385349
 361824
 1099000
 1046432
 236934
 740160
 801961
 356365
 656533
 233986
 620445
 769581
 238873
 214731
 731903
 561845
 1006069
 131529
 387354
 470579
 203043
 587176
 154333
 776405
 90127
 63754
 519393
 776654
 205870
 803754
 377818
 182791
 110662
 1073293
 219366
 217951
 497243
 679326
 943755
 205534
 127240
 1097085
 286567
 633648
 1049454
 953825
 684618
 868402
 789838
 495149
 745562
 584691
 510981
 72975
 493073
 875382
 512434
 317618
 1096500
 355498
 47907
 1063091
 37978
 445170
 510563
 233859
 1036083
 630092
 207910
 963666
 842386
 994202
 360178
 623873
 132058
 738936
 785855
 459141
 451221
 348766
 112910
 536781
 2921
 1036767
 648229
 798219
 19627
 218352
 935961
 880570
 916429
 114957
 479167
 904149
 1057962
 140298
 458539
 664063
 670999
 394985
 408871
 1034985
 491752
 1079179
 132358
 1001983
 799273
 694783
 849088
 558231
 888490
 413591
 27109
 489798
 1007159
 165325
 906575
 304182
 447170
 1078800
 294177
 123636
 972471
 260299
 968400
 729438
 587392
 998767
 770108
 592442
 1036615
 74425
 792985
 129629
 729597
 256113
 357509
 716617
 111779
 715677
 187955
 827377
 857768
 928195
 889740
 589798
 509670
 743450
 98180
 1035472
 1037336
 479419
 998230
 964186
 291883
 1034985
 825418
 413672
 16572
 458221
 43803
 19807
 377473
 2380
 833574
 1082210
 574777
 259824
 757666
 902988
 264498
 884242
 191568
 796294
 942048
 1045635
 733037
 988937
 1075001
 36914
 302930
 644416
 734394
 802445
 330911
 225244
 777484
 123809
 362399
 837043
 699344
 633548
 327632
 305259
 580896
 114631
 982337
 1076105
 633254
 279447
 925024
 806895
 761302
 770636
 1009104
 1076160
 166334
 210493
 67755
 769464
 501960
 719364
 129276
 774174
 568561
 116827
 947957
 385172
 645109
 1093704
 314578
 816110
 294691
 438898
 991545
 752103
 702004
 398057
 737253
 358868
 81104
 792093
 428581
 309709
 586173
 461942
 86637
 2109
 55709
 610244
 1099104
 1005756
 191672
 591098
 72321
 17472
 812893
 955643
 660207
 174965
 1053583
 361083
 602493
 368217
 1021371
 300966
 531775
 737462
 157469
 52052
 1092604
 758926
 436784
 460995
 986186
 620957
 773915
 740706
 918932
 630919
 780520
 773126
 701794
 751580
 220144
 235505
 933845
 36342
 762278
 444931
 227490
 337751
 817959
 931031
 825319
 128389
 650807
 868512
 535658
 420556
 482305
 688522
 574157
 10556
 734114
 778461
 1096230
 925994
 890271
 1099648
 887260
 993079
 331185
 10645
 521782
 391722
 955956
 584844
 180199
 49
 499982
 1079019
 618091
 1093066
 608849
 1080354
 1096567
 402051
 494013
 1007401
 111409
 802940
 471648
 362502
 954537
 865091
 46543
 1063331
 1091324
 314086
 685899
 31459
 572885
 103774
 675651
 828838
 1015049
 981549
 397608
 766189
 891615
 323093
 929471
 26588
 834949
 846073
 202415
 964219
 731170
 389883
 535334
 9027
 37292
 448967
 830074
 717696
 351337
 181726
 682471
 43025
 1089984
 46573
 79316
 917970
 248994
 913540
 242071
 364873
 15690
 313289
 792842
 826288
 174318
 1033887
 1068473
 808670
 1006977
 1090934
 501878
 985582
 357361
 68073
 115359
 886848
 975990
 509166
 1007431
 556686
 389219
 594314
 675257
 454595
 11083
 265869
 936231
 462733
 135444
 864643
 468863
 810451
 1079579
 1025480
 225520
 406221
 224333
 376231
 797377
 644356
 853780
 1085593
 925994
 744822
 166475
 30520
 267379
 643259
 995331
 503942
 15422
 718313
 425222
 900020
 21245
 265079
 65383
 526293
 454055
 454860
 620600
 602289
 1093059
 115345
 1073708
 761315
 142771
 353304
 259738
 221438
 505494
 544510
 820411
 472430
 186273
 763215
 815309
 476491
 271410
 667935
 8491
 199216
 730077
 728278
 675755
 77758
 601436
 727936
 100902
 885063
 942541
 163279
 381060
 664177
 568593
 430333
 375627
 643215
 485679
 816324
 737374
 644533
 938900
 494576
 246876
 860545
 667772
 821718
 294215
 336759
 34491
 294260
 817423
 736802
 273270
 498702
 352763
 1039928
 799158
 530137
 517746
 659303
 637408
 23042
 382184
 246368
 211540
 299857
 56079
 45633
 917756
 972292
 659255
 825903
 242143
 326960
 977969
 524375
 561028
 592078
 167300
 1066587
 956090
 894149
 1006522
 923155
 317373
 34864
 1080512
 290327
 189406
 960389
 982258
 933635
 452195
 659107
 980805
 68284
 593190
 318515
 462053
 567726
 913461
 234285
 24720
 45298
 678021
 132264
 229750
 663194
 284291
 641112
 155835
 555789
 213697
 212667
 788606
 52253
 1021768
 504151
 699259
 419260
 307492
 700665
 190118
 173544
 555716
 731487
 612310
 934672
 810271
 775221
 913996
 188715
 47143
 420236
 19599
 908120
 239688
 1043783
 837426
 674839
 435596
 948687
 352125
 297956
 957294
 189653
 528256
 335493
 771847
 799495
 533777
 804865
 293146
 1098723
 971901
 325531
 392289
 717880
 643785
 659697
 917274
 637045
 1087333
 665150
 625710
 334733
 607268
 607374
 294275
 538996
 1085197
 197225
 169054
 174011
 1018826
 371447
 179012
 272284
 836947
 866116
 678466
 1094004
 514314
 878706
 951736
 825999
 137071
 369009
 899156
 837747
 524904
 368467
 451132
 580997
 138267
 43797
 170811
 257248
 1026511
 528820
 283766
 747051
 115113
 642041
 802807
 641174
 653264
 723482
 731356
 428748
 430866
 54546
 751125
 492380
 892307
 16694
 1056464
 435740
 1095012
 9841
 692972
 11698
 369897
 811302
 1066359
 808223
 815032
 739672
 675736
 297102
 870718
 275930
 536654
 948647
 897356
 683015
 856419
 1053258
 877744
 871805
 927540
 498488
 645510
 271971
 420498
 253096
 251654
 469557
 728789
 111579
 328649
 598593
 117045
 962884
 93646
 96077
 100462
 749013
 335971
 258272
 258234
 356008
 52398
 435310
 1055245
 455173
 157809
 85663
 361831
 898859
 65864
 1053001
 818193
 718827
 481131
 391876
 775624
 206411
 763138
 637360
 642704
 240990
 169566
 1090225
 297585
 356753
 692218
 547628
 785150
 939681
 493703
 881953
 107737
 693137
 1024249
 705032
 655514
 443210
 361863
 512678
 630572
 161062
 406148
 435775
 416540
 1064106
 1022926
 822859
 205656
 324071
 882067
 793574
 254251
 259816
 761891
 1050464
 409623
 49214
 994803
 282595
 984123
 803580
 410141
 67411
 90516
 637241
 968096
 119538
 589001
 201590
 558890
 999714
 310103
 1084919
 1247
 989358
 961621
 178346
 1039049
 852170
 853142
 464612
 542220
 1059972
 437
 885262
 962039
 828068
 953811
 733009
 1092109
 782089
 249314
 585450
 637962
 553732
 84798
 759027
 344758
 80418
 361463
 29030
 547039
 729230
 810816
 524857
 750598
 899125
 843326
 338190
 646192
 528744
 988551
 231784
 618970
 636779
 988489
 836589
 279623
 989789
 835088
 607457
 762657
 603244
 469880
 721948
 549898
 655809
 1006949
 805276
 574291
 864741
 191450
 921466
 994757
 736745
 931512
 685098
 369434
 718351
 131299
 675574
 885438
 504215
 138142
 276151
 664855
 851501
 1006946
 992828
 494164
 788114
 184457
 564116
 385441
 534051
