234893
 300571
 747517
 248637
 886703
 472053
 142401
 385783
 787897
 25191
 448903
 409386
 444340
 96589
 195436
 495630
 931523
 810325
 854576
 375775
 233842
 678466
 125943
 718844
 122174
 23115
 699277
 14150
 895004
 435918
 759485
 801270
 800896
 211291
 873562
 995063
 130486
 589454
 673843
 975173
 13542
 882903
 626057
 24110
 449404
 94111
 333854
 638096
 823773
 133933
 114596
 860683
 88712
 179452
 767828
 858317
 245684
 819306
 991728
 42960
 1061621
 1000015
 796046
 572396
 736587
 812662
 643203
 386771
 811005
 245788
 76762
 190607
 977135
 331019
 564224
 3060
 298591
 572042
 900812
 703714
 575433
 257573
 293736
 141975
 928302
 526395
 544185
 911127
 1051993
 1027568
 422230
 805510
 955196
 1061301
 559284
 502614
 962748
 235826
 492718
 529388
 259842
 499407
 898843
 543883
 943217
 314563
 119512
 701097
 709705
 411863
 635541
 67306
 903605
 657589
 603677
 582783
 41383
 573405
 1069768
 1099584
 17799
 427558
 570962
 926113
 577409
 607542
 118784
 890555
 981491
 31874
 612163
 955888
 1080023
 739727
 3683
 593725
 289549
 287988
 1010394
 154938
 610488
 472547
 426855
 764913
 368821
 882054
 208503
 1033804
 786122
 403323
 816564
 700591
 41859
 469907
 198635
 416318
 906226
 484990
 753342
 212209
 322584
 575314
 587801
 943046
 452596
 19791
 843683
 1068694
 295504
 986403
 207976
 635627
 14051
 905307
 451135
 1046947
 821295
 344547
 1037263
 142437
 398329
 750183
 350779
 397031
 1097375
 1003463
 64858
 425823
 390768
 389446
 637430
 692867
 107440
 472873
 89205
 604881
 374221
 91146
 357535
 166028
 417127
 1065683
 709905
 619520
 96418
 762607
 529898
 604311
 285161
 704493
 961744
 653483
 33791
 719551
 782370
 392620
 532066
 393273
 836130
 76857
 379029
 206012
 618573
 306085
 979120
 398657
 465155
 391175
 87980
 823748
 467460
 559264
 752101
 607828
 8625
 881629
 226435
 765464
 238684
 507192
 635403
 557492
 628267
 171890
 1047231
 351834
 728149
 929240
 756719
 477348
 708164
 623568
 935244
 977239
 872257
 207172
 244201
 402205
 752452
 842547
 623506
 427707
 223322
 23266
 178017
 107892
 671802
 373198
 190879
 499118
 946216
 365300
 490377
 401603
 731795
 715459
 107464
 701242
 978648
 143593
 592998
 767363
 841389
 295668
 754040
 544899
 982796
 858152
 536524
 982627
 1074673
 230273
 734179
 449730
 805592
 513770
 1026044
 24705
 363216
 223795
 19535
 767500
 852983
 666215
 1045118
 583667
 630619
 141926
 694699
 11497
 534692
 53672
 164754
 370197
 541555
 555329
 760834
 591355
 844941
 417930
 163512
 316380
 639618
 354781
 521176
 278111
 1047405
 309723
 323822
 153978
 700569
 572009
 451786
 92841
 223035
 269412
 911646
 90434
 940329
 965653
 567605
 566526
 384739
 678716
 1096919
 1058012
 560600
 956624
 667365
 847083
 701873
 359433
 1083622
 680229
 461475
 635056
 265206
 953534
 678363
 411919
 438888
 1086303
 270969
 627739
 187586
 892056
 342669
 392209
 966501
 360439
 54015
 464975
 865799
 776569
 204383
 324790
 54748
 518837
 631055
 834372
 1079150
 626518
 645533
 346206
 1051286
 491137
 745386
 974354
 283949
 921543
 402890
 138294
 375836
 22148
 83690
 185149
 655566
 201763
 576011
 421581
 363493
 190410
 578736
 290792
 548819
 1097806
 514008
 343493
 856696
 333032
 708108
 750077
 49071
 693926
 669994
 25448
 101185
 415746
 454283
 459753
 637427
 265823
 781406
 622880
 892002
 138784
 1051512
 668561
 896206
 399918
 1027944
 579514
 354590
 251183
 473115
 205791
 385143
 870611
 834974
 85622
 165477
 654574
 748465
 297984
 958871
 644560
 922836
 342301
 457845
 989636
 652577
 132248
 327310
 606520
 200781
 556613
 17199
 502785
 701538
 556877
 214499
 496704
 529895
 15003
 708422
 907140
 905286
 809827
 970614
 736109
 686375
 87435
 379221
 734321
 826158
 535484
 727582
 165780
 268228
 333291
 486500
 914149
 553351
 132974
 716090
 1009856
 958652
 728377
 463337
 910405
 904264
 483513
 13069
 954315
 647293
 442047
 933850
 783599
 79632
 572858
 426081
 983223
 550647
 551143
 69412
 1052952
 252224
 99253
 702369
 1007645
 328072
 109602
 341816
 495152
 574806
 405128
 59714
 294819
 283841
 287167
 1020195
 43584
 164446
 208809
 559320
 739417
 341695
 975770
 874770
 450039
 14610
 788219
 224526
 890992
 309592
 748968
 349448
 352308
 402567
 537483
 83789
 233306
 626964
 409889
 506235
 696806
 994277
 340345
 1033362
 47114
 894850
 234460
 162283
 49160
 791102
 120876
 715039
 289768
 275795
 483629
 239597
 337448
 369493
 202276
 249107
 912414
 209147
 180173
 848587
 201689
 558744
 197619
 280150
 418842
 292918
 995677
 459952
 502117
 279127
 686492
 521336
 145442
 776015
 568637
 564210
 370966
 849104
 1012809
 128774
 174728
 1087746
 918647
 376020
 496472
 1093815
 560940
 953401
 399658
 664360
 1090051
 54574
 402584
 105166
 819070
 743234
 262872
 711717
 945107
 267833
 444744
 659683
 1082594
 29134
 823309
 423192
 915881
 862381
 820905
 489015
 729313
 862610
 1063456
 636154
 274775
 615268
 959938
 427426
 561472
 465220
 110391
 703686
 866858
 11203
 804020
 776637
 981528
 526955
 580762
 1077922
 774817
 768697
 744871
 397130
 850447
 162360
 1095879
 74835
 1037808
 1095370
 29931
 363868
 320644
 625839
 32563
 746336
 782986
 92489
 551176
 857813
 260536
 171020
 84228
 886515
 564753
 1058402
 174433
 263626
 914398
 182590
 1042394
 647529
 882552
 626749
 736143
 300299
 283913
 243991
 486744
 257986
 1038892
 169550
 394653
 865029
 424670
 1081355
 488293
 128297
 150649
 1014262
 580326
 967197
 369408
 88757
 1028725
 601648
 848912
 296972
 733224
 240181
 67756
 110126
 842187
 885451
 274360
 749085
 785732
 2413
 1082107
 958326
 215159
 1096123
 829475
 213627
 371152
 526226
 194318
 33133
 419687
 39379
 405153
 424371
 774693
 282899
 109126
 418576
 523815
 941097
 419353
 102465
 246220
 24854
 815884
 748623
 246403
 458335
 276342
 417910
 442839
 644397
 372502
 1083336
 933646
 549008
 56904
 516818
 683773
 889055
 103551
 580080
 484358
 876077
 597502
 540683
 1062743
 195574
 58313
 729765
 29070
 441130
 865528
 695042
 398117
 907409
 887903
 789919
 835062
 509135
 308911
 1022095
 49884
 627288
 198435
 202340
 161571
 417176
 569166
 163802
 75570
 169858
 654419
 237675
 551918
 357146
 802041
 135384
 201110
 437294
 784436
 751520
 399383
 144587
 666572
 252123
 556137
 110847
 451328
 719437
 573834
 994706
 704228
 999546
 928894
 748631
 384721
 1043848
 311756
 947481
 1862
 180542
 639904
 569277
 939388
 218662
 176940
 58661
 544854
 470840
 351535
 919851
 61850
 95776
 887033
 761609
 190921
 486569
 623092
 764471
 697917
 892849
 766887
 610260
 125020
 386184
 681039
 438204
 642073
 976766
 999107
 665382
 492718
 138304
 989855
 1045832
 607138
 830993
 750789
 987907
 475656
 510091
 633305
 324299
 989780
 1013368
 982549
 576850
 1045840
 600704
 1062907
 385610
 378918
 189306
 320897
 22245
 521884
 886274
 72561
 960865
 394997
 763025
 758411
 589837
 257367
 821104
 909225
 73853
 947111
 974739
 720239
 336099
 1042291
 351323
 1065772
 1071249
 137127
 837431
 672477
 945460
 926936
 10178
 447930
 525317
 57453
 519792
 773057
 158898
 270549
 971839
 764742
 884127
 200273
 482919
 809317
 174247
 324618
 884520
 594026
 730612
 782952
 591288
 556298
 272102
 900641
 803860
 216912
 837224
 257356
 859635
 48482
 986916
 388976
 565571
 255150
 1090273
 615249
 839087
 784451
 107360
 64108
 151054
 278442
 894489
 257265
 686935
 698046
 510793
 560122
 406812
 898611
 614935
 976245
 199052
 322988
 523097
 792798
 368727
 218148
 763370
 546821
 869083
 914076
 799011
 371029
 713206
 579341
 616485
 427680
 179821
 406995
 371095
 993943
 393823
 881506
 1057714
 487159
 1099382
 811655
 413504
 377572
 922763
 1038836
 684591
 1056732
 894027
 183891
 749192
 637069
 346330
 176541
 195884
 905166
 452502
 397801
 172658
 808649
 482829
 893116
 295515
 435854
 80331
 10659
 812655
 392271
 739271
 1044240
 591
 159373
 710107
 742204
 575274
 931235
 992628
 904542
 690102
 155140
 150422
 226488
 386239
 544363
 1060731
 739545
 25222
 609891
 1089243
 119635
 436992
 552230
 762710
 1019948
 688492
 415310
 915208
 36212
 719618
 192677
 474017
 1039325
 923600
 518297
 645851
 155724
 758092
 990924
 298198
 1080069
 922139
 549498
 156060
 513943
 523129
 488264
 821784
 434628
 429750
 692185
 287947
 639862
 319202
 580676
 314743
 781272
 659168
 72056
 25863
 339603
 382319
 386248
 697907
 436464
 147604
 827130
 166775
 556184
 409441
 818372
 131747
 674991
 183079
 310687
 1047159
 13074
 192872
 94317
 268106
 450454
 744118
 491706
 1020189
 564985
 545809
 1049232
 1074505
 242377
 801684
 1044217
 326814
 442986
 10281
 125108
 150787
 849987
 169934
 997247
 93049
 719672
 760428
 949445
 585799
 117686
 273895
 636933
 418632
 817478
 202791
 772341
 653378
 57563
 510307
 249366
 911838
 622289
 791860
 330208
 86452
 847344
 1039404
 970219
 256959
 348923
 193708
 855124
 479352
 292861
 516550
 183100
 645094
 14918
 770389
 417290
 890147
 810723
 37919
 839821
 452937
 537950
 370622
 526622
 369598
 892270
 617468
 689348
 80113
 365757
 449393
 452020
 822287
 841674
 505338
 1047128
 745088
 507266
 725461
 76129
 870858
 599992
 259181
 86815
 42475
 924665
 947657
 933835
 1008641
 712138
 461297
 1053156
 15736
 633295
 593630
 463277
 51788
 240709
 278479
 182590
 496927
 696438
 1017662
 851464
 499040
 1061447
 197752
 389179
 453619
 764965
 355527
 541602
 758922
 465931
 437298
 858187
 226803
 621188
 82620
 27570
 47455
 349322
 730781
 887988
 249780
 36558
 809559
 520959
 773195
 403087
 174549
 588955
 501115
 1007419
 816666
 545399
 583767
 343543
 827356
 309724
 326107
 152648
 158653
 306594
 79807
 318683
 513223
 862895
 1043626
 428588
 292803
 555904
 434704
 595011
 829624
 115433
 378024
 387615
 59343
 375152
 3320
 691982
 738611
 766700
 286897
 241218
 1058204
 606851
 776735
 48474
 254216
 764372
 141766
 664465
 751838
 194374
 1050844
 472074
 915315
 1041375
 451617
 988383
 16440
 66175
 764109
 67688
 1073698
 156835
 844364
 242792
 478785
 711951
 352787
 899149
 156040
 740883
 219664
 907732
 561360
 173810
 216556
 900569
 848331
 743788
 40633
 508163
 669232
 841608
 162370
 328759
 559581
 77230
 50721
 378722
 610855
 196022
 590887
 270459
 811864
 289355
 175405
 246333
 1078747
 231831
 228819
 448180
 872754
 663432
 704081
 904685
 144743
 163254
 891252
 540455
 352334
 74404
 649561
 621494
 1061396
 138702
 1048013
 629851
 152808
 534354
 248477
 155617
 672208
 1064597
 501747
 614009
 370040
 888839
 727359
 500612
 274445
 589134
 64868
 98314
 209402
 263076
 328319
 200587
 367669
 246911
 366549
 54743
 666481
 634905
 808006
 120766
 858946
 685062
 155924
 568073
 250927
 723562
 577238
 86239
 1014379
 184901
 506479
 725249
 297858
 24728
 1038568
 127341
 801344
 623065
 401861
 827065
 123945
 61877
 404107
 890823
 734090
 981389
 166298
 327190
 191908
 625566
 534398
 924638
 1000617
 635713
 45058
 890641
 1088293
 540171
 398370
 582513
 794733
 784949
 877196
 658195
 760042
 782720
 438207
 163380
 90699
 703095
 325083
 585409
 981152
 1083007
 886256
 640484
 714264
 423760
 577748
 765552
 337349
 943695
 365650
 220869
 178586
 570240
 474771
 732501
 493910
 691850
 736932
 896103
 602195
 68970
 630860
 627544
 859659
 979449
 916460
 547744
 286136
 838989
 218046
 316465
 1021663
 774187
 1005995
 702189
 281111
 359095
 982383
 996671
 197363
 471427
 938017
 806259
 418329
 214580
 50818
 1757
 1000818
 683383
 265442
 429200
 711922
 473451
 535499
 522726
 245957
 99868
 305976
 977658
 215454
 700742
 877357
 481530
 13489
 445848
 304091
 529859
 926199
 1071408
 1036384
 67503
 303468
 236181
 590319
 707981
 216791
 139285
 262066
 631683
 312102
 469751
 1070930
 324380
 3504
 41096
 800467
 80707
 150341
 1023533
 492968
 163945
 45646
 114711
 1099567
 740609
 944049
 548647
 732090
 967984
 212282
 67309
 1023741
 88442
 436697
 956710
 56961
 852673
 356034
 166805
 272203
 154734
 765414
 287620
 142692
 228083
 578892
 727980
 813763
 116174
 265094
 961858
 275328
 387177
 374631
 1085987
 959395
 776667
 844808
 167912
 655603
 1082133
 352265
 565322
 96060
 659849
 212277
 252259
 354209
 742615
 940084
 883355
 368314
 726748
 218183
 863114
 700252
 383702
 377821
 989348
 425398
 294869
 709567
 17727
 395498
 487893
 935264
 939000
 344467
 373469
 137977
 1090138
 804837
 989714
 413232
 178431
 655323
 588268
 941539
 669809
 197667
 590828
 539639
 405753
 843520
 1082151
 974893
 999591
 302244
 704756
 416092
 455062
 307193
 706858
 682720
 293124
 905518
 283286
 55875
 376840
 1019856
 494924
 985943
 1045268
 624747
 384644
 783375
 273258
 534381
 674016
 404720
 936804
 351046
 179756
 490783
 488895
 433645
 441838
 26408
 95263
 891498
 809452
 269960
 302619
 54791
 663938
 986337
 424597
 1056793
 970560
 123733
 434256
 837505
 584024
 457963
 709898
 1023476
 551764
 469053
 829945
 605859
 767797
 749529
 894159
 64306
 263011
 782468
 652002
 708483
 486589
 246425
 960768
 487594
 870951
 197287
 84724
 567433
 16168
 819053
 255555
 864785
 687067
 134420
 792296
 371239
 396625
 456935
 670698
 807040
 494221
 89643
 654860
 721827
 315291
 769044
 482625
 69784
 949123
 262735
 526590
 316970
 364086
 296282
 544800
 432281
 647695
 471239
 445430
 141966
 488261
 716631
 308758
 406322
 8968
 555595
 115558
 989964
 521007
 776557
 259862
 116122
 958551
 1084675
 1043654
 925508
 464968
 420611
 836137
 534913
 251117
 165164
 746539
 983848
 108239
 1049894
 722535
 290374
 73594
 50829
 956724
 535668
 912395
 1033182
 558480
 579233
 691060
 617117
 53377
 408381
 872083
 375179
 710134
 967768
 1058931
 59819
 640203
 753784
 662193
 138639
 33691
 818609
 548135
 854294
 925232
 438969
 1017216
 550277
 343284
 696638
 623709
 834949
 813246
 699667
 199092
 455027
 981206
 929981
 18091
 764592
 152833
 178144
 167516
 1061814
 1033240
 623323
 686009
 311268
 885533
 47488
 727507
 718304
 959450
 1010725
 930490
 404003
 48139
 144232
 110220
 528320
 299895
 479077
 808196
 774919
 1070462
 162706
 997075
 229003
 1041057
 5434
 453353
 507732
 912186
 746712
 823414
 630111
 528864
 691428
 378884
 523476
 539614
 1038553
 800922
 688312
 939200
 950888
 274765
 94887
 399189
 268712
 334008
 971799
 630258
 966525
 237474
 522655
 921991
 1052288
 285510
 888284
 697045
 430408
 1002554
 800253
 1089852
 445209
 151448
 996429
 692242
 374724
 1359
 385344
 870945
 1071805
 549353
 328306
 182774
 78598
 677446
 732899
 885483
 288886
 944914
 611840
 311341
 190292
 1063939
 1038450
 101405
 115543
 439227
 648542
 771334
 900718
 217114
 566005
 567841
 871947
 588991
 143925
 141387
 1097442
 546261
 298026
 264703
 650889
 871031
 786519
 701400
 63301
 1009956
 698487
 14911
 878896
 707317
 197861
 614569
 632955
 475384
 822795
 527567
 842439
 460339
 57166
 955570
 612495
 347920
 967751
 111476
 364502
 698666
 837878
 435171
 108865
 623258
 1070526
 698988
 352362
 633633
 588181
 1032459
 198877
 126031
 837872
 891020
 674322
 187763
 159232
 855304
 1026541
 701489
 102862
 853020
 391629
 823602
 1031621
 651615
 747729
 184706
 107470
 787913
 576418
 628479
 626313
 435134
 469210
 159466
 570086
 1028881
 291609
 80812
 441928
 329790
 266237
 519170
 623545
 179554
 1050723
 435468
 138126
 1061610
 572606
 96132
 178487
 1012291
 197842
 177255
 700379
 942798
 749330
 554115
 465029
 178690
 588417
 226732
 318611
 455504
 214364
 561997
 1035010
 482261
 995002
 422469
 541041
 220374
 984586
 191699
 940342
 744776
 1065975
 917504
 907712
 959119
 945135
 420437
 762644
 507804
 528594
 773794
 755866
 553975
 96058
 518392
 815260
 837622
 323822
 456921
 858419
 352100
 663738
 536589
 127912
 1069074
 587223
 710204
 748265
 382633
 1023711
 24692
 672812
 811621
 631231
 413726
 718531
 404961
 599826
 212914
 480676
 618452
 1058896
 540099
 1046804
 614766
 85618
 767841
 197250
 152698
 1068006
 978218
 87013
 633944
 308029
 546802
 313742
 224694
 758817
 204018
 401177
 912370
 185464
 442564
 233831
 365087
 388866
 594958
 998289
 670703
 133779
 940207
 225046
 351278
 939446
 99310
 71621
 814197
 876276
 540247
 253673
 1022900
 464915
 757870
 997200
 719243
 281605
 482814
 488073
 663295
 338582
 936913
 219486
 875717
 768830
 673051
 358033
 1078491
 975833
 244952
 74795
 147224
 438692
 626374
 161514
 446852
 580632
 203908
 524411
 793099
 1000543
 926986
 833725
 303282
 1064206
 738769
 1030921
 989559
 718161
 679753
 337549
 664878
 434975
 724482
 923943
 785546
 545909
 994859
 291232
 8654
 343727
 737593
 798291
 295895
 1035350
 173797
 940724
 976063
 322370
 264753
 609655
 194547
 1095094
 312532
 982211
 214982
 245843
 620333
 164563
 1053397
 703400
 542878
 786919
 374523
 885024
 736703
 291438
 217702
 214733
 757008
 818727
 681677
 1000658
 971557
 118453
 980382
 1051973
 363304
 48833
 822429
 65639
 147482
 830533
 943454
 877896
 419997
 672813
 395499
 294158
 86963
 325045
 115067
 656751
 103354
 422313
 369799
 192053
 317918
 395775
 2016
 304658
 892825
 588711
 599590
 8198
 1051312
 679602
 1030886
 936070
 299242
 688865
 407034
 664794
 163001
 762435
 1099848
 161629
 298395
 1087947
 70498
 895891
 658783
 360538
 460446
 368402
 289336
 633157
 523191
 304049
 419677
 446896
 759694
 291090
 689528
 521960
 170899
 62045
 206245
 171122
 1086590
 381733
 569250
 978213
 798631
 119457
 300375
 104302
 855777
 962341
 628988
 1086663
 1028779
 950627
 96767
 233503
 1044076
 128679
 795040
 538218
 1083958
 881477
 343043
 760034
 767499
 609980
 805841
 377420
 974654
 606036
 250623
 1040675
 819629
 8835
 966449
 96503
 861489
 454773
 175702
 680995
 828725
 393112
 130759
 690635
 96746
 240567
 999401
 916727
 325566
 425233
 449822
 260877
 1027509
 485588
 554613
 427597
 620816
 433357
 199256
 444340
 356779
 189302
 120857
 1061033
 698511
 723583
 529598
 241607
 40740
 544880
 468009
 925348
 73984
 303807
 319937
 514514
 522029
 146129
 1026680
 1078647
 546238
 505813
 238773
 44405
 995901
 942191
 358920
 168074
 308224
 304040
 188117
 648054
 655384
 408846
 464581
 725978
 743218
 67334
 103282
 829243
 322690
 910230
 186965
 305864
 622018
 309276
 58925
 408595
 234727
 117320
 769422
 692801
 879781
 616620
 205074
 405760
 863207
 39351
 44471
 386976
 317433
 732883
 418468
 790922
 459819
 632559
 735911
 433932
 236177
 393492
 177760
 128561
 405744
 187896
 680548
 240643
 1021752
 355525
 241851
 871400
 572718
 856243
 766043
 579792
 738627
 1092949
 115044
 954176
 176169
 1073441
 1047732
 958547
 776621
 618274
 700043
 970406
 643929
 877044
 208155
 685380
 327714
 819592
 272721
 256844
 393481
 296794
 265615
 998376
 768492
 269909
 53179
 644875
 698178
 393668
 1075547
 672057
 561833
 144188
 705668
 254547
 848761
 878829
 901094
 201616
 662430
 819634
 749657
 436820
 1030708
 292849
 479976
 303514
 1044867
 612791
 1009758
 926211
 23177
 1018855
 574104
 413877
 650086
 811076
 191401
 248405
 673032
 166291
 1139
 460952
 520509
 578355
 682247
 231916
 759499
 1089028
 76828
 439163
 14468
 1014433
 455646
 209907
 486499
 251328
 696096
 176093
 1061964
 713482
 1007517
 770517
 201004
 257557
 150159
 964250
 850195
 208303
 263348
 180577
 218783
 589399
 1042459
 722397
 549906
 495136
 681345
 820807
 850038
 815524
 578420
 686974
 945735
 140067
 732368
 189336
 1089975
 139356
 895248
 1025882
 127973
 697924
 13370
 939258
 86501
 652658
 126078
 593730
 851444
 916607
 1036778
 835577
 990018
 693425
 323094
 104916
 593453
 689354
 112848
 751008
 182558
 814695
 283111
 729812
 111593
 642078
 1026353
 229342
 781522
 620772
 48992
 11393
 713361
 447317
 53377
 603785
 1003712
 599195
 889373
 118855
 625013
 863859
 767055
 263876
 324156
 1011515
 180591
 777169
 417842
 645687
 581647
 354919
 222548
 960969
 686095
 659257
 895294
 749543
 656414
 1075074
 708583
 251555
 919173
 109254
 832598
 618480
 304065
 157553
 331027
 1079243
 916206
 769085
 1046246
 311409
 814024
 438283
 971853
 147187
 29403
 927868
 895730
 8608
 945700
 553668
 84621
 423135
 695867
 1069303
 957715
 64579
 236467
 889901
 392575
 812411
 380392
 508391
 21529
 275549
 446283
 300799
 287465
 766632
 72353
 417997
 937337
 67611
 654419
 514568
 52795
 499398
 1013031
 542676
 554368
 350809
 762467
 610450
 1062668
 223494
 615966
 1097418
 660503
 876231
 514485
 932527
 1115
 722728
 645526
 135684
 249846
 176435
 67652
 733038
 231295
 419101
 918161
 502956
 921124
 293207
 853461
 491228
 929406
 867029
 328272
 701870
 121187
 547240
 500122
 941226
 714733
 33070
 449678
 241921
 306518
 177742
 208467
 54984
 2864
 357463
 5637
 78521
 736045
 615410
 302622
 691755
 62910
 908128
 232320
 395041
 930779
 958097
 693051
 1090130
 415439
 1008413
 667617
 1084535
 419780
 971063
 783568
 443733
 1040075
 919370
 158301
 861256
 813363
 154856
 734384
 386576
 832559
 101643
 1001431
 511724
 739081
 60931
 607593
 471576
 695190
 279418
 474614
 863796
 181868
 584807
 522839
 650757
 678697
 898285
 374102
 136794
 268425
 787510
 501926
 936547
 533596
 938350
 772895
 426564
 302016
 183649
 434395
 344454
 90137
 531463
 302499
 130734
 307187
 620664
 1015924
 38759
 27475
 881946
 1098605
 161893
 84724
 119438
 854188
 515005
 328899
 839811
 850842
 551514
 1081726
 334313
 215478
 205113
 126884
 969718
 344306
 265565
 887069
 910870
 570016
 857285
 1009975
 573616
 318005
 633818
 724759
 223811
 1030764
 100590
 715544
 374754
 179548
 42039
 339809
 273555
 583687
 484753
 789196
 535718
 104530
 508572
 1091496
 966032
 242787
 248942
 415092
 766372
 867674
 581528
 508699
 868617
 102036
 15749
 895518
 1083514
 6983
 744438
 344175
 44298
 340170
 1064211
 705341
 927911
 697082
 998322
 982994
 853380
 1081506
 1080544
 1052370
 1057284
 823602
 183045
 67917
 196798
 295537
 398436
 874041
 442093
 689720
 385172
 560334
 289327
 858909
 982588
 368292
 1074024
 991410
 373299
 196116
 557687
 266143
 298819
 1098455
 1036195
 863348
 218266
 1009119
 1013231
 587944
 640367
 941855
 580943
 232083
 578862
 138582
 1071146
 137282
 358501
 467032
 13203
 1035214
 584855
 58
 860299
 394539
 405336
 331271
 221711
 336329
 170843
 1064163
 325016
 994378
 699114
 456713
 128189
 705198
 102838
 221030
 215730
 883824
 76070
 449987
 693874
 886526
 347309
 383380
 1060503
 299189
 1073518
 876220
 815592
 129732
 1037468
 621879
 981245
 796379
 162153
 155983
 807016
 1031979
 687129
 733746
 186960
 555745
 454678
 236833
 300279
 462987
 688834
 843812
 420198
 439558
 375251
 1021392
 304022
 762090
 517898
 695959
 1065915
 68940
 335094
 724986
 840015
 643190
 270398
 924589
 420064
 956060
 842536
 446310
 1013036
 1026956
 473598
 303638
 997853
 355965
 1058799
 622709
 961086
 805294
 247226
 1076926
 429524
 355776
 217617
 70851
 1050921
 276715
 78003
 741466
 76508
 1020469
 755801
 607952
 907656
 1015561
 263861
 523842
 88204
 452479
 45455
 624712
 857455
 157080
 896061
 316208
 473822
 475995
 841316
 71826
 292829
 773526
 927096
 293032
 395800
 1001409
 466583
 956970
 950044
 67582
 147313
 168078
 2514
 288597
 1099119
 384954
 215050
 149150
 289103
 416620
 1067206
 73038
 729755
 262485
 307332
 825321
 448122
 296750
 508661
 978480
 395621
 1095983
 949254
 449869
 96771
 135056
 707301
 101604
 519964
 691723
 521376
 404284
 556325
 659887
 619976
 95559
 543180
 617123
 814184
 360158
 959913
 514737
 1055461
 5241
 862557
 890125
 868399
 658768
 611519
 409948
 964253
 241466
 617081
 50885
 981417
 503990
 94823
 27213
 345371
 716845
 258497
 796534
 521148
 428262
 811207
 917310
 269365
 951099
 603852
 585673
 190032
 347893
 631467
 1090408
 958958
 33132
 321060
 469366
 140240
 226468
 800656
 419202
 482417
 1093574
 692773
 446375
 770294
 861582
 230577
 435420
 314918
 172057
 36071
 651639
 1048869
 60615
 840131
 511076
 336640
 953910
 689969
 456820
 497502
 348238
 617205
 909658
 222451
 781140
 292106
 135815
 420120
 1007438
 1052219
 243759
 817845
 210535
 994999
 309714
 787371
 318478
 406670
 155009
 20730
 1075846
 31964
 675372
 352001
 144726
 61677
 11079
 208015
 907226
 950971
 835388
 102298
 677028
 377753
 130001
 927552
 843204
 629755
 416254
 690763
 26302
 306424
 543048
 48117
 108285
 714524
 1069741
 512043
 891346
 929428
 143703
 547062
 963666
 749568
 559697
 717778
 190303
 720285
 172374
 470937
 1017121
 831503
 518940
 438031
 819605
 406245
 137783
 979982
 847757
 579518
 80435
 642418
 410601
 790754
 43249
 1000732
 876524
 400458
 776169
 802645
 774172
 203642
 725024
 926754
 601557
 244184
 349219
 1031171
 953061
 297953
 707914
 453521
 346900
 1045237
 737522
 635284
 1055874
 694708
 58698
 860134
 688932
 179632
 269087
 50506
 807105
 302451
 826619
 679988
 160624
 981191
 755787
 880039
 396397
 454984
 1040354
 93551
 18508
 287703
 847170
 476258
 429865
 1027522
 386630
 655035
 89743
 412033
 18897
 875011
 255389
 102649
 512550
 391316
 223333
 115777
 795638
 950006
 595633
 321680
 236101
 841179
 496152
 401845
 38411
 721987
 269159
 504896
 652107
 929622
 1025964
 640089
 773217
 292486
 174765
 445967
 853556
 87849
 780821
 88412
 451114
 804367
 486360
 61142
 687281
 383119
 229924
 746944
 692975
 1075685
 280139
 746207
 317627
 875667
 831849
 565089
 114113
 1086481
 291095
 914386
 256969
 623371
 836155
 401933
 351352
 1019837
 821345
 441172
 324802
 969237
 155729
 488080
 324174
 629405
 42333
 444831
 367146
 548770
 380154
 1065425
 1003295
 619687
 327069
 257532
 366048
 728504
 670656
 230250
 789245
 880337
 3093
 829412
 469686
 464327
 276543
 433461
 402651
 914208
 465620
 877158
 46924
 967580
 1053003
 275926
 557375
 492185
 257722
 840132
 981551
 277328
 790494
 903927
 1058405
 915070
 220473
 738392
 392768
 504699
 218769
 45964
 847756
 40923
 10912
 819688
 383227
 198659
 984030
 134364
 542432
 539245
 669951
 179498
 478078
 124317
 1083509
 509405
 659078
 927411
 275114
 867608
 386374
 338095
 623367
 1049371
 555608
 356252
 148227
 1063413
 606761
 221540
 919172
 302941
 27468
 774290
 219863
 1093257
 703138
 269
 709663
 654758
 767997
 684881
 922527
 611559
 1098988
 593307
 849913
 406013
 804751
 808837
 574579
 529777
 930621
 484662
 361425
 945780
 615454
 30017
 742828
 157804
 1002998
 34841
 771937
 210343
 847209
 9010
 1000872
 453475
 610363
 1067035
 769786
 847051
 585226
 146778
 361739
 1017814
 805619
 428833
 27841
 360580
 451922
 825708
 285353
 990310
 808409
 175220
 467226
 649112
 45911
 174891
 623414
 248368
 1076715
 475269
 791812
 820037
 169577
 871061
 693737
 144081
 624542
 104203
 418485
 292469
 67425
 143682
 94067
 562867
 368573
 1004
 236505
 563627
 65565
 787
 437469
 447239
 312649
 1007483
 893033
 1017379
 586416
 412568
 599310
 456101
 861709
 489355
 984305
 1031398
 477765
 896958
 558153
 76439
 451703
 1015666
 1068605
 245608
 221408
 963599
 938559
 271995
 608350
 484032
 123072
 457761
 710255
 595852
 841886
 367504
 106483
 562135
 886002
 906641
 36492
 744548
 457766
 380808
 182349
 1035524
 720594
 806619
 400152
 934233
 501875
 971620
 413062
 718556
 218231
 766464
 356251
 470530
 700470
 157544
 870766
 495565
 888332
 683327
 208909
 814766
 639191
 632405
 611944
 439009
 1098367
 647763
 994800
 813691
 923479
 530130
 136607
 616667
 345879
 332769
 849072
 958721
 551247
 1096087
 20391
 130412
 925913
 256653
 258071
 963472
 964863
 1026003
 580165
 812647
 40926
 149770
 26448
 548089
 342487
 857232
 366034
 451345
 115011
 717146
 74557
 24367
 1053311
 989524
 787858
 1090012
 1065207
 835069
 711632
 839009
 479501
 1071829
 855896
 587369
 413156
 1051836
 502149
 383096
 629315
 511511
 844337
 723764
 594869
 467354
 637661
 445610
 1013633
 76604
 711457
 178016
 223572
 542719
 358910
 543094
 599377
 135864
 738317
 565875
 459239
 337011
 957556
 363411
 21832
 105744
 453614
 475435
 784014
 1022803
 974233
 539166
 994351
 395464
 755846
 568972
 616304
 302015
 1025060
 779716
 128859
 387072
 577280
 192729
 954170
 340588
 476133
 682460
 1056634
 651959
 910611
 274162
 345827
 185753
 1003648
 2048
 109332
 294282
 272641
 682457
 791356
 123601
 255273
 214863
 185171
 535784
 953077
 447229
 1010641
 265290
 1014114
 354315
 371304
 18277
 21197
 484206
 910999
 58059
 480586
 8869
 525234
 428588
 488869
 559474
 229966
 993848
 381316
 324062
 237684
 117673
 678008
 1094807
 415582
 125896
 429341
 240049
 785384
 416746
 854052
 91599
 25636
 209278
 125927
 301186
 696399
 731459
 772750
 777988
 23769
 572362
 58417
 122399
 981543
 671019
 181324
 1095329
 345645
 979730
 1041264
 671637
 837368
 761496
 714834
 419410
 1040793
 78946
 319512
 413109
 331384
 788250
 743856
 506758
 780328
 979629
 194600
 205269
 479987
 15280
 92615
 346164
 271500
 78503
 152542
 97349
 753668
 188558
 1008780
 906272
 931832
 120393
 807432
 785848
 392308
 421828
 14116
 564996
 788897
 502150
 568234
 818557
 136805
 186041
 1038746
 707056
 265481
 676479
 249887
 846399
 514781
 12917
 990088
 514057
 808361
 239153
 668368
 690665
 576986
 998519
 16940
 1040078
 886974
 1020353
 1054737
 977257
 910187
 744340
 1088798
 430277
 738244
 959301
 300785
 87301
 405819
 434084
 254065
 574498
 423423
 446324
 249123
 163244
 567685
 379887
 433527
 494857
 1063677
 773180
 563578
 515470
 1090754
 639037
 97599
 432863
 233440
 661967
 432082
 26892
 355838
 13315
 31489
 213442
 526483
 341598
 372978
 271897
 640107
 494594
 500181
 333947
 262678
 290960
 409929
 808705
 93838
 939494
 684616
 308618
 848353
 395961
 855722
 240470
 1076148
 100080
 820193
 878867
 309919
 312001
 1056859
 735403
 116843
 116469
 422526
 1036393
 566129
 712863
 630364
 937779
 998033
 966086
 53489
 1071598
 586279
 124160
 524912
 312412
 281239
 161985
 393049
 779079
 785871
 18127
 521741
 308179
 546559
 164382
 384065
 678982
 451598
 92993
 81420
 842226
 393070
 232257
 743554
 323249
 245062
 565727
 478701
 928784
 775501
 839709
 217580
 618002
 974981
 205207
 220717
 99199
 322125
 191170
 190657
 394135
 638597
 494635
 856161
 218207
 453032
 947626
 728982
 882702
 313290
 1067820
 1092506
 342967
 796958
 773665
 14801
 680006
 1075371
 935166
 983162
 190363
 404661
 836225
 572498
 66309
 11815
 204099
 41665
 296652
 700561
 529076
 864287
 1029396
 1051091
 976265
 565634
 115245
 42898
 243461
 48142
 312967
 732137
 907003
 1021437
 605665
 258986
 960249
 760844
 558407
 979729
 444125
 207970
 906996
 949994
 150187
 438570
 284573
 80009
 1053405
 893923
 751271
 1031140
 755199
 436894
 421969
 804416
 720027
 1077427
 702141
 369638
 697165
 486773
 515499
 413256
 667769
 5541
 24418
 457792
 711523
 559385
 43682
 1045458
 291178
 1014483
 859736
 994599
 777969
 500333
 591080
 864747
 75194
 44677
 501316
 290116
 694666
 450313
 27351
 616174
 841677
 431265
 90158
 907289
 579227
 97857
 72503
 1048757
 453251
 661816
 700363
 455458
 412052
 1034536
 344329
 893375
 733643
 810844
 210112
 914752
 818052
 658301
 667442
 508205
 247712
 316553
 26965
 366481
 87471
 1080634
 576775
 226285
 845067
 950450
 154236
 120207
 1090007
 41190
 60048
 913030
 682599
 789445
 929302
 859585
 230282
 378936
 179390
 454425
 444849
 669560
 57289
 208946
 437871
 557932
 294312
 616214
 693074
 503647
 158742
 231206
 385565
 456865
 703429
 202602
 219128
 948177
 435967
 877536
 566852
 254680
 418142
 430189
 800859
 225341
 698403
 1010196
 248646
 784538
 490588
 167343
 965286
 484349
 1093227
 973595
 91399
 366563
 492557
 116474
 821495
 1034726
 1004418
 848232
 547287
 858079
 1067544
 662478
 1052431
 569963
 145512
 499906
 1028385
 11278
 566785
 829299
 272795
 292005
 730377
 200922
 177438
 1040516
 153931
 895139
 622654
 608043
 1005430
 510392
 951236
 793579
 1090981
 1057907
 360380
 331020
 269912
 1090936
 241086
 455248
 1037544
 881548
 281540
 315360
 530045
 1057445
 303844
 308227
 137950
 214098
 732033
 964774
 437980
 730716
 624242
 735193
 982408
 413614
 772826
 987814
 987127
 90819
 1010641
 603251
 982910
 861530
 778204
 99131
 175225
 464361
 522236
 834430
 953949
 79397
 640413
 867475
 786311
 550671
 221433
 136569
 661099
 670962
 397437
 1084525
 984802
 57649
 605739
 1079838
 285402
 496935
 840754
 991550
 37782
 464143
 630650
 28291
 208100
 281077
 336334
 464919
 380254
 785949
 302284
 952258
 427785
 397275
 1081696
 896273
 182008
 812667
 125281
 428365
 394254
 918321
 511501
 434180
 378561
 112418
 1091671
 605336
 451858
 276851
 588998
 164452
 597977
 162682
 286005
 130651
 535065
 459706
 248885
 209558
 43886
 33694
 583603
 808996
 970516
 494402
 684092
 1024877
 995667
 918048
 309231
 930896
 585555
 513933
 819743
 227489
 1056611
 528819
 857116
 1072327
 950879
 572326
 243868
 704992
 789194
 953823
 909346
 911535
 986324
 483589
 233457
 568222
 775034
 505056
 577719
 1034940
 515599
 437250
 1053551
 226307
 547315
 424870
 657504
 88404
 547336
 685791
 1085696
 1066939
 635703
 612893
 144769
 960708
 1083806
 645771
 614842
 769952
 130866
 481187
 271665
 740866
 1038663
 271096
 861287
 806716
 439876
 917819
 1058925
 952933
 790352
 16703
 1098833
 870152
 152224
 813060
 583900
 234707
 1054269
 921000
 285681
 634784
 879025
 296815
 73262
 882086
 163727
 89348
 552246
 1090197
 747433
 139098
 847348
 314614
 194088
 176769
 512398
 891733
 270835
 831265
 327620
 796961
 930419
 544179
 306229
 240537
 669807
 918685
 459191
 864269
 1067814
 55863
 615837
 283567
 522462
 259500
 1008874
 9521
 381440
 781620
 1016850
 252541
 1075903
 176219
 112916
 1010984
 680987
 786307
 1029385
 135522
 961863
 719622
 1047454
 979855
 1061110
 56918
 1051374
 517844
 7325
 81518
 449679
 617131
 1062631
 518425
 64663
 222301
 126153
 204633
 676982
 701123
 646979
 3527
 609855
 516077
 747083
 393495
 1034402
 279756
 1005221
 446901
 665363
 137059
 966640
 282405
 762354
 484012
 864124
 165156
 20744
 736038
 1010832
 597114
 633626
 505998
 820449
 884527
 811048
 382910
 907089
 75161
 627349
 842959
 763637
 281043
 233833
 221846
 578642
 706599
 411173
 213875
 15885
 362638
 604829
 232197
 809980
 880979
 388364
 72379
 837380
 801061
 241254
 200193
 261297
 905349
 413530
 284341
 568276
 535730
 181721
 444743
 834999
 173646
 251653
 356974
 819559
 380693
 652861
 844558
 804011
 1054152
 273231
 75633
 1020319
 33794
 874136
 567881
 259920
 798416
 23749
 839354
 920056
 517977
 602029
 847639
 282461
 133287
 73259
 380526
 450611
 579582
 156349
 793452
 1038743
 649174
 587157
 689489
 631056
 847491
 72514
 636103
 615070
 851714
 421628
 727495
 917263
 858290
 440636
 529683
 79000
 202889
 856898
 575136
 835772
 63284
 1038411
 487538
 115089
 509390
 625690
 74472
 689429
 794596
 1030100
 1034573
 51020
 575610
 22567
 599507
 9146
 37854
 1009223
 343623
 1025832
 708465
 219381
 428937
 190051
 397336
 292436
 211066
 146348
 638841
 199946
 657390
 749799
 28198
 340742
 523462
 846082
 1008735
 179653
 287992
 871213
 567121
 858911
 565502
 653131
 245153
 421917
 90923
 766799
 691486
 67513
 61465
 387889
 59325
 18879
 778812
 465520
 182596
 334459
 511550
 505977
 364391
 582891
 784528
 334531
 594112
 61579
 273279
 408371
 901121
 272123
 763048
 1043764
 353981
 651112
 103270
 715050
 189959
 326956
 278326
 894387
 307125
 1027169
 116374
 981930
 133006
 926565
 440973
 974828
 26794
 522028
 1014980
 988002
 885175
 787462
 223857
 483498
 543539
 881818
 757077
 565468
 602627
 117429
 547507
 1097428
 752911
 580853
 130667
 118279
 272201
 868369
 777085
 812737
 869341
 553343
 687237
 808337
 910036
 10740
 1032320
 774790
 250710
 484566
 854425
 510912
 994430
 672589
 624873
 917148
 72189
 78206
 1075516
 979794
 881465
 676063
 1061963
 282521
 506446
 232940
 360095
 287134
 188022
 132306
 650692
 654598
 871507
 200739
 682842
 374667
 233775
 296062
 924711
 315930
 1066591
 709376
 2567
 753546
 67776
 480619
 257222
 236890
 110474
 277861
 1098075
 939844
 80653
 890099
 427151
 370224
 664027
 772886
 738910
 519749
 1055138
 634207
 545526
 486815
 813866
 1022111
 639019
 306507
 619475
 598356
 560925
 962592
 723643
 653542
 1043436
 194514
 602128
 15689
 487728
 1028289
 97959
 1080478
 930808
 1092259
 659970
 101256
 671930
 367680
 423576
 422448
 198309
 484008
 463755
 420241
 1074144
 40534
 593154
 998634
 1091374
 223455
 918171
 354121
 151449
 1075839
 335054
 1031879
 902918
 682721
 436521
 631949
 126302
 188624
 821283
 757366
 920859
 142423
 729676
 65848
 469
 80135
 364060
 378077
 441288
 1079503
 337883
 104973
 1027064
 121937
 810668
 270039
 288360
 974132
 238
 278227
 705494
 515932
 434349
 73830
 317098
 36557
 103852
 101050
 605249
 819177
 339225
 680328
 7327
 714547
 36007
 926426
 720713
 432726
 913255
 731956
 627994
 689887
 29211
 1067695
 309820
 456001
 737228
 901761
 556243
 647067
 462484
 140802
 502260
 331431
 48410
 940253
 665485
 297863
 505496
 787303
 218584
 378342
 879255
 419540
 1096687
 807102
 577246
 772985
 32267
 99684
 126376
 237175
 650880
 948714
 386034
 938233
 301379
 477742
 435922
 1050947
 1031963
 52060
 553557
 842988
 454731
 210341
 1056760
 459761
 390156
 654908
 482308
 319308
 505093
 31259
 129846
 870868
 564888
 789510
 379576
 359837
 751
 932944
 419772
 316455
 274710
 645636
 481208
 117388
 580488
 537514
 866110
 104926
 124633
 911669
 466078
 1042638
 308272
 955794
 874174
 203115
 807572
 204768
 862310
 262169
 105910
 831855
 124670
 486963
 203845
 559550
 958950
 635398
 810113
 999201
 724442
 799166
 395336
 185777
 248142
 290248
 574539
 195916
 761062
 664102
 374722
 659284
 520422
 963179
 867396
 837286
 750316
 998155
 539116
 1073052
 934685
 447292
 1013155
 540277
 517696
 331356
 621435
 402464
 670266
 426663
 542854
 371025
 947808
 357637
 109269
 870785
 981041
 105469
 183102
 26034
 760928
 1041019
 244886
 63688
 403318
 744711
 803424
 622421
 1063916
 428484
 406098
 221420
 652043
 479145
 894755
 228107
 151817
 868834
 167550
 1079473
 189767
 68195
 884202
 418368
 685076
 432806
 886242
 347187
 639889
 184739
 374139
 8263
 1073066
 827856
 618815
 422819
 614182
 810434
 412385
 297345
 745120
 695326
 1098951
 718428
 999094
 755690
 889012
 405800
 855644
 957109
 147457
 965457
 93530
 348785
 379412
 166947
 1015303
 26242
 818241
 696057
 76614
 1024698
 766018
 677708
 63079
 880923
 412233
 665637
 482162
 519900
 637398
 436626
 975078
 38943
 408287
 876677
 983646
 254286
 455223
 44528
 1093242
 856233
 926817
 60908
 84648
 898438
 774751
 1038873
 945916
 57227
 322856
 719386
 97590
 31842
 773591
 470326
 230174
 327438
 354791
 277780
 754791
 1021524
 850063
 869306
 644120
 767028
 988864
 530970
 1088089
 292863
 134880
 698983
 509562
 611662
 613415
 437536
 925637
 450415
 933199
 850962
 470622
 301331
 32151
 1061154
 799849
 222614
 465311
 198323
 739251
 220084
 346569
 259483
 859487
 959000
 887287
 935721
 58251
 202353
 167865
 531111
 683277
 354168
 339801
 964037
 945663
 717503
 447036
 142691
 1007245
 338015
 188888
 268812
 413143
 975493
 724989
 452287
 215476
 435647
 940207
 744905
 727787
 287872
 756861
 801061
 433704
 1063945
 950210
 567723
 963895
 141725
 87655
 874675
 119045
 417445
 412996
 815359
 212990
 516781
 59643
 31511
 1074592
 747038
 92186
 428373
 201270
 577567
 616175
 798101
 62808
 253102
 787426
 393415
 859806
 196920
 341736
 821581
 80870
 196023
 1013185
 4887
 270219
 789124
 338862
 723959
 237918
 233527
 719941
 337948
 301213
 739677
 914902
 277779
 425909
 303060
 368584
 206823
 410727
 652433
 619980
 415542
 1062302
 16970
 784485
 115426
 445280
 248999
 38869
 492681
 85943
 267173
 357984
 330837
 386027
 740349
 1055555
 107953
 930076
 34598
 838033
 868489
 305184
 454997
 459706
 142810
 95683
 806329
 1093610
 64321
 160203
 173415
 854682
 757890
 855333
 112996
 622725
 1015387
 114350
 487361
 1061030
 241574
 962977
 113908
 922783
 574324
 425186
 925665
 310923
 544230
 167721
 420549
 877551
 245091
 292261
 192104
 249215
 842090
 993863
 933092
 648189
 606515
 20699
 472003
 80422
 650223
 852858
 426704
 409631
 1046709
 488844
 272330
 950368
 486473
 691001
 145469
 432215
 674773
 761615
 502140
 598056
 384238
 784544
 264291
 530635
 13868
 547438
 670910
 309208
 389030
 959027
 107688
 1081865
 536380
 762709
 672736
 1080949
 969817
 969723
 295291
 595802
 189848
 464216
 535265
 9352
 621322
 245609
 147368
 642427
 367475
 904912
 261895
 135166
 270406
 611899
 288685
 589562
 1082930
 416494
 336705
 118112
 245196
 466053
 897192
 24887
 456354
 145178
 92442
 71981
 134347
 544379
 663953
 550157
 879386
 533627
 787244
 601287
 815976
 940623
 1086816
 707152
 992891
 864189
 798331
 945456
 683465
 255710
 846951
 258658
 300829
 466104
 1023906
 746786
 392301
 1097220
 85080
 218464
 986164
 496722
 180964
 153920
 230281
 156053
 175932
 381995
 961178
 353562
 1088425
 625868
 173630
 142642
 34891
 309497
 75931
 277454
 756383
 79724
 778943
 1078305
 118106
 678521
 1012668
 806688
 603011
 802105
 1096209
 737480
 439159
 263988
 223718
 1064441
 450352
 975264
 504925
 100779
 620070
 901096
 157252
 868559
 61705
 567538
 317597
 762029
 95126
 88433
 241663
 110593
 794860
 370982
 939228
 578258
 506687
 205326
 1077829
 259881
 888043
 581060
 963654
 402829
 907464
 692168
 1040159
 790294
 1068715
 282451
 192335
 346938
 158467
 872510
 578658
 954222
 73077
 1096158
 281257
 881795
 190802
 646082
 368397
 1003579
 61825
 26422
 65627
 16179
 352576
 1099533
 187963
 1093037
 346291
 750173
 35328
 795715
 159822
 893285
 200531
 1063451
 94379
 701502
 650940
 115461
 696224
 1081265
 74087
 969780
 850168
 908231
 740655
 320970
 83146
 556807
 112236
 778389
 155218
 225222
 744105
 219669
 865032
 436992
 959955
 215896
 941285
 243087
 933299
 279048
 1023951
 379753
 986525
 914192
 618196
 644479
 180266
 921409
 200325
 825626
 429849
 543385
 39665
 586025
 740318
 269972
 409379
 788384
 438536
 686224
 902467
 977074
 456565
 620155
 541599
 752916
 1001093
 546501
 1054010
 411867
 185623
 1098192
 830417
 689929
 817782
 315048
 31830
 328228
 537783
 959443
 223684
 686169
 110601
 195805
 63374
 460099
 575874
 835416
 1003901
 837824
 233672
 1006509
 563064
 1037709
 100138
 487627
 114202
 586852
 1033396
 1016593
 857536
 482744
 190072
 430274
 870406
 988227
 660182
 629546
 705041
 348218
 508047
 215824
 214272
 479224
 607322
 457351
 145532
 727542
 462972
 151876
 182399
 440998
 34090
 261647
 404459
 1072096
 346833
 74073
 841894
 833699
 539199
 956418
 777644
 755922
 427778
 659970
 1039141
 478143
 334943
 187868
 877081
 742615
 576293
 88968
 462036
 1078897
 546832
 222726
 429874
 382706
 688791
 714859
 440912
 760759
 867895
 981317
 967023
 462494
 873955
 315600
 765084
 695687
 123406
 696548
 83360
 1001322
 692013
 920986
 1013980
 539918
 201198
 201771
 886234
 137606
 1094646
 1037018
 671733
 365478
 916037
 932766
 699944
 351147
 856403
 924674
 806116
 684486
 1059284
 1025127
 59294
 400746
 766425
 1092050
 740313
 252453
 698202
 853717
 106581
 45073
 115642
 281781
 355727
 252470
 693842
 293817
 985769
 972112
 513734
 226246
 222097
 191151
 907017
 709876
 259212
 973266
 556930
 1007088
 906052
 186043
 118341
 519537
 531340
 1047975
 278756
 980354
 1049185
 259584
 91206
 716264
 452622
 337141
 483994
 748614
 587141
 69314
 626573
 829382
 603634
 1019157
 882257
 1092738
 940994
 351540
 479646
 643452
 901114
 983419
 761432
 626718
 548490
 959512
 423228
 741127
 1098711
 595397
 117413
 582603
 678454
 915116
 283555
 944375
 1071534
 600848
 190534
 522344
 401007
 133765
 973358
 252596
 1038510
 424286
 652497
 101573
 732332
 931895
 26577
 313545
 217048
 1000778
 345093
 249568
 1061505
 275322
 303790
 141544
 581869
 971423
 736661
 649500
 276425
 523138
 823546
 372285
 336504
 318523
 282302
 177249
 87017
 897837
 676066
 794597
 152424
 32312
 779651
 686442
 430527
 267800
 270420
 550352
 182178
 928812
 833877
 14183
 141196
 1065481
 935055
 346882
 1083764
 945860
 147892
 223126
 739893
 31919
 45683
 489662
 143547
 134856
 101340
 782588
 1078757
 832331
 870324
 411584
 722371
 819690
 415555
 199001
 576670
 350880
 949607
 449427
 485197
 1077709
 573275
 761308
 510517
 711335
 708428
 305989
 665780
 24773
 332594
 902131
 929340
 777597
 114557
 176359
 58683
 396564
 883113
 865740
 130521
 182351
 142018
 638105
 145025
 77488
 856159
 695247
 821154
 136544
 869439
 284509
 90018
 758224
 23916
 366032
 810475
 830593
 269415
 495556
 681623
 172709
 1058158
 402980
 801326
 419470
 84863
 609666
 531562
 33145
 1003652
 858085
 935474
 758766
 642854
 264652
 199638
 505372
 190252
 1044014
 1005069
 465756
 714521
 438657
 368383
 107287
 364618
 752240
 300854
 313292
 126013
 785870
 720348
 740229
 142710
 60798
 182821
 1058185
 748634
 365970
 909009
 938278
 288399
 789941
 943438
 604697
 1085509
 566950
 339877
 456690
 787014
 61783
 587410
 831307
 197610
 187494
 514300
 902714
 186189
 506585
 298454
 108509
 286821
 424080
 343562
 73763
 176856
 170423
 489191
 664480
 86761
 153512
 476040
 50935
 746126
 486137
 455106
 436573
 688338
 206048
 783030
 1007554
 1011102
 199922
 730538
 444012
 1020830
 1044379
 1008077
 854148
 817213
 120234
 450416
 981282
 291657
 590134
 890079
 771394
 755566
 721023
 278591
 880992
 371412
 612506
 241710
 1063969
 604752
 736198
 669730
 100552
 562355
 280020
 821055
 1060913
 477571
 468644
 925155
 435090
 86636
 1090450
 205969
 175085
 991701
 809509
 427329
 294715
 85353
 797193
 902001
 328908
 963517
 168442
 414231
 178114
 857811
 833428
 514591
 407802
 796785
 799487
 914757
 130994
 438802
 478376
 387541
 305352
 198486
 1026051
 912567
 362026
 13309
 822317
 814947
 156419
 76490
 365914
 865766
 131061
 814797
 696632
 881073
 1080629
 318870
 589077
 120854
 514568
 3814
 408413
 805453
 850711
 654650
 366709
 353909
 37421
 172696
 453666
 810013
 976908
 616343
 989548
 573135
 158857
 233911
 551854
 590302
 81048
 673752
 787772
 977314
 433414
 620235
 855417
 464699
 677525
 384992
 405111
 116054
 952322
 1080563
 480287
 941292
 959993
 728673
 930680
 46012
 548954
 801363
 134114
 491353
 100433
 136852
 907738
 1010726
 723294
 359676
 334824
 802315
 58012
 98736
 116668
 949926
 209274
 46952
 224670
 720508
 604126
 191388
 233756
 85222
 511834
 958338
 119274
 330838
 516241
 902559
 610027
 324315
 1027540
 788504
 182468
 665633
 803595
 288016
 402588
 125534
 416604
 76385
 758505
 429689
 589913
 703787
 892925
 193929
 1001738
 92101
 75560
 532565
 567026
 668487
 458402
 563373
 1072352
 290957
 588212
 1089
 421950
 976315
 323623
 36978
 214974
 133023
 978854
 359464
 691563
 1005120
 1007246
 688079
 653803
 430938
 750885
 251813
 914589
 808883
 394285
 682829
 583282
 841191
 341569
 741897
 1089619
 780586
 543948
 471140
 592012
 898150
 638536
 146802
 283625
 255252
 254850
 1027564
 846978
 113526
 510477
 1064736
 357824
 150232
 689826
 218195
 658741
 733867
 566307
 607947
 5678
 141947
 1094921
 747114
 315697
 806084
 673019
 187990
 310803
 390556
 988499
 882153
 367927
 998349
 204621
 680207
 286236
 126774
 215343
 905367
 463886
 1031636
 952379
 956520
 296386
 419605
 45729
 32621
 69115
 457139
 218499
 130074
 366706
 710314
 375763
 541894
 387186
 603299
 31414
 336104
 948993
 507459
 962014
 1097921
 860038
 637927
 576544
 380765
 223589
 836040
 536280
 60015
 1014306
 1098548
 161635
 97334
 1051874
 948493
 492973
 48937
 742088
 1071568
 817779
 951989
 583553
 904166
 245895
 1037478
 527888
 809793
 496405
 117388
 785988
 837895
 684685
 563356
 333895
 249028
 760004
 631124
 262591
 245660
 384289
 399804
 672511
 257172
 922097
 169134
 148694
 719478
 116016
 979968
 309042
 314951
 197928
 438809
 483461
 14601
 526605
 141908
 825311
 188641
 834560
 249759
 892473
 296965
 290749
 482025
 299315
 493621
 942138
 586830
 775644
 16006
 1083356
 1075097
 560508
 125630
 1088777
 402420
 847599
 721055
 441081
 204491
 276413
 1029995
 349150
 205268
 970683
 600213
 813964
 671828
 695029
 60427
 644592
 959610
 171806
 520682
 664147
 294515
 793899
 99900
 377982
 365154
 237308
 394545
 669503
 271580
 11532
 241070
 567956
 1050436
 607661
 792785
 773554
 774852
 127592
 808104
 356104
 807473
 854235
 486662
 935153
 586022
 370716
 656394
 166762
 457256
 673795
 1003432
 651647
 949895
 271864
 697785
 760471
 179567
 909617
 490234
 1083445
 260202
 299753
 825236
 574438
 287354
 511602
 212821
 117890
 1077715
 567285
 570004
 346778
 559826
 493733
 381362
 700196
 108431
 1089358
 756383
 908994
 944344
 839490
 34574
 947701
 228058
 752767
 502436
 273853
 741627
 1066083
 106342
 831298
 465740
 444803
 156084
 385005
 898255
 704615
 667448
 855248
 937019
 128418
 981885
 499032
 999485
 970295
 1016473
 558510
 375443
 849899
 860514
 687027
 665030
 774540
 358341
 126841
 645490
 1088678
 75254
 161044
 957757
 62863
 550283
 354677
 63675
 896561
 569417
 897527
 235108
 820375
 163103
 885655
 725704
 282986
 840712
 509511
 633278
 641783
 33692
 848757
 802423
 319868
 854556
 6054
 886676
 1079197
 1058139
 670686
 692470
 1025711
 446314
 972501
 452837
 368049
 433860
 230511
 245061
 427232
 354175
 1009909
 934388
 216795
 475362
 796760
 154654
 658856
 20339
 349947
 89530
 78252
 365228
 1014299
 938474
 897024
 471379
 249004
 707372
 368824
 127376
 415374
 622935
 983464
 923464
 285962
 487785
 763106
 105862
 135803
 492336
 102356
 431975
 222208
 673687
 829302
 721241
 1015345
 83285
 236714
 91528
 105812
 334308
 910119
 397581
 968715
 956930
 303667
 1041677
 1006831
 113549
 462621
 494010
 507867
 957883
 994462
 391009
 936541
 312864
 328776
 295468
 597768
 466608
 813663
 632653
 719064
 590329
 984013
 488472
 359180
 398551
 608493
 452564
 344548
 499419
 663442
 675452
 243775
 178902
 840738
 835466
 79958
 957095
 513595
 862839
 243519
 906871
 206080
 295274
 561109
 25138
 439732
 363375
 473205
 360793
 279248
 582068
 1016247
 1003196
 883971
 381554
 632550
 354977
 38838
 493776
 875748
 477142
 1092660
 357039
 742604
 592833
 659167
 83554
 268670
 659861
 1067705
 728701
 584831
 537444
 351457
 424951
 766929
 767203
 430055
 16075
 390575
 52410
 475078
 386077
 801345
 402153
 91671
 889946
 562550
 111385
 776997
 881460
 650734
 396498
 405862
 723094
 50518
 815782
 1088960
 255758
 680734
 250515
 789348
 1070568
 700847
 154958
 937861
 888490
 804350
 471713
 719167
 692242
 627311
 473287
 813039
 673403
 482027
 843183
 495907
 864979
 789500
 95347
 891171
 438722
 68048
 652767
 50251
 875015
 430323
 903092
 670053
 520069
 875078
 545466
 908593
 68032
 592596
 1048600
 713917
 228433
 432839
 298964
 825956
 970337
 147119
 589439
 873582
 914848
 62645
 80252
 354022
 1050636
 186844
 451715
 1038626
 909293
 911868
 97561
 866304
 100890
 186061
 366105
 913524
 70502
 5157
 623472
 247430
 602920
 44003
 3969
 418890
 279880
 4723
 447936
 813694
 729143
 857258
 224776
 322959
 727366
 177362
 944140
 312680
 996406
 380938
 646845
 41517
 771353
 791492
 496503
 167276
 1015325
 663293
 385386
 997347
 144628
 948428
 631168
 516620
 882782
 1032679
 421003
 514941
 880133
 334373
 27773
 301505
 569831
 842568
 399107
 95272
 570401
 819082
 1015971
 169140
 437885
 209916
 844567
 90013
 852279
 903021
 223328
 292726
 605096
 869944
 42150
 609155
 485941
 696839
 97470
 494079
 309085
 951529
 198108
 1025247
 1012045
 1087906
 1016812
 400786
 386917
 383917
 611454
 1016741
 357357
 448643
 197718
 425157
 799374
 72523
 899178
 692032
 590359
 322554
 538446
 599764
 763484
 1036915
 467674
 791213
 121757
 661303
 366992
 286365
 902573
 903164
 192707
 316451
 1016653
 800095
 61811
 858931
 371501
 24663
 296028
 836812
 809071
 530176
 611928
 1021668
 455071
 523567
 254101
 852371
 435976
 664998
 646710
 164274
 656029
 542615
 1044029
 1027619
 258544
 825948
 105999
 312627
 1034071
 328419
 254028
 367860
 832707
 90076
 6685
 392893
 8277
 629577
 34117
 1076599
 532533
 763569
 93103
 1034247
 844013
 946780
 123300
 296332
 62807
 953328
 186753
 146522
 678014
 308441
 280235
 1097736
 202395
 850609
 1082913
 473175
 631706
 520554
 349976
 1025957
 608699
 574778
 513599
 1004134
 1076381
 272443
 1042631
 917523
 291
 131047
 926444
 874305
 283184
 632105
 489139
 957212
 1572
 1031939
 501090
 49456
 668209
 797377
 826760
 369954
 344002
 425931
 1069434
 4071
 303138
 383293
 985714
 364519
 181946
 1054627
 281278
 827115
 837620
 486431
 735186
 805408
 279280
 874195
 192401
 142029
 213550
 951323
 556761
 915704
 111020
 457298
 305255
 832856
 967921
 696297
 407484
 415210
 971003
 549795
 366116
 707586
 543566
 60800
 841381
 1055770
 879702
 694188
 88428
 747389
 342343
 461416
 386487
 932869
 1092171
 733257
 256692
 309297
 968887
 799027
 302660
 911474
 137158
 274650
 183827
 934259
 267411
 817253
 20465
 134557
 898370
 759843
 1016748
 1080086
 855843
 355959
 478031
 783234
 1019133
 389569
 948545
 896074
 604961
 878344
 746184
 481478
 291103
 641310
 352030
 299021
 7544
 24840
 11447
 699042
 772995
 44184
 25110
 1087086
 913677
 491026
 579636
 228336
 291365
 387942
 184921
 305840
 169621
 372103
 116334
 971000
 206270
 531932
 956569
 1035634
 852917
 924124
 314739
 509932
 575760
 578169
 949968
 392707
 567857
 166612
 976543
 109631
 1052055
 1035971
 191887
 199994
 190503
 544993
 419931
 898917
 388262
 709887
 1023667
 365331
 162199
 806506
 361516
 476605
 119810
 685653
 748487
 388207
 824256
 119719
 782641
 517547
 983162
 710165
 226527
 475410
 865272
 134953
 563283
 478216
 983966
 823055
 1038203
 622578
 614927
 170710
 788646
 465945
 267008
 560841
 865555
 258763
 1003144
 858327
 724437
 341633
 1079365
 290814
 291209
 34260
 195923
 255601
 574869
 1056751
 181697
 26230
 837460
 69252
 43205
 939412
 162188
 823382
 353724
 462628
 25930
 636041
 374056
 338235
 125270
 354837
 514181
 807209
 730328
 630192
 968909
 1075022
 645388
 92393
 922373
 934096
 683268
 23812
 833074
 330453
 416540
 1001498
 554366
 481387
 1017734
 512598
 147158
 784402
 837923
 565989
 166729
 1056901
 987664
 600390
 825544
 932953
 127050
 276324
 782166
 979919
 245685
 297578
 762394
 17998
 464239
 913842
 1066111
 417869
 452116
 692180
 358489
 472185
 642773
 256388
 249148
 425272
 28322
 68116
 366389
 507852
 895002
 971895
 569914
 303879
 792607
 36965
 74238
 637955
 631174
 13559
 1052145
 584370
 758545
 572550
 404215
 400033
 648455
 646067
 1053944
 1094579
 949198
 971810
 228986
 687601
 55096
 277330
 500497
 568075
 74085
 148091
 300209
 538700
 527808
 496915
 350876
 539262
 565816
 898307
 992249
 410578
 245288
 449692
 781767
 864761
 667958
 560841
 619023
 881585
 57139
 429390
 694720
 948504
 1052278
 428861
 862292
 774364
 347332
 564680
 715414
 509082
 666890
 44282
 952372
 832677
 697851
 1053617
 562307
 280708
 933590
 44005
 609065
 160426
 986543
 905960
 514434
 808262
 1071544
 680756
 920772
 378738
 1043433
 98772
 1052643
 237175
 183908
 7292
 659724
 164771
 140913
 920074
 417421
 572253
 967457
 636866
 973801
 55499
 299707
 187897
 1204
 157818
 420278
 225769
 670882
 1004991
 519544
 242018
 644981
 510072
 862198
 418951
 1085770
 181673
 282034
 700174
 90631
 767466
 207587
 953812
 245347
 445711
 900319
 789114
 915844
 662886
 1016699
 36414
 942386
 921802
 574608
 275049
 243658
 994929
 686955
 183165
 448329
 1052124
 1065782
 1038834
 292835
 205938
 32289
 682097
 517118
 667012
 264938
 991793
 363769
 293584
 135411
 876509
 847073
 716349
 441346
 1088076
 235875
 224357
 545939
 479114
 1011473
 245596
 842692
 382698
 282879
 447831
 659526
 499199
 1011822
 673603
 279195
 125931
 963668
 978868
 120516
 337129
 1001751
 434905
 365248
 563357
 758619
 84538
 81651
 457874
 901741
 82052
 699939
 78796
 813834
 72339
 346881
 876510
 19928
 225918
 908308
 809835
 13327
 869389
 807255
 648292
 889990
 242704
 245670
 967966
 971223
 361954
 991239
 49771
 725070
 268690
 805169
 427536
 247219
 19230
 134939
 756496
 670225
 630253
 307668
 469158
 243771
 765122
 742190
 709270
 149655
 320191
 27197
 61610
 951537
 721030
 549152
 814975
 26111
 219389
 528928
 640282
 967642
 545826
 1077092
 11017
 218845
 24061
 696479
 302453
 513361
 918903
 227665
 12238
 679925
 534258
 264939
 227648
 795590
 619824
 555154
 994487
 150540
 142157
 276449
 433995
 53413
 381426
 525780
 774216
 445831
 612943
 219031
 7228
 484742
 1056112
 747180
 1081192
 297397
 812114
 146927
 963660
 168046
 645948
 405244
 517894
 249423
 466287
 200298
 313143
 321943
 580674
 614427
 1093474
 191503
 315183
 309367
 286807
 458858
 255238
 1046552
 134160
 1078323
 673472
 853888
 808348
 242883
 1059655
 609729
 59206
 1098731
 649392
 87313
 85030
 737822
 996050
 488300
 25743
 341080
 1072519
 4949
 341620
 388794
 508352
 875332
 826931
 389824
 828982
 678184
 844916
 792238
 961517
 1078580
 925947
 565506
 668989
 765892
 33980
 860178
 707622
 954993
 248925
 867647
 930469
 920626
 1095035
 387637
 259428
 1008880
 1021362
 242157
 760762
 653516
 1013922
 45617
 1020054
 552823
 513006
 948375
 379458
 751492
 473248
 917834
 286106
 296350
 58490
 682254
 1063289
 138509
 4719
 856817
 918960
 189220
 200958
 541170
 1073858
 457016
 630250
 431172
 583978
 227173
 1091355
 109305
 882078
 606090
 901295
 1064552
 75308
 836718
 159142
 578938
 140226
 799756
 734215
 69646
 561117
 459753
 1085381
 313266
 670169
 339732
 1053369
 112349
 612733
 308338
 765260
 924187
 935171
 116773
 287525
 943318
 766040
 552456
 957192
 897710
 657430
 183280
 1089168
 503766
 1081402
 264479
 114159
 581836
 944731
 627812
 64013
 504163
 751525
 663014
 326663
 937448
 98125
 385829
 1046457
 979287
 386712
 680271
 324646
 250792
 1093085
 670110
 5261
 364120
 307384
 350395
 1088039
 281662
 819625
 1039466
 816214
 346795
 904340
 590614
 7522
 736028
 240390
 304878
 677749
 699746
 1081096
 853618
 686897
 353154
 161135
 907988
 108313
 982311
 257836
 315320
 703732
 953994
 51096
 1090452
 814051
 973807
 153160
 240898
 81630
 655398
 570373
 430795
 355145
 1081550
 480188
 662807
 886433
 897608
 328621
 661226
 396382
 410046
 538166
 32928
 846194
 860722
 285208
 603038
 327770
 1062007
 823590
 289809
 1070245
 888679
 7708
 531562
 1051659
 383383
 266156
 1012221
 633404
 41322
 599365
 800573
 537008
 108008
 593903
 117865
 1016062
 502749
 373241
 895669
 206951
 669578
 906975
 303950
 776295
 698834
 178748
 167551
 701412
 243083
 419201
 553086
 638697
 460746
 936560
 503005
 278286
 445819
 76930
 918446
 236947
 805502
 459710
 952847
 836039
 648857
 314372
 1002273
 886745
 497050
 37692
 453485
 18249
 690308
 440959
 568144
 150210
 9862
 1078494
 321394
 916338
 291516
 139038
 155579
 1077531
 941139
 914026
 116928
 68222
 477424
 38541
 110902
 922877
 394801
 1087892
 18649
 376823
 192315
 817123
 142319
 952409
 116933
 690448
 508207
 19970
 684590
 955281
 225095
 1042643
 2262
 822834
 587534
 474584
 994363
 928081
 753821
 620515
 423093
 1070537
 175520
 827674
 791501
 539385
 163695
 242086
 151728
 155488
 649587
 492971
 974810
 667323
 991673
 91375
 418638
 277836
 298996
 619019
 1026677
 780370
 52479
 708334
 22181
 617038
 7275
 239325
 948424
 150424
 149936
 897931
 376695
 212855
 678868
 397298
 148222
 733196
 326184
 247161
 107084
 369424
 557898
 83991
 860067
 338693
 626381
 521300
 1009635
 650774
 274108
 62978
 637609
 429212
 504573
 260339
 12567
 127164
 304390
 626399
 551977
 226969
 590898
 1013595
 717895
 231560
 281207
 61905
 648346
 318400
 602336
 830091
 969001
 961694
 467257
 504808
 264346
 194085
 968494
 142678
 273417
 372507
 704528
 531393
 57087
 279746
 818942
 1062437
 878535
 72589
 219895
 171743
 671160
 1073182
 778674
 254937
 376812
 334873
 66719
 812825
 460165
 556045
 73846
 347351
 304026
 280178
 15261
 717088
 674164
 735697
 542877
 461082
 237330
 66010
 531342
 317229
 998228
 228362
 294471
 374646
 199551
 566562
 218211
 818849
 711025
 112792
 1010174
 149039
 316915
 706792
 531586
 1063235
 211858
 711193
 634633
 998198
 926728
 261917
 384537
 388356
 412230
 1040722
 602695
 402534
 860022
 329292
 588154
 546593
 734063
 498219
 235827
 446867
 697308
 246920
 921046
 602557
 1046669
 284585
 665617
 336378
 1055875
 974452
 521281
 462386
 154877
 694194
 536546
 558384
 362184
 1068237
 495038
 240919
 982195
 229255
 442225
 931626
 647918
 740093
 1088669
 293326
 650488
 187575
 1095321
 804491
 44495
 709483
 791938
 176527
 600078
 12833
 254134
 320342
 951122
 532876
 177659
 551133
 42028
 519172
 602961
 379912
 1041496
 369677
 307813
 806836
 648162
 170101
 335738
 683948
 544253
 514187
 135860
 64711
 317737
 748183
 844608
 583664
 367733
 628171
 728485
 328853
 820129
 507206
 505158
 105408
 272674
 793510
 368036
 376024
 386570
 945269
 332947
 686940
 931132
 806390
 973972
 891364
 747226
 1054319
 554553
 971546
 97727
 185994
 695539
 716269
 465079
 530699
 253089
 795218
 782450
 366833
 696388
 573552
 787227
 841791
 68748
 29948
 119776
 303657
 506869
 708681
 624320
 71973
 571278
 920537
 711670
 393075
 1088009
 752587
 557719
 307942
 76081
 942226
 773374
 58857
 1014639
 988880
 1033807
 1090859
 684627
 130912
 968792
 973883
 774533
 56636
 150448
 801481
 809520
 47073
 592747
 346255
 1029247
 819131
 393101
 408781
 481976
 7320
 864835
 1069938
 650561
 480917
 601582
 373207
 740464
 806560
 893371
 875944
 110786
 351440
 290651
 631054
 441671
 966430
 180807
 1030912
 142602
 1043293
 423928
 80937
 362832
 353243
 764788
 391448
 214191
 501091
 897532
 778150
 610172
 905375
 570223
 226957
 672910
 445059
 1043255
 206498
 1089064
 460741
 959295
 407966
 749910
 654663
 804229
 215185
 689449
 172186
 566407
 834450
 215062
 69449
 977852
 31794
 192421
 704929
 937925
 309698
 898865
 970349
 317920
 118073
 210763
 801034
 662599
 703393
 894323
 1074253
 899138
 399026
 247029
 600382
 535252
 868236
 497231
 1091731
 538058
 242132
 178475
 271219
 377528
 833252
 543978
 218220
 978762
 14313
 614885
 923474
 644809
 886625
 502670
 582946
 243955
 236143
 755862
 553680
 227205
 91460
 11333
 188001
 533685
 330101
 826002
 169608
 1068437
 614615
 451442
 125930
 580288
 578902
 514379
 234478
 415022
 958860
 288029
 773309
 109591
 924941
 554620
 891110
 171728
 581790
 637896
 896849
 297855
 945127
 1073476
 970553
 510761
 571724
 1008694
 650626
 340764
 334216
 38715
 505234
 724818
 845632
 896195
 906426
 166128
 547419
 472027
 477033
 135456
 945449
 402776
 539999
 85932
 509292
 260266
 101983
 1000453
 308170
 951377
 1018709
 101622
 630625
 690121
 946208
 1088455
 318071
 255111
 285028
 457750
 350125
 349731
 887733
 496578
 322119
 709019
 808791
 831936
 177427
 583969
 225929
 241188
 1008604
 725999
 797227
 1014857
 15831
 310135
 421225
 960271
 17268
 865594
 10902
 121583
 341376
 644978
 957840
 753542
 641728
 708225
 371565
 197193
 969832
 91807
 521396
 1038168
 15397
 946881
 1074802
 88800
 556721
 443937
 153189
 155095
 14601
 109733
 926779
 1069996
 120601
 89313
 650554
 480232
 1079552
 799221
 517136
 765774
 570690
 522366
 501878
 983296
 102641
 802413
 577248
 107880
 811670
 230075
 963601
 338866
 163970
 1011743
 6290
 830383
 971815
 411361
 185386
 564983
 908346
 275029
 162926
 114095
 347837
 125503
 764208
 25712
 996385
 274897
 599554
 843743
 558918
 755096
 54557
 922870
 373116
 809659
 1020516
 402355
 585234
 295862
 454437
 66867
 624712
 29434
 884959
 97052
 272219
 643274
 744878
 33185
 575965
 959085
 624438
 478543
 707942
 842755
 25265
 671507
 530273
 53443
 400583
 673651
 695269
 726952
 111921
 568411
 641385
 509384
 409464
 802044
 314056
 880453
 433800
 53352
 821634
 735936
 554763
 404047
 67710
 505848
 254297
 670946
 781281
 715136
 928431
 163865
 1001235
 1095559
 1383
 478465
 1046787
 851185
 161006
 192430
 333692
 962952
 1028591
 82717
 1094721
 595225
 786131
 977022
 497664
 165065
 1078708
 411685
 57956
 387535
 841269
 752265
 868263
 129382
 602571
 602157
 660866
 325342
 342279
 26218
 649447
 652172
 371505
 427935
 255519
 665399
 721490
 428073
 1003571
 174173
 93446
 32183
 144731
 390316
 603049
 557984
 596419
 60016
 1041194
 865948
 500932
 405952
 199324
 443546
 865915
 636542
 915996
 863111
 597245
 979664
 135529
 686540
 601621
 800896
 861714
 569580
 72466
 602557
 148503
 356176
 436637
 451788
 521955
 711034
 410269
 235393
 160373
 456889
 908162
 36493
 929920
 323270
 549291
 939031
 929525
 24969
 570816
 685796
 373455
 840068
 50361
 762693
 381971
 736314
 473422
 852675
 368682
 804506
 351205
 1008717
 926793
 619824
 180945
 565828
 1044990
 878264
 50584
 1058443
 82993
 14355
 596783
 424684
 230228
 465208
 459115
 685715
 986002
 163791
 223140
 294798
 451922
 390064
 633292
 686132
 293294
 43403
 823986
 534071
 549785
 447256
 143296
 548123
 92309
 322186
 550924
 163361
 124290
 805077
 925587
 400120
 779977
 371165
 679620
 212082
 248920
 801552
 733061
 482470
 186611
 212239
 72519
 1095811
 886666
 843357
 393277
 50751
 768004
 455090
 1019446
 1075271
 201727
 418662
 141567
 472300
 989192
 1090843
 352578
 753811
 748285
