1085217
 947195
 872966
 14677
 845078
 197799
 427499
 729895
 235661
 497181
 476184
 134810
 394438
 1047587
 12708
 954490
 14970
 423359
 391541
 564747
 973655
 1071349
 69819
 591774
 744041
 864703
 214294
 789866
 856130
 455818
 628705
 684579
 314385
 311348
 77562
 999509
 665406
 616768
 56934
 930388
 490795
 344042
 1099542
 168430
 54756
 350389
 993596
 335320
 397282
 703139
 359171
 635494
 402672
 100772
 888413
 11052
 172903
 152390
 835087
 228103
 1001105
 760057
 83000
 951010
 520725
 988609
 45021
 323269
 771539
 773574
 10199
 6414
 818209
 256948
 741859
 683601
 588141
 405406
 449850
 960795
 628876
 263397
 17559
 752118
 910789
 18312
 632440
 688080
 545579
 152056
 814732
 20036
 450
 557378
 382368
 758928
 752071
 284685
 48510
 903006
 562369
 434079
 331648
 372006
 159596
 987319
 798980
 851161
 956490
 479126
 1073261
 48230
 797634
 839499
 215779
 162445
 348997
 409063
 235942
 949542
 712722
 295275
 56417
 354255
 112904
 825093
 475822
 922054
 143971
 81302
 888267
 663991
 650856
 889233
 651731
 67136
 569356
 649050
 997522
 291786
 981117
 117581
 134204
 518267
 901915
 29562
 816181
 166325
 471233
 101198
 289474
 472974
 789229
 197721
 1007916
 134030
 115498
 555885
 935951
 767476
 1004070
 308187
 920021
 652752
 13334
 451249
 906147
 38174
 454063
 703926
 837159
 95624
 399414
 387307
 42531
 649446
 1067385
 357001
 290728
 892249
 564531
 750665
 514022
 191621
 804579
 640474
 917980
 433390
 556749
 853106
 507183
 996079
 970227
 267151
 626195
 299535
 701820
 721225
 258366
 659303
 234960
 908447
 145482
 863867
 810054
 1083402
 755188
 230477
 557155
 832678
 262853
 293145
 769752
 415140
 398868
 182196
 951905
 357403
 499
 562692
 156044
 922188
 724603
 64447
 366536
 443684
 609919
 295035
 3185
 1014092
 174778
 645513
 986458
 743733
 413624
 516592
 526269
 307030
 64013
 425824
 64834
 885882
 722894
 1035836
 787985
 849687
 1083215
 703711
 615716
 941886
 704330
 67831
 530765
 133211
 938933
 121544
 230951
 154197
 792087
 478949
 551637
 534313
 607385
 218348
 836150
 117991
 583291
 68517
 737843
 390091
 1047834
 1018678
 978338
 803248
 1060696
 1041867
 859137
 1020527
 952603
 19619
 1050064
 284448
 474562
 806638
 445363
 591149
 689018
 94219
 542293
 916899
 483883
 605219
 690678
 332710
 264765
 557809
 501317
 1018687
 203273
 405789
 666769
 545230
 307008
 984753
 37705
 392755
 865310
 662773
 38927
 534853
 30131
 418666
 556941
 291282
 510533
 672804
 73473
 210600
 310157
 158376
 660843
 547224
 845630
 715734
 315592
 408601
 882154
 753516
 766313
 904639
 722783
 748214
 965773
 307595
 924803
 70290
 222316
 625258
 759814
 470573
 299894
 187053
 1024322
 850188
 901741
 452669
 289987
 1003094
 656047
 437742
 877884
 1097327
 634994
 323686
 1023002
 517913
 568193
 63391
 316769
 348194
 1087368
 626700
 483162
 372132
 82404
 522998
 769937
 489725
 1088133
 1017767
 600224
 152197
 1010991
 478049
 696218
 558363
 927577
 899787
 1091701
 959969
 1079373
 96599
 701355
 817025
 423197
 841880
 784427
 286150
 428392
 701204
 489720
 106602
 437482
 558246
 288291
 652831
 368103
 487546
 670903
 48386
 722589
 500976
 62046
 369050
 988975
 647432
 849814
 1066939
 185969
 721037
 40389
 333047
 13514
 876517
 121334
 29137
 560108
 110886
 274521
 20369
 350091
 22509
 543180
 499827
 61552
 1013789
 93346
 61669
 649441
 702067
 763798
 1012904
 206214
 548753
 681238
 1029261
 343446
 163554
 799636
 599337
 719172
 120061
 793494
 344519
 308597
 82920
 388431
 814316
 378084
 776120
 432173
 330508
 58778
 500954
 653194
 156323
 641157
 659944
 606259
 1034028
 461566
 118496
 740955
 116484
 872934
 597999
 715596
 46315
 783653
 642584
 44008
 924662
 930697
 639954
 350644
 893787
 899659
 149
 492196
 273507
 1082069
 467946
 531335
 805010
 459664
 52403
 638111
 497621
 396819
 234053
 255901
 362537
 96300
 36150
 647586
 436988
 494628
 316846
 515442
 571214
 1051033
 388494
 464105
 510548
 993332
 988203
 668408
 1085909
 376105
 341182
 1033059
 766558
 220166
 428092
 805625
 393038
 1072061
 921923
 344445
 213676
 354011
 193699
 1023231
 70944
 576089
 563463
 901212
 921761
 400560
 1031667
 467280
 846774
 283397
 1015856
 927485
 10721
 660468
 150072
 280638
 128916
 911152
 24493
 542793
 512859
 673592
 730902
 905232
 618160
 478030
 172821
 125941
 529493
 458405
 557970
 116305
 125555
 681858
 495815
 66015
 391258
 649677
 860969
 61614
 634613
 745871
 138121
 1000407
 888775
 592883
 1021067
 104583
 970960
 227966
 664501
 506228
 1003862
 243655
 226437
 336219
 598293
 47961
 884231
 16882
 91109
 468297
 655461
 744939
 458857
 343164
 694717
 926820
 578579
 673724
 877638
 731071
 250884
 481701
 231336
 612739
 894699
 19430
 576384
 51918
 912488
 807118
 467875
 840783
 1081143
 997385
 314873
 447061
 621063
 945481
 337541
 142160
 998560
 338591
 879129
 605091
 883790
 24305
 469201
 681054
 281415
 228581
 212198
 555145
 361302
 138758
 88104
 312719
 955857
 1095432
 772192
 99716
 4639
 1017241
 732954
 87590
 275804
 273066
 130017
 606046
 242905
 970684
 36665
 920944
 6013
 901824
 948048
 943905
 949630
 1068808
 169805
 540124
 109016
 992804
 833848
 585198
 517557
 588827
 669627
 435503
 265830
 862869
 925927
 555090
 819260
 393575
 392973
 522855
 676756
 240922
 388183
 1040846
 211322
 125531
 719988
 1026920
 161637
 982229
 82145
 26560
 882583
 314987
 602506
 794292
 951814
 610782
 475956
 525246
 136882
 522078
 1006226
 901830
 302969
 1013107
 595697
 939588
 537017
 461352
 345295
 296879
 333971
 302648
 812464
 961295
 112702
 620250
 138720
 291941
 585453
 280886
 155997
 156848
 580319
 518817
 468176
 77966
 1043887
 878572
 471912
 102216
 1097242
 745700
 214612
 1048982
 195168
 855593
 1092077
 47138
 306725
 408639
 707058
 449249
 1099743
 7703
 1083904
 328583
 17471
 299209
 963189
 165575
 518137
 856771
 378147
 304250
 171681
 376872
 371013
 800103
 736395
 289374
 11522
 160430
 6593
 404479
 935195
 483839
 1002685
 637813
 799567
 411
 176136
 731012
 450213
 188251
 749131
 991503
 728360
 991658
 371095
 169934
 560119
 494352
 1050517
 97367
 56964
 561816
 393418
 609698
 846775
 698258
 978297
 984824
 859760
 1087990
 364718
 560732
 1083452
 695370
 898310
 552241
 847576
 298886
 357114
 954041
 967283
 365298
 699946
 65316
 812231
 111984
 1015009
 816745
 910233
 65079
 958486
 400439
 451808
 209926
 443865
 826283
 420077
 184754
 997399
 1073513
 1005471
 565806
 676718
 840437
 938831
 488486
 35887
 209393
 152678
 910476
 679139
 352244
 327217
 893202
 557351
 146278
 1073122
 151704
 861558
 331619
 158408
 785293
 201193
 382245
 1077204
 160720
 496449
 818048
 810381
 143025
 943199
 916585
 376802
 500316
 121486
 390464
 337982
 940672
 348609
 722645
 637047
 782669
 1089998
 168477
 827913
 614494
 885759
 235428
 92829
 369179
 508884
 866185
 386075
 295124
 782915
 470209
 641583
 122991
 1005980
 266224
 669310
 679755
 361082
 328721
 156803
 54355
 378225
 877769
 49497
 112999
 33467
 1065059
 56827
 386011
 94652
 813123
 285289
 419851
 181544
 867217
 129789
 544966
 814277
 168371
 356734
 547540
 527209
 21750
 630738
 470783
 320063
 925454
 775143
 844437
 816914
 644018
 198544
 13280
 237518
 294306
 198396
 324552
 935548
 218828
 739967
 74131
 93803
 338271
 433240
 444389
 598433
 665257
 584156
 615361
 350902
 419402
 1089860
 150133
 158208
 737978
 855580
 715915
 116566
 254767
 243349
 647548
 955404
 1009946
 74976
 524487
 47635
 819866
 773530
 928100
 164398
 838175
 593149
 756857
 1086489
 712700
 544063
 926913
 382077
 843498
 582651
 202132
 922421
 560258
 172787
 105340
 509884
 320030
 436725
 325165
 726595
 147582
 1036735
 457340
 417745
 26552
 664999
 906676
 1051473
 454837
 826319
 273726
 992925
 427761
 670637
 715207
 552770
 564724
 95535
 823127
 413120
 781612
 713594
 118229
 193165
 206899
 622029
 1019258
 241165
 644722
 698488
 616414
 584890
 727139
 680306
 994469
 148917
 900514
 28693
 1069241
 402902
 949455
 49888
 842703
 65790
 627659
 182723
 256176
 239334
 935555
 190372
 353341
 681148
 401573
 207979
 356288
 458815
 884580
 535137
 365956
 827110
 531595
 273202
 594123
 736397
 485843
 1027457
 1000138
 418854
 262711
 10122
 115503
 176781
 560566
 909882
 218752
 303915
 189217
 624474
 657291
 738173
 792675
 962687
 1085233
 462268
 720667
 775174
 566525
 750281
 407363
 697912
 942915
 1034488
 396936
 225303
 361035
 90122
 1022428
 226813
 523433
 354966
 1076321
 74545
 306820
 347000
 350677
 379748
 512639
 278934
 400365
 570600
 18343
 762178
 787229
 19997
 595311
 266626
 484359
 996295
 1029305
 1040895
 934418
 546813
 782809
 728491
 459328
 551046
 356645
 753895
 560660
 979096
 552385
 553321
 725219
 495641
 199977
 815590
 550148
 210719
 382843
 181462
 206553
 682208
 345080
 267567
 491945
 493444
 1004243
 118400
 474164
 459728
 853461
 654101
 149784
 519976
 991211
 19714
 310022
 227810
 770649
 315491
 51656
 51397
 827083
 1033360
 269638
 508101
 453511
 124234
 31006
 14586
 275901
 2073
 1082447
 956690
 253241
 541750
 679991
 589496
 705970
 505173
 588384
 775712
 448918
 785296
 979370
 975304
 803956
 977351
 907622
 703095
 30533
 797279
 717470
 197479
 883391
 1071073
 771160
 576425
 709465
 245816
 344738
 917370
 341461
 204685
 712505
 976846
 856662
 609385
 983615
 27501
 524472
 47121
 359859
 51045
 546570
 236119
 600476
 18028
 106939
 871611
 984086
 990722
 129873
 226448
 485208
 895559
 544854
 617576
 888008
 1051435
 483667
 590717
 46524
 1029037
 733296
 350555
 969052
 1010296
 569349
 929194
 970067
 1029259
 438024
 176264
 251390
 403224
 1014781
 31850
 947934
 870724
 759024
 1062543
 35039
 414128
 826731
 561189
 1009145
 1069964
 944873
 939063
 255221
 535553
 154402
 618490
 628538
 46653
 197256
 991481
 13608
 308497
 306029
 196175
 374412
 277129
 393954
 5070
 415277
 800483
 653011
 1086537
 775919
 278067
 689523
 675017
 366928
 586259
 969010
 328484
 66631
 370153
 244261
 944620
 515655
 777743
 260591
 1073395
 288600
 864638
 267656
 621222
 28426
 591484
 678435
 639570
 362735
 884528
 282837
 329042
 325883
 850329
 111253
 546905
 330643
 644276
 376351
 410780
 925950
 115262
 338469
 557485
 75637
 748508
 1615
 1027008
 661471
 609423
 624585
 752412
 896474
 79828
 799546
 1088655
 890959
 757455
 154067
 756315
 444620
 523072
 99946
 209935
 817458
 581554
 134578
 665003
 170746
 981783
 407172
 755594
 924258
 987382
 288982
 228407
 877878
 383193
 291637
 407429
 804962
 288419
 524006
 25680
 552399
 956852
 553962
 986372
 279914
 641786
 1067819
 613382
 436604
 259070
 966270
 913100
 290637
 528410
 226892
 1076500
 936743
 94873
 602854
 507895
 171333
 482796
 688104
 181596
 1064709
 516048
 911976
 748052
 977284
 565925
 695800
 419028
 161041
 595408
 754159
 83794
 837884
 732406
 735012
 570814
 99550
 745994
 441938
 563536
 137284
 315302
 697724
 986063
 615409
 32194
 244824
 517436
 55387
 1071872
 129783
 1090443
 1093271
 655767
 185264
 840876
 455326
 595991
 484201
 744045
 905906
 271815
 769734
 588608
 1098837
 141944
 183179
 396768
 445739
 746612
 568881
 1000818
 629172
 11300
 235572
 346801
 771653
 445683
 204809
 649002
 400206
 866156
 345524
 906649
 631568
 630746
 134398
 562607
 1072720
 213286
 694923
 271915
 985636
 32389
 855422
 974602
 828306
 846711
 1090126
 917474
 259446
 839191
 596835
 249429
 1080885
 118560
 818600
 314731
 812817
 272787
 908710
 464161
 647310
 9167
 306082
 683319
 309380
 761161
 846725
 159786
 408374
 173
 345244
 180057
 1013101
 733784
 643349
 161673
 251253
 325034
 816493
 805632
 543951
 664541
 448023
 375578
 194952
 627262
 1036700
 35364
 548366
 365582
 113456
 1024839
 840344
 486226
 1023288
 257435
 201807
 1066505
 564225
 309688
 658888
 267477
 946904
 183038
 446000
 910025
 505312
 512373
 1091734
 926833
 324709
 919239
 828236
 329907
 265081
 129261
 486049
 948374
 897664
 1014320
 444853
 613598
 1092175
 373366
 498320
 205499
 334430
 125010
 338934
 18226
 580857
 75691
 799923
 211104
 713350
 580602
 780522
 859299
 758174
 575206
 754238
 801538
 767239
 402304
 284570
 791590
 576439
 755479
 957323
 785991
 637083
 45018
 447793
 146621
 853634
 292286
 242557
 718042
 441573
 467101
 462927
 152545
 853796
 181222
 412549
 926716
 594281
 948941
 874688
 927040
 73997
 254835
 500657
 770509
 18871
 1069474
 17791
 695839
 492827
 453233
 823742
 232589
 157204
 594088
 542876
 756489
 123191
 340994
 163967
 450351
 335143
 1093072
 154259
 545281
 530538
 935410
 147189
 51978
 205971
 397001
 895057
 407791
 221050
 686777
 337989
 923521
 401435
 463787
 458235
 1062435
 465324
 709499
 1085813
 565028
 426970
 279950
 763239
 558029
 410715
 652589
 404043
 132610
 518244
 382236
 688348
 799191
 766172
 477731
 922616
 377097
 549271
 230901
 984334
 451243
 792929
 267259
 17449
 981891
 943088
 438195
 588789
 366444
 25313
 363031
 363271
 585980
 617698
 131608
 807591
 481919
 895528
 262192
 257584
 809571
 705992
 81357
 779679
 289232
 904999
 504924
 802962
 344717
 600546
 285446
 70749
 965557
 800050
 886010
 292758
 961201
 481424
 717783
 288835
 855526
 325344
 408026
 53199
 950105
 493173
 157151
 803307
 228931
 835519
 399676
 532878
 487381
 290080
 561936
 591071
 650821
 941361
 870709
 36336
 134238
 961332
 749653
 974883
 15914
 570580
 453971
 883012
 745916
 80279
 136773
 991977
 581909
 596035
 53964
 79646
 373244
 288675
 730911
 723150
 150195
 310416
 823609
 990721
 875014
 295619
 625471
 340832
 290059
 125602
 146852
 569092
 838135
 1070332
 1074112
 41265
 885481
 164872
 192157
 126415
 338397
 582817
 304701
 494892
 1037374
 405283
 1043867
 538999
 606387
 688437
 848127
 996860
 775511
 1009628
 888543
 1042129
 259131
 850973
 1097444
 509136
 69576
 851433
 121876
 159591
 809073
 574944
 1086473
 861762
 143537
 487595
 23535
 886975
 781265
 599925
 149263
 120983
 1099090
 117251
 858701
 476164
 748707
 224097
 357912
 131362
 607264
 874250
 75382
 82609
 99249
 605374
 246054
 59341
 811910
 171297
 90529
 208330
 280634
 112444
 872239
 836123
 524135
 104654
 26883
 981477
 252589
 459594
 826362
 176199
 216293
 400585
 362675
 1086077
 523387
 494755
 616005
 1092242
 367278
 16004
 550096
 94588
 696068
 868033
 1025791
 311605
 825433
 679652
 556926
 78119
 215696
 205880
 253626
 249697
 998973
 1043359
 413692
 521356
 721165
 710698
 1076887
 64740
 585637
 476811
 320674
 777012
 79350
 547177
 377118
 518486
 618564
 861561
 475947
 586009
 154160
 839513
 922814
 178156
 501533
 510701
 1016092
 197163
 1086859
 948299
 680189
 594371
 244067
 867738
 429833
 321659
 139611
 699864
 1054435
 228859
 444477
 636915
 949580
 822602
 362076
 899056
 316982
 866360
 281065
 372997
 471341
 559586
 99891
 936861
 427118
 890166
 961721
 856902
 306510
 215004
 419004
 6608
 687751
 1084563
 249688
 957488
 499996
 614007
 819135
 106057
 750951
 680181
 1061648
 471627
 867352
 205610
 923240
 824380
 26370
 813302
 59228
 542599
 159152
 920383
 527301
 442244
 581488
 799694
 848428
 440739
 997207
 568013
 393051
 991451
 155778
 386281
 160559
 1048788
 536956
 194115
 114250
 300002
 1028192
 477274
 786534
 782346
 580512
 1043711
 523869
 912063
 441163
 781613
 178883
 835020
 691768
 144165
 755165
 528933
 703603
 982596
 709367
 935363
 920891
 1014988
 404031
 120314
 530228
 297148
 819402
 199896
 227386
 132541
 124107
 117829
 226669
 960373
 405525
 904631
 3279
 831697
 282580
 682625
 793680
 946222
 958120
 76709
 445243
 610229
 619281
 43593
 1073477
 186385
 512353
 1063951
 729520
 71990
 428563
 256500
 60141
 132294
 89907
 991913
 814924
 737893
 597500
 552395
 871036
 229047
 63681
 491223
 601991
 438996
 603402
 448631
 862646
 1016825
 652406
 365093
 267425
 953841
 302801
 770817
 67199
 407926
 48005
 397757
 510133
 321730
 882268
 676606
 879247
 261329
 461223
 565784
 222827
 387993
 470060
 466923
 473493
 719388
 731330
 507489
 454360
 321322
 1083439
 648225
 605498
 508236
 201678
 260240
 991142
 440348
 996836
 940472
 968139
 704321
 271506
 849558
 940506
 675370
 95497
 1007061
 989996
 385654
 17728
 780002
 557088
 58068
 237793
 758101
 548886
 328403
 457142
 682894
 104989
 420363
 85666
 351346
 75411
 197831
 1098482
 719837
 649091
 992818
 949082
 19011
 638847
 935855
 688396
 943081
 77238
 241449
 804907
 564792
 746023
 1006209
 544350
 718665
 270207
 835261
 592578
 114122
 1091600
 105403
 94158
 164804
 753743
 1039831
 728992
 366796
 664100
 249220
 805994
 237576
 983446
 726551
 195887
 798845
 849516
 1072282
 1061686
 96928
 262854
 136614
 738842
 752587
 2157
 915193
 773167
 632487
 95577
 526119
 478114
 233760
 190836
 567893
 880645
 1084111
 31225
 838499
 778738
 323510
 912005
 1023113
 647577
 769932
 588584
 537025
 127664
 298376
 818538
 29838
 540467
 137769
 182749
 101710
 912205
 1068518
 203694
 732044
 1095172
 85826
 936509
 922347
 662226
 723617
 58058
 499374
 335018
 928813
 613651
 1096982
 1056260
 787003
 589052
 216796
 218185
 383246
 949799
 542018
 385420
 813961
 224234
 503461
 114357
 573904
 850976
 364402
 531628
 355682
 917145
 736279
 395199
 487944
 360873
 230584
 305276
 493202
 1023357
 96346
 716015
 427447
 577126
 456424
 697712
 590394
 246212
 589795
 712141
 524288
 273719
 618724
 150421
 207574
 81897
 111530
 922590
 167508
 987741
 205230
 10594
 277281
 569372
 250158
 826965
 1011265
 319632
 359732
 745025
 1097271
 1013532
 1056338
 363513
 1069501
 606091
 88383
 896780
 563820
 391461
 488690
 17734
 594374
 1078584
 78590
 453898
 445627
 766822
 615015
 180663
 904230
 853466
 271407
 989912
 987419
 460830
 291203
 807012
 606376
 171507
 432089
 1084838
 724590
 328145
 348434
 836801
 850134
 641454
 274444
 825063
 787597
 407886
 670883
 716502
 555795
 262605
 149937
 1061594
 1079774
 341135
 372387
 710008
 399495
 684541
 482958
 900231
 157217
 228145
 377372
 483353
 1043712
 300799
 423287
 480005
 149355
 467826
 491218
 680413
 78519
 767602
 899682
 812780
 590213
 1089258
 41344
 796680
 808261
 273243
 697170
 795540
 405401
 458777
 1032987
 916012
 679851
 951216
 881722
 440701
 318454
 882624
 106260
 589660
 823796
 848170
 423848
 12022
 143171
 579100
 230698
 79477
 379911
 908326
 343109
 327331
 121910
 533284
 953507
 393303
 53063
 305557
 750899
 889124
 795371
 959307
 242937
 982029
 23896
 1014242
 443531
 912238
 506905
 177609
 1001279
 151736
 776359
 276862
 513617
 317055
 685761
 995446
 741101
 1077860
 967940
 546710
 327498
 385935
 778223
 47690
 1033437
 289817
 529270
 171160
 133610
 879287
 304377
 419722
 215139
 895012
 134791
 95010
 669993
 529327
 415385
 972229
 496129
 314420
 917500
 967380
 283476
 877260
 993202
 1041013
 906837
 111180
 155369
 185881
 163558
 138033
 416137
 595910
 611618
 13285
 558159
 214520
 342262
 1012247
 426673
 610901
 681705
 761188
 438104
 764760
 619228
 1050451
 1022084
 641148
 837872
 818210
 293
 584462
 221498
 463391
 1015042
 738998
 612663
 358179
 1040006
 649439
 240130
 354921
 967900
 687478
 1017839
 313223
 95124
 448572
 773654
 599556
 254807
 314440
 963346
 157022
 87153
 101500
 142495
 544151
 510041
 487478
 111261
 218616
 512338
 294992
 217543
 653599
 199653
 324838
 525690
 218551
 397350
 194981
 890646
 1020686
 22738
 55803
 113907
 878636
 692666
 805610
 589928
 506519
 819531
 815463
 1087427
 362035
 166028
 569900
 667710
 165701
 157223
 234928
 213137
 589774
 409065
 555678
 56871
 64796
 860465
 726351
 378723
 750194
 955338
 582579
 494244
 168269
 778470
 1041478
 224770
 682868
 532282
 85405
 5908
 1090477
 558410
 637137
 1040927
 840603
 25865
 209009
 122086
 570091
 510372
 719516
 927309
 435861
 707893
 1056952
 256476
 775906
 735459
 941859
 856221
 638735
 464429
 428706
 153874
 94278
 488410
 526599
 882370
 1024376
 871329
 1072589
 532392
 350943
 28939
 1086804
 932136
 184127
 237777
 807235
 924692
 1050048
 11618
 426928
 774820
 1066244
 913687
 639786
 314996
 998250
 1048971
 954491
 618020
 447582
 212316
 1011571
 230869
 948281
 552628
 17361
 932059
 1097969
 1041434
 608024
 661383
 28866
 926450
 198771
 987774
 499030
 507580
 861880
 1046190
 714375
 22457
 761524
 1039084
 1007499
 362404
 305415
 621072
 290027
 554927
 308247
 897289
 353959
 433746
 245059
 601972
 367734
 996799
 721881
 25158
 681680
 367646
 305680
 645361
 99990
 338905
 126379
 206299
 923875
 110866
 725602
 743675
 947961
 43175
 82507
 344142
 748134
 771527
 693501
 10780
 944344
 18623
 874346
 224709
 922336
 699394
 856121
 860950
 37046
 877649
 897112
 346713
 875685
 850291
 737750
 1006263
 475588
 481328
 46298
 852507
 134207
 901413
 709082
 58297
 863885
 177329
 414794
 1043760
 687326
 123813
 295800
 816425
 873955
 709783
 309474
 947135
 238969
 425638
 431380
 987709
 368107
 786380
 392529
 39699
 435060
 433082
 1015748
 892867
 191194
 101084
 588148
 597154
 624825
 1025064
 1021968
 337535
 591087
 239581
 56797
 430922
 74557
 684641
 356864
 916129
 125522
 7968
 329778
 1054576
 174454
 126424
 1024482
 606596
 713118
 789195
 345606
 715079
 107442
 996639
 505907
 1027549
 403670
 767939
 213277
 646154
 579953
 932576
 758576
 1060847
 420560
 510827
 890214
 838309
 644163
 407316
 114326
 647573
 422895
 15004
 376750
 270052
 483185
 88373
 689250
 230091
 977107
 605233
 50333
 495052
 240617
 544369
 426046
 195853
 568758
 3208
 1007012
 1056377
 681723
 369569
 1063643
 1095930
 1020253
 108622
 503822
 203327
 497483
 544275
 782819
 546152
 286933
 221959
 67198
 772236
 1095085
 839817
 534924
 522098
 1090553
 491676
 234251
 953105
 131307
 447309
 605301
 706755
 430729
 437178
 343550
 791551
 858937
 128675
 663763
 638629
 537447
 812816
 1004192
 343443
 148676
 110738
 66226
 388310
 813313
 711379
 967574
 558526
 344498
 462577
 222367
 498948
 530808
 111528
 426915
 461670
 595546
 245156
 263531
 917956
 187727
 152444
 83157
 969117
 1092175
 677036
 464515
 128980
 280881
 727540
 840760
 808589
 588337
 964311
 200540
 31381
 578179
 123159
 822843
 408127
 21476
 251882
 171346
 735709
 110380
 659056
 732662
 1055521
 940851
 433200
 618241
 56841
 534123
 890197
 389167
 806288
 1041150
 738553
 398739
 678626
 510976
 603362
 216549
 491652
 977570
 384902
 9038
 968042
 904325
 707230
 677204
 523849
 106376
 343598
 696163
 768478
 743302
 740252
 208774
 932798
 430586
 223536
 888137
 234180
 452151
 1014829
 732508
 1071177
 935578
 513122
 38942
 610757
 533032
 133336
 884082
 909485
 261155
 378170
 84119
 175578
 395585
 114385
 418463
 601979
 610620
 619170
 385954
 891204
 1091927
 674800
 1055832
 1067093
 103614
 167603
 365166
 461061
 281013
 651773
 744255
 4067
 481851
 652255
 133333
 937607
 716666
 892967
 624422
 84608
 224618
 376147
 907859
 791216
 1036132
 98176
 728083
 387418
 926737
 120284
 228442
 19003
 566305
 14406
 751245
 608941
 277710
 154365
 1004264
 523730
 207391
 872640
 1031988
 961514
 748769
 389790
 705925
 353667
 281227
 927629
 742451
 531269
 879580
 176872
 627747
 847180
 900137
 218048
 905961
 65920
 830285
 276212
 1024778
 234912
 309026
 518288
 340718
 748470
 487108
 816971
 276065
 663084
 776326
 1066663
 47410
 462006
 316875
 159406
 660255
 190149
 466933
 335717
 45968
 788143
 584363
 457750
 329828
 29125
 211994
 671094
 207329
 197798
 574562
 142517
 504875
 790700
 82705
 117122
 313858
 64250
 320660
 35001
 329899
 264176
 547437
 975088
 520100
 237387
 584269
 922697
 701652
 141375
 678741
 130075
 305267
 308434
 451435
 29519
 705560
 94900
 27912
 868924
 89825
 162766
 659168
 1037362
 1035647
 567833
 680579
 949740
 377771
 971045
 1064499
 8128
 225910
 842466
 768973
 680389
 29820
 589870
 556831
 745427
 341498
 432325
 96265
 86199
 1096477
 94914
 80606
 1096926
 820869
 674333
 584003
 321422
 126791
 969963
 975333
 1096832
 357361
 1054862
 555780
 727932
 663664
 496270
 680029
 919662
 956292
 662411
 856322
 235629
 646938
 840869
 561942
 202268
 870594
 92511
 77704
 890444
 852358
 655888
 782257
 895230
 30961
 640411
 904387
 441196
 579411
 561510
 875324
 143405
 850459
 292747
 647331
 721211
 95090
 397363
 1016878
 308426
 354838
 39360
 351249
 173672
 16570
 333998
 619525
 670948
 168236
 762026
 108966
 714139
 520031
 1024438
 171100
 138036
 903612
 647336
 174105
 560438
 89261
 568678
 128516
 471470
 802020
 946482
 91728
 28555
 35020
 545601
 886361
 215685
 588340
 137452
 61534
 181114
 325067
 1079832
 713338
 672309
 306080
 172227
 328862
 262548
 833031
 864284
 309530
 1073896
 449330
 313718
 929296
 977470
 203535
 529402
 4378
 798972
 942617
 452934
 199651
 37403
 810398
 958831
 655544
 146994
 783508
 678124
 948113
 1040513
 601813
 510149
 1081253
 90263
 387432
 493927
 76081
 1039655
 158567
 735949
 212055
 1054897
 678079
 983706
 724016
 321979
 131281
 838555
 417408
 528474
 606909
 121920
 963666
 58229
 351
 634347
 344141
 1080441
 845773
 172066
 353146
 943473
 1014748
 306961
 749945
 691511
 886916
 999873
 400755
 23577
 221338
 529612
 163693
 641494
 1089769
 5313
 288226
 373142
 388508
 601340
 937635
 398223
 119843
 444904
 814251
 474677
 77185
 866993
 936354
 18982
 711875
 498233
 99290
 381588
 236507
 996434
 789052
 65298
 333088
 670557
 110200
 518205
 501000
 759889
 246774
 64287
 405833
 232547
 655959
 3713
 219616
 583829
 771629
 854022
 1097005
 151615
 142771
 296775
 1065137
 434470
 551611
 514946
 316558
 824392
 663248
 392849
 603239
 197462
 925255
 766608
 491986
 1095025
 333560
 342646
 126383
 240499
 182672
 364406
 859384
 250764
 30794
 398495
 326757
 428469
 494470
 734990
 205488
 401690
 1086965
 381421
 174593
 127154
 637902
 1073052
 178606
 267885
 111328
 100660
 557734
 71799
 755989
 82866
 404460
 416191
 547285
 887746
 967694
 46277
 381173
 34343
 982762
 236574
 1038029
 598037
 59749
 706780
 24953
 105168
 233273
 246585
 455901
 177579
 175419
 837740
 589273
 88315
 959890
 1079644
 904695
 1027197
 911623
 567922
 385969
 371071
 708588
 218718
 566386
 755381
 133150
 321735
 782236
 808935
 428771
 561473
 310546
 848740
 277724
 808588
 1080871
 861761
 936689
 945645
 783831
 783408
 719096
 1016716
 809185
 85618
 627356
 615190
 1043936
 908878
 177352
 664754
 486921
 788571
 876080
 718136
 860654
 584081
 22875
 290396
 843935
 791639
 823327
 136298
 71030
 698666
 96725
 322346
 826501
 376242
 817614
 950171
 198132
 645653
 799398
 196172
 39919
 519063
 205775
 905074
 730795
 180705
 39468
 841159
 927911
 592130
 332124
 399276
 535424
 202579
 167836
 807197
 953158
 47384
 410254
 987552
 861330
 408420
 238071
 264219
 741877
 816901
 822663
 892919
 1098058
 788250
 689986
 500011
 36320
 544686
 558765
 983086
 471371
 565119
 41836
 766028
 222628
 952795
 374516
 558554
 660045
 11469
 175246
 168042
 989266
 654451
 266594
 210617
 57804
 355551
 59643
 125943
 110910
 388569
 195264
 308309
 82374
 292867
 1078483
 954862
 865470
 1082690
 653210
 136893
 79108
 323529
 484381
 529760
 577764
 967991
 396149
 775651
 335919
 544920
 803138
 105652
 499561
 929990
 760208
 520988
 748920
 160231
 475259
 589055
 109778
 285840
 471578
 1064692
 1077565
 723844
 963101
 413478
 740231
 891875
 831568
 88867
 68892
 995145
 635333
 854935
 125537
 956546
 15999
 1024657
 409959
 58323
 179626
 194493
 378533
 582625
 610808
 878191
 130916
 621982
 996435
 132105
 302276
 682846
 343540
 910191
 785676
 357798
 395960
 288960
 867629
 946654
 539126
 483472
 309584
 647023
 749713
 608306
 530313
 435314
 385166
 577004
 561813
 911248
 814471
 147765
 947532
 741765
 994352
 844719
 603774
 454399
 183147
 298063
 1067355
 218975
 548511
 884174
 272886
 51865
 64004
 581966
 302323
 210475
 269641
 789754
 72226
 102181
 90855
 707374
 355361
 27457
 586711
 1083082
 954956
 773029
 368950
 682563
 421269
 341956
 828500
 449342
 475865
 261848
 878298
 352834
 710363
 567441
 835270
 469816
 853994
 305506
 938657
 402916
 905762
 341986
 658895
 532628
 489516
 457092
 771638
 1065557
 495146
 1091361
 435502
 711664
 981782
 565323
 663236
 892395
 99705
 818183
 346397
 388349
 54890
 1097787
 4645
 483727
 422751
 57082
 462459
 988081
 366841
 343872
 953192
 987348
 803251
 1016725
 628543
 940508
 996374
 654105
 891628
 416030
 911057
 640153
 1065370
 1087653
 65850
 242521
 972429
 654317
 420944
 142401
 935318
 1085062
 259003
 1012887
 500775
 440781
 651235
 132944
 854584
 642413
 242350
 375850
 669218
 502162
 846833
 789089
 440083
 190380
 934990
 151737
 655529
 337586
 817664
 413871
 620100
 202074
 512618
 250170
 587261
 30169
 376646
 504386
 883184
 568938
 782848
 242857
 836806
 648696
 892168
 854213
 303703
 586824
 326736
 975017
 794264
 37189
 851384
 265169
 169085
 729020
 611399
 996754
 1020864
 1075887
 212158
 389417
 870041
 333465
 1202
 764975
 767811
 274233
 200901
 726525
 921852
 278700
 19423
 990813
 1039078
 153541
 340865
 513485
 102044
 331739
 715180
 577004
 338469
 89339
 310373
 834592
 286708
 542804
 343108
 143949
 930767
 488532
 114025
 600662
 773367
 731838
 176982
 670055
 510479
 1008916
 537661
 345750
 538408
 12167
 105990
 965987
 494153
 664936
 158617
 1026251
 316039
 558641
 441872
 975246
 602735
 9863
 673084
 157514
 924660
 892956
 1015950
 834107
 463610
 282305
 893880
 151142
 168815
 124258
 37203
 482342
 653399
 1001559
 236148
 1067458
 739492
 388200
 219190
 510089
 236702
 323425
 228732
 1036397
 963055
 957545
 1050723
 957569
 552161
 258558
 529863
 816945
 238411
 432970
 434061
 1096175
 319284
 671661
 99920
 373622
 297598
 928526
 4035
 719297
 223714
 476842
 1065706
 54300
 1113
 662134
 349333
 1016982
 1019297
 842811
 204105
 819134
 627158
 828714
 817613
 790669
 30140
 180055
 517366
 522806
 249596
 274525
 153114
 896145
 934673
 604480
 6433
 705737
 675507
 484551
 904052
 190276
 291884
 70036
 28430
 50311
 702579
 775005
 84636
 715731
 431714
 395356
 409892
 757241
 327385
 560172
 863992
 578408
 134760
 879909
 168542
 459405
 959719
 213311
 665374
 546084
 841747
 650479
 372522
 185381
 113038
 806237
 563575
 220033
 295455
 947578
 448673
 862178
 228419
 646133
 933921
 906699
 377665
 607817
 532971
 789527
 622683
 941885
 727817
 17189
 1065868
 473139
 412422
 366273
 1006033
 18758
 409315
 525273
 59489
 69727
 28888
 352690
 660635
 4326
 167131
 393004
 258493
 269866
 232924
 596834
 518084
 9809
 697103
 188802
 1089395
 305711
 28302
 611179
 696211
 882548
 514540
 287815
 452275
 878929
 47280
 583798
 844818
 783106
 756248
 455870
 845212
 960788
 121745
 631889
 122238
 363229
 1017165
 179267
 362857
 14099
 435722
 576718
 640120
 377957
 260527
 420653
 856590
 979880
 1033688
 960421
 900481
 1047273
 474705
 869467
 887204
 823997
 682218
 600758
 412668
 446559
 869433
 740717
 871220
 169158
 146519
 589529
 267276
 102152
 1073411
 663265
 55219
 958483
 487657
 396309
 170676
 379081
 1028112
 728755
 233433
 401234
 741642
 1068379
 160037
 57560
 507120
 735415
 356593
 802842
 241180
 432984
 1046812
 793879
 494404
 25746
 695398
 246626
 902788
 1074789
 258115
 737391
 554925
 926019
 198346
 61536
 1016770
 32793
 175055
 780689
 279635
 739074
 419006
 906459
 326673
 941416
 354159
 584190
 772080
 816917
 281044
 772505
 555599
 335671
 384079
 220776
 48271
 667066
 838189
 540919
 46718
 701875
 440420
 1060974
 1009929
 100349
 707035
 1002810
 1046403
 375403
 613190
 20160
 819743
 584927
 245677
 619830
 129267
 785685
 76201
 1039056
 819535
 338554
 240647
 921485
 1043716
 622484
 650073
 749617
 617443
 206120
 1029991
 1007995
 527919
 2718
 252172
 176160
 534314
 590356
 481965
 1077381
 482667
 749411
 766642
 864724
 470212
 608135
 863193
 487166
 657844
 665311
 382393
 271649
 716109
 138639
 1076857
 133718
 901450
 181156
 381095
 374145
 697834
 358227
 771065
 917029
 59815
 170178
 992746
 864770
 997110
 884417
 920686
 133509
 207334
 557960
 529453
 767533
 383509
 673108
 743418
 630020
 229892
 1738
 732274
 558778
 495497
 541677
 22647
 324626
 499597
 169872
 793086
 328375
 1038421
 366435
 1018723
 410925
 60460
 972141
 363951
 112810
 132107
 383713
 206858
 109719
 274535
 148494
 520885
 63630
 578952
 568739
 542372
 123326
 578197
 748255
 594043
 341436
 968489
 767514
 774682
 1033189
 999457
 891664
 745804
 783036
 117820
 934985
 132532
 594141
 735893
 772223
 843849
 513815
 688680
 156055
 957981
 798217
 906718
 823949
 332347
 971362
 65996
 1056022
 320784
 428299
 26580
 331614
 613058
