397389
 254238
 758266
 384603
 908989
 426275
 1003170
 1088021
 107609
 703111
 692674
 666127
 375228
 119842
 231821
 125728
 289193
 119843
 998109
 435722
 292190
 693845
 707986
 185617
 491812
 761122
 83771
 541200
 109958
 367886
 965849
 701070
 1015415
 182971
 754343
 294280
 332703
 606704
 849840
 1053753
 128837
 753395
 1032038
 842754
 1064691
 107997
 53816
 666069
 1030018
 929255
 769238
 752543
 572367
 1025483
 744632
 636882
 496533
 970393
 29929
 928068
 845125
 826280
 582173
 80988
 597982
 159641
 82939
 374507
 117483
 698889
 1076078
 808262
 368374
 124341
 881446
 459789
 279189
 903386
 1099437
 1068887
 87024
 391484
 338860
 903038
 60875
 1075903
 470504
 52063
 628377
 944640
 611090
 213512
 619339
 981972
 724356
 206322
 596611
 295434
 437867
 786139
 662983
 1007195
 896833
 661477
 192308
 332707
 808552
 1063780
 886584
 1010344
 958932
 620765
 246283
 956010
 172670
 645271
 333128
 374268
 520747
 69184
 445643
 984846
 530728
 637710
 900923
 825343
 777301
 808379
 365460
 436935
 901026
 1981
 109088
 966616
 240170
 301281
 823223
 563880
 1007345
 802046
 1037652
 590173
 704265
 504208
 591135
 732712
 971349
 538418
 582275
 566128
 555324
 595487
 749917
 385036
 599587
 484554
 108548
 123148
 313129
 208404
 920913
 535284
 595174
 976317
 746641
 177171
 270295
 527907
 813425
 130605
 1005465
 582139
 223812
 945806
 512148
 91003
 198014
 471741
 248354
 534038
 611442
 1091286
 738177
 276826
 345456
 338792
 814335
 789451
 954686
 1023205
 53740
 639454
 241957
 785893
 123378
 988328
 196642
 199080
 498905
 481086
 848165
 697959
 608506
 1025139
 752157
 781915
 385711
 66934
 413964
 271602
 710672
 22209
 540462
 142486
 439797
 874399
 88293
 382338
 688780
 682235
 506353
 527325
 757864
 657280
 984346
 111234
 658194
 128641
 635861
 214797
 386363
 264458
 350570
 277020
 643023
 72759
 529810
 521348
 328876
 1068112
 621647
 914877
 904780
 280464
 389588
 448099
 834992
 1056710
 57419
 612367
 373674
 425056
 245908
 892416
 995953
 171463
 116188
 139917
 509886
 895858
 55787
 507458
 72659
 919144
 1073911
 719851
 679082
 816867
 77423
 24304
 267172
 588615
 2890
 198431
 355463
 160708
 793106
 376439
 968131
 447492
 1079063
 970911
 985826
 419899
 891052
 489933
 560670
 646113
 978715
 179570
 1017940
 242432
 1042869
 785825
 400301
 622881
 674016
 669752
 26071
 934094
 436129
 219578
 264596
 1088463
 448082
 4619
 297025
 732289
 120155
 349521
 187140
 1077855
 328762
 241101
 893140
 942329
 1089964
 857246
 861116
 609762
 707782
 1081085
 183678
 612180
 921319
 681135
 668050
 716104
 212292
 344690
 557350
 500155
 822652
 941347
 42057
 460259
 461811
 618941
 1099241
 829817
 615326
 1079599
 547050
 943410
 1027933
 111537
 492728
 991883
 536651
 535644
 928068
 822093
 925694
 452072
 849638
 875476
 957531
 670970
 31703
 728185
 248572
 526772
 399799
 154302
 6276
 22466
 390958
 1086380
 871689
 253931
 470271
 995397
 841451
 899708
 533125
 874787
 726408
 575746
 1009415
 737839
 474128
 361813
 498481
 939651
 422546
 971641
 693698
 520681
 434598
 1044363
 1015831
 813210
 802693
 897885
 722789
 1068238
 901859
 811143
 319479
 933491
 695322
 293325
 165481
 640960
 226859
 790172
 475799
 549693
 1025616
 161917
 1096707
 806012
 1026734
 946914
 373335
 748572
 797847
 775876
 527810
 595908
 133105
 976733
 674057
 706563
 666343
 357091
 96359
 1095129
 781821
 188035
 589055
 878570
 847703
 646830
 596334
 916604
 567827
 769121
 1036623
 621990
 788999
 984804
 59639
 704826
 262271
 229808
 458910
 231956
 24349
 181717
 1082852
 365003
 569088
 281046
 29975
 216479
 28151
 423974
 812265
 569555
 905630
 648981
 469635
 322071
 768024
 149165
 548443
 779485
 306084
 89699
 162878
 967576
 1086168
 1091535
 475605
 836324
 269514
 800952
 174606
 782776
 230335
 367411
 104188
 333760
 412082
 171995
 423106
 314677
 249944
 1046028
 296088
 599510
 1062559
 159732
 848237
 617833
 356192
 206369
 190502
 399508
 370385
 899659
 691904
 425181
 872757
 604435
 1033114
 920373
 871758
 523612
 852907
 422904
 712287
 287031
 487424
 83316
 737599
 587361
 928874
 225828
 406998
 891334
 622957
 826324
 737800
 939017
 684507
 229968
 489418
 1004811
 1077196
 314261
 818536
 931457
 599980
 434703
 844017
 141427
 988898
 146712
 806745
 105431
 976911
 785463
 442383
 428910
 911456
 955114
 532542
 632105
 444969
 955093
 407706
 265194
 961216
 595239
 502541
 132827
 303288
 747663
 1006668
 625592
 195617
 1078174
 576449
 735251
 392655
 1052377
 491921
 350874
 292991
 129852
 670429
 947779
 644443
 1096898
 145122
 580985
 540651
 6243
 291467
 58826
 571735
 814313
 150285
 523975
 16444
 878602
 155854
 601966
 466260
 484995
 160238
 106944
 656653
 911080
 486198
 720809
 166462
 518911
 780045
 107033
 859362
 792547
 201863
 27170
 21048
 127392
 514544
 152283
 276819
 842929
 952593
 467578
 1006458
 589026
 279503
 348958
 530161
 678411
 844804
 1066723
 943457
 623410
 565296
 349256
 298872
 602172
 505789
 347503
 153491
 122563
 680955
 1000680
 963899
 840223
 672465
 496226
 147042
 1039253
 732944
 124723
 139676
 776397
 1025612
 1026732
 213922
 522486
 834224
 92044
 367934
 751333
 37453
 179652
 994752
 707009
 938447
 649466
 112601
 403809
 594622
 550676
 60529
 423513
 148755
 1077258
 728112
 657644
 883294
 619090
 1077560
 257976
 554777
 427471
 299366
 276356
 299573
 374616
 609488
 285381
 304892
 1034350
 305474
 812907
 970607
 683788
 697073
 810947
 374830
 464430
 35621
 404562
 915106
 700047
 410611
 219236
 41397
 614961
 584289
 886142
 77899
 983765
 80237
 358616
 335669
 437703
 908233
 830169
 619329
 987698
 877061
 558970
 675549
 369582
 234168
 34970
 365575
 272873
 934101
 702137
 669299
 78882
 257448
 85525
 763335
 707730
 1061010
 129519
 11970
 1082306
 174396
 762851
 202467
 137185
 1098202
 45683
 292926
 829390
 670593
 772236
 786450
 775343
 56383
 246726
 446831
 161468
 554909
 921217
 16110
 117520
 738723
 402998
 879958
 288610
 1084974
 478392
 158952
 130106
 745953
 365515
 999824
 868120
 638761
 842316
 388853
 1043260
 100846
 186622
 331182
 477105
 80570
 1038002
 897176
 779624
 248832
 70510
 245836
 766707
 1047419
 57762
 1043938
 143639
 761974
 1086582
 1081548
 555938
 984901
 59774
 619333
 1049487
 330673
 842956
 1000918
 1018904
 751280
 155697
 649418
 385157
 523999
 13906
 260851
 429528
 425509
 593197
 68912
 195547
 658950
 947924
 615279
 861276
 1096909
 267043
 357892
 108444
 871887
 196850
 166175
 515091
 525867
 972546
 577102
 971000
 771178
 855858
 837039
 726335
 1091967
 931725
 999135
 806954
 330783
 151623
 891332
 1003066
 599394
 600494
 1052519
 229763
 438864
 172252
 1057590
 600123
 405647
 763955
 666214
 153954
 42014
 299689
 1016486
 333196
 940202
 441195
 777862
 786234
 368914
 495973
 579488
 763128
 834425
 96998
 229920
 125273
 866453
 843091
 149892
 516960
 506124
 832110
 571401
 1000364
 683542
 1064433
 680524
 906604
 1083929
 516742
 908623
 884226
 796400
 334275
 235947
 623340
 682157
 179991
 979746
 914334
 938500
 910181
 831124
 608650
 167608
 637937
 732506
 1081634
 212414
 631653
 641623
 32896
 345087
 268266
 99737
 1074886
 74925
 232310
 933087
 1086159
 671619
 918628
 576464
 671285
 923779
 836160
 342229
 479611
 659255
 261675
 917969
 498130
 643073
 951796
 783114
 1084428
 35673
 75362
 978730
 208225
 493335
 934866
 862197
 758272
 653839
 76242
 121586
 721657
 115872
 645826
 963432
 306760
 459771
 591193
 534639
 601156
 575032
 439241
 337967
 137692
 1080912
 623601
 1059973
 56289
 499155
 561325
 803252
 632471
 356627
 432236
 680812
 115865
 899591
 451635
 41963
 479169
 354058
 981425
 166988
 104678
 915816
 124847
 288712
 135448
 825632
 16720
 172738
 111239
 1088393
 869205
 202404
 340857
 135675
 4465
 863191
 1029541
 329177
 963569
 100777
 881319
 800393
 414355
 888743
 328018
 815452
 924158
 907907
 254347
 1004202
 168394
 257130
 369753
 811092
 480234
 641404
 542869
 153792
 415186
 170282
 356182
 577929
 852054
 831274
 192561
 850071
 769807
 608193
 919141
 93010
 829725
 659665
 301635
 1068865
 765776
 283479
 1096962
 665082
 335913
 52174
 209218
 215056
 23575
 898606
 88617
 826840
 1078033
 1069639
 139147
 757453
 178284
 368321
 752867
 608525
 650736
 994092
 298470
 632598
 229186
 495184
 594722
 500034
 1017417
 513457
 390460
 1033672
 113165
 894767
 422693
 703533
 435927
 31308
 827031
 661076
 665226
 590885
 550740
 754630
 1086533
 89575
 422247
 651794
 505449
 750603
 1055498
 857863
 243973
 532056
 203247
 19825
 15169
 1029732
 629239
 1029995
 453515
 267360
 1028931
 226044
 537483
 321526
 166356
 725314
 16095
 107
 523719
 585876
 450746
 400818
 376840
 1097653
 735048
 597075
 783953
 43972
 648750
 342658
 176089
 902066
 416034
 538509
 429060
 44570
 1037083
 829959
 673664
 904463
 492092
 737180
 78745
 25255
 518300
 636415
 935051
 549446
 213772
 106172
 344717
 107215
 1097607
 643899
 270768
 831257
 198970
 1081642
 431265
 673565
 824610
 434849
 282584
 183411
 747910
 819411
 705853
 460367
 1042175
 81682
 930940
 717866
 827360
 636618
 521435
 467335
 45609
 804525
 237057
 843384
 967460
 43061
 472306
 18765
 1005856
 384607
 105717
 982443
 644883
 711484
 1024547
 385978
 196494
 157835
 641125
 711112
 442658
 273657
 315257
 162904
 301760
 152416
 218495
 166414
 627430
 976519
 310032
 728225
 340221
 665
 624917
 48894
 703769
 385778
 285222
 409779
 407135
 32621
 85344
 44053
 996917
 598131
 645715
 678348
 57089
 932770
 958972
 99102
 393594
 498391
 126887
 59836
 319845
 663470
 1055187
 684871
 337903
 656787
 1043170
 228328
 565630
 550527
 282781
 462161
 471893
 975148
 800428
 920505
 988091
 149743
 163341
 361170
 448566
 270194
 908359
 113997
 354660
 67795
 275765
 671193
 141290
 388548
 365865
 789878
 299092
 418846
 362493
 879943
 205506
 977682
 76193
 323113
 104438
 485191
 1014432
 126599
 343904
 158394
 655528
 220792
 768648
 111973
 1008453
 911674
 407119
 537124
 1019546
 231563
 270338
 263249
 1075724
 781727
 30136
 781120
 217603
 317736
 603720
 541803
 690219
 775894
 427962
 26730
 794168
 922329
 439688
 58970
 1099521
 712029
 656294
 466696
 576497
 387940
 163612
 247442
 1095409
 750054
 687952
 84282
 18149
 653568
 695333
 9852
 554958
 102976
 964044
 402234
 894150
 190218
 1031955
 421333
 91143
 228066
 656799
 333738
 959702
 417445
 41058
 403374
 236400
 1097464
 339258
 920949
 1080258
 463290
 948292
 730751
 237652
 623252
 422532
 121921
 826529
 791287
 931484
 930446
 1083853
 837325
 39811
 657436
 687189
 623551
 417451
 847462
 101822
 1029630
 283010
 320372
 885983
 137506
 94304
 309901
 994882
 842207
 349987
 879312
 325430
 658972
 824178
 649955
 157590
 875970
 89426
 857667
 510808
 883039
 952635
 1044324
 378740
 549417
 620631
 48264
 452172
 837076
 1092383
 205128
 1023285
 258853
 779807
 38663
 863141
 340869
 251763
 691207
 151646
 668131
 793115
 659154
 502459
 291896
 443732
 335170
 1054358
 491517
 908078
 520818
 894304
 618120
 196291
 444120
 731035
 203118
 75084
 234319
 545393
 807893
 244446
 778085
 815424
 382347
 893985
 596864
 1023997
 662024
 423993
 95326
 689442
 78578
 487298
 1048216
 659003
 601660
 501934
 826314
 729614
 442780
 1053784
 977347
 335047
 516051
 1039950
 657551
 624444
 833671
 585766
 279181
 48571
 370720
 708580
 535345
 299550
 782059
 316106
 1096482
 474498
 737990
 224830
 955353
 151240
 396813
 1018462
 352318
 1065691
 629812
 1076395
 249132
 172757
 919636
 773246
 923463
 612667
 347789
 695995
 44304
 717338
 866088
 81516
 541121
 320750
 308174
 848041
 610039
 647429
 974058
 787435
 631208
 698398
 900321
 253732
 130776
 183879
 1020993
 801916
 471072
 660730
 756633
 842791
 235135
 1012923
 760494
 650213
 460576
 969264
 371481
 259894
 1003076
 488334
 919825
 790202
 875295
 276817
 631923
 942314
 552234
 635989
 640764
 115101
 1009899
 929591
 548264
 319595
 870973
 299745
 127409
 304424
 106164
 350949
 746608
 618630
 333073
 357470
 507899
 26542
 650133
 587094
 719508
 167186
 772239
 57370
 65002
 858570
 664522
 899587
 928635
 619435
 340658
 153186
 622384
 281022
 763426
 977942
 12853
 965814
 728694
 118828
 663040
 1096908
 19598
 832993
 325219
 1032445
 865461
 758765
 562
 173064
 947785
 26145
 703839
 381743
 375873
 676855
 87945
 3061
 130916
 696670
 574749
 743710
 1047678
 894855
 56817
 877992
 201816
 247215
 13907
 962968
 811288
 449006
 1015511
 535329
 1009878
 994909
 674307
 393678
 794362
 97189
 567008
 805166
 403128
 326702
 840607
 446787
 106493
 606679
 297411
 583127
 854164
 50734
 40289
 564319
 218219
 822360
 166349
 732553
 182898
 731180
 528035
 971859
 174067
 790616
 607805
 633730
 344125
 8222
 175586
 44404
 881299
 87837
 316264
 989023
 261739
 372565
 125237
 899231
 871054
 892592
 668892
 760870
 55531
 516948
 827451
 421418
 90240
 788482
 821237
 485112
 863821
 1040939
 802276
 432764
 683006
 646713
 762127
 1015038
 532891
 1044256
 230240
 776566
 388222
 666584
 974018
 1014420
 585456
 286888
 851799
 300808
 440719
 304923
 751100
 1051701
 227089
 505323
 219949
 1053334
 118572
 283425
 398988
 1008485
 410638
 144708
 113062
 88577
 639068
 108777
 341113
 751513
 802497
 1001511
 836563
 272994
 683835
 866414
 837891
 200373
 248308
 921385
 514772
 676944
 832751
 122665
 615702
 827739
 813907
 678666
 290523
 119850
 939971
 857947
 866887
 156727
 307756
 690244
 633908
 332217
 651161
 784987
 226717
 625814
 89135
 494426
 441156
 828473
 45997
 123223
 145467
 538151
 140492
 824849
 421453
 459510
 171083
 281646
 161873
 84582
 438019
 898633
 438600
 411809
 171901
 474956
 361269
 332017
 1084472
 227467
 327887
 413975
 683051
 536933
 317784
 961932
 195967
 883190
 534221
 905733
 673278
 567361
 697095
 99679
 834102
 869081
 58688
 103977
 692160
 69783
 547357
 769693
 928216
 1038671
 625370
 769845
 180805
 3345
 872047
 291452
 57888
 266337
 925024
 82944
 638995
 681704
 273713
 998838
 441880
 305549
 927614
 1092236
 620304
 548079
 626706
 755966
 241113
 686265
 986519
 798624
 1069366
 844561
 819760
 589484
 219184
 92718
 1054611
 621089
 277468
 376164
 818280
 58885
 970140
 18086
 704707
 850054
 848915
 186255
 125066
 786174
 420711
 44687
 267074
 346498
 795051
 1093081
 264518
 1075374
 1088517
 429672
 632685
 623845
 98465
 173505
 211118
 183496
 664679
 557412
 984658
 35931
 511505
 150631
 952504
 554854
 936125
 611168
 1041576
 798917
 630646
 13647
 535519
 111739
 751543
 795818
 821795
 880791
 867206
 506355
 130929
 327127
 1069135
 242172
 328457
 89893
 847873
 251186
 670322
 985227
 939906
 694442
 115218
 961896
 96869
 664733
 268587
 715228
 399727
 755514
 346449
 629347
 283678
 840833
 189332
 516009
 849422
 123357
 372908
 572654
 520711
 877556
 492894
 855216
 205672
 478647
 896607
 171509
 1001020
 899053
 361919
 404789
 236368
 568964
 738452
 445091
 1042977
 71569
 942873
 28598
 207158
 508890
 1050078
 861943
 397507
 774834
 336182
 192963
 377840
 411346
 523695
 362092
 643225
 770294
 86858
 139475
 964024
 201702
 458587
 828106
 649763
 634551
 233117
 196574
 355013
 609282
 723599
 207696
 970863
 950981
 1034169
 182055
 826846
 177310
 301475
 433996
 995815
 456651
 525154
 609620
 118113
 461490
 194631
 448727
 873218
 750539
 119461
 68954
 657073
 374102
 394691
 505031
 664909
 597250
 559135
 809710
 565984
 601946
 791522
 655816
 874452
 685934
 317957
 523034
 550344
 799772
 454234
 1038715
 477075
 1073178
 691756
 697452
 844061
 762029
 360453
 399844
 534494
 1079592
 263627
 260241
 999837
 604154
 702914
 659456
 516234
 407337
 1049668
 620158
 432438
 788489
 452192
 828614
 155909
 1045167
 365175
 14003
 47447
 378384
 338159
 965440
 244249
 931228
 471941
 332172
 485519
 754105
 43630
 732958
 391651
 610096
 876777
 698348
 470641
 987986
 212089
 646583
 865514
 619730
 810324
 897464
 509140
 169683
 494688
 149804
 49210
 699607
 655298
 768067
 44423
 898315
 209893
 67340
 1045370
 379341
 479535
 466608
 677978
 802790
 52846
 159291
 466825
 506059
 1094386
 844100
 443701
 340412
 331624
 332851
 556138
 1056582
 657089
 805817
 674768
 818560
 849446
 423610
 51598
 2418
 757290
 558854
 277769
 786536
 209541
 186557
 926701
 302532
 619560
 162765
 178204
 603115
 752659
 534836
 336030
 878384
 427298
 852417
 887965
 685561
 1032494
 702857
 803278
 580003
 224164
 651755
 877914
 805687
 63271
 743039
 477935
 153913
 619095
 632885
 142026
 1090012
 444038
 722646
 791152
 174243
 140152
 312858
 177230
 37246
 16510
 391027
 221330
 1015219
 168699
 27648
 86787
 519124
 200781
 800765
 653640
 560260
 901474
 84422
 134393
 789993
 679221
 898691
 314247
 509579
 282268
 77606
 385879
 1077846
 320917
 650427
 301446
 1071337
 889028
 478172
 774852
 716272
 84165
 36532
 992520
 650655
 259649
 969564
 715124
 719360
 933509
 348338
 449869
 91264
 1046467
 1036225
 1017129
 157393
 281340
 544731
 364018
 1084853
 579935
 442230
 528788
 115007
 88200
 449694
 403940
 404068
 646111
 1089095
 262627
 129683
 865182
 45936
 1055442
 912447
 1041412
 246369
 631873
 1071369
 599858
 687018
 101481
 1066546
 484212
 996123
 854288
 711642
 130589
 573992
 276813
 485018
 57892
 137139
 822559
 507094
 854110
 886104
 881194
 192890
 835656
 506123
 760302
 32131
 118139
 3579
 311485
 638123
 808893
 221808
 813905
 958044
 211458
 291787
 27767
 71134
 958448
 929023
 618899
 137238
 846155
 294100
 186171
 195503
 716623
 828023
 993325
 1063914
 212779
 812067
 788155
 656856
 562357
 125896
 513607
 338576
 711381
 33109
 48167
 271707
 396968
 571948
 346584
 69972
 353506
 917215
 661060
 858770
 800962
 907956
 667110
 1024581
 81249
 204730
 239522
 1053235
 429408
 21907
 241243
 821435
 916725
 186912
 194393
 262412
 662118
 950658
 894284
 527747
 38944
 165991
 124709
 337576
 758504
 191514
 102614
 782014
 134152
 406174
 1091057
 336241
 147908
 608313
 170721
 103388
 114686
 1054843
 719286
 500238
 636105
 203822
 692864
 955177
 883453
 650264
 169708
 315557
 529565
 218061
 931609
 359230
 241467
 218809
 798946
 927158
 507094
 55371
 854780
 949624
 751320
 33921
 37439
 281302
 553698
 1071958
 637665
 904827
 468662
 1095045
 498559
 899407
 861747
 806918
 192355
 582486
 962484
 1081320
 862877
 245373
 70898
 571187
 551772
 360385
 536884
 342465
 869123
 388376
 874147
 938031
 728084
 201958
 174919
 1063848
 584974
 579280
 693372
 236056
 451992
 753895
 929914
 292146
 460612
 872933
 724037
 980643
 987537
 571645
 954151
 832386
 135686
 122766
 436609
 770032
 444824
 676794
 626596
 141244
 195048
 512012
 75417
 10176
 30949
 520442
 109272
 122693
 861746
 401579
 982070
 564286
 584886
 642467
 388424
 194355
 393499
 771249
 786462
 464629
 498219
 370237
 612909
 219736
 6935
 233093
 397209
 57022
 406380
 1068995
 335584
 235478
 687692
 953752
 173552
 656884
 129446
 628533
 42122
 295207
 750179
 976284
 335107
 929475
 865871
 652018
 472051
 270130
 575549
 734206
 132362
 618349
 800978
 308146
 108229
 632286
 372831
 1079737
 302727
 134187
 913350
 789614
 431105
 913614
 1072966
 736978
 69776
 830563
 112164
 310778
 1050844
 120367
 920474
 377326
 991262
 381258
 212169
 177709
 327054
 36972
 171206
 275276
 1084519
 407950
 594162
 5351
 1039522
 1008799
 398233
 799309
 442033
 1051399
 317873
 998357
 843410
 534798
 337074
 350924
 114450
 460462
 717318
 441172
 662988
 775737
 1076009
 482972
 518240
 71619
 268567
 543714
 512354
 32776
 968611
 533425
 1095726
 443653
 1097565
 995776
 491473
 1060244
 461900
 79880
 308806
 695367
 317495
 713377
 709450
 303104
 297805
 776547
 698915
 254030
 395347
 126884
 97491
 815313
 598793
 305878
 621982
 890491
 2242
 57885
 277145
 796309
 567160
 436253
 449509
 268134
 231315
 397077
 1030088
 589484
 767930
 325917
 367124
 168165
 477655
 434229
 410684
 751052
 583744
 1051350
 402836
 254703
 341509
 654240
 247166
 956587
 1088646
 821131
 484735
 268531
 1049777
 928005
 552480
 753341
 492806
 627279
 992177
 392978
 146161
 326344
 606319
 854553
 1074086
 844527
 952357
 898863
 860055
 594951
 632665
 588479
 704157
 436838
 599733
 1081872
 711003
 239569
 145596
 689637
 199788
 303300
 536833
 650665
 665638
 149276
 822856
 125099
 258517
 774528
 737521
 971434
 458725
 736870
 10544
 437997
 736780
 150959
 810563
 981226
 923489
 130101
 165962
 1053006
 1003459
 623300
 1093034
 71240
 916471
 729096
 457127
 157773
 965024
 289063
 831473
 556534
 408285
 52536
 1011804
 341301
 73881
 999972
 496870
 788557
 846523
 403950
 313291
 178953
 640132
 407469
 187344
 105829
 428703
 74211
 463655
 164086
 700218
 1091749
 279012
 757864
 231612
 167224
 299582
 171753
 953814
 805614
 637736
 808352
 261994
 316627
 547182
 1097399
 1097238
 72234
 266026
 631977
 373672
 879149
 819273
 229730
 884034
 797542
 238309
 226062
 589154
 134822
 977141
 1054885
 575370
 144120
 242081
 1031738
 376551
 409723
 288370
 683338
 42187
 625683
 871052
 983955
 523570
 263355
 541153
 685047
 981618
 47613
 964705
 486481
 291124
 660031
 793219
 326191
 161173
 453689
 977932
 319840
 234799
 725160
 711853
 600555
 466775
 512509
 956216
 28445
 542181
 216596
 835230
 354574
 598014
 922640
 251155
 610674
 191632
 258336
 794923
 259465
 905083
 763411
 85591
 1075383
 709401
 46483
 579335
 524741
 58903
 886605
 371472
 705836
 359699
 575727
 974264
 364595
 985325
 19859
 1075404
 545487
 499514
 200061
 209872
 581459
 928617
 917645
 6251
 693930
 460183
 870206
 11028
 683339
 984300
 674854
 867688
 22662
 994768
 707078
 271121
 265594
 69040
 1024597
 810782
 755306
 1089910
 452465
 397461
 706797
 264444
 1016447
 357816
 523665
 765607
 35660
 813675
 556200
 301969
 704885
 302998
 798884
 298293
 494143
 341510
 692697
 960439
 36914
 313680
 364444
 605575
 582428
 287572
 966151
 852149
 454978
 652007
 774009
 783980
 990370
 926093
 517038
 447862
 507726
 175373
 82623
 724164
 1029832
 264626
 439198
 1059745
 172467
 373339
 473808
 472469
 355900
 992459
 1022478
 673659
 989445
 351785
 939426
 496761
 344907
 332181
 44717
 868753
 412484
 705518
 599752
 121614
 312997
 357225
 999057
 622878
 393085
 756874
 445202
 1053497
 30588
 335705
 595447
 939866
 847981
 685598
 333138
 195084
 663601
 330167
 713535
 836329
 864463
 960450
 1052534
 833936
 99810
 280237
 1011306
 937918
 680499
 76925
 816034
 493419
 703277
 910959
 416205
 431567
 357220
 87059
 252079
 93555
 1053693
 26889
 330092
 260506
 588480
 863270
 940411
 1049247
 98744
 1087778
 427749
 1039735
 674113
 688202
 727100
 1067372
 901183
 530638
 909637
 399731
 609299
 139970
 355300
 289911
 663229
 656166
 467008
 4277
 820714
 689985
 116431
 831761
 631085
 384379
 558382
 608599
 327113
 340954
 894654
 922885
 1091344
 668383
 1075708
 445832
 692869
 771316
 105816
 944799
 719628
 236862
 729063
 689341
 494083
 20090
 1051690
 560714
 653541
 810039
 316590
 486092
 575830
 919632
 875458
 721036
 226252
 883206
 398443
 238649
 701034
 738471
 160025
 148481
 202054
 458693
 577579
 649536
 235582
 623019
 678114
 1056447
 1088571
 288141
 305043
 384697
 601219
 668084
 893937
 596675
 626914
 131886
 1011556
 545367
 567872
 258625
 1048110
 445346
 58438
 19883
 666729
 695714
 365307
 156943
 1022210
 127890
 11523
 276154
 190083
 689116
 56122
 505978
 1058098
 456096
 472943
 164274
 742389
 308103
 533946
 668192
 199786
 640111
 968475
 405168
 24890
 22810
 560686
 875462
 713257
 1045500
 893959
 152259
 632244
 972946
 483197
 1024999
 1009267
 746569
 924485
 393808
 217322
 233671
 199266
 985565
 513506
 121969
 238362
 858187
 281999
 927819
 733151
 647744
 867926
 856115
 690413
 571601
 352895
 365879
 956712
 980606
 997225
 165768
 622196
 727474
 829475
 1051029
 571041
 717498
 836208
 755159
 655152
 628171
 23534
 1070629
 1039018
 736967
 911656
 638966
 593494
 397586
 298356
 556667
 452003
 594351
 209128
 501637
 1041890
 416918
 906440
 76746
 704762
 456711
 1096297
 1025101
 622684
 232753
 542806
 922911
 268796
 85231
 707290
 465603
 339149
 941072
 922908
 1008793
 124527
 319876
 30159
 372612
 319801
 767515
 792325
 570950
 1025890
 263725
 1080295
 980330
 700779
 1057041
 547412
 78776
 142602
 981635
 171888
 527709
 1065333
 819825
 360339
 975226
 250374
 871630
 46082
 94210
 850684
 624652
 61796
 66010
 652452
 198055
 1091267
 517453
 982005
 231119
 795219
 112690
 440749
 197418
 415097
 579039
 368410
 1090075
 411980
 1000339
 51714
 215686
 114923
 431857
 486224
 364386
 1016939
 352451
 561354
 699500
 294171
 812285
 318163
 558645
 372499
 555709
 675136
 1058203
 140440
 692022
 644327
 632624
 650080
 877803
 226730
 748558
 128346
 702629
 300142
 69798
 847632
 794283
 534126
 103742
 585217
 174962
 947308
 102114
 22079
 448623
 236314
 743269
 404729
 626094
 396516
 727690
 1049438
 759604
 321184
 1032730
 1081330
 700042
 464195
 547637
 846333
 383418
 148296
 480302
 105619
 857397
 752308
 856696
 1015765
 776956
 251035
 175913
 1000578
 734065
 135992
 717761
 533379
 579187
 341857
 377058
 794589
 739525
 606292
 219492
 847029
 828310
 361676
 371348
 192790
 775549
 590065
 68050
 621509
 49919
 1032948
 916356
 276011
 478757
 365916
 526473
 992398
 265853
 681848
 56551
 883091
 743300
 434064
 752708
 636882
 335983
 139995
 461656
 634236
 462122
 1028049
 136894
 1099342
 242754
 360022
 343213
 721610
 50590
 901462
 876558
 90199
 1067189
 111034
 1970
 621239
 984768
 999585
 145630
 46585
 550186
 5906
 296605
 435030
 1083055
 1018768
 16388
 760176
 743610
 694390
 338138
 29095
 349004
 353408
 210836
 415221
 1037698
 905428
 416377
 352187
 74097
 907083
 861427
 35929
 88202
 216216
 410853
 458237
 799862
 287389
 906958
 631105
 617179
 198315
 653983
 1040752
 941079
 207275
 880
 78066
 11178
 114998
 178386
 493098
 70943
 984975
 634387
 674572
 105455
 1038959
 936432
 1097129
 292501
 316200
 143746
 827494
 435215
 124011
 151861
 977232
 420904
 320778
 922358
 1013148
 79964
 171889
 983513
 994387
 730433
 255720
 182908
 513418
 625968
 205049
 179300
 863069
 275083
 1050478
 996638
 516141
 362697
 696235
 136139
 186145
 832031
 689588
 696917
 975368
 567911
 439090
 28579
 81488
 688513
 1053337
 140509
 626763
 608537
 1022258
 1040149
 488275
 118900
 344439
 905191
 203764
 944580
 474178
 629368
 1032514
 266237
 506125
 729823
 543352
 760101
 871429
 553754
 470056
 256684
 797643
 251026
 886027
 660820
 282312
 367049
 401892
 990829
 386864
 1004571
 109414
 520702
 511496
 229716
 274088
 1025832
 58844
 1085855
 569961
 444930
 746878
 206518
 41457
 444707
 651699
 620380
 669342
 431334
 194993
 449525
 833789
 706568
 415903
 139199
 90963
 552081
 409849
 288005
 46317
 819407
 109045
 90408
 225429
 499933
 502540
 837315
 32216
 627925
 788225
 794755
 225669
 736971
 781486
 395924
 171735
 481329
 196500
 521899
 619562
 1000076
 107206
 823281
 621692
 829552
 411
 554026
 434493
 236390
 827784
 328594
 430432
 1041188
 4632
 437873
 414588
 807137
 878252
 935170
 947489
 1087174
 303645
 942565
 1000030
 391719
 874776
 1051562
 1019546
 658772
 311915
 687367
 347728
 220698
 624604
 826978
 206628
 537287
 479702
 941985
 140088
 1016251
 1095926
 326848
 770606
 129487
 195419
 801641
 960274
 1042136
 330025
 500779
 94723
 902218
 554309
 783288
 494137
 720098
 301377
 901116
 23754
 489236
 850815
 802227
 724811
 320598
 1046136
 369805
 379242
 249211
 273137
 817862
 757895
 542068
 207544
 427799
 599299
 879763
 942576
 957083
 651877
 57455
 203537
 896714
 165908
 186799
 847012
 1001782
 434663
 91554
 674767
 950658
 536762
 166015
 40447
 433426
 317222
 698924
 83676
 795123
 175075
 1036944
 684308
 912687
 496042
 755693
 1072910
 801927
 812074
 877205
 933849
 409579
 1055280
 569548
 393158
 168901
 561470
 240957
 63486
 898072
 884005
 405799
 1068399
 158003
 1006455
 605924
 566909
 472530
 431850
 690890
 736004
 1002999
 254287
 301729
 250353
 1066375
 943750
 507492
 1092662
 178873
 88627
 691023
 666058
 615752
 89055
 535519
 137820
 887768
 494523
 793546
 878398
 1087340
 598404
 745628
 662903
 88194
 554542
 740901
 832587
 896967
 831491
 1034502
 341578
 132999
 793394
 356891
 378986
 92238
 1081934
 675015
 411190
 638105
 245077
 232632
 570470
 556383
 39078
 780029
 458038
 456204
 655137
 846692
 292137
 884961
 1021681
 1096008
 236695
 462511
 650803
 724934
 539203
 400503
 1066743
 88549
 1044068
 256185
 830219
 428339
 753729
 507671
 608969
 1003618
 1045857
 114609
 442335
 504541
 299877
 648193
 89082
 496284
 1090802
 495460
 660228
 716528
 499364
 653794
 716290
 912999
 924027
 147186
 677381
 374491
 220978
 685819
 559797
 72999
 1074048
 33617
 820530
 721774
 1034338
 108287
 716876
 635589
 775237
 358725
 279829
 557750
 626737
 769652
 890966
 680533
 335708
 737692
 67960
 73345
 345302
 257924
 361535
 593591
 943893
 858563
 566194
 598819
 611688
 966878
 781646
 792112
 1080201
 523002
 602141
 897725
 808120
 717064
 410052
 1020251
 980722
 617799
 140479
 1040309
 154114
 108543
 645395
 500957
 35988
 771986
 894663
 342691
 617425
 983062
 232493
 736090
 1035444
 160768
 407223
 367162
 210651
 555031
 62545
 19649
 635118
 321223
 799360
 1022495
 29853
 555965
 374962
 393905
 362568
 749938
 17876
 362166
 21315
 615961
 404476
 1061485
 1079586
 2370
 959481
 433970
 1039117
 155822
 130327
 1022753
 848607
 701734
 477310
 168845
 160759
 1053516
 612732
 898246
 803049
 167577
 898663
 422013
 384755
 469205
 246432
 529315
 489276
 555137
 19818
 769265
 451188
 364827
 734286
 911587
 59752
 555764
 876206
 520747
 531491
 786677
 34982
 122754
 693623
 649008
 253548
 905673
 637115
 224720
 1060251
 928713
 556873
 959925
 556914
 891403
 571540
 738187
 224151
 590401
 226438
 229263
 1035170
 735453
 273184
 350266
 764914
 853179
 259311
 297336
 615508
 681592
 434467
 804310
 449999
 121864
 883236
 274757
 793786
 462239
 1018106
 374793
 1032498
 917547
 190088
 481576
 1008560
 311809
 597025
 356457
 595831
 562791
 960504
 933788
 398737
 53361
 576995
 498108
 761272
 776826
 1013269
 435292
 76945
 600963
 733278
 978683
 642035
 396869
 71376
 101612
 260506
 599493
 725423
 708256
 145332
 994637
 1097069
 231003
 889079
 820083
 924419
 1057898
 980960
 108697
 760417
 203591
 46093
 715286
 189770
 579548
 638055
 678526
 497665
 971652
 259889
 879991
 682564
 891902
 187460
 237246
 631489
 917504
 238816
 498781
 533160
 307120
 945145
 1083647
 692969
 1099413
 459743
 289114
 583494
 68586
 316171
 803524
 551716
 696467
 833416
 170663
 1081164
 638522
 434836
 244262
 453392
 782090
 565160
 418121
 369638
 743686
 136711
 97689
 212882
 564597
 1070794
 666672
 803573
 991716
 648295
 354060
 637460
 1052463
 427070
 966201
 1043561
 417086
 897763
 214404
 963124
 957734
 591954
 778770
 212401
 1026459
 211089
 767818
 204492
 822544
 909931
 192266
 502926
 156848
 466815
 379628
 62518
 1071930
 396423
 852720
 992427
 14643
 1050589
 539559
 259001
 1023214
 521451
 860703
 290331
 1053703
 360559
 430373
 723674
 820318
 288793
 860527
 1025238
 503424
 451748
 536431
 251845
 443462
 161617
 1000993
 595768
 34840
 616929
 482366
 979637
 121008
 1092225
 814050
 1000641
 321101
 1052355
 98300
 825222
 223356
 943795
 93214
 898576
 143648
 203774
 40316
 830898
 175754
 901693
 1062380
 69623
 650225
 586897
 650027
 165744
 154404
 967722
 474898
 446202
 931207
 255079
 686760
 156051
 511135
 716273
 714437
 620076
 667812
 1027201
 201196
 927265
 869316
 195646
 242485
 952310
 587907
 519688
 10256
 959687
 387010
 461269
 266459
 770311
 404317
 39703
 497293
 499939
 450495
 163243
 658237
 630879
 617256
 107694
 229480
 278920
 291959
 716610
 782477
 28486
 14289
 418194
 856375
 26518
 994137
 928940
 348394
 501617
 495228
 338474
 885058
 749146
 805321
 216973
 1075449
 540274
 691152
 957163
 695551
 645603
 803720
 316601
 245883
 1000253
 973201
 542499
 392798
 542642
 654892
 455629
 73921
 3466
 978701
 652746
 190287
 751485
 648147
 176013
 41325
 65607
 433866
 796225
 381358
 1097524
 938830
 81587
 402803
 425680
 557135
 238135
 443786
 824442
 823440
 977115
 181792
 880035
 109158
 960103
 1027345
 599563
 1055154
 1046278
 620248
 342595
 720195
 533241
 960713
 358813
 1035549
 450970
 17444
 113962
 138458
 115804
 229310
 798200
 556535
 185604
 155306
 1084863
 372028
 215990
 1047127
 28077
 834287
 849172
 14884
 854801
 361665
 669932
 669260
 1042029
 661633
 245162
 6629
 1018614
 125429
 944326
 125684
 754817
 308606
 526668
 283543
 703196
 429359
 429437
 571351
 281296
 941869
 813717
