40796
 1090890
 387300
 815181
 395706
 74058
 703359
 665895
 396819
 314267
 467331
 483748
 1051503
 423851
 650908
 1095312
 599826
 187449
 1043529
 405001
 112858
 25641
 607957
 613510
 885372
 611419
 178904
 1012670
 273103
 373996
 879811
 300186
 766498
 40931
 309983
 271545
 594746
 378761
 822974
 1077188
 84914
 156322
 455400
 893181
 175496
 856112
 553408
 680835
 596334
 508595
 432549
 886818
 1019199
 696687
 319973
 129036
 1098904
 668109
 1028669
 461557
 79410
 176219
 727962
 613423
 268087
 814159
 1087636
 1093073
 371496
 103955
 151094
 554430
 232636
 653766
 953679
 377168
 498236
 1068898
 14284
 200981
 866525
 323737
 186929
 250329
 313097
 786812
 283273
 402774
 138060
 975043
 525858
 108209
 13502
 863343
 23210
 123357
 150263
 14590
 1077605
 318431
 812583
 357374
 1069937
 617738
 1089030
 994870
 709312
 388233
 260141
 775859
 737232
 520285
 998574
 784348
 58041
 491934
 1045557
 558977
 131014
 419543
 179232
 198128
 1030085
 843624
 354424
 554137
 961504
 364155
 183271
 960259
 839776
 102795
 190670
 376647
 193303
 689700
 918747
 725330
 346593
 127980
 605003
 589977
 331403
 9503
 252613
 504025
 623536
 752920
 421035
 481245
 26805
 758542
 865129
 76690
 715715
 92774
 977144
 620140
 809793
 49215
 701416
 661755
 24163
 65308
 547363
 255183
 782965
 455364
 280441
 546580
 818141
 266179
 900031
 247607
 414056
 275093
 754968
 369981
 818248
 980851
 505158
 583797
 963720
 842126
 723911
 94111
 679860
 2483
 761313
 170037
 107631
 217198
 441137
 1065952
 212212
 1001371
 675666
 304941
 775881
 358954
 638898
 117353
 525976
 88
 322906
 649192
 757422
 931698
 1041070
 570751
 898981
 255141
 675746
 918062
 376426
 1095506
 108960
 1077227
 706528
 949158
 345037
 852838
 517022
 483215
 590091
 876789
 584872
 359449
 227250
 715550
 447139
 726153
 573868
 450837
 667285
 586441
 767392
 703899
 855119
 273960
 26194
 50132
 538092
 161598
 64507
 672189
 334212
 397291
 259735
 674540
 282865
 487669
 753921
 431562
 648129
 1044010
 509445
 374034
 915544
 526021
 974873
 423530
 132782
 740630
 191171
 76954
 209620
 384414
 1053060
 210315
 524229
 794306
 288858
 982381
 478752
 290821
 1036306
 89871
 794862
 473508
 607886
 550044
 878744
 798110
 743442
 142435
 331683
 788110
 197080
 405731
 1080333
 199586
 921167
 136568
 414744
 304899
 707190
 35302
 21887
 845964
 522374
 653868
 586677
 951782
 1081123
 801463
 193637
 441924
 497390
 786856
 1091570
 932379
 666438
 101786
 741477
 60460
 1021342
 993975
 88813
 898975
 721301
 1013943
 802349
 502865
 285102
 1092291
 942257
 882355
 1051240
 635461
 942684
 654181
 57186
 617875
 90023
 20691
 1043216
 1000286
 251195
 133508
 234702
 1099998
 585595
 797406
 151205
 62104
 25276
 755026
 353477
 94035
 664418
 952153
 552757
 611700
 765910
 6202
 622358
 1001854
 73880
 35495
 199829
 393081
 839704
 192979
 478805
 503716
 229418
 149610
 393522
 148463
 830574
 372050
 530360
 787041
 415277
 202691
 313285
 158688
 1040160
 396069
 199269
 404297
 1083933
 948302
 445942
 982448
 681735
 16135
 645364
 671259
 1026020
 450531
 381621
 405265
 676426
 853410
 1071227
 236049
 815936
 438614
 975660
 297626
 497688
 172272
 636553
 931162
 1068050
 223164
 1053924
 634724
 1036927
 90202
 99842
 109607
 1004653
 174812
 10492
 36772
 311304
 20177
 542277
 480790
 74887
 147283
 738173
 931354
 480973
 512968
 446276
 633417
 645908
 791423
 127942
 113537
 857975
 316945
 282143
 109918
 207497
 1068709
 699739
 992362
 788217
 572978
 879636
 923819
 52329
 783090
 138169
 862149
 261573
 287958
 887318
 159761
 76406
 642865
 640758
 243120
 761843
 614766
 253059
 1082191
 991242
 329304
 583598
 120654
 453736
 667349
 1042185
 248857
 909597
 655477
 688954
 856153
 649334
 831960
 1093844
 33391
 360903
 1017270
 246356
 881730
 491732
 199677
 263349
 234868
 106857
 721482
 954753
 847974
 600030
 154680
 362582
 625239
 572148
 923680
 1047369
 613642
 180238
 24167
 561903
 77989
 409575
 446917
 854328
 565784
 1037517
 835733
 1045732
 279494
 904673
 953755
 125308
 862151
 539747
 181093
 947154
 198540
 800351
 501946
 32795
 202104
 959752
 200007
 271465
 488978
 524183
 267606
 802365
 269165
 75399
 945413
 535259
 829755
 1061802
 30606
 544213
 301521
 41087
 379081
 1072957
 740429
 613661
 507106
 184994
 926300
 1076624
 830504
 430095
 986399
 976121
 276673
 88513
 304185
 712828
 149777
 825571
 248749
 712121
 305262
 368663
 195102
 64388
 637180
 215238
 1026574
 248597
 428996
 29988
 827855
 623246
 315434
 1074615
 436291
 692836
 729314
 322205
 1097650
 840068
 743999
 1087747
 176796
 659705
 911409
 655298
 787494
 361733
 117563
 612690
 457189
 252299
 784142
 733940
 535127
 535820
 617467
 870492
 439147
 188405
 1010932
 45966
 861249
 22518
 983193
 780648
 370943
 385924
 78112
 1032025
 225458
 337097
 346096
 903188
 715119
 953564
 863260
 1036836
 539521
 418981
 312871
 1055897
 625492
 693268
 680577
 304161
 332567
 498405
 548033
 61909
 121006
 172126
 935202
 109362
 32726
 7399
 534867
 665529
 219576
 58465
 50237
 994711
 613331
 558451
 694593
 1080544
 632599
 387085
 164456
 308751
 247376
 817002
 866626
 271439
 854318
 230414
 866894
 756669
 283024
 325549
 855368
 106725
 147537
 985212
 771563
 448251
 316847
 202917
 956057
 611549
 673054
 776657
 1081661
 48813
 809593
 640124
 1089497
 521464
 769373
 167644
 169244
 224578
 821219
 536082
 38363
 520265
 536770
 610315
 892486
 270703
 78090
 740119
 385569
 685576
 989075
 959624
 1044224
 544004
 620495
 442382
 1069898
 536042
 152325
 849760
 803
 524945
 462107
 513991
 1006976
 839739
 152100
 340221
 577832
 675204
 569890
 532241
 814497
 826894
 872607
 945050
 806055
 74139
 94419
 634364
 84874
 552707
 503695
 930612
 576402
 465048
 277366
 899322
 672742
 165022
 497023
 242238
 183181
 433275
 994494
 534146
 643338
 99988
 215959
 675868
 958918
 72233
 835594
 466708
 145350
 412626
 581919
 301335
 642078
 970374
 733861
 985812
 722539
 798983
 37319
 589474
 152889
 1857
 348845
 572265
 42116
 451814
 187994
 836865
 308337
 504627
 132179
 1080517
 898100
 927298
 471247
 713233
 944517
 118064
 163737
 221176
 449375
 833380
 363783
 224015
 1031256
 923073
 545783
 364315
 314522
 240286
 129391
 583108
 83879
 438041
 444631
 891588
 621099
 299000
 816887
 594216
 95776
 995597
 125706
 713674
 249168
 416414
 637334
 745849
 364237
 120332
 83692
 68615
 892780
 378465
 1067465
 1004141
 403690
 280732
 76433
 594973
 1091247
 911242
 207567
 937190
 353183
 1045842
 477514
 662452
 1040633
 182141
 735221
 62171
 285049
 765774
 563741
 317733
 36368
 1086223
 836401
 131117
 57903
 581848
 927746
 881098
 678103
 327885
 23308
 771231
 572146
 550619
 276663
 426148
 967799
 830145
 1076438
 673911
 711685
 914529
 746761
 625457
 96495
 120664
 149649
 549847
 387694
 40701
 63648
 889099
 587891
 83470
 292764
 419720
 689114
 107715
 677426
 103895
 127394
 453541
 350197
 512559
 47428
 200715
 287162
 49877
 598466
 530314
 843614
 703485
 26087
 773977
 183488
 839681
 721636
 539063
 417678
 684423
 613201
 491135
 1015333
 26079
 843488
 419619
 381104
 195192
 720880
 337389
 1021331
 751397
 433174
 337778
 214603
 1044317
 536533
 580432
 626824
 915805
 697197
 39108
 183002
 771371
 897996
 937325
 319924
 905100
 169890
 199431
 951525
 245265
 813740
 2110
 123868
 697395
 395723
 178620
 759997
 898044
 262786
 543463
 796493
 145782
 188316
 658877
 780417
 596838
 207390
 570200
 743529
 384478
 363745
 252394
 1026944
 638638
 637837
 866208
 976283
 576286
 421814
 1099486
 27829
 577750
 984179
 553651
 259692
 63228
 807403
 828027
 657965
 571594
 711826
 877537
 426765
 1032682
 565985
 521572
 187350
 168665
 592526
 758158
 212730
 605477
 785757
 849655
 523852
 310014
 435794
 925458
 650113
 191368
 1013427
 383309
 680907
 1052429
 830155
 771423
 649847
 492103
 579796
 866641
 109658
 514569
 604579
 457794
 826083
 490525
 665759
 1047379
 102909
 1005404
 534108
 541043
 198515
 39831
 545855
 752183
 150568
 579587
 587127
 722609
 952783
 479204
 349362
 775601
 4068
 955592
 784942
 832669
 270141
 1024084
 637353
 262531
 234065
 347517
 9296
 1063815
 686434
 480198
 90102
 386057
 950545
 111313
 273478
 732421
 549820
 675483
 1066250
 755502
 13582
 883515
 921518
 176643
 114917
 460313
 28105
 385827
 116610
 620081
 261388
 270907
 869725
 931755
 614262
 321491
 560323
 601532
 637371
 1054845
 133600
 410698
 767327
 56726
 462422
 290795
 802532
 207546
 399661
 166541
 771978
 420892
 420828
 185443
 175182
 996464
 948793
 243322
 375407
 750823
 965314
 518034
 533112
 794165
 637627
 221967
 229891
 552353
 767652
 735500
 728208
 648058
 914235
 84895
 409172
 964618
 678679
 1048579
 1006972
 100779
 1017432
 635170
 233876
 397746
 839984
 94182
 117959
 52677
 132211
 768522
 525253
 29035
 123832
 489850
 175269
 722735
 615687
 1055367
 95977
 696023
 833263
 976398
 870840
 928453
 1047598
 1048442
 838417
 315665
 591996
 598898
 956867
 358752
 657035
 83099
 598134
 632762
 241812
 18917
 282708
 1004464
 682926
 370497
 27713
 940079
 233639
 524859
 606227
 972275
 289229
 100892
 1001767
 1058256
 1033192
 73648
 236735
 1050677
 71454
 1006986
 908715
 437585
 283896
 378051
 716239
 1092426
 327390
 582079
 916303
 990375
 672797
 748494
 1044915
 568097
 463182
 989329
 409922
 187793
 78509
 130513
 93706
 1079311
 831697
 186867
 309217
 767238
 89708
 474153
 171740
 615135
 334668
 182492
 837782
 1091308
 700982
 355481
 796
 699004
 501797
 348043
 672619
 639186
 67153
 345469
 130400
 1062262
 958327
 757883
 985709
 608934
 775594
 736469
 846607
 345170
 135990
 1030093
 434483
 120793
 496314
 938125
 197689
 460268
 411596
 340109
 679732
 322418
 918640
 127051
 1053433
 44659
 829285
 215889
 632385
 1003012
 250445
 219263
 335249
 330950
 715476
 54845
 727438
 54221
 119132
 666170
 488251
 938831
 630409
 531
 668532
 62767
 409136
 753652
 347276
 1076240
 1050954
 158731
 511401
 196554
 253691
 62962
 942509
 829241
 928879
 787448
 707145
 666881
 7137
 923663
 845613
 547407
 126314
 642592
 149459
 1000495
 66100
 1053208
 31036
 772749
 448112
 403952
 316231
 306493
 303506
 661931
 876504
 438102
 864672
 535884
 816731
 796131
 331253
 1080609
 24616
 732521
 907803
 661458
 734485
 389453
 679797
 34434
 828875
 609774
 152203
 208888
 517039
 171902
 826224
 1039314
 327924
 107036
 34769
 84023
 741999
 446139
 10989
 1053666
 912116
 208294
 701193
 376364
 997052
 1066097
 638374
 480496
 54896
 40588
 506729
 548484
 767271
 325987
 1083500
 803076
 485775
 474825
 704023
 120422
 573070
 946936
 517362
 576846
 363118
 186066
 368452
 90690
 781883
 455338
 804324
 936197
 359333
 570027
 821029
 41936
 676356
 713365
 646597
 718717
 191411
 703181
 30384
 662359
 169591
 268349
 822011
 552839
 348348
 190253
 809220
 252233
 747392
 689890
 34357
 699010
 456941
 1044350
 205113
 712316
 873835
 755855
 796894
 699604
 94976
 623122
 181440
 1098265
 49573
 371649
 514473
 1017958
 77131
 1057036
 154490
 290872
 638764
 948169
 942174
 397147
 168396
 740404
 744800
 189638
 234753
 225369
 534674
 209959
 58248
 753039
 643136
 90357
 1087572
 933869
 452865
 88568
 941307
 1003381
 872132
 223726
 617512
 839255
 780595
 653154
 805231
 804963
 787068
 148417
 282617
 1069471
 191807
 918079
 257121
 883576
 225963
 546004
 1041572
 875614
 762459
 602151
 866450
 523649
 877338
 472555
 667078
 894723
 279826
 934444
 1002257
 248921
 143507
 911741
 291606
 845890
 489970
 893570
 90387
 199543
 239302
 8613
 324043
 492770
 411890
 141227
 469060
 386475
 1007150
 608132
 729798
 650217
 614885
 541424
 382291
 64645
 1048475
 230849
 784839
 779482
 370593
 812946
 1024300
 982444
 1022210
 181589
 336505
 1063058
 903943
 797307
 1058376
 257695
 1043869
 926144
 308377
 994011
 991358
 618351
 51366
 943156
 324336
 547575
 947150
 809244
 818014
 820730
 728112
 166484
 885285
 181003
 878543
 415389
 517821
 387751
 691137
 575616
 19909
 995170
 602141
 559036
 357847
 384162
 893450
 742331
 377902
 88914
 669122
 550386
 248095
 650006
 478653
 737795
 299693
 359424
 117004
 490693
 908295
 444672
 342714
 7543
 402097
 879540
 625425
 140192
 52965
 762981
 198711
 682412
 458585
 301088
 1094073
 995233
 191512
 592773
 521768
 466212
 855941
 1041641
 511849
 562229
 510366
 1064519
 1009416
 524138
 696119
 117277
 898780
 51528
 968955
 287432
 998248
 317225
 696570
 130438
 946483
 54616
 1031621
 651830
 200441
 574651
 1047751
 393836
 863124
 309977
 931465
 226081
 966255
 272417
 864466
 341130
 311912
 496815
 128417
 550245
 7881
 552094
 505229
 507116
 673592
 68104
 304694
 93734
 289878
 159710
 975819
 803143
 217167
 959307
 197517
 375371
 81859
 947104
 466163
 47368
 957421
 215798
 598136
 958577
 603324
 656296
 254777
 996340
 106787
 977015
 912554
 1087098
 634305
 920276
 530764
 996481
 289187
 1062210
 705289
 435266
 561289
 190268
 499788
 43854
 449367
 269259
 132720
 805671
 549342
 951570
 565556
 149213
 1093277
 302160
 995430
 925575
 778251
 754702
 357184
 769295
 711210
 660602
 622299
 332666
 549931
 1053377
 323366
 270007
 944246
 436650
 531413
 386185
 820352
 657807
 56256
 619154
 1046090
 425684
 658148
 827889
 58627
 864831
 611129
 849471
 879206
 117931
 376202
 1080448
 153014
 1046177
 805557
 584549
 874290
 1039087
 488012
 209551
 367059
 674346
 275682
 294181
 742920
 496457
 1071899
 867227
 878093
 88302
 148234
 932222
 1045677
 901004
 64739
 73714
 843475
 538085
 244322
 27796
 100938
 370749
 986626
 476368
 918948
 1027224
 201192
 765729
 412293
 539525
 940230
 743706
 761923
 909385
 110232
 88510
 268965
 422657
 692131
 722237
 858289
 49071
 816652
 1075987
 199191
 730149
 1051791
 860704
 520544
 856430
 888059
 391100
 921181
 838772
 612733
 501209
 783848
 432146
 77900
 857046
 848886
 367046
 1083874
 795858
 613182
 668944
 586010
 442661
 441645
 684004
 954199
 887475
 1050193
 61566
 782566
 709326
 608009
 52272
 345342
 211412
 484835
 668535
 153648
 29559
 1060570
 1057777
 232851
 708021
 420019
 1085086
 429525
 784663
 746066
 258535
 379998
 53854
 738343
 367146
 400348
 48899
 667375
 21403
 938888
 845463
 79467
 150011
 553174
 796356
 892100
 1000936
 675549
 101454
 237698
 533147
 202386
 271193
 864438
 942466
 310249
 565294
 1071002
 821443
 966618
 762683
 206517
 125315
 789801
 197449
 301141
 955240
 285066
 619684
 779525
 362362
 602920
 1016984
 954149
 628450
 1083561
 68288
 867806
 172721
 139753
 988310
 32523
 169883
 129181
 13780
 434275
 1008047
 816287
 734445
 525342
 105394
 809603
 167397
 11375
 576892
 1059888
 166749
 353852
 795633
 439158
 275146
 673025
 859547
 923193
 789131
 902804
 342715
 523654
 796668
 1053858
 781271
 748251
 526783
 1085628
 1013536
 846751
 709517
 392836
 683474
 764542
 504835
 775066
 119733
 848000
 825284
 974932
 580713
 977391
 701579
 1046851
 937128
 580464
 510661
 783735
 1053388
 965849
 315594
 776960
 169839
 463110
 99441
 400332
 281238
 1067667
 655090
 670211
 43074
 1060303
 85014
 794399
 915600
 967317
 765410
 684755
 1054433
 212570
 667247
 770025
 391554
 128428
 359692
 189822
 477707
 226041
 784773
 726086
 163500
 358918
 932370
 788090
 153013
 1052500
 251737
 877180
 715538
 993632
 985162
 361972
 262076
 444265
 916776
 271556
 316701
 842509
 839474
 840566
 182496
 544064
 303651
 150045
 179619
 1031150
 420961
 213805
 631933
 8487
 562414
 55711
 1074306
 595058
 997987
 664085
 846016
 457478
 500592
 1054278
 154454
 369255
 681722
 871283
 520039
 549129
 546059
 598917
 128733
 905205
 212984
 443705
 842564
 776638
 702843
 435917
 46783
 367258
 835823
 557469
 547360
 3480
 1020397
 739211
 391676
 699514
 807294
 861417
 549489
 914372
 1065372
 479261
 179632
 116699
 17367
 915361
 213690
 352229
 230775
 104522
 661234
 429363
 617803
 1079854
 96163
 654307
 400507
 164985
 661671
 1044336
 916263
 305395
 689677
 414096
 675010
 910712
 633772
 686672
 979632
 194899
 947348
 161374
 378634
 545807
 252043
 223581
 39007
 559808
 507971
 289125
 137483
 834493
 774047
 224181
 524840
 985277
 515074
 846127
 1099755
 484825
 617301
 174038
 745333
 804418
 523391
 507228
 171854
 898620
 425407
 375294
 94615
 211498
 354976
 113235
 594150
 655790
 471031
 12842
 495936
 956149
 279570
 778348
 685891
 201662
 400015
 881277
 86951
 69308
 489073
 1016846
 607004
 445683
 511329
 597485
 624418
 1062542
 324223
 397065
 23459
 945347
 293281
 355456
 647043
 59730
 1070942
 635589
 697322
 207954
 1046873
 284288
 291013
 398548
 681404
 1073969
 49092
 311785
 776901
 826659
 468240
 917737
 640334
 1064163
 163767
 283884
 663148
 882448
 584927
 600204
 622066
 567850
 535351
 665296
 392370
 130464
 807724
 425250
 502276
 142301
 544868
 588332
 704207
 637278
 1068620
 102236
 294253
 114976
 576932
 420412
 576105
 53839
 1091323
 573777
 380461
 514774
 149755
 351916
 207126
 772825
 549219
 225541
 766992
 161652
 100018
 580820
 216657
 31206
 254072
 246013
 19119
 724798
 430627
 926204
 166977
 489138
 18945
 452772
 504179
 168301
 350143
 442910
 1029905
 371452
 731521
 998244
 466398
 24809
 1060796
 946666
 624003
 497706
 915995
 764378
 316494
 63036
 921403
 996455
 820318
 288001
 1077933
 364439
 1037784
 469743
 341443
 1020416
 822603
 639855
 1024683
 367930
 473549
 136024
 677008
 779795
 512725
 273149
 808613
 1047454
 303272
 446039
 458123
 28838
 785813
 131979
 211385
 39921
 586557
 968874
 771723
 275754
 685854
 745530
 1975
 279841
 934960
 1060130
 873541
 56892
 835179
 433384
 179750
 782769
 878680
 987687
 523083
 554843
 1075597
 464720
 135417
 252674
 1003106
 57351
 996552
 275153
 980238
 322237
 251026
 1066740
 752329
 1054499
 419297
 909170
 407534
 792049
 776301
 696392
 701193
 778540
 532968
 237786
 246661
 526399
 150156
 52648
 570920
 864713
 370022
 381178
 704726
 682570
 103695
 279245
 579589
 764476
 862166
 507325
 563546
 468583
 425958
 60924
 621452
 678294
 848673
 315796
 880277
 485631
 53231
 336221
 341544
 555102
 163942
 793036
 450244
 839
 928337
 474847
 122817
 7703
 565684
 383854
 479567
 472483
 215668
 773860
 962074
 1060283
 65628
 461794
 541540
 15945
 612664
 289319
 544984
 1050214
 756049
 411192
 487399
 242657
 359985
 457677
 596160
 323418
 896403
 644811
 698804
 1068913
 357257
 588582
 635195
 329328
 170033
 774062
 1004832
 1000396
 397744
 84049
 1080508
 454322
 222698
 651258
 714398
 81423
 545959
 859532
 962233
 73779
 292127
 956940
 932977
 171186
 561053
 874033
 19952
 603941
 612271
 826491
 412866
 373966
 391846
 599017
 619379
 164247
 1061903
 596012
 978992
 448204
 625168
 332499
 663797
 605200
 22930
 988753
 330777
 1012945
 860272
 818249
 567265
 382896
 1070637
 822450
 876516
 975085
 756827
 419222
 392638
 1055469
 181127
 698467
 88407
 506689
 64624
 893540
 270375
 151288
 1022531
 136665
 1031887
 539844
 58950
 294433
 523360
 167255
 185741
 6543
 1053663
 695448
 1065406
 469946
 292787
 894370
 611910
 792943
 977073
 559274
 152267
 1070539
 509399
 554270
 287618
 422470
 410482
 969692
 35046
 866338
 1063963
 1023305
 740599
 718739
 250347
 745281
 1071822
 490340
 424036
 335945
 897429
 115409
 452066
 414634
 293075
 320575
 188494
 1093765
 97871
 875215
 1095576
 497808
 355797
 557206
 836193
 394433
 854149
 183650
 406387
 630022
 488227
 164428
 406984
 380879
 295097
 223000
 1035277
 566143
 249127
 644095
 426266
 826139
 40972
 501880
 645342
 726283
 617155
 739280
 875747
 820963
 611524
 924813
 150096
 133813
 782666
 120326
 106549
 456906
 340232
 993846
 68313
 890641
 557932
 308910
 187293
 351079
 834405
 32961
 500212
 614100
 762082
 54029
 225381
 215304
 905448
 357467
 428230
 976694
 434495
 282272
 416963
 1052207
 461924
 665047
 846507
 358045
 425358
 49755
 682171
 104657
 3437
 76663
 938482
 675238
 475206
 1021243
 567770
 1021199
 202650
 1032508
 774009
 753816
 368897
 945770
 1044172
 982528
 1042635
 830465
 203272
 72190
 286437
 363532
 593153
 864010
 482698
 409394
 854058
 876849
 661753
 289222
 361451
 1083599
 783708
 858835
 463250
 994475
 597384
 454192
 234698
 493041
 51116
 414885
 277203
 579447
 5888
 1011731
 40344
 164034
 877989
 657898
 414114
 1058596
 148348
 185359
 925533
 49228
 923640
 216056
 608007
 165194
 1008645
 357906
 943441
 574539
 631067
 971821
 6380
 838935
 286017
 938608
 112918
 126609
 48349
 1056634
 696588
 167130
 1385
 521374
 677446
 168
 402876
 855646
 293797
 334632
 684741
 373796
 770148
 944083
 582734
 788513
 210130
 187691
 887049
 662446
 1011907
 412057
 17084
 915731
 681744
 125809
 408864
 550110
 1078039
 269556
 133153
 167321
 939958
 743394
 1059851
 920803
 379957
 141310
 911713
 542838
 1068100
 54099
 559899
 38836
 835090
 385355
 1045294
 942261
 25007
 251409
 930575
 310430
 185375
 765041
 354555
 616761
 202007
 538925
 125478
 890560
 706207
 86109
 700579
 730470
 1062217
 613680
 916201
 884606
 507424
 222857
 34522
 398393
 807417
 118432
 353540
 53872
 130235
 107390
 208340
 641709
 826305
 641720
 850279
 504786
 1096448
 922736
 661457
 20419
 316036
 814210
 455632
 290908
 27529
 888342
 952865
 334619
 135189
 693240
 30582
 466579
 385299
 108795
 1038527
 558109
 529205
 691799
 710597
 935849
 616283
 786229
 711328
 767324
 682351
 796083
 554274
 50997
 488251
 933550
 793644
 917453
 377596
 128680
 373584
 321819
 151239
 976302
 91832
 848174
 418270
 342177
 596709
 901771
 1090518
 128273
 19151
 279985
 197969
 618869
 784899
 449786
 608681
 986218
 668504
 528659
 375724
 131120
 400072
 1017384
 11255
 470019
 1098084
 697388
 96727
 790885
 12887
 973220
 27183
 363959
 622009
 52270
 26884
 612276
 245592
 578769
 672455
 1073644
 881437
 349460
 423633
 868211
 700324
 13506
 278447
 611125
 1064737
 522029
 329330
 358330
 127475
 664327
 100177
 307363
 1016475
 642225
 96264
 502437
 509923
 875652
 765642
 538858
 133650
 521153
 942480
 734750
 159779
 983757
 251967
 183579
 726980
 34487
 841368
 746604
 996078
 1047494
 442530
 896227
 109244
 525467
 48290
 826424
 467591
 476322
 241815
 550194
 263035
 171133
 1045246
 1034657
 254940
 540638
 222088
 13555
 331741
 1066274
 578142
 335502
 611377
 357102
 1049256
 715393
 179593
 286948
 100133
 610593
 376950
 525433
 386406
 298974
 381204
 1006039
 503494
 829330
 1026173
 142316
 175341
 230800
 665953
 949650
 1066488
 971286
 265491
 236651
 909721
 802826
 778587
 899692
 451529
 282502
 322235
 461007
 330621
 102994
 915109
 164752
 881705
 297780
 6949
 43630
 126802
 612224
 212975
 384644
 541644
 572059
 642229
 928673
 535879
 195301
 842726
 390120
 865789
 1011633
 368637
 786983
 202448
 585552
 564619
 423871
 108118
 288556
 1088232
 606772
 93897
 1069699
 581235
 475109
 731048
 155631
 1032002
 111577
 890834
 1049528
 81441
 778336
 891018
 565785
 371073
 361094
 555412
 846559
 925852
 297000
 271398
 647729
 708752
 77834
 878186
 858755
 253843
 14080
 521650
 914493
 954143
 1076623
 47288
 400934
 830512
 968670
 639725
 142201
 341903
 260264
 198030
 293520
 211330
 107935
 146506
 332417
 523839
 824636
 785
 3387
 963390
 525504
 833155
 275296
 257312
 448241
 509177
 1052259
 1092041
 661881
 699034
 978902
 208295
 1029567
 134986
 697284
 737030
 438420
 960345
 1025169
 489693
 632568
 105419
 2
 293145
 504140
 982184
 184454
 523488
 158853
 961451
 853583
 329121
 851151
 58629
 853121
 1019400
 794528
 1053483
 272345
 318050
 862945
 1059104
 593104
 228139
 541805
 413638
 167632
 530280
 969247
 350953
 319785
 719950
 296126
 70494
 325627
 368533
 494504
 577859
 498767
 401438
 352632
 151175
 741050
 1008933
 663980
 1077662
 1002431
 31057
 495670
 446537
 789284
 949243
 1012139
 553396
 758799
 406466
 267548
 648752
 838632
 349895
 32930
 965370
 1029431
 14894
 628429
 243872
 422461
 845001
 95897
 944082
 910577
 519844
 981716
 933272
 16843
 226898
 943886
 320141
 566631
 313111
 363726
 384783
 197805
 481075
 641336
 55732
 102434
 954869
 306606
 477396
 1004970
 866768
 782235
 648088
 818220
 270841
 1029419
 593551
 305231
 338472
 176887
 609456
 22401
 340396
 804531
 1012345
 568410
 1011986
 208668
 63892
 59591
 493483
 128802
 1069228
 779164
 332152
 469131
 636902
 673058
 862524
 869779
 174143
 392553
 112425
 1037724
 124248
 977106
 843613
 215051
 992287
 67142
 978879
 839150
 916045
 530781
 194596
 211837
 112778
 276915
 543002
 679718
 90667
 875260
 732386
 435168
 503987
 550617
 41253
 441613
 78311
 279519
 646022
 57522
 300037
 255137
 76018
 107009
 1009694
 100459
 1072960
 305756
 662943
 142546
 967245
 371542
 637923
 1042831
 497273
 512773
 1077344
 411164
 650895
 1049235
 449185
 855263
 302607
 779805
 162529
 295476
 504225
 697080
 550085
 586934
 566785
 197485
 367357
 874465
 63781
 610688
 564702
 279296
 501989
 259251
 697206
 472710
 90997
 30591
 548841
 889848
 69351
 917388
 278403
 881099
 791880
 812476
 1007886
 766705
 1067056
 324787
 66986
 33833
 422241
 930917
 477874
 948208
 438534
 580151
 1049883
 24613
 137139
 979989
 30264
 269402
 22052
 784575
 865059
 779118
 1019665
 1038344
 900198
 1005758
 683532
 103825
 327133
 345774
 150068
 421695
 1099571
 154462
 869401
 411961
 812840
 473828
 405847
 197863
 545193
 418733
 136834
 238582
 556580
 576546
 216808
 654320
 1040574
 476397
 238032
 858453
 318567
 441789
 453230
 517985
 649065
 598639
 1097247
 169080
 976870
 240596
 465460
 878054
 408968
 523674
 115839
 797333
 1079002
 547032
 1005775
 992602
 334863
 54720
 618895
 557603
 962928
 72680
 870558
 622778
 504975
 39426
 713533
 625812
 305349
 271067
 431872
 50322
 49928
 467182
 447700
 564955
 937186
 863435
 679115
 654232
 331864
 855246
 1077291
 951070
 540563
 609807
 884458
 837184
 421655
 543280
 148844
 706966
 764425
 930130
 1058788
 172562
 104960
 613592
 849267
 682987
 523835
 730352
 13143
 665809
 252728
 178789
 562130
 894518
 593282
 475737
 1091979
 911807
 866788
 462072
 440033
 302244
 988453
 620684
 188006
 457257
 568966
 1017243
 426693
 547060
 43435
 37281
 744953
 244244
 27722
 54568
 110165
 336162
 224038
 996291
 942337
 782033
 183239
 967989
 111781
 773126
 369514
 875530
 994860
 225646
 567972
 70241
 632942
 1052171
 867781
 540273
 628142
 151201
 972770
 1066143
 884620
 758536
 771511
 165788
 296670
 1073065
 123050
 429548
 428427
 546159
 945131
 519931
 298556
 488238
 420086
 245139
 661622
 572075
 277463
 575687
 122294
 422548
 712812
 633416
 526520
 605410
 867615
 632729
 3206
 730910
 679697
 278020
 576955
 971458
 641031
 243352
 519559
 416791
 1099109
 906466
 848414
 875604
 470897
 971198
 1038587
 142177
 798888
 601158
 532286
 1008902
 201391
 735831
 216693
 248570
 8528
 475234
 698800
 376997
 1034599
 1036215
 932645
 119225
 1019252
 916828
 396622
 554529
 98627
 252071
 1041475
 998428
 443985
 730242
 944958
 643202
 965225
 1089860
 110004
 297025
 58997
 744447
 83014
 1024143
 493954
 592867
 199793
 527329
 644609
 472552
 465256
 371878
 827821
 492703
 1011684
 475567
 809946
 190787
 658542
 705412
 605269
 592004
 85416
 181112
 408798
 344361
 401706
 862136
 824368
 635210
 364635
 711986
 426649
 634731
 745346
 205561
 862495
 95778
 968181
 540627
 117144
 5651
 461255
 367175
 369560
 1026283
 852608
 61592
 272832
 217589
 306898
 732074
 309192
 679512
 318715
 501946
 836634
 198811
 494085
 888422
 952686
 973471
 31445
 399760
 314109
 35680
 327479
 320572
 304972
 750735
 39757
 165233
 571161
 252325
 734405
 498963
 193523
 152132
 87610
 690326
 1076993
 589013
 93829
 771623
 231054
 336865
 1055801
 456188
 993360
 735865
 816399
 604367
 779983
 711480
 9230
 861876
 677505
 68712
 632461
 569993
 183461
 483132
 828367
 462091
 433174
 379536
 1009675
 12859
 1057011
 502618
 780470
 785545
 197541
 251358
 862422
 52695
 1059391
 588240
 444801
 317442
 725784
 734465
 242571
 65734
 570491
 254707
 564868
 197338
 630718
 577395
 171777
 432722
 185320
 1044233
 795575
 1051455
 1043418
 237999
 722031
 787536
 534285
 385515
 106609
 804278
 1073887
 719190
 401329
 340518
 875571
 96395
 654534
 188709
 257989
 498611
 1031382
 785904
 1003413
 944951
 320351
 191121
 268059
 640175
 255027
 834583
 676865
 1083780
 151683
 772184
 229306
 39188
 549874
 662606
 424247
 582897
 813802
 634046
 875197
 737245
 574552
 63904
 722417
 478179
 883387
 792874
 399426
 77708
 389531
 903020
 256552
 680837
 995464
 698187
 82328
 390283
 263780
 526768
 988706
 140028
 564197
 848179
 791436
 677100
 919000
 53996
 73248
 723766
 454999
 754428
 748504
 120131
 832964
 965290
 126660
 541837
 558
 57342
 482145
 749318
 49669
 1001633
 94670
 21159
 772350
 439719
 928935
 584781
 417341
 702665
 38871
 699021
 636851
 969002
 574059
 31394
 733053
 148227
 863533
 121873
 607796
 159705
 1032015
 966836
 1074024
 67900
 650361
 240992
 533869
 611820
 328914
 850480
 735656
 891216
 1077185
 1071734
 1083192
 1076421
 895277
 13106
 639509
 992294
 783276
 899779
 366283
 172751
 1011610
 612039
 244189
 321913
 871335
 526298
 1031620
 38393
 1093545
 783948
 91817
 359919
 223535
 46006
 460007
 110613
 20520
 401154
 434876
 166059
 227327
 314436
 279325
 600875
 1094473
 685903
 604138
 893047
 596237
 180904
 881684
 61958
 412581
 105630
 189413
 702421
 140416
 373072
 666452
 662874
 744850
 520883
 1076943
 1004288
 425550
 277370
 88219
 179863
 819170
 389873
 832808
 209682
 161050
 410857
 345166
 29404
 328990
 1069514
 846273
 100671
 128480
 35768
 310207
 182092
 809906
 141143
 330267
 421463
 73468
 596896
 647027
 562676
 597934
 231322
 543523
 105285
 1008329
 777675
 784551
 116692
 205065
 74441
 774661
 307196
 614932
 795076
 979286
 860756
 94706
 676080
 1055881
 126379
 345571
 587215
 833277
 451148
 1042275
 478213
 969655
 815427
 714718
 58088
 899903
 814007
 926500
 1046712
 730499
 790060
 652911
 35467
 277296
 286215
 207567
 774642
 383116
 1069064
 857274
 564794
 453869
 506483
 98854
 996056
 724171
 441738
 771166
 45768
 334281
 603298
 119812
 417716
 362746
 825886
 59168
 437633
 747083
 223698
 1060848
 257287
 834893
 446051
 364995
 71401
 844358
 198582
 785043
 703032
 901489
 133976
 210763
 223953
 29582
 722690
 683798
 1000131
 382910
 474594
 18961
 994588
 174221
 965493
 682244
 323903
 502453
 398443
 687946
 386883
 773063
 488827
 1056338
 902185
 986362
 802960
 955770
 329036
 672768
 1004970
 1014116
 955162
 958756
 488740
 755239
 164752
 453733
 211775
 926914
 558270
 72150
 1024499
 239135
 725007
 791643
 619020
 507908
 85167
 850838
 394525
 730055
 237411
 516204
 57735
 287768
 387206
 785699
 174872
 667276
 46628
 102672
 210376
 428058
 1040452
 335117
 843920
 1066105
 752513
 1071458
 921945
 655204
 505073
 441777
 1024449
 45778
 854250
 808973
 14253
 338692
 409384
 223035
 994607
 868955
 758156
 878307
 1091955
 1001493
 587575
 347353
 1051207
 536530
 1018479
 766600
 704405
 893594
 922350
 840014
 1090799
 1048303
 594074
 1064963
 790463
 225733
 1043215
 417361
 249072
 634270
 439790
 289968
 597655
 133064
 430767
 780334
 898632
 90631
 843223
 221029
 415730
 488953
 535081
 153967
 1011491
 485215
 1043521
 446346
 144781
 833013
 552436
 818182
 821674
 712389
 335762
 724784
 90587
 1010741
 645243
 1020260
 1024668
 75831
 231542
 226595
 315766
 504786
 1069580
 150138
 697990
 1037724
 487782
 670687
 67647
 42836
 83850
 408828
 454658
 77025
 998817
 1007618
 1012501
 103894
 181249
 653776
 814266
 1076386
 145904
 651331
 342942
 408847
 345666
 327684
 538109
 889808
 480927
 498875
 174320
 517160
 222707
 834976
 647443
 917127
 364599
 126868
 710966
 134539
 395055
 635363
 239045
 31444
 791607
 185535
 625147
 553026
 513732
 194576
 938949
 1030829
 200356
 517487
 190010
 631714
 107818
 486077
 680985
 441249
 335589
 24825
 799509
 259716
 849789
 652223
 842229
 751971
 13864
 433681
 53870
 40460
 929995
 848130
 584606
 521640
 472047
 157075
 175645
 873716
 372639
 1033385
 566522
 735892
 608670
 682537
 776313
 267404
 1066767
 861918
 189068
 914611
 876535
 218357
 229786
 371320
 750494
 241726
 200538
 980496
 1050726
 331268
 204389
 339763
 399800
 104314
 109727
 299676
 289690
 1003277
 503341
 914793
 132058
 494148
 797980
 1046222
 608654
 52796
 390422
 20662
 327210
 1072168
 1059398
 1015263
 305656
 540482
 204232
 241422
 445299
 957096
 32584
 370442
 126808
 823590
 12462
 734976
 881944
 312335
 622747
 737619
 962619
 393617
 301861
 676704
 276509
 217509
 237305
 656785
 951712
 838766
 716570
 134776
 494284
 175258
 342896
