611155
 530775
 688252
 272194
 931940
 356792
 531559
 171030
 973320
 837031
 495408
 489427
 378323
 306659
 891350
 367303
 417265
 631401
 437282
 427473
 509037
 64034
 441786
 920115
 635598
 1061580
 149464
 768886
 35512
 385086
 42708
 56210
 1040779
 582196
 340881
 739260
 500369
 368918
 1082122
 945126
 989566
 1091731
 311911
 373289
 798700
 790334
 566888
 519826
 693928
 224801
 1038316
 167664
 928414
 719270
 608439
 180895
 135767
 340116
 266872
 713479
 913718
 659634
 1091490
 604662
 248547
 122452
 1074299
 231992
 958471
 526809
 504491
 477985
 796053
 309719
 885921
 418359
 990448
 470241
 679581
 299469
 515074
 967877
 327892
 578580
 6437
 384076
 739039
 240031
 719061
 976730
 887189
 957078
 704011
 445530
 910466
 751870
 149415
 802630
 938265
 1086865
 258048
 988058
 843678
 1080167
 261645
 518553
 72335
 575152
 806068
 416187
 141897
 1085214
 607269
 165552
 326229
 679977
 65944
 78161
 949630
 725504
 325719
 858194
 486415
 385448
 909581
 387345
 698285
 379009
 820190
 553944
 1090258
 336624
 748115
 861036
 129874
 431335
 326768
 1093545
 574937
 519288
 403624
 427044
 966200
 765269
 622098
 171178
 254178
 585225
 511004
 785749
 867234
 959992
 114588
 968499
 1068192
 73509
 356722
 575901
 320095
 529796
 382503
 341849
 1039766
 986176
 554131
 837761
 438372
 304967
 266974
 1021015
 461760
 892704
 551710
 339247
 277646
 4224
 365142
 40851
 311235
 984676
 541729
 820486
 991048
 324765
 805069
 618608
 63368
 671145
 988466
 130894
 440694
 855822
 845931
 400726
 147809
 796956
 774610
 967535
 880451
 679824
 433812
 567187
 606773
 579682
 722208
 142884
 497894
 267736
 690072
 152777
 228048
 729040
 556036
 971120
 265289
 637157
 197891
 859042
 1051033
 395922
 832685
 272258
 250487
 174995
 43562
 371613
 651712
 790089
 715396
 945402
 530388
 1000516
 1847
 991586
 37069
 840760
 1070869
 452395
 157408
 21885
 600127
 71988
 277632
 387526
 633074
 144616
 635859
 1002547
 575197
 208403
 663668
 985047
 839086
 841968
 850509
 124699
 872531
 860011
 445772
 451641
 754931
 69227
 645455
 904237
 340481
 694125
 698533
 369464
 709362
 971655
 547133
 395505
 331798
 918495
 30036
 601663
 381087
 105702
 418606
 800278
 535346
 716784
 1035783
 252246
 984079
 438393
 709018
 7481
 437390
 472179
 900899
 34128
 111884
 563841
 637646
 417555
 113200
 218288
 988735
 790751
 163970
 354187
 583086
 652441
 742072
 699452
 623448
 706696
 854583
 54898
 306755
 902401
 481883
 44986
 848220
 983446
 230801
 954378
 391002
 500448
 549884
 376487
 584507
 920792
 807449
 782644
 892163
 396213
 498340
 636758
 884244
 139750
 588515
 68969
 570017
 620931
 349010
 880524
 728750
 732542
 406790
 530820
 428702
 526547
 504753
 604277
 160256
 113394
 47691
 32064
 209687
 452762
 300521
 184225
 650462
 338413
 84349
 686558
 103955
 922781
 955791
 400993
 72276
 364399
 361719
 965895
 414684
 414465
 315426
 882415
 742200
 975392
 766653
 147389
 1031874
 1000340
 965178
 483416
 505423
 42683
 700248
 766465
 442910
 696602
 48692
 980722
 884918
 195989
 1055496
 386498
 849641
 763890
 1087686
 147013
 56640
 673966
 176051
 737621
 938519
 428867
 160181
 249056
 521221
 1063416
 724434
 129706
 856545
 1011268
 503325
 987459
 520632
 624161
 919862
 599342
 688976
 279016
 872067
 132005
 308877
 357693
 656366
 1056210
 383155
 1015585
 258432
 447539
 593292
 62923
 559527
 872978
 1013953
 1004618
 172637
 395119
 775874
 945603
 117116
 874798
 299338
 501884
 213806
 146822
 978572
 154168
 834915
 452578
 345608
 61857
 618404
 856198
 815984
 761133
 77896
 54720
 529471
 69307
 491489
 873120
 17901
 83489
 611118
 1008095
 669572
 26657
 53612
 210577
 689605
 649602
 509034
 624137
 947824
 1005938
 107241
 896366
 47520
 584240
 940142
 659795
 223074
 941423
 468356
 123569
 914123
 587185
 590940
 267409
 777364
 650219
 928352
 221874
 711426
 54220
 106275
 5572
 62029
 405717
 730778
 179112
 607243
 235381
 768413
 548233
 830253
 355389
 56757
 496396
 651504
 982363
 575210
 661615
 21032
 121979
 1094667
 760329
 55553
 907730
 296357
 735977
 642932
 634812
 1014946
 972873
 563296
 703628
 906135
 28113
 842810
 876061
 488599
 284239
 480014
 801339
 834271
 81220
 836735
 249171
 593397
 13610
 274552
 62133
 667402
 136768
 3890
 678985
 563725
 479593
 211008
 866363
 680534
 405985
 236208
 1006648
 638785
 559957
 245454
 731755
 385976
 1033410
 389574
 376603
 543042
 896331
 859043
 1093663
 1065385
 670974
 871477
 1024504
 985248
 745378
 243830
 933514
 898081
 210596
 315304
 355889
 524578
 954810
 930659
 397852
 114298
 275993
 411327
 539476
 122799
 376738
 242352
 185958
 245772
 889399
 288307
 904769
 296236
 797112
 710016
 428795
 25948
 452437
 412177
 464479
 698755
 589763
 747881
 358486
 97769
 540363
 890266
 328717
 935461
 399527
 583408
 363171
 176875
 339334
 216194
 85080
 801534
 908770
 528423
 508388
 404593
 646224
 22422
 344389
 631078
 97016
 535531
 823803
 197593
 1086332
 808016
 6018
 1063668
 838357
 971711
 1081146
 596460
 542899
 794592
 534668
 250145
 1020769
 559051
 943858
 317710
 1051612
 804865
 79330
 340460
 888703
 460501
 304885
 31471
 1034665
 803750
 858154
 879211
 298856
 490911
 1010404
 840688
 548389
 951537
 993361
 1098236
 835798
 82138
 876250
 314284
 881274
 79553
 884389
 209081
 654019
 222070
 526619
 162924
 299035
 400469
 190380
 74546
 880029
 349732
 1004443
 1006750
 913119
 686089
 244341
 186559
 354279
 463989
 512870
 785623
 224126
 36411
 459284
 145799
 972736
 624958
 994043
 886459
 583261
 996149
 681831
 560357
 590013
 43723
 806344
 33722
 15051
 81930
 275239
 2953
 441875
 348297
 67875
 317436
 732373
 19031
 665366
 205784
 52165
 811169
 262729
 1009266
 860911
 1036359
 450679
 198476
 858210
 269730
 760199
 137251
 442743
 823524
 936588
 952076
 66490
 798273
 565437
 774177
 573916
 837513
 297994
 177247
 227239
 318887
 694178
 419643
 725201
 894559
 443444
 876657
 129272
 889275
 184790
 774255
 421701
 889871
 644322
 824378
 1005681
 755442
 271261
 115580
 887414
 284520
 1098565
 607233
 930083
 562118
 861929
 404180
 947038
 350822
 458725
 427485
 340696
 298139
 880492
 463089
 13755
 236141
 258216
 903878
 107596
 101825
 999198
 856309
 387364
 19854
 603153
 906149
 975696
 141118
 460957
 616803
 985223
 573732
 406955
 706174
 863850
 571837
 55286
 718664
 1083337
 198399
 556092
 330764
 861677
 709852
 172015
 844820
 1071279
 8145
 143564
 444448
 408798
 819848
 1094621
 803331
 119150
 641795
 153404
 943113
 163589
 950913
 546113
 578225
 688740
 508067
 145022
 177926
 860099
 872530
 360081
 466595
 944664
 99144
 895670
 741637
 659825
 905441
 36308
 627186
 931370
 20023
 728925
 546923
 16159
 591544
 786108
 847217
 313004
 392065
 238468
 1015004
 738569
 707062
 998742
 876052
 988889
 126248
 628322
 586470
 587801
 4503
 290843
 999935
 428639
 944127
 741528
 463513
 445848
 322377
 666018
 284163
 150900
 805624
 254375
 341018
 231447
 151237
 609063
 104804
 647426
 529040
 886189
 663038
 367256
 250870
 670617
 829931
 406511
 434887
 269901
 698536
 527373
 859849
 1048936
 436758
 404732
 25897
 786059
 902022
 960135
 255895
 381765
 412809
 835957
 403615
 979236
 744621
 167794
 1078970
 1009587
 802533
 1097076
 814289
 210496
 5973
 1083297
 381978
 204468
 536079
 415542
 627641
 448762
 1066850
 447961
 1099867
 272338
 961359
 298344
 561105
 266582
 28978
 183390
 102483
 957853
 419505
 89728
 484744
 938808
 863850
 196940
 46902
 165339
 8868
 449072
 36148
 614841
 388666
 159079
 470956
 526661
 895071
 173778
 485514
 627440
 975927
 590059
 854374
 116738
 644275
 411612
 1007313
 561653
 90639
 957818
 379188
 399026
 1018041
 599862
 565880
 194432
 267301
 623807
 203077
 423587
 582475
 836197
 10780
 65915
 123163
 658341
 587297
 1046146
 458709
 994817
 164024
 745584
 698446
 372451
 385949
 379253
 412951
 21382
 455875
 29336
 286826
 598983
 513650
 596121
 507575
 972257
 248467
 76914
 591534
 182049
 413891
 739601
 295371
 888255
 333675
 579358
 840643
 531211
 729002
 564928
 472186
 932900
 505489
 287408
 1005148
 1075185
 614394
 204674
 291460
 682343
 962493
 721909
 910881
 701761
 169048
 639261
 786428
 763228
 315707
 106759
 993580
 691691
 345272
 412031
 1006462
 243078
 771820
 610664
 707780
 894677
 754898
 606488
 413803
 155815
 71439
 306212
 395674
 129747
 56418
 568081
 789839
 212190
 322
 660432
 1085453
 306326
 464773
 339942
 49041
 464079
 199267
 930866
 702640
 28386
 286028
 327169
 755944
 907812
 527791
 278510
 884760
 556995
 1042514
 296992
 505446
 316926
 755233
 14154
 957258
 876143
 472378
 192045
 247762
 434188
 393018
 455088
 628474
 507000
 655053
 1007121
 934126
 617598
 732924
 909361
 227091
 822752
 915801
 945015
 900337
 608708
 746694
 419874
 789664
 454732
 931037
 1017260
 71545
 896529
 1026970
 367584
 923295
 630904
 984387
 506803
 611460
 637545
 630122
 678288
 103405
 1061286
 425133
 327889
 547682
 850058
 817092
 11471
 813802
 1055395
 902296
 693134
 653670
 92312
 1024198
 447568
 513838
 824212
 1051449
 824143
 110560
 493632
 958164
 1046531
 68600
 269931
 704533
 520628
 541573
 652714
 622568
 902337
 955734
 983650
 777006
 956221
 338932
 1024951
 583578
 578623
 568110
 67152
 229486
 415160
 937609
 877035
 394452
 908915
 128394
 497955
 728781
 567460
 9503
 298284
 568453
 638533
 546420
 438114
 451026
 263805
 859605
 364869
 449294
 528354
 343413
 884725
 662134
 1026462
 951947
 1051627
 1037893
 642733
 247177
 502065
 590056
 792122
 415500
 742049
 958611
 704033
 873181
 468007
 525163
 584206
 234895
 136330
 273206
 823493
 829427
 295055
 878814
 542654
 1099987
 1081308
 512044
 53518
 279397
 39349
 627023
 344842
 321362
 690104
 262569
 266642
 108616
 426490
 550665
 207146
 308266
 372634
 495937
 481793
 498534
 504135
 694068
 1082091
 281683
 839664
 1086942
 925059
 8861
 225542
 610662
 1084457
 107010
 453149
 1062209
 789727
 154550
 185067
 183084
 65614
 1023137
 258946
 591408
 440016
 732469
 680306
 276116
 651408
 341415
 1048134
 715152
 839607
 345250
 869867
 230128
 1029194
 283937
 633577
 15448
 623948
 960939
 581401
 35256
 132047
 488937
 284138
 823303
 446695
 514603
 282501
 476111
 75725
 944602
 319300
 751714
 971856
 1013694
 876614
 735773
 112131
 457587
 455
 246288
 112605
 195887
 201362
 434565
 639646
 913548
 143259
 791735
 1051591
 392576
 194523
 526938
 396899
 918059
 728356
 686473
 903087
 708280
 797793
 351046
 668980
 917501
 536585
 834496
 1009257
 600205
 818852
 950174
 1064945
 321205
 409419
 574430
 734360
 954783
 1055478
 811751
 91978
 407844
 630800
 331333
 433980
 1035157
 75629
 658088
 1826
 782268
 631431
 208533
 252363
 240912
 699488
 753581
 687184
 435905
 149342
 69795
 511915
 414991
 6100
 616641
 1065996
 515928
 132567
 1021056
 687137
 763868
 386106
 98048
 198993
 193559
 74259
 195801
 184353
 353244
 619811
 994150
 902712
 586864
 1074638
 128899
 565000
 405773
 65023
 811127
 810045
 926633
 628386
 782255
 636095
 612460
 1068671
 158404
 590173
 75002
 514122
 544460
 983873
 647597
 871432
 601730
 1085107
 230006
 140824
 456932
 837684
 634120
 569060
 194805
 618375
 631631
 465341
 70926
 15313
 135016
 989650
 681773
 357588
 552042
 795651
 1039236
 382569
 187672
 805326
 258197
 363018
 470676
 499401
 288624
 676703
 187469
 582424
 1092873
 434649
 1075685
 185087
 1070539
 179974
 542349
 453266
 904662
 291286
 595407
 1083236
 321125
 544960
 533095
 222999
 225745
 698426
 679122
 865700
 584177
 259887
 557265
 801862
 117190
 738167
 473061
 469084
 201985
 675279
 1026646
 248789
 364845
 625099
 937045
 205193
 893962
 475413
 227978
 373385
 175639
 604417
 204214
 642504
 198490
 342075
 503985
 461127
 378941
 315557
 788035
 26632
 379761
 620729
 437683
 930583
 1080867
 700172
 909657
 653958
 236405
 70728
 327070
 455039
 1069776
 426050
 980160
 789217
 255701
 663725
 279388
 922304
 800590
 771366
 259395
 564125
 733737
 295333
 416171
 741160
 599744
 114646
 408358
 868276
 102835
 25398
 755907
 174894
 158218
 677266
 956162
 825109
 103159
 552842
 265670
 877979
 368665
 64649
 208985
 54675
 82330
 639879
 960354
 1018032
 530004
 523928
 1016712
 246314
 1060321
 609578
 758434
 365158
 290972
 1075224
 475846
 547743
 182830
 128914
 53196
 365692
 1099543
 383414
 144728
 810711
 1028621
 524137
 893365
 350250
 588135
 807339
 534309
 343609
 777356
 63189
 977937
 12792
 884336
 628087
 230373
 639074
 36347
 812117
 895537
 598589
 58275
 304362
 318916
 274959
 1063590
 553795
 976628
 883564
 638517
 63846
 784842
 105523
 163049
 840732
 953050
 789786
 515631
 611229
 475969
 272933
 708160
 411925
 397605
 64106
 96681
 687560
 590709
 129349
 81320
 681890
 492866
 879284
 942449
 390736
 996648
 398202
 439233
 1066414
 168702
 461781
 483516
 147828
 552383
 986941
 532257
 505548
 650651
 99088
 465921
 369395
 1064163
 542837
 825596
 119092
 976282
 813011
 353738
 147838
 432732
 932160
 255543
 365234
 220227
 648299
 204439
 319973
 573014
 44692
 393996
 207533
 985595
 551649
 417294
 446768
 328801
 623702
 283853
 573700
 781708
 713
 931616
 580389
 461813
 88470
 15601
 103304
 873789
 1059683
 545856
 34051
 769083
 20980
 526615
 15796
 301304
 1051121
 575277
 285461
 11071
 350551
 206204
 208531
 852115
 869540
 13218
 1030840
 1043356
 562958
 330616
 1019565
 1093208
 942280
 289680
 873559
 370181
 1031492
 1097737
 68189
 78402
 580839
 192259
 864349
 350779
 776547
 277853
 214664
 1008500
 803565
 78603
 353119
 720209
 1080555
 414325
 537709
 145277
 1008430
 986853
 258027
 390389
 309814
 951092
 686385
 928460
 418399
 1051155
 714732
 641531
 984981
 141141
 523571
 469913
 1006688
 843516
 710091
 812169
 263233
 1029979
 946593
 416289
 1097680
 769383
 643024
 87801
 463363
 874514
 1014669
 82332
 792704
 373247
 999147
 533285
 8101
 885611
 782414
 334773
 281705
 1029101
 542055
 937136
 720172
 1047772
 173834
 481207
 1061272
 757475
 831834
 161461
 990686
 100348
 872404
 338651
 65398
 19030
 712145
 398032
 10534
 367161
 731960
 861987
 485755
 546516
 142161
 956398
 85919
 178049
 76686
 534430
 2467
 285713
 587232
 897075
 450333
 29966
 460014
 851197
 549328
 357999
 1082814
 595776
 821818
 107801
 122737
 747940
 469227
 958207
 632108
 110034
 341684
 673461
 579205
 567985
 664935
 275478
 1035785
 308352
 494648
 609959
 534061
 993558
 884455
 132799
 249687
 598034
 149558
 481978
 914903
 624633
 432673
 649176
 551873
 702958
 433826
 401221
 899811
 737336
 849365
 410818
 347153
 1052374
 1041207
 1019813
 874381
 258677
 913533
 773262
 396544
 391102
 573049
 34169
 1055314
 67305
 926554
 37986
 7721
 910464
 630395
 849142
 898341
 1062325
 230603
 932369
 716498
 416991
 300274
 236811
 550404
 1021647
 805367
 902626
 474811
 433096
 254679
 491410
 1081733
 386990
 518134
 43450
 722176
 332624
 1007441
 806798
 1044803
 691590
 832448
 25463
 321678
 930405
 172031
 684779
 602596
 503477
 512947
 783635
 997654
 381578
 736078
 207931
 139042
 920246
 440984
 365106
 589282
 285433
 480144
 690970
 790682
 16961
 582433
 587893
 992104
 884474
 751044
 999172
 772998
 850736
 1074338
 467650
 113348
 288716
 1010708
 833518
 19561
 327662
 752991
 483628
 401236
 801444
 406712
 635494
 697893
 1031853
 779549
 763673
 193804
 153477
 928058
 265685
 558330
 807423
 120517
 770019
 807864
 986307
 893582
 206916
 656153
 902010
 584532
 93348
 633049
 505015
 800023
 35911
 1020052
 237868
 505672
 384290
 650571
 242345
 13441
 513422
 706976
 841279
 183082
 240773
 989569
 85231
 291673
 846799
 610275
 353163
 179249
 144364
 611393
 355875
 674195
 509555
 490878
 458429
 871066
 1072431
 437091
 49615
 546515
 631330
 819316
 487316
 74252
 170815
 309786
 756813
 633555
 654175
 102902
 338037
 415195
 602290
 1037396
 455002
 863990
 716528
 130635
 590160
 265940
 131201
 439984
 10155
 683655
 975010
 676146
 335544
 797908
 206323
 527493
 287906
 340306
 365521
 212315
 269626
 34153
 267277
 818853
 701986
 692102
 844792
 659715
 205328
 67774
 322366
 801701
 232301
 968831
 835273
 114562
 324796
 1004075
 440000
 461883
 678367
 365478
 440388
 781653
 602584
 900746
 260536
 483823
 896881
 126437
 468006
 378422
 492440
 323440
 849257
 625442
 437797
 796909
 199814
 382862
 331961
 849957
 979444
 717729
 996145
 464178
 779622
 371771
 1062214
 444247
 418395
 404470
 969083
 107082
 643756
 241456
 245547
 429720
 886241
 800098
 258503
 220088
 96776
 911671
 114594
 775676
 909449
 145148
 125631
 639055
 113358
 14040
 375928
 722928
 876171
 431454
 731621
 879524
 167622
 929719
 81090
 1077777
 1046613
 866945
 984329
 379879
 599167
 901085
 334483
 230952
 390451
 609480
 566875
 210697
 705458
 269570
 170535
 495407
 233579
 607721
 955029
 956417
 757619
 157275
 150733
 144027
 431881
 1086829
 278998
 37536
 964660
 317356
 826243
 901827
 92708
 235870
 793619
 979270
 172368
 1093139
 131373
 839315
 427371
 270608
 502068
 286309
 332877
 126033
 809349
 937247
 577726
 431011
 341886
 273028
 344262
 247425
 730599
 989182
 476625
 619729
 893833
 551207
 191315
 155236
 11257
 55023
 915888
 361822
 778711
 970757
 777464
 386840
 14049
 702699
 183911
 178906
 950037
 226585
 553062
 356685
 627158
 244754
 877524
 894265
 477713
 819671
 883390
 348256
 81732
 529956
 68859
 35660
 431226
 29385
 432077
 792842
 222020
 64679
 1045307
 371562
 669890
 84260
 999373
 1002439
 909545
 743848
 612802
 693941
 500049
 493459
 404385
 590140
 754497
 916128
 748105
 362400
 549355
 85077
 1028554
 987554
 876957
 838376
 176508
 430874
 61325
 185671
 381414
 207503
 47501
 955480
 315360
 527464
 802119
 788042
 779021
 613697
 540684
 815719
 731136
 801117
 15170
 417593
 557117
 187037
 831382
 25128
 525399
 957739
 672901
 94519
 483391
 675475
 952704
 44077
 306415
 182384
 208144
 681561
 1088569
 190699
 737751
 269015
 707010
 581000
 1095597
 780439
 998355
 498291
 529587
 220452
 1081239
 37866
 918226
 509986
 1063480
 890537
 439225
 870314
 871898
 134622
 800262
 126369
 113581
 1061484
 982379
 600404
 180857
 1010099
 465251
 272751
 604466
 235645
 603647
 65853
 877674
 70456
 166791
 459115
 874482
 1044977
 1013322
 728437
 40762
 5624
 285524
 659758
 1023934
 762231
 524006
 800610
 514902
 359874
 782888
 400185
 347129
 228993
 904287
 1018913
 396793
 605427
 956453
 52711
 860973
 498853
 175672
 102048
 230805
 216438
 489861
 1064698
 775748
 1085363
 498219
 530594
 711827
 669675
 362603
 996391
 828560
 792968
 281429
 1008330
 523434
 758067
 937774
 231922
 112252
 574545
 956063
 787119
 286596
 223317
 1021718
 864750
 822448
 465800
 907661
 646665
 369742
 794303
 842176
 1052413
 782594
 936325
 441188
 814290
 785399
 765335
 292416
 239724
 513783
 689511
 829145
 999899
 500943
 656865
 635143
 823360
 1026680
 602806
 170206
 181707
 171012
 250923
 733745
 290154
 809665
 251525
 1045075
 456758
 551967
 387927
 999128
 16368
 927721
 1013992
 1050247
 328491
 255476
 890672
 745928
 73499
 856713
 847095
 815831
 827261
 690555
 3048
 27617
 82522
 473782
 930903
 1059845
 989048
 82495
 416634
 569308
 845046
 178678
 1057815
 359915
 456649
 688471
 836011
 271260
 79316
 954074
 16963
 633286
 979590
 189291
 908544
 835675
 144294
 251458
 307205
 589980
 437961
 1037116
 790251
 754232
 418630
 794354
 778277
 996498
 524338
 168274
 934390
 862630
 935303
 467106
 2452
 694816
 1042468
 810891
 476600
 202244
 212345
 222062
 90441
 373332
 600386
 229055
 145256
 2579
 482756
 1022552
 155816
 686228
 776256
 202092
 739250
 141981
 65945
 110988
 3513
 141347
 656271
 718034
 648936
 34827
 50797
 145332
 550193
 813246
 1052674
 792474
 104833
 459984
 252924
 85692
 80
 22390
 717472
 241090
 679978
 24317
 840253
 447741
 36683
 210873
 469348
 1047138
 309035
 271168
 509065
 932253
 361175
 331522
 230619
 728040
 391096
 1081974
 300190
 690769
 244125
 314316
 234918
 219429
 40025
 919623
 1017584
 221165
 39586
 37351
 455798
 326406
 329353
 151921
 112652
 96094
 505087
 78355
 754543
 820482
 167968
 740359
 53871
 226772
 164528
 671043
 389405
 1039321
 872832
 761709
 882167
 502396
 362059
 135783
 513616
 507754
 60124
 1026977
 204634
 649965
 348016
 109947
 123199
 524845
 918698
 196262
 91013
 150499
 429801
 79321
 241603
 370312
 523823
 138238
 729703
 56739
 485941
 794016
 86285
 238946
 219562
 693147
 772530
 217971
 902648
 854151
 748549
 36899
 770352
 1089614
 97042
 1036313
 861003
 47029
 544404
 1099932
 791984
 889798
 755623
 1018615
 187557
 849636
 966359
 1197
 501700
 27359
 199967
 974086
 814522
 444317
 216024
 347426
 560961
 12148
 189122
 429379
 410387
 396936
 185148
 1079670
 1053314
 584077
 498450
 894332
 816499
 902404
 405473
 319958
 92414
 612016
 151523
 724420
 852609
 1002080
 863691
 689691
 229372
 87488
 822774
 602301
 340983
 808577
 79576
 670552
 31552
 664462
 377810
 493763
 643268
 777035
 199462
 55536
 67016
 891813
 106826
 1080024
 972487
 993238
 436739
 468270
 865640
 450811
 824633
 478911
 1096605
 327200
 742412
 537775
 70530
 352497
 839514
 376008
 1074509
 1012840
 116659
 834144
 899085
 809590
 173654
 888583
 92078
 342201
 636070
 268976
 118726
 537795
 49178
 695601
 987909
 908460
 325424
 311298
 837648
 1060641
 438769
 859394
 205919
 519567
 867387
 563510
 15575
 6679
 181298
 633433
 41646
 62277
 93076
 661690
 835733
 846300
 240825
 787659
 310799
 841348
 1033874
 669762
 504773
 8526
 905334
 809499
 627080
 112132
 107102
 861359
 1049810
 195363
 107155
 174151
 708155
 337583
 292066
 929616
 729080
 49977
 606502
 528918
 414146
 961496
 108942
 379784
 515569
 1054340
 119663
 902841
 633343
 474280
 256850
 859445
 970611
 1064692
 967800
 99567
 488085
 949600
 328331
 58487
 865999
 777350
 888003
 653450
 90764
 138383
 339599
 213895
 237737
 961711
 207391
 243981
 705762
 524888
 691357
 49434
 381579
 133605
 1055993
 934410
 229516
 596814
 142117
 861414
 891788
 769826
 309403
 985174
 155544
 916742
 403577
 725216
 420760
 96791
 503422
 558427
 37065
 777603
 84268
 644523
 182855
 389708
 976908
 507748
 346236
 636709
 176353
 916284
 761121
 101246
 1097379
 931448
 324691
 242063
 993942
 263583
 823819
 426492
 652106
 590477
 185902
 31375
 529307
 954840
 41304
 73442
 544882
 482119
 60318
 143476
 151285
 336475
 247602
 378188
 140734
 875135
 927624
 732644
 108886
 703403
 381017
 325489
 683238
 102314
 732156
 446061
 273632
 964375
 444918
 862390
 756541
 1034412
 239773
 284841
 573050
 665326
 856446
 906432
 543371
 266378
 228370
 781720
 901832
 120834
 941218
 386509
 278777
 1040138
 9245
 444574
 707733
 266572
 301236
 69451
 793720
 792954
 115203
 1062115
 212857
 109686
 856993
 653090
 362484
 516442
 165834
 78642
 286375
 219738
 189452
 20877
 107133
 1099520
 327066
 466934
 617675
 160274
 757645
 618892
 499829
 1053332
 765630
 339337
 385521
 761490
 618636
 413179
 302867
 333777
 823408
 790742
 1064830
 18531
 437178
 1058768
 892703
 239623
 1059533
 669021
 431065
 115734
 322073
 583964
 1002122
 1036713
 778786
 360911
 173951
 59366
 806814
 917186
 147309
 49251
 679508
 153540
 55505
 307807
 763824
 1096830
 422301
 641020
 1031089
 936792
 812170
 800935
 181342
 144871
 972976
 414281
 539822
 781914
 1032073
 175897
 211051
 645295
 340870
 333213
 243451
 308754
 547675
 470801
 865001
 420077
 1059814
 1099283
 271805
 1033890
 675558
 372500
 200227
 458352
 167880
 332272
 773751
 1086891
 965944
 495686
 606000
 745495
 97937
 793531
 1068497
 832180
 347898
 833204
 978074
 620573
 1034962
 645344
 316374
 1057207
 122794
 482540
 216866
 124359
 974921
 811018
 482640
 656017
 754649
 288363
 733036
 375565
 942677
 43058
 983778
 949476
 135344
 395423
 483282
 771336
 614508
 59967
 289709
 238790
 870165
 114609
 906613
 131815
 1028464
 180674
 535234
 1098763
 1060302
 544614
 1001781
 410839
 127832
 374656
 10399
 351908
 641998
 347151
 125602
 236949
 818529
 587061
 270623
 837515
 714450
 593055
 655606
 567350
 257906
 744647
 126103
 865140
 661508
 901987
 255477
 267412
 6155
 855347
 827548
 116473
 776404
 776147
 13738
 238376
 493349
 1038448
 877346
 20034
 596160
 111867
 313218
 759759
 717853
 898802
 341337
 409491
 392182
 576128
 349161
 893170
 255112
 594515
 168258
 278759
 222875
 1074568
 766885
 1075527
 740369
 816870
 725837
 199156
 575263
 597159
 547563
 730806
 158648
 725304
 295869
 711381
 317415
 244236
 843586
 474141
 939743
 817402
 998762
 964124
 318234
 213213
 137240
 764861
 918580
 61308
 230389
 1045674
 115997
 4051
 923010
 837044
 775997
 75614
 939591
 856911
 406653
 835805
 864989
 329327
 335091
 439026
 973844
 392313
 586066
 894103
 209398
 273444
 921101
 676156
 392367
 950636
 58894
 44283
 690733
 235850
 163254
 694024
 842805
 127152
 133776
 338109
 996642
 867742
 513586
 412934
 151213
 411128
 920657
 1050358
 328057
 406046
 995286
 402466
 182212
 1049755
 337993
 824812
 127470
 163623
 38886
 1053497
 352384
 158689
 27044
 644905
 435087
 271433
 651985
 100672
 622079
 163093
 325579
 1047339
 653482
 183717
 730487
 630746
 177655
 372606
 57535
 390667
 216645
 26233
 584632
 385200
 225627
 434441
 264130
 731912
 739289
 211064
 248104
 873867
 3878
 898117
 24312
 450048
 311515
 631179
 927663
 864975
 483329
 45347
 809882
 467504
 228990
 697715
 466058
 183258
 989000
 338813
 438610
 57134
 345233
 318650
 1025786
 922176
 1056656
 215362
 634027
 301939
 899256
 153358
 82158
 648688
 525302
 48145
 269672
 1094433
 1077283
 1063312
 7971
 264753
 310716
 716809
 369015
 765040
 598829
 960865
 774041
 165076
 301151
 600360
 204422
 16994
 145127
 1009841
 612335
 140022
 947849
 693341
 810252
 302205
 157906
 579962
 844325
 776909
 987242
 883088
 90724
 787402
 101944
 481823
 577653
 115431
 996399
 318666
 360266
 657725
 64878
 738548
 515293
 994177
 452790
 421556
 602244
 980459
 363810
 696004
 871446
 13748
 768564
 1022189
 812863
 603071
 666198
 407805
 230147
 102888
 837874
 816930
 419676
 733566
 320164
 439315
 964856
 613802
 609883
 842036
 79956
 739507
 240028
 146834
 81704
 54890
 185026
 178641
 665073
 942020
 342325
 23448
 897223
 166125
 922857
 166891
 862879
 1059132
 844293
 788585
 451084
 953696
 640901
 81142
 551945
 615256
 692062
 1038092
 1033596
 529081
 494567
 480732
 1068736
 858889
 321673
 93065
 940610
 347193
 1093208
 536439
 839350
 114060
 1087287
 433935
 767645
 652562
 898321
 142883
 199045
 297486
 362530
 232482
 608936
 594509
 584401
 598138
 764321
 379228
 529061
 423125
 725251
 522666
 425015
 257957
 805388
 882462
 926076
 611382
 227268
 945999
 982393
 738809
 1037952
 494932
 510415
 92126
 215111
 608349
 695002
 52309
 315658
 303922
 481175
 484409
 902716
 262703
 975302
 600400
 482207
 1033538
 498798
 665123
 706669
 1012560
 407340
 732500
 1086660
 576327
 293574
 105761
 503750
 154744
 247862
 134310
 1074188
 1031100
 926948
 1084971
 9727
 220993
 729482
 473831
 932115
 961911
 102086
 187624
 656687
 541615
 404775
 781903
 109032
 784445
 673829
 141568
 603900
 710653
 835644
 902028
 41213
 687419
 910201
 1065673
 257469
 298271
 418635
 718278
 721186
 631025
 880689
 430663
 1094173
 882852
 723013
 130388
 353235
 746084
 344547
 428597
 654164
 11336
 544670
 514788
 395778
 550575
 735306
 74712
 219288
 570488
 952014
 564918
 60614
 616075
 649907
 813482
 522455
 711799
 510526
 1076350
 997006
 121290
 280521
 795443
 551420
 450475
 56276
 325083
 1001154
 295132
 1094653
 678384
 429986
 637785
 1052222
 169911
 486945
 724762
 204707
 751297
 231051
 133821
 800480
 728724
 140180
 1011871
 646847
 312296
 700241
 1004159
 420194
 110882
 983513
 84510
 466604
 423715
 205383
 889337
 465818
 961789
 726988
 770908
 49466
 764621
 423911
 428072
 124214
 1015439
 418859
 360028
 875468
 873590
 547575
 332784
 166588
 636058
 928445
 359471
 326103
 713786
 946776
 543336
 1081226
 370176
 631476
 724976
 954657
 832233
 1045299
 612471
 715475
 456574
 937199
 797662
 981119
 35660
 835461
 153713
 267862
 925112
 944352
 12282
 280758
 987309
 371445
 565313
 672320
 751055
 690740
 1056198
 776188
 741638
 589091
 986395
 642849
 722863
 862440
 49560
 1098450
 633179
 619408
 14015
 375442
 858998
 298954
 115724
 550579
 666927
 738704
 963183
 610905
 231683
 235895
 802921
 1095465
 1008195
 10642
 1021761
 88442
 120238
 187342
 1016581
 476887
 601482
 958316
 677719
 80736
 699885
 327052
 517660
 419254
 576807
 875695
 141780
 404062
 157763
 946493
 352624
 483616
 2940
 1048126
 486628
 345818
 222475
 553334
 1050439
 488842
 459947
 71065
 106936
 261666
 1080442
 215166
 689569
 762205
 1024346
 975192
 1000307
 1013997
 353585
 300827
 64609
 834159
 1018084
 217089
 77026
 817352
 900745
 254093
 624122
 266580
 1016200
 99188
 717245
 968368
 48626
 378124
 206253
 879725
 106139
 216946
 806828
 941954
 283939
 15058
 995168
 692503
 628206
 393955
 791648
 276177
 424372
 206345
 446450
 997183
 185751
 486845
 874635
 562950
 855544
 587485
 156082
 1038434
 524608
 668358
 861195
 1014166
 144974
 390290
 927776
 1049443
 589775
 399159
 673442
 702216
 1018417
 347694
 530857
 492054
 959505
 11695
 654914
 413480
 581495
 522621
 935145
 872365
 796052
 1075130
 410903
 207158
 451625
 142937
 110657
 892902
 1071526
 733144
 878687
 749807
 430437
 924030
 340942
 553787
 111944
 640957
 980154
 205909
 397746
 533645
 671892
 464750
 154148
 975135
 712089
 768163
 851652
 850142
 573897
 324227
 1073903
 450818
 517554
 579366
 900035
 883389
 792486
 585139
 169764
 578199
 739394
 610018
 429654
 914059
 912627
 732331
 443032
 333809
 580083
 80890
 156757
 277505
 596945
 771851
 1021248
 170539
 325388
 971672
 621239
 52708
 658526
 91599
 925402
 1047168
 432445
 683741
 152290
 796651
 501912
 656319
 886930
 960519
 693188
 126254
 703239
 728876
 618208
 990250
 1084123
 1017650
 1042222
 547689
 742977
 403833
 200080
 365247
 661754
 149438
 258043
 260194
 941065
 513816
 365081
 1069452
 254825
 859900
 587018
 350119
 290658
 446934
 188917
 21057
 433481
 813212
 268329
 966252
 3764
 227034
 667086
 1033697
 449547
 376275
 159083
 1016181
 900411
 895841
 664146
 479717
 389245
 654956
 219538
 591154
 689253
 435493
 1005765
 1035327
 435439
 348891
 1048277
 918698
 680701
 155588
 151603
 103856
 153013
 162691
 1037989
 350113
 966687
 210299
 223081
 832971
 833078
 76127
 58431
 122248
 1015208
 65336
 765797
 543866
 280910
 841159
 1071852
 583549
 590606
 369545
 608408
 31346
 279782
 1069905
 738870
 279681
 642970
 143186
 953414
 4125
 171769
 823444
 177830
 828240
 467893
 700914
 1019445
 244422
 1036066
 1029290
 1073740
 614225
 208637
 860760
 844707
 597126
 355506
 1001813
 688011
 910609
 71319
 110525
 406088
 938102
 445887
 387591
 125242
 52812
 269233
 373939
 812714
 182164
 145919
 6371
 892263
 83309
 482661
 846157
 257493
 376168
 295724
 112142
 934821
 244045
 413309
 739775
 9478
 921418
 250558
 245304
 545965
 379428
 248536
 854627
 1064675
 1047365
 1087018
 200206
 595281
 518462
 461329
 576033
 437629
 902062
 342558
 861860
 112969
 182051
 934795
 523747
 222091
 995733
 385659
 626782
 880058
 15558
 735460
 327141
 728362
 899986
 1033201
 507614
 659126
 682685
 1003734
 192137
 655964
 319924
 50270
 25287
 651348
 674991
 67633
 122234
 468071
 220852
 384701
 914678
 762816
 628158
 452125
 1090672
 701739
 599859
 754082
 481552
 233226
 719658
 485195
 670430
 990086
 1043895
 718439
 664954
 778374
 1051760
 1070762
 803280
 1012637
 1612
 1013130
 893039
 781629
 1042966
 295577
 1077250
 317457
 415844
 6218
 1015666
 606380
 919498
 749930
 1074047
 33987
 1071748
 1095121
 478798
 39181
 303900
 73887
 477599
 131079
 1048227
 668186
 835277
 418131
 494814
 1043471
 1073690
 358882
 934170
 74110
 182540
 306524
 927483
 1002832
 330877
 797191
 1022291
 651675
 361299
 27470
 1097083
 10030
 479418
 695834
 442880
 39813
 622209
 665322
 956538
 218928
 395316
 498365
 629525
 669324
 534495
 533385
 505649
 269934
 719626
 982510
 115229
 844196
 206059
 753544
 694288
 206346
 40554
 711515
 594521
 521169
 973131
 74270
 1069122
 189056
 920348
 513459
 889201
 581403
 1054894
 959650
 264816
 556245
 510900
 313742
 104412
 327426
 430157
 1038590
 465443
 884243
 369851
 600595
 868952
 816563
 930720
 836698
 431542
 201919
 29641
 419862
 1091338
 1043656
 249447
 440314
 962761
 1070118
 755041
 647867
 52476
 831349
 356662
 340982
 724054
 682059
 85507
 509281
 857353
 173394
 828131
 4000
 500675
 560703
 1076830
 674189
 312639
 774268
 152546
 678551
 124324
 161063
 227847
 593367
 2117
 641488
 636486
 829866
 160498
 376938
 880729
 463354
 472883
 249643
 465080
 776059
 1015999
 83536
 346113
 224305
 95959
 749308
 249613
 540157
 907349
 556990
 409830
 34958
 38472
 380078
 677700
 213725
 275343
 371283
 182841
 199552
 814200
 198277
 285211
 413988
 22954
 1060670
 742654
 239496
 538094
 673013
 935549
 951085
 650188
 22110
 771501
 256762
 985583
 1001084
 617079
 117454
 458246
 218739
 417963
 332510
 575867
 416673
 1066101
 472099
 22491
 345005
 122072
 784805
 663757
 697720
 899702
 984256
 279649
 1049135
 740612
 213064
 867866
 905541
 1049462
 483001
 68017
 518456
 45422
 161517
 687221
 1081660
 459177
 221692
 233794
 47101
 64807
 461778
 973315
 207754
 976878
 378474
 716298
 706088
 964666
 934413
 186655
 212789
 186935
 561414
 273229
 150362
 390754
 206356
 761057
 492786
 846577
 930775
 651430
 28047
 447716
 378073
 426354
 570074
 111596
 67632
 270156
 491197
 460878
 739697
 253115
 121830
 511421
 890728
 824912
 937965
 888221
 278742
 713919
 760665
 33991
 368702
 1044558
 363736
 439655
 1042432
 19076
 597750
 89126
 548059
 997062
 589053
 328437
 420140
 42723
 20790
 190222
 891665
 1051131
 407304
 514161
 506209
 82590
 577175
 892130
 340949
 680765
 411290
 149307
 420580
 594009
 433348
 917153
 10602
 442649
 28189
 612017
 378089
 1054553
 785993
 202636
 699611
 884314
 917080
 556624
 471072
 321407
 334029
 285860
 203767
 879362
 534928
 1094590
 802586
 300025
 444689
 196978
 1033592
 332904
 6598
 792603
 83388
 395951
 352364
 700330
 881376
 514513
 580907
 673042
 1099700
 375092
 291488
 661981
 299025
 222377
 604539
 555470
 733013
 962405
 943044
 836585
 292560
 18416
 819688
 500556
 259175
 767157
 571517
 466506
 696787
 296707
 1091152
 166170
 788379
 1049077
 501848
 696195
 784753
 538048
 697769
 388501
 102796
 599538
 842507
 46245
 627050
 487216
 679524
 192265
 326199
 930883
 885213
 987516
 142245
 745689
 856147
 426
 242961
 1035805
 842952
 919071
 1097112
 1089162
 336035
 990208
 200069
 25381
 1026533
 480228
 329141
 600355
 764790
 994522
 876178
 207147
 479976
 357967
 913365
 222172
 569938
 581782
 407814
 110931
 798778
 662001
 868642
 561074
 417545
 184935
 8869
 824510
 430206
 972851
 632703
 698430
 393603
 599248
 844803
 1034738
 92540
 363885
 715737
 467729
 546343
 120033
 307789
 1077682
 765516
 1055711
 78917
 481226
 347691
 336694
 34913
 988308
 810334
 346159
 557191
 867096
 147199
 617014
 984932
 7442
 11393
 139524
 794462
 805132
 492698
 900724
 360659
 188680
 286870
 620770
 576472
 1089107
 1092878
 67482
 597502
 659317
 449903
 137482
 677981
 811148
 84207
 31234
 876050
 1052452
 715706
 1090700
 466433
 179384
 836686
 750584
 1055260
 952499
 68018
 741955
 789018
 100960
 573352
 400730
 985068
 772534
 868658
 822769
 204323
 804933
 694674
 829512
 948734
 955629
 660691
 643052
 820988
 864104
 589632
 742292
 966082
 434801
 920590
 1001591
 129612
 746407
 787816
 211462
 787476
 253592
 656788
 1080610
 180081
 241696
 156403
 206599
 183309
 1008523
 124098
 325833
 541782
 999421
 587904
 7750
 21529
 671430
 271687
 966042
 173319
 23960
 979472
 1083873
 459376
 1061134
 374832
 81276
 961920
 219229
 193752
 277044
 723737
 808590
 1037016
 836748
 1066654
 623744
 239906
 162255
 734335
 763690
 645520
 1026792
 628899
 294094
 590224
 1075047
 833010
 287972
 754332
 1082107
 889626
 302623
 910367
 573952
 548139
 125085
 495800
 465132
 398131
 798436
 638753
 576365
 175440
 360863
 360762
 386108
 428155
 123439
 636185
 698692
 898096
 864854
 1055866
 895654
 242279
 376527
 761169
 190006
 586152
 650252
 71751
 835865
 206904
 937328
 68903
 436084
 172196
 742749
 1020599
 295796
 386002
 931690
 698161
 770267
 511921
 323506
 217631
 376184
 238454
 755712
 908588
 895393
 476508
 24714
 47378
 876294
 671908
 1052207
 664249
 177308
 423971
 852354
 1038442
 172202
 1021418
 559993
 315538
 168790
 537150
 49069
 99503
 217563
 295731
 830813
 873773
 737788
 923466
 385320
 354693
 477912
 152579
 328001
 494422
 745660
 687495
 258785
 754265
 16367
 943658
 1025079
 725739
 437544
 763883
 670344
 817460
 809676
 121079
 894226
 968380
 899662
 369936
 439901
 831400
 939086
 479108
 577880
 545604
 921130
 46260
 855086
 988416
 179448
 176367
 853125
 579008
 123442
 614440
 1036514
 820918
 389534
 175570
 612786
 1076090
 8852
 910324
 1023270
 311567
 187849
 786633
 222392
 712916
 248783
 124719
 477042
 774015
 835803
 977337
 445192
 120482
 420930
 1026524
 863923
 1075717
 180086
 794392
 676941
 483998
 120901
 907101
 186883
 932535
 247664
 982439
 1069736
 767997
 379767
 780445
 740310
 1088000
 428508
 33433
 372710
 864371
 1070189
 19748
 739923
 56857
 999907
 486365
 354116
 552415
 807025
 1001704
 615252
 772974
 750242
 713079
 661936
 662137
 341343
 220691
 353200
 920714
 1072502
 537673
 1085377
 703612
 5653
 825565
 553319
 1090474
 954675
 496789
 220270
 491070
 1083646
 992052
 802329
 579099
 274765
 297820
 843241
 941164
 1024178
 878391
 408216
 50507
 779429
 910634
 1016796
 978305
 365662
 534951
 290013
 1009807
 825584
 1048259
 1083539
 85480
 146970
 760648
 164949
 316324
 257147
 256327
 985434
 743459
 444995
 92498
 194023
 860849
 594243
 665397
 645803
 484806
 839144
 5617
 68889
 530326
 287346
 811390
 488011
 1064318
 786205
 1001514
 151119
 1071146
 374141
 1090756
 792641
 183724
 834341
 768875
 123835
 1072943
 698934
 378161
 1095671
 602160
 861341
 769255
 1062273
 1032058
 921407
 876436
 1071304
 937949
 312502
 1036079
 495618
 885286
 473818
 624985
 322985
 1084108
 441546
 753380
 971042
 359637
 892552
 645534
 991654
 632724
 834981
 856811
 234091
 724049
 185672
 44713
 229925
 72655
 470780
 352471
 680858
 1000863
 224462
 333105
 969742
 1008666
 1037602
 184834
 170943
 270117
 448557
 116193
 774814
 408333
 144496
 231781
 871905
 125117
 430398
 362307
 749657
 407574
 33615
 775382
 185240
 249853
 700705
 484194
 288495
 956115
 738356
 269753
 2416
 474678
 571773
 436241
 411229
 247626
 612658
 584238
 211475
 479557
 363336
 224017
 205347
 651874
 893191
 870228
 790695
 856325
 28731
 546541
 312815
 367227
 316568
 511027
 953765
 49568
 1010605
 413179
 545988
 923867
 659103
 286449
 982571
 805566
 406803
 404759
 18769
 703094
 74014
 384860
 162174
 227717
 374387
 510241
 465345
 669208
 576916
 65567
 1002409
 19505
 897568
 988217
 577194
 65446
 944338
 140064
 68745
 710384
 784042
 467451
 991567
 259204
 118061
 1005148
 15305
 1031365
 959498
 987907
 110440
 1041841
 606624
 768849
 377379
 462695
 1011518
 1048643
 718910
 312583
 536784
 194568
 796771
 533471
 772670
 404566
 45769
 1067472
 514226
 603356
 898171
 117870
 971956
 1084912
 811069
 1077259
 74144
 797710
 866232
 611340
 295031
 201993
 739953
 104853
 512394
 488885
 245641
 774890
 620578
 799080
 520083
 16716
 584320
 660625
 269710
 300086
 651043
 303613
 1022090
 268225
 267983
 917519
 669512
 311682
 350474
 518874
 442725
 572442
 1012505
 480500
 654924
 122604
 909820
 276571
 856136
 30825
 40616
 390826
 894687
 315089
 316324
 8377
 724142
 888423
 748977
 1035477
 1013850
 1053213
 1049194
 858297
 278974
 174855
 202908
 737196
 599834
 910452
 356085
 813957
 395176
 33878
 286743
 428934
 1000172
 877120
 1024004
 906223
 116369
 115809
 125258
 316717
 381381
 530110
 260464
 756752
 639087
 101460
 463606
 74600
 25001
 28154
 286611
 526990
 747780
 125411
 936266
 858906
 467311
 700327
 3592
 614929
 336895
 1094944
 387679
 196419
 572799
 688870
 407710
 577418
 481570
 359886
 246384
 412161
 822644
 490584
 456055
 651160
 908089
 1097330
 690022
 820747
 145313
 47368
 859713
 287997
 786363
 70710
 177138
 948622
 619396
 777809
 391993
 610625
 361886
 928172
 889844
 64312
 438251
 574425
 405527
 712142
 697753
 463249
 1076265
 964999
 899736
 277351
 415493
 1015494
 202367
 268667
 518264
 496059
 739362
 320422
 655047
 162003
 507518
 250968
 670667
 40158
 285344
 60750
 1012415
 869991
 149333
 709986
 194547
 875198
 889089
 188902
 44873
 789064
 257956
 1034283
 62492
 372158
 529504
 367168
 703993
 987432
 493388
 154742
 672458
 38250
 774805
 831298
 1087687
 861051
 175162
 185289
 391892
 671631
 844810
 728734
 532926
 357220
 837501
 1039343
 775860
 516340
 300838
 209220
 943715
 1089250
 982221
 954309
 671474
 1026605
 966214
 1061219
 761376
 683414
 153669
 124258
 816596
 38624
 839714
 1033184
 242115
 1012276
 1060755
 821095
 761288
 88799
 509239
 904903
 569940
 981955
 513918
 148514
 701552
 570459
 112202
 350653
 669570
 135010
 951246
 945118
 325378
 910085
 516084
 543371
 1027182
 51764
 366465
 825027
 178289
 1043491
 563596
 559446
 416761
 769464
 541867
 10638
 72366
 1015519
 256829
 1098801
 793194
 236328
 560532
 211568
 376298
 255314
 235383
 914360
 445386
 818361
 330400
 912419
 858592
 504663
 809590
 663974
 221567
 1009809
 203262
 169825
 1079282
 333576
 960624
 629640
 343430
 205615
 972243
 319343
 446924
 1082099
 735703
 940937
 432991
 1084648
 804613
 585455
 958232
 633877
 1011678
 759629
 359614
 538699
 312852
 1058871
 145425
 226395
 67196
 592867
 229016
 915288
 266888
 715568
 819529
 465694
 929269
 343363
 354577
 86215
 940742
 418865
 656319
 1070722
 68707
 740298
 792724
 337357
 57132
 763536
 528702
 962984
 829232
 203336
 602212
 423545
 936731
 382524
 1090628
 93421
 647952
 1038423
 1005061
 179503
 62353
 892095
 165115
 1006664
 982941
 278649
 581294
 937109
 693623
 503812
 151314
 287033
 466826
 244487
 638577
 908968
 917443
 382149
 657829
 959416
 825165
 438751
 98032
 299091
 355572
 554637
 72717
 810159
 139593
 767604
 667289
 914862
 627522
 545482
 436363
 771796
 1030297
 1017858
 1049657
 670221
 1037538
 23089
 322427
 128218
 519909
 1024652
 195786
 656950
 803042
 1065529
 398994
 720504
 139699
 1044306
 239433
 362075
 611017
 507735
 350266
 1055234
 15712
 32307
 556790
 522268
 896577
 810921
 362427
 1016845
 285944
 3158
 760131
 258280
 776700
 433136
 830018
 149758
 166920
 417882
 711845
 1085900
 796586
 981926
 1091236
 922366
 130328
 1068073
 421780
 1015630
 252394
 669406
 71119
 194861
 233389
 297922
 83492
 836049
 834196
 395507
 91341
 498544
 826588
 951890
 40611
 175201
 801235
 149910
 468124
 321269
 313203
 771685
 673601
 61962
 568090
 428143
 234067
 83933
 450312
 733098
 384950
 330923
 823536
 49049
 698465
 158623
 718959
 231639
 512403
 407773
 320882
 166284
 939492
 518786
 99949
 806247
 780229
 576663
 965298
 578776
 521109
 873603
 97541
 807919
 842893
 27120
 412583
 341235
 291137
 911135
 817961
 811572
 93971
 802150
 563176
 981288
 846635
 790940
 553314
 453017
 439063
 350518
 528683
 752238
 899859
 721229
 386728
 60852
 328636
 114186
 684340
 389300
 485835
 104495
 340465
 47817
 350858
 348725
 1032092
 583427
 154603
 676221
 731578
 9962
 74493
 766403
 1001562
 462892
 753008
 389666
 635212
 30626
 602646
 524201
 194488
 404215
 39093
 326061
 648478
 438612
 613809
 544700
 960754
 899839
 774864
 827150
 313900
 758016
 222073
 759256
 44144
 552088
 237797
 560538
 472428
 803263
 197595
 12372
 114431
 641600
 80136
 744606
 692107
 526817
 144364
 681395
 116600
 71559
 112584
 852820
 1085080
 804575
 100001
 577304
 355322
 735931
 468698
 965760
 912293
 700260
 573898
 401440
 213354
 718881
 367983
 205460
 833194
 1041190
 22350
 309843
 1010023
 347941
 841049
 879846
 700657
 23820
 1078389
 193557
 765232
 373127
 860447
 840072
 409657
 1097625
 103081
 444701
 746360
 104698
 1004245
 676091
 389241
 986547
 112173
 331539
 1063632
 303316
 244375
 966794
 697866
 1058201
 307805
 215526
 64412
 332346
 14000
 206951
 562105
 731235
 1095387
 5077
 1042147
 839702
 145454
 425949
 301394
 947629
 961792
 767328
 885984
 71950
 458362
 596367
 129653
 795054
 240283
 911668
 888927
 214050
 660224
 38079
 509339
 179598
 477040
 963066
 971536
 325486
 30948
 151284
 1053204
 727406
 872001
 842191
 333330
 1074174
 616308
 697195
 832153
 693945
 131561
 305304
 567422
 98951
 885204
 870520
 971298
 198011
 147955
 256107
 279412
 897732
 139790
 816843
 136417
 764376
 449820
 1051907
 414423
 801773
 117866
 717598
 967628
 832429
 262408
 159061
 135654
 323248
 141797
 927252
 353264
 793698
 699136
 997053
 1038333
 535766
 420488
 849429
 714033
 241203
 250479
 519460
 1066259
 898761
 678365
 608748
 860863
 294301
 255167
 743177
 140610
 63733
 808800
 584663
 1087351
 132159
 1035584
 869999
 1063246
 408206
 844907
 841081
 819893
 605387
 1090813
 253628
 590321
 319073
 717094
 970549
 561161
 123474
 409428
 618189
 267549
 670640
 444113
 527991
 853455
 503410
 1098209
 1024387
 432102
 1033368
 986362
 587537
 217726
 845935
 573000
 719207
 43124
 246820
 790914
 883489
 161488
 1014724
 707825
 1079795
 880855
 350515
 1013209
 113445
 274286
 679820
 273518
 295879
 864371
 115380
 483925
 315388
 851229
 161503
 280376
 149407
 232727
 21043
 333945
 736648
 973369
 443292
 1007468
 870041
 1056368
 565610
 282861
 267437
 324606
 252210
 955855
 153202
 889764
 214294
 437444
 527711
 351630
 944399
 817462
 399215
 580260
 575761
 419034
 188050
 378832
 366333
 460999
 255508
 348617
 854775
 938944
 238520
 988643
 107927
 339200
 656133
 269818
 311401
 14695
 192570
 447894
 407579
 961164
 119214
 1020538
 308786
 1061666
 285467
 820923
 78569
 518383
 1004941
 28850
 92286
 404276
 364680
 837178
 120564
 612256
 742917
 954297
 1030873
 895604
 364746
 541039
 207832
 596130
 1044404
 680618
 968737
 486300
 220162
 494499
 287496
 486315
 333069
 539685
 438214
 160598
 109069
 1034712
 587749
 318417
 71112
 215672
 63158
 398974
 433747
 737945
 1040392
 424191
 405115
 769532
 37244
 528903
 190899
 686333
 751478
 812318
 840377
 117022
 244028
 1082400
 95522
 845076
 709906
 585533
 864470
 277096
 490710
 185489
 1098906
 370000
 372396
 48213
 340832
 1094676
 567350
 767806
 704098
 600779
 699198
 1038211
 760068
 305873
 296141
 1056864
 104018
 7386
 732391
 734981
 282106
 291561
 755520
 824934
 994109
 618
 677395
 565626
 898092
 301342
 133747
 848672
 941848
 519142
 184371
 651224
 1022110
 906617
 484256
 409032
 22872
 157052
 953023
 98478
 487425
 481166
 785462
 1070897
 1002358
 285446
 56666
 90763
 378243
 1067144
 1045885
 272428
 234274
 820583
 354642
 54845
 706606
 289000
 303431
 687563
 750387
 778733
 846481
 370613
 231317
 336040
 491574
 128912
 201769
 672322
 864925
 1063063
 332976
 997410
 485314
 498943
 626984
 186237
 356228
 156378
 554187
 317221
 677521
 94709
 717642
 703305
 960465
 224034
 940178
 939305
 174558
 456013
 935004
 784045
 998594
 699983
 366030
 1089544
 937566
 161864
 1051772
 4058
 252866
 804157
 484798
 173310
 4550
 101637
 31543
 520675
 666043
 480931
 998712
 644608
 894927
 398217
 908324
 503458
 1015731
 1074165
 328735
 430998
 33762
 668244
 267492
 921689
 93087
 808217
 627558
 738096
 1036
 955324
 335369
 687971
 1013125
 298828
 547160
 604806
 50363
 362204
 847973
 445955
 656811
 938724
 383971
 692849
 73844
 156348
 716983
 34881
 429381
 935482
 463603
 90130
 342760
 1004059
 686743
 662130
 381885
 787304
 846896
 598928
 487302
 155743
 1051931
 335606
 16042
 743874
 207950
 264016
 870775
 728767
 177960
 963808
 977513
 1091596
 873479
 598370
 93992
 986334
 53156
 50509
 879787
 544811
 264461
 249869
 1008287
 340974
 463516
 602198
 821793
 203174
 967722
 240434
 442649
 907335
 747649
 500141
 88637
 15200
 223286
 360179
 114975
 504833
 467436
 1745
 987786
 933622
 653729
 1069335
 299738
 914345
 588819
 442737
 993678
 1079647
 678836
 976996
 252336
 1005557
 724990
 727425
 95166
 205244
 117491
 787547
 132960
 94768
 903721
 719634
 337220
 580018
 41385
 105914
 1051020
 286817
 956812
 688098
 59055
 578573
 684199
 822734
 290430
 359321
 463014
 1079262
 63874
 48981
 679781
 410017
 697997
 152217
 931906
 147386
 358944
 336107
 918315
 415397
 1034322
 724327
 1018323
 618389
 470869
 125764
 647537
 729162
 515072
 487456
 666973
 670365
 437106
 899841
 106233
 956437
 789031
 571662
 980578
 91526
 176730
 308155
 601746
 756805
 491069
 124768
 113996
 31570
 1055984
 317179
 478179
 979740
 772272
 210038
 695391
 205262
 1015446
 903338
 654358
 400929
 208293
 59558
 926888
 669564
 567432
 869135
 134434
 309806
 978304
 967207
 969782
 1056433
 695836
 219441
 260419
 336091
 977377
 1001387
 331670
 619936
 505499
 638558
 80739
 455034
 834355
 854021
 606612
 750441
 52911
 933164
 1067426
 228191
 881745
 89458
 88260
 20681
 7291
 271357
 300848
 705179
 393795
 1017449
 740762
 185352
 35870
 334764
 812342
 976043
 897607
 438062
 763939
 627630
 427449
 580429
 990633
 373482
 681855
 356461
 729060
 553333
 597608
 710388
 544097
 668947
 588000
 255001
 129471
 597904
 515548
 818676
 421139
 603223
 500670
 1060288
 924937
 504355
 951100
 137294
 784988
 999682
 1038380
 123820
 1002682
 568486
 601291
 839203
 527061
 1044298
 578281
 1051062
 834225
 519450
 860654
 157680
 342205
 627012
 702391
 434880
 202725
 713991
 603764
 56550
 913357
 532413
 872871
 242604
 821125
 238354
 818968
 882644
 801356
 18693
 500687
 318117
 697832
 787644
 531017
 637724
 175743
 517700
 1005441
 108711
 184333
 771685
 897616
 740903
 220760
 74297
 375936
 487302
 809546
 900745
 381663
 148193
 982167
 375199
 778571
 70048
 786194
 293093
 710307
 946555
 901121
 575745
 440357
 300150
 1303
 509489
 444516
 370496
 167100
 178468
 483784
 985057
 918831
 277856
 471455
 616424
 527270
 605221
 1056347
 273009
 916560
 965820
 1084283
 936173
 415643
 1086492
 909070
 272753
 1057598
 967811
 160748
 308325
 637801
 260763
 295268
 304048
 269437
 610986
 433690
 57917
 444178
 716158
 850458
 1073844
 136643
 1055094
 907031
 1081172
 105053
 346721
 812394
 361566
 159937
 276485
 272882
 155751
 875701
 814918
 869037
 820898
 140292
 589914
 769329
 151443
 372633
 183313
 276082
 969726
 387246
 303001
 765306
 417119
 732405
 230702
 1082533
 422446
 227901
 466735
 231610
 896803
 1046698
 972015
 841247
 326053
 318639
 1050547
 853295
 690674
 668009
 225413
 309015
 195035
 512588
 313878
 430664
 158760
 784927
 100522
 559748
 818515
 171018
 348385
 216756
 387614
 431716
 204952
 698762
 464829
 259871
 25251
 193996
 584455
 756047
 224690
 725824
 277831
 613630
 860415
 1045032
 726827
 679838
 961585
 668242
 531214
 145094
 956415
 301348
 22367
 907158
 760570
 517551
 385705
 240006
 91453
 113232
 24620
 1021954
 768649
 789948
 588046
 1080427
 450008
 515126
 987672
 776939
 28035
 728951
 16269
 665937
 802158
 710811
 403955
 963172
 609667
 714028
 1061036
 709097
 809513
 593027
 301018
 390307
 367564
 184703
 485869
 36202
 705194
 505491
 1090022
 750753
 148088
 935870
 789897
 206402
 708664
 659336
 204890
 127572
 318659
 1091917
 1008719
 801389
 307022
 409289
 335877
 71625
 41422
 541546
 959068
 291525
 98036
 1083668
 723353
 881616
 234493
 1043948
 914214
 188206
 594876
 173308
 558183
 432741
 480590
 926184
 491104
 31280
 290415
 152713
 308659
 877228
 402311
 96508
 696183
 826643
 771649
 431734
 984061
 796431
 549461
 559133
 254563
 492197
 328281
 938372
 275046
 893339
 921371
 762756
 552285
 512231
 381647
 418060
 608088
 413343
 997329
 894743
 797098
 589906
 860468
 209357
 613342
 568527
 1018381
 787762
 944277
 477520
 92960
 172757
 1000840
 525889
 1003099
 598321
 1088187
 726470
 790917
 268419
 837741
 469271
 782283
 1048799
 1079927
 234989
 968394
 317294
 1083478
 656502
 601365
 631488
 874246
 799482
 689336
 870885
 278258
 915565
 595006
 592636
 369253
 928363
 296433
 981692
 79669
 365774
 158482
 674295
 758455
 657352
 405066
 410116
 603936
 660107
 502827
 893380
 572909
 743224
 213853
 951848
 252078
 1036395
 280857
 82235
 553313
 45743
 327802
 79978
 898826
 691
 60092
 210052
 388874
 252852
 632533
 92949
 26245
 442791
 855227
 333531
 893130
 821016
 677118
 478304
 421400
 47395
 732790
 730366
 961220
 441022
 200631
 269686
 868773
 657284
 1064063
 22806
 604132
 698633
 526768
 126334
 826836
 202765
 132541
 413263
 57341
 646736
 286016
 341714
 603336
 65506
 647645
 106029
 467300
 852314
 278647
 53891
 22144
 757457
 979305
 1055859
 817726
 771732
 948590
 254726
 611167
 283382
 537607
 677790
 953163
 1009711
 305021
 140762
 1052111
 441846
 848264
 478552
 593096
 800486
 475618
 159322
 740396
 713590
 29271
 18942
 427488
 362712
 831049
 127608
 1086023
 434076
 11120
 183483
 563569
 453550
 52045
 11666
 448385
 404333
 523500
 956501
 242784
 623818
 1051276
 504497
 945593
 226883
 350540
 403970
 769572
 126178
 488252
 762083
 333729
 758580
 174795
 680808
 533720
 235583
 109625
 45166
 1057350
 497146
 839858
 1057085
 786641
 227228
 496040
 411724
 458481
 667431
 356708
 352605
 31110
 546691
 344829
 303061
 482289
 1075886
 377734
 648622
 386398
 275219
 651804
 190915
 718071
 265573
 673312
 1054615
 411889
 230907
 289325
 432090
 400814
 733400
 414614
 564833
 348364
 1003343
 1005448
 165469
 896246
 122158
 700494
 92038
 300794
 669188
 685630
 87090
 351089
 210983
 695828
 951527
 116730
 790410
 922077
 909427
 112099
 27804
 720019
 138630
 263309
 331576
 687555
 201958
 306793
 783702
 992951
 946087
 648711
 149313
 548708
 942939
 778938
 383814
 135327
 1072840
 452713
 34988
 679823
 912308
 663379
 449426
 960058
 112829
 165365
 660363
 883187
 738209
 704240
 62616
 30327
 842628
 637532
 786386
 483903
 470904
 380006
 30106
 727750
 138597
 724630
 1031662
 512877
 948253
 984644
 500298
 1086086
 619744
 504279
 132049
 56094
 869606
 894617
 329925
 723749
 1066702
 75425
 52708
 1090070
 541054
 621443
 687737
 1030456
 748632
 1073157
 476449
 566478
 103351
 1015705
 1082751
 195308
 736792
 866086
 814529
 629498
 33528
 217748
 603311
 714992
 487790
 86159
 646202
 858800
 101227
 658057
 367172
 104823
 434899
 694381
 533316
 1064421
 830490
 909975
 112720
 778880
 409679
 166232
 618984
 65173
 242686
 711940
 116777
 261040
 951716
 80538
 485358
 1024042
 526690
 859659
 106751
 385008
 920253
 67615
 572880
 871531
 321458
 702271
 939730
 484721
 978444
 200463
 431342
 847645
 947280
 557017
 294860
 744559
 337184
 318063
 797814
 876008
 1020621
 166769
 234662
 94935
 416324
 556525
 395670
 912397
 305512
 200604
 283192
 141749
 1069997
 231844
 490550
 507236
 376968
 1006988
 575532
 162297
 259718
 269321
 155253
 499722
 525249
 150644
 266764
 342909
 1039678
 484585
 1091654
 1021859
 91179
 939663
 1068891
 209830
 438312
 394816
 908844
 1050767
 102497
 1061448
 937424
 1001356
 168163
 77376
 673564
 5216
 777875
 228134
 773963
 511172
 189044
 782606
 230040
 230372
 805981
 252511
 1017185
 572501
 494365
 431451
 633515
 1060615
 72943
 885111
 82286
 23537
 589128
 185618
 747904
 25200
 938478
 328611
 462723
 44626
 979422
 751376
 232409
 1044622
 150041
 385172
 41545
 1045059
 381231
 299764
 255614
 790851
 485240
 849176
 952938
 981732
 813532
 1084249
 317085
 765266
 130514
 590103
 446866
 947835
 453571
 860384
 825268
 656100
 461169
 494345
 653126
 611861
 723277
 852142
 914886
 94019
 491156
 505582
 556200
 913310
 717241
 803561
 334083
 939293
 209897
 14313
 205407
 413112
 1007020
 155905
 770150
 542247
 347175
 629833
 53722
 894260
 66965
 942400
 578492
 436750
 535728
 790223
 944821
 1007168
 429957
 1027850
 986552
 492972
 242014
 1003033
 902150
 1038772
 999240
 186211
 1009074
 329542
 102385
 606774
 54279
 23758
 189707
 1002736
 488941
 54596
 419584
 544893
 687185
 488216
 436929
 205282
 1078474
 793377
 751604
 50810
 267259
 994349
 1085168
 3625
 647347
 1027357
 1058790
 750593
 758020
 752660
 364958
 225702
 358328
 857754
 47176
 338686
 727842
 429463
 480563
 1016261
 433629
 692248
 223674
 307213
 927715
 114721
 250177
 787278
 832464
 193724
 568487
 621383
 255847
 518051
 9384
 817027
 437965
 490703
 56833
 997884
 571523
 1035902
 814064
 820318
 627302
 150061
 328804
 588434
 128407
 410150
 865216
 1054894
 10701
 831871
 576318
 616444
 742222
 558872
 461776
 238848
 45833
 182992
 874970
 66199
 917340
 402183
 230196
 179497
 1079245
 546085
 793536
 728396
 156058
 617072
 730541
 986708
 764901
 679228
 43787
 501171
 1083262
 553304
 476127
 1028775
 677349
 703374
 675777
 872310
 34842
 1077049
 243050
 1079910
 512719
 1009484
 639364
 429036
 858620
 356070
 213540
 731648
 544912
 793345
 292334
 326719
 349614
 948272
 60986
 558386
 225794
 1076162
 856142
 279301
 661727
 545287
 471821
 298357
 263427
 726692
 22871
 304149
 332807
 744581
 949832
 403808
 924134
 953837
 424830
 528860
 298967
 1011682
 317929
 313005
 333022
 302558
 1008558
 527160
 1037781
 80204
 297652
 401352
 1081150
 831587
 455465
 1056449
 578722
 1018537
 60901
 505649
 270893
 732260
 449801
 644656
 578474
 602640
 45396
 70917
 463096
 627109
 399374
 642937
 327723
 212450
 667267
 702526
 128440
 891481
 491783
 329700
 577216
 657912
 99882
 1004124
 527015
 653051
 872633
 459518
 902101
 488488
 1037200
 50520
 981474
 933889
 634755
 314679
 510034
 340837
 739333
 203687
 448427
 849569
 467107
 196906
 386920
 595577
 12579
 66103
 879284
 652352
 209327
 812499
 877183
 1037915
 435566
 330227
 332833
 888816
 648241
 1094798
 523785
 62989
 67144
 966455
 721986
 446975
 215780
 802666
 285710
 896781
 588547
 797176
 979809
 213969
 397582
 581552
 543221
 200920
 396474
 325667
 145275
 800758
 218299
 845038
 1067633
 976328
 316444
 404045
 122063
 1043600
 851632
 587060
 1007658
 972552
 987295
 691901
 856147
 1091595
 575933
 776967
 580602
 961460
 659207
 736687
 698324
 527920
 1079315
 500062
 391403
 10489
 795708
 1085677
 785454
 534837
 303577
 566159
 418801
 201171
 361294
 714353
 324098
 284958
 726478
 125709
 526040
 429013
 482308
 836683
 1073957
 809248
 660365
 740381
 519479
 674058
 806887
 814340
 309326
 507610
 104299
 590033
 861671
 20239
 259970
 87894
 703269
 675248
 148319
 284228
 52071
 695785
 552387
 77590
 36876
 1070457
 515823
 117593
 1050476
 419784
 926340
 503423
 423603
 752343
 788688
 1062415
 137544
 635523
 908166
 298817
 156553
 351156
 412454
 1073552
 673171
 793655
 569209
 75117
 470802
 1076684
 966543
 1099645
 560149
 123316
 733304
 744070
 251683
 1032144
 941751
 980057
 441863
 841465
 153889
 203498
 289925
 73707
 952930
 731216
 56477
 649148
 1080451
 899550
 585296
 403751
 21069
 234788
 502294
 1017106
 635388
 964901
 657449
 389239
 665602
 546080
 334861
 278876
 748875
 833382
 936494
 372292
 750391
 118485
 773040
 307747
 14392
 728611
 259223
 287490
 621469
 407512
 127078
 1068332
 239230
 1016818
 331594
 267284
 1071362
 3416
 463762
 972866
 141630
 878519
 410719
 74995
 598690
 17152
 108840
 471045
 824382
 21515
 611451
 746253
 139876
 532705
 966784
 1040106
 888009
 528698
 98735
 231487
 972291
 932973
 987595
 994805
 1006459
 850315
 319575
 95499
 743359
 1027425
 17284
 602826
 388213
 1031544
 1032809
 819861
 423120
 876591
 957177
 182240
 892028
 351879
 796403
 484874
 441842
 272856
 663059
 414544
 83562
 117214
 986888
 734147
 389309
 21050
 904619
 667087
 428435
 758842
 704549
 381506
 840730
 57758
 946045
 171648
 967822
 1066070
 1002917
 1099631
 641618
 892126
 482855
 1075184
 179953
 702656
 402190
 334470
 1056403
 386254
 443434
 87806
 494677
 959351
 711503
 277328
 949127
 221750
 43026
 149050
 1056101
 291860
 320782
 766772
 319239
 499948
 41075
 1009051
 1065536
 914346
 416542
 869045
 973509
 958006
 329446
 748494
 335020
 73145
 854855
 154398
 512155
 194765
 171069
 811925
 142603
 356991
 671276
 1024780
 1091474
 397530
 335566
 931752
 442625
 656363
 769812
 223456
 103311
 983557
 167607
 113678
 58014
 92655
 1008245
 404819
 588687
 942520
 383248
 179597
 468099
 337166
 313605
 984723
 472363
 779143
 901184
 622878
 627764
 644113
 802163
 47437
 514804
 178538
 906070
 875239
 492360
 720565
 969207
 269556
 542729
 101239
 793930
 675843
 611555
 330685
 600145
 33663
 394604
 608004
 106977
 928143
 548887
 663123
 826779
 695800
 349540
 263844
 540069
 631790
 26307
 834800
 234778
 177902
 1088523
 373670
 691033
 899006
 835296
 397379
 658392
 554527
 840406
 289146
 98492
 787145
 84431
 275617
 992781
 92536
 666887
 843782
 655475
 103438
 358764
 604196
 84786
 638151
 149026
 264149
 571502
 658447
 909704
 62122
 88205
 668352
 303520
 101614
 655078
 1017212
 431401
 800870
 76800
 678896
 882487
 232207
 759463
 722234
 738521
 431349
 1093662
 388040
 304660
 854356
 927801
 99820
 775454
 748354
 382320
 525286
 135753
 132506
 604240
 460779
 1057793
 167234
 466184
 565675
 381045
 1009040
 693714
 505048
 52053
 840506
 784403
 402309
 231523
 522101
 971209
 466038
 313807
 105570
 505534
 102990
 506967
 834870
 706627
 952124
 841379
 1012654
 566938
 756025
 503236
 1039021
 623657
 138634
 149356
 241059
 262394
 302959
 52691
 999374
 608530
 690766
 599926
 235637
 568293
 198250
 1079356
 32978
 179289
 794381
 1042031
 417507
 125498
 415622
 478227
 357674
 10009
 805524
 718886
 53889
 81955
 174159
 61477
 460253
 701342
 526886
 422348
 749353
 346382
 139169
 708770
 694295
 1020527
 92955
 70990
 580905
 515478
 207717
 650448
 558109
 559078
 788214
 170325
 624223
 530508
 808274
 1083331
 109021
 517663
 649250
 686508
 974378
 597933
 185942
 779023
 472762
 922125
 962752
 37531
 681039
 948033
 1079252
 385052
 322689
 1018679
 583894
 66120
 4708
 275463
 252319
 90764
 996042
 877187
 489165
 256573
 978581
 1047267
 898679
 773739
 195073
 333112
 836148
 986221
 254289
 545855
 303025
 263991
 85358
 991189
 93875
 376671
 146140
 598052
 251850
 556326
 611212
 677013
 384317
 670794
 584164
 946292
 160408
 610715
 63359
 732199
 154704
 595564
 291047
 1090793
 1705
 97212
 759053
 470841
 80307
 41014
 149492
 843588
 816519
 8221
 729697
 312783
 509096
 52129
 24516
 679953
 578165
 698162
 504457
 655231
 934019
 487392
 44196
 852440
 1023984
 591933
 407449
 758997
 1086804
 81959
 905989
 1053833
 409796
 516721
 455948
 229057
 231547
 618261
 578546
 290872
 493291
 58182
 273306
 663554
 631654
 962325
 940820
 735507
 201937
 1085086
 1028327
 310851
 795134
 89031
 604701
 267612
 803347
 1026806
 1061330
 273831
 224935
 850934
 732014
 402500
 544764
 367963
 389771
 283721
 847054
 562303
 243639
 153013
 56751
 1007255
 1311
 760651
 334757
 682724
 256902
 1066432
 32107
 654034
 33901
 1082680
 954598
 678667
 1090913
 517664
 4492
 384818
 569870
 133571
 464674
 612074
 919155
 382568
 630734
 595253
 289988
 894362
 645201
 806768
 350250
 327991
 657437
 759543
 128235
 1071926
 250973
 166998
 439783
 176284
 698394
 953174
 909642
 121886
 895375
 108587
 724648
 552151
 731606
 572577
 885025
 114106
 426893
 238677
 973735
 67449
 1070028
 826185
 810074
 501657
 70452
 818038
 1082292
 68937
 917718
 451051
 217739
 1061352
 128306
 230838
 935559
 71985
 303756
 297221
 589945
 650782
 898340
 569376
 661898
 642495
 1098929
 846756
 1000383
 1013389
 125539
 823022
 822490
 307514
 593666
 122899
 990387
 88423
 348209
 901956
 679682
 25820
 667578
 301717
 1024984
 42680
 309553
 250376
 1007090
 553899
 1038361
 173746
 387472
 874847
 463252
 1015310
 67341
 375423
 719300
 673374
 21728
 999664
 729260
 679263
 423993
 324027
 766584
 986942
 817219
 531787
 635532
 610733
 772408
 137616
 448078
 1047040
 1092105
 782126
 249732
 183329
 768478
 415847
 576838
 1071732
 1018216
 479424
 507483
 361593
 627059
 469347
 434592
 838065
 834599
 719021
 10447
 1068623
 636025
 1065042
 647358
 1038667
 327053
 832382
 839096
 264454
 654613
 226509
 10407
 475211
 146805
 520111
 125281
 459941
 629713
 944953
 189503
 89141
 660887
 156009
 643533
 662920
 1090553
 804369
 1099373
 245162
 488321
 301613
 1060903
 382222
 1008022
 922678
 189530
 161216
 1012688
 144762
 702916
 696923
 707125
 402207
 930434
 899001
 171305
 674807
 440422
 129596
 643070
 21889
 301775
 750688
 244069
 725801
 921376
 26309
 601375
 966060
 817341
 451484
 587503
 669039
 630505
 1575
 379555
 1034249
 870845
 714316
 426210
 55909
 584205
 629600
 833490
 892503
 918956
 646369
 612086
 76144
 603895
 19691
 619351
 755854
 390132
 681224
 767777
 694263
 61147
 917967
 273828
 158919
 674082
 213758
 237761
 787249
 1026305
 45138
 984080
 311333
 40104
 785982
 1053117
 344896
 17458
 654354
 1043278
 218164
 332122
 1065950
 56322
 24098
 617465
 321571
 28244
 158756
 572285
 414079
 114577
 783049
 522500
 1028402
 1052499
 611477
 1075517
 30166
 34531
 246179
 59223
 1020264
 658649
 247750
 702339
 473257
 819285
 956642
 402414
