523396
 1067056
 611667
 999842
 760287
 241038
 126777
 774951
 9090
 784689
 736472
 306532
 1090470
 939431
 234687
 575427
 1005719
 80442
 113878
 862468
 994515
 292656
 131960
 111814
 928576
 603684
 873749
 73220
 952028
 474805
 919814
 210817
 565310
 893140
 537491
 202870
 907743
 702149
 719802
 766519
 1045652
 112574
 365404
 485946
 1020813
 1017084
 1034165
 457641
 156084
 358057
 787446
 705157
 245489
 333847
 695341
 880180
 785507
 720028
 348031
 988823
 993724
 1091772
 711429
 3484
 69929
 357530
 66184
 439682
 1081748
 936056
 969077
 91885
 492860
 1013275
 1035736
 256234
 28569
 1093557
 161667
 126492
 684989
 195165
 104653
 399032
 435419
 510515
 49471
 894110
 867595
 877093
 999143
 11208
 71598
 422645
 897874
 723811
 54103
 584536
 941407
 517533
 109970
 914922
 716140
 300053
 554082
 564624
 873732
 537551
 234243
 899993
 616074
 643805
 948203
 567554
 418312
 551663
 211771
 304950
 955771
 4671
 148803
 435151
 797984
 506483
 837391
 937263
 666757
 924317
 612380
 854146
 97047
 632362
 990590
 32326
 1079215
 21003
 1062917
 685993
 285616
 396647
 803548
 69775
 278889
 1019673
 866231
 348523
 138329
 1090725
 23378
 452356
 851282
 409153
 653931
 270378
 360065
 884078
 165763
 624484
 267499
 405795
 658588
 206004
 992105
 1089724
 1068413
 760286
 17338
 358340
 409719
 281784
 381417
 284324
 542633
 682166
 317656
 1065523
 982434
 223556
 34964
 756845
 310196
 702734
 930444
 649629
 765756
 669975
 260253
 510026
 1057351
 1096217
 534810
 573671
 789983
 1090943
 982631
 906625
 242180
 876756
 635093
 226095
 728070
 504490
 168279
 554261
 336202
 1075856
 189587
 875817
 936709
 484076
 763636
 323481
 899247
 115519
 101811
 822203
 968710
 182436
 154580
 369121
 105342
 1041547
 638529
 360004
 935441
 575023
 975555
 189361
 212697
 747959
 74008
 670327
 851418
 397300
 198581
 457008
 618367
 921675
 310071
 315111
 625863
 640028
 1002248
 585980
 1090554
 364861
 358802
 422574
 68645
 738718
 86121
 665281
 897696
 772046
 964545
 7299
 327827
 569586
 396060
 870995
 772279
 607134
 481435
 412122
 561350
 830950
 104985
 308608
 536293
 131915
 781681
 42961
 883650
 137961
 893161
 17979
 468879
 130112
 489676
 471794
 332963
 552918
 268278
 653287
 276693
 1033698
 213547
 731495
 332160
 280357
 281568
 750988
 97647
 434523
 813662
 601109
 330467
 652684
 612476
 474642
 531728
 645158
 422322
 514221
 470411
 91
 48441
 670925
 435326
 1097207
 25658
 136227
 57403
 558475
 471262
 232875
 965382
 369324
 536914
 1000418
 249706
 756970
 257735
 60809
 799266
 240321
 608391
 88309
 772747
 1022539
 741829
 572523
 502299
 823761
 949121
 817103
 111292
 984293
 52617
 682671
 119695
 823230
 841189
 852885
 548616
 166435
 727998
 565325
 297064
 720806
 1041382
 237362
 119549
 256951
 717701
 90816
 664978
 213623
 810627
 606671
 333604
 806952
 456529
 746829
 847267
 1091687
 192743
 999598
 87106
 291450
 590569
 1016480
 982075
 891604
 369619
 524859
 422643
 1018815
 987356
 932035
 828544
 1077334
 781458
 346774
 781161
 305283
 51612
 510705
 985943
 555068
 754918
 23303
 359986
 820779
 439834
 859442
 717782
 849759
 593087
 186535
 326406
 507548
 163682
 395942
 185316
 498229
 253129
 723387
 835124
 526837
 3487
 785106
 158761
 88098
 1036775
 427716
 218337
 278054
 1033750
 1032799
 362597
 559179
 352766
 544118
 222364
 86375
 1094212
 1000922
 767683
 691212
 410169
 460744
 871889
 608077
 639136
 418284
 643420
 650889
 865551
 537056
 458418
 705116
 432297
 99155
 405592
 1028056
 275187
 142581
 59155
 131654
 917725
 392305
 464048
 552264
 103325
 231412
 721136
 199099
 111222
 343307
 248092
 401175
 206877
 926114
 835311
 662442
 589266
 1025966
 740027
 714911
 470414
 185218
 165080
 819302
 258770
 997284
 201617
 911453
 1051581
 1078157
 686735
 64171
 905501
 539965
 909792
 632685
 956379
 107666
 452178
 770630
 923558
 732009
 804368
 501955
 105500
 948813
 285107
 874836
 247023
 566858
 529889
 862540
 589274
 404317
 941718
 89029
 277764
 766792
 43485
 1089153
 1059535
 294570
 1088135
 646273
 803820
 455181
 1027655
 814643
 963989
 18583
 780914
 308051
 399717
 518440
 378901
 1017519
 93462
 622460
 810414
 1065445
 1018085
 563341
 87112
 87541
 211558
 968170
 375329
 288679
 493507
 314456
 676060
 992100
 298139
 172438
 566409
 432042
 135973
 434853
 850081
 970818
 835157
 402163
 1054520
 596339
 1078475
 485603
 1032109
 737601
 209101
 808626
 958937
 743021
 943854
 628513
 229583
 712750
 738801
 508115
 1020716
 328481
 998136
 789908
 19456
 1024287
 543605
 1005125
 26094
 627521
 422877
 611737
 684445
 266724
 920231
 519458
 451868
 592172
 40628
 745335
 778491
 405620
 757629
 1088689
 135651
 1068647
 297722
 147698
 1032606
 413873
 744557
 899504
 395701
 770339
 545675
 747182
 487966
 966808
 22639
 798165
 725579
 859469
 185345
 347571
 676225
 356917
 354483
 1006498
 349124
 557790
 291863
 182676
 598894
 154558
 482691
 824626
 954670
 618672
 674949
 9926
 840165
 457566
 261140
 45970
 853757
 923291
 566532
 883972
 345357
 503185
 1017626
 424201
 329900
 67619
 185358
 423927
 1070309
 583205
 967901
 294291
 358241
 723512
 924893
 77564
 838665
 305866
 244362
 245849
 750370
 4384
 458955
 216699
 822469
 490716
 941597
 588163
 657529
 235799
 1019
 556623
 147978
 744005
 416047
 235366
 268526
 575510
 38035
 260688
 258760
 3371
 528405
 467154
 146940
 853602
 455072
 688132
 825808
 622428
 522132
 55988
 632358
 279342
 1043773
 714534
 842504
 954946
 709215
 868088
 189808
 763102
 806958
 96718
 185126
 118734
 932291
 759336
 262431
 1094739
 235674
 670677
 853018
 331047
 890596
 233566
 896159
 736207
 391100
 931748
 81953
 572742
 662888
 971224
 583589
 340347
 230143
 183408
 733519
 798917
 11716
 613129
 130192
 600082
 1079799
 631820
 606652
 559749
 776952
 163034
 680873
 826304
 504718
 1087677
 166679
 344727
 214725
 138565
 449472
 368649
 306452
 145786
 724279
 153313
 476548
 542823
 331102
 145892
 669718
 636837
 744735
 769345
 870947
 760280
 416214
 394820
 943373
 953464
 149629
 1005646
 972599
 882867
 960670
 883153
 507088
 655188
 1081219
 3738
 406943
 485759
 313516
 596931
 751231
 439628
 825606
 402135
 951311
 848085
 436601
 375157
 519241
 1017028
 1001449
 556077
 656521
 417742
 168604
 105123
 108776
 756196
 775263
 112559
 367225
 386069
 78494
 1066842
 457713
 1066680
 728483
 933356
 813281
 882077
 1096109
 103782
 471239
 1076932
 587037
 727807
 596988
 538391
 1000588
 859135
 1039273
 676591
 990937
 1092356
 58024
 392122
 479233
 47979
 82096
 184098
 783522
 881457
 139156
 98640
 213963
 684115
 483306
 397636
 601290
 102620
 618376
 975206
 284903
 626248
 542344
 561188
 596543
 944679
 760717
 935542
 976912
 764700
 882732
 776981
 564175
 18451
 1001563
 760900
 634508
 935082
 262514
 952603
 1042136
 872360
 154590
 285177
 753741
 613815
 646387
 321221
 945197
 176522
 716917
 991536
 412653
 702666
 1079692
 846655
 990375
 349607
 882781
 745292
 117712
 387902
 763466
 533002
 989516
 736757
 187596
 828103
 7963
 362238
 651682
 5845
 904628
 157842
 851267
 100024
 112445
 295404
 560448
 731229
 465998
 151142
 269779
 835193
 155306
 286584
 171220
 762082
 334144
 458575
 72023
 226655
 220168
 923411
 822037
 452147
 566868
 68396
 156743
 532614
 706048
 630180
 343170
 324146
 872976
 598241
 570840
 199605
 224271
 937420
 928800
 186204
 576392
 576020
 238014
 282989
 232510
 1015234
 1016142
 423659
 1084061
 1083129
 1074815
 824182
 954899
 314313
 496843
 770352
 958211
 959192
 385356
 12330
 512470
 845437
 9531
 1008050
 799294
 970613
 925088
 424897
 464362
 843051
 127934
 823278
 416698
 574591
 991565
 29666
 694694
 705521
 505336
 316438
 276029
 329154
 209437
 463949
 848383
 986861
 568470
 890175
 247750
 139963
 380703
 175245
 629880
 110092
 1006409
 455427
 443141
 770611
 865401
 283128
 723645
 244786
 22792
 222741
 310902
 767953
 788350
 595027
 268430
 767667
 400885
 116256
 714665
 996230
 208413
 774812
 199560
 909361
 868101
 459673
 717572
 179472
 1010885
 726787
 819086
 779974
 536486
 169672
 717272
 380292
 233325
 421693
 682637
 1059122
 1071167
 62264
 216318
 346094
 25786
 194912
 171393
 594843
 963996
 613130
 849939
 554685
 15507
 520618
 944995
 105935
 115426
 921744
 823456
 1050858
 938390
 358139
 104726
 910662
 607372
 113508
 1002610
 119540
 484127
 313910
 517529
 733101
 742040
 732653
 891267
 1028176
 366625
 523897
 130515
 660645
 188447
 936419
 780334
 218908
 569805
 1014811
 923064
 431634
 506129
 911040
 425395
 531943
 810843
 435980
 470050
 1020676
 599513
 81291
 330276
 408351
 996950
 496137
 106921
 264825
 852723
 777596
 23008
 639266
 207228
 319710
 16958
 387780
 528257
 659935
 996272
 797352
 670322
 947226
 157878
 1073093
 1052060
 174248
 392517
 257722
 145620
 46542
 747555
 314736
 286493
 200919
 68868
 8876
 330214
 143954
 323330
 106726
 761636
 300522
 453704
 850011
 507623
 332355
 799637
 199902
 414980
 520813
 16603
 997052
 174434
 937835
 537242
 177166
 396023
 308113
 581320
 1003569
 576998
 379540
 418618
 574436
 956063
 986380
 1006688
 249709
 498328
 237534
 585370
 832478
 1087005
 944417
 722224
 455735
 872736
 616554
 381592
 445668
 445427
 41835
 1078896
 327077
 145089
 282903
 256103
 881850
 651429
 770704
 400057
 654700
 24374
 936888
 145599
 137172
 723816
 13563
 43975
 700053
 1097099
 706130
 358418
 142035
 369843
 392100
 955904
 514211
 348646
 112865
 51072
 161434
 45410
 80348
 700499
 990989
 594541
 599667
 396690
 878784
 1001814
 972691
 134051
 106137
 884385
 543245
 741367
 298095
 721917
 484664
 348339
 820728
 90769
 592918
 1060612
 937155
 883116
 712543
 975505
 668633
 290830
 1049526
 509746
 276828
 389586
 246606
 621165
 897066
 754198
 437152
 648197
 317512
 343096
 1040532
 69141
 905822
 1032225
 498427
 140556
 1041793
 980976
 699340
 572260
 899351
 153335
 1002928
 560410
 464293
 474809
 1054298
 1078200
 643195
 377098
 931700
 502757
 31821
 1082018
 742259
 79679
 1063265
 973127
 492297
 734447
 727843
 779251
 918758
 802561
 928852
 751
 157655
 105400
 1087547
 260601
 909692
 1017436
 645872
 674303
 914575
 45041
 811042
 831289
 709127
 311107
 485167
 557261
 965453
 205804
 500130
 1038799
 286704
 1061347
 105271
 764165
 475061
 328430
 468722
 736034
 834917
 751132
 212334
 43497
 342045
 629846
 1036231
 540057
 464783
 876599
 368428
 351370
 250104
 402183
 526388
 289893
 834099
 258192
 588771
 966410
 171658
 995659
 882210
 464960
 475931
 407999
 434528
 289037
 818819
 848939
 437826
 1060976
 770978
 285438
 242231
 765714
 1031589
 681737
 674791
 947436
 199403
 562179
 727139
 605936
 686803
 616581
 705392
 314651
 314422
 843882
 884451
 1051027
 931378
 58879
 745336
 872909
 722888
 769648
 940621
 529993
 35098
 191744
 726418
 631732
 1056158
 955914
 197193
 611084
 639007
 936055
 471592
 16727
 1035497
 116040
 454197
 1013156
 974575
 1083735
 584953
 717187
 76884
 710142
 591769
 460694
 180195
 843157
 121341
 125802
 507059
 1097051
 218305
 144459
 658677
 843749
 455323
 65655
 520575
 740801
 52644
 406431
 532557
 1083211
 337729
 979706
 922879
 201926
 433217
 163408
 280664
 1075151
 237310
 321999
 520063
 282614
 248999
 317815
 82478
 596804
 2852
 699975
 883756
 523421
 259467
 230199
 528480
 220092
 558814
 142862
 591524
 931430
 676729
 969622
 597183
 835138
 693500
 174958
 214384
 175135
 167905
 724522
 679640
 62005
 844459
 504633
 615685
 783618
 636912
 983514
 236686
 579388
 855401
 247463
 833149
 636651
 35862
 190071
 959914
 664885
 1008246
 204680
 953430
 780563
 52452
 865857
 817726
 591247
 305152
 553723
 269920
 296242
 793547
 653992
 794887
 1078539
 773134
 443514
 671700
 431325
 58454
 719225
 536781
 749116
 248149
 1032835
 94173
 1008995
 644060
 1037260
 841943
 1011219
 519895
 44722
 740775
 586701
 249558
 1060072
 1012333
 306165
 252798
 411627
 518157
 684059
 1026506
 942001
 322536
 512593
 156787
 464604
 733142
 1064974
 938404
 1057792
 713454
 345368
 538356
 822194
 880478
 233686
 24689
 208064
 180109
 619402
 575653
 686422
 837686
 830490
 647438
 392688
 527463
 711588
 170420
 470442
 340395
 1091662
 546676
 407304
 246606
 244074
 730117
 311516
 143531
 296049
 393220
 961533
 975708
 316543
 426701
 448286
 428780
 72022
 837410
 1090705
 1094517
 965913
 695724
 999359
 212558
 307733
 712887
 952951
 1019196
 1058696
 410773
 410601
 213958
 495638
 1036982
 150838
 829194
 926952
 947674
 192900
 546211
 1017559
 962483
 626252
 475036
 416714
 386971
 1080391
 622205
 1035072
 151245
 917485
 88243
 131828
 453272
 849633
 249619
 56698
 981286
 318256
 157350
 503274
 441363
 116398
 152194
 599633
 406852
 285843
 1062275
 491527
 629041
 436048
 1074393
 186222
 958572
 341903
 602480
 646502
 465998
 519718
 274417
 109148
 735341
 948796
 909820
 766656
 671018
 673040
 282638
 792009
 486659
 319117
 353714
 923389
 41590
 795901
 473833
 215692
 423763
 640193
 579819
 509836
 230909
 711661
 660598
 915223
 784573
 885575
 867597
 927113
 314778
 148047
 301421
 57416
 1074095
 990318
 114717
 305479
 875536
 193404
 118182
 989647
 350997
 19543
 8608
 326570
 385525
 571245
 41179
 288860
 305308
 944650
 748881
 225787
 557968
 590825
 519494
 882012
 889527
 435168
 461841
 626895
 812940
 315433
 109056
 107218
 461590
 645211
 41781
 812288
 94002
 346115
 180781
 123782
 67493
 1012374
 270148
 940609
 945618
 94482
 604267
 184249
 517546
 188632
 238352
 228836
 480616
 238469
 473609
 844033
 964276
 855524
 545109
 635914
 43104
 901371
 408899
 67689
 367967
 28645
 633973
 676727
 551519
 644265
 1022972
 466747
 780675
 291302
 397329
 175061
 594026
 498078
 998137
 692256
 864648
 793016
 608878
 747899
 1026693
 614648
 321678
 148692
 865873
 845834
 199199
 422050
 692776
 724317
 316025
 319585
 149971
 786224
 776374
 1066360
 862065
 247206
 883383
 95564
 1055751
 408239
 767642
 260038
 865294
 700773
 242448
 830139
 590677
 414703
 135744
 262619
 88300
 208978
 454800
 722642
 1053421
 65734
 579539
 409917
 58513
 157379
 700505
 1098660
 177824
 1026889
 104843
 101368
 433410
 325476
 371308
 117696
 882782
 591060
 1039933
 921486
 638675
 210721
 228778
 862174
 813125
 143352
 477376
 485759
 355788
 353241
 22854
 263799
 492766
 167944
 1055627
 352864
 189524
 31447
 697014
 198476
 695084
 789053
 848003
 308220
 929001
 617675
 785287
 1023977
 1038289
 77079
 932006
 97159
 333110
 44509
 600301
 51111
 900324
 613717
 594082
 441375
 1053633
 190205
 628925
 747713
 542676
 1060010
 500988
 1081698
 520
 354935
 230030
 28745
 881679
 561071
 320767
 287224
 856058
 463727
 973568
 530523
 970388
 134979
 24137
 1016102
 62137
 795969
 781158
 11973
 463116
 252009
 845961
 745220
 72241
 386478
 782019
 709236
 562031
 895030
 566414
 269447
 984096
 747951
 416542
 825366
 625768
 1087813
 41780
 194392
 963861
 512406
 290067
 741668
 984028
 846285
 715443
 907161
 398770
 77653
 1057385
 335805
 478577
 327221
 915857
 1050486
 808372
 373958
 589916
 365695
 300619
 628284
 564434
 504318
 425840
 213672
 875174
 206607
 183470
 1094473
 203802
 302793
 869619
 165930
 578922
 645623
 469617
 163444
 1026281
 1020566
 306430
 146911
 321224
 60649
 924038
 476064
 473495
 983260
 934804
 249061
 328734
 152810
 542120
 117018
 373885
 1091386
 578946
 386037
 70577
 1021660
 86383
 575439
 627271
 217232
 299108
 440125
 198659
 808055
 894719
 772108
 231818
 949896
 403601
 921694
 366327
 608692
 1021756
 61888
 446616
 190958
 274411
 250747
 768576
 654568
 232948
 279536
 498977
 776563
 44000
 996292
 415716
 770773
 127427
 125544
 967150
 230759
 506155
 585157
 576988
 799702
 130167
 959553
 109073
 8000
 743019
 88841
 1078392
 397919
 106761
 1090032
 601309
 883239
 1001955
 1073006
 563497
 1057248
 369759
 1050770
 1060168
 977738
 903410
 959872
 530552
 893028
 779497
 827610
 787924
 1030534
 144605
 526079
 239936
 290264
 908576
 995597
 1040027
 654521
 103212
 482425
 802599
 1070198
 233242
 318275
 1081152
 474005
 1057208
 131960
 5752
 1074487
 272649
 288160
 1078544
 114198
 553690
 760742
 687738
 526905
 763672
 337749
 323553
 546078
 422093
 365168
 62878
 552264
 1000647
 803888
 595627
 661299
 286215
 656040
 887313
 30136
 171189
 652828
 566331
 520727
 365010
 679364
 992436
 48424
 578236
 276429
 671842
 751771
 1040645
 119146
 844612
 493229
 1065054
 426636
 897763
 299056
 555998
 922901
 225286
 1074970
 205980
 231233
 939515
 1083915
 866538
 693841
 479579
 372926
 1073949
 926843
 525023
 498806
 42085
 322869
 476493
 221177
 903627
 549412
 847923
 443149
 389710
 754223
 974143
 435362
 121112
 405080
 696762
 284567
 742956
 487809
 542820
 277178
 451258
 226454
 176767
 118104
 210372
 778513
 604059
 288220
 144497
 491091
 657407
 16041
 1037810
 783551
 204845
 949285
 768278
 697668
 471989
 462294
 818221
 1037907
 699664
 416372
 239821
 265073
 275598
 990689
 615918
 529694
 693575
 944315
 919220
 357115
 735103
 408144
 801685
 809568
 854002
 768185
 688735
 1053011
 537016
 795152
 144600
 12576
 315993
 846171
 608636
 832916
 625328
 509956
 450831
 173234
 182763
 338054
 846293
 340266
 237933
 1085210
 578528
 281886
 518792
 958861
 48387
 1037572
 457110
 466413
 1059428
 1069877
 553802
 923387
 60948
 505693
 1003170
 1073031
 727066
 178018
 161238
 437464
 622764
 82207
 347849
 952684
 238416
 1075657
 149474
 441183
 945344
 391569
 1087887
 218381
 1001157
 555271
 929531
 1016996
 1078844
 909560
 535552
 876640
 986421
 915867
 519382
 594801
 182802
 766515
 824590
 858267
 404870
 1075165
 585910
 958367
 1094486
 131179
 447413
 35626
 735290
 263215
 276095
 1042163
 359955
 596232
 968852
 651139
 19928
 110697
 837563
 473479
 329236
 58585
 114958
 748402
 131215
 324685
 420315
 636259
 178269
 458660
 306964
 1024176
 452665
 1027094
 23409
 44990
 277913
 655971
 235052
 802160
 767327
 1085965
 235090
 906211
 730544
 68854
 1052815
 624455
 750335
 990955
 903761
 395914
 496834
 252195
 84298
 1069428
 281419
 820047
 20549
 301037
 427777
 182783
 422281
 228167
 321679
 959266
 952141
 481225
 807223
 734703
 786599
 925645
 33692
 403395
 1001335
 506331
 631118
 190589
 446983
 895317
 595114
 495922
 536672
 873923
 997077
 707762
 24041
 668729
 1035377
 244652
 279694
 68762
 907659
 63012
 1097545
 556716
 168474
 674919
 875771
 69704
 324675
 465201
 40217
 774393
 912518
 92219
 805729
 1088137
 696794
 1071295
 254747
 550853
 1079833
 318904
 691185
 537394
 817484
 906999
 574237
 228425
 825588
 1079912
 392470
 14643
 64009
 299016
 1077970
 553110
 847571
 341233
 576168
 1040932
 1040037
 137797
 762536
 85923
 30357
 477809
 954425
 755744
 1075455
 752808
 750107
 561502
 208094
 269133
 174287
 171972
 906391
 106272
 386890
 224793
 521516
 170874
 478714
 866836
 45264
 127850
 973666
 403152
 170219
 602684
 597655
 534907
 671284
 307840
 655133
 339478
 803905
 401834
 306886
 586201
 927160
 226041
 575950
 622678
 954894
 706624
 244137
 208490
 772279
 858129
 180673
 229357
 450838
 576866
 156935
 368558
 194933
 205088
 780191
 356492
 213282
 210811
 462813
 143163
 143691
 494164
 458275
 170540
 255328
 180192
 375276
 712543
 617436
 220226
 209011
 175347
 482381
 359880
 860174
 564050
 586227
 430783
 477854
 850370
 447823
 107230
 81229
 202160
 316831
 844073
 134710
 857343
 700600
 768239
 474464
 1056334
 964772
 631516
 939244
 261842
 259757
 145982
 683466
 289703
 878762
 291654
 89650
 563608
 197154
 765447
 490958
 32518
 934872
 668338
 744902
 365861
 401611
 441124
 55708
 443431
 828448
 1065596
 652051
 688753
 1014990
 917115
 614299
 8840
 357587
 362293
 111655
 650691
 560273
 277995
 527923
 176541
 188398
 103510
 1067831
 249113
 627220
 876600
 373091
 24988
 451125
 653665
 524708
 736827
 414761
 834213
 114464
 289861
 105417
 712048
 970149
 228396
 949467
 729112
 70225
 406946
 850968
 1008605
 643961
 197789
 1051789
 849644
 381668
 640863
 639443
 72947
 812718
 932604
 756742
 945935
 88373
 377085
 222210
 405095
 701440
 381982
 415962
 1066578
 611377
 1099466
 351708
 627692
 579696
 668197
 474472
 217768
 258104
 1041748
 503841
 213345
 824411
 279845
 665201
 245808
 527373
 282844
 1019875
 943971
 261634
 268877
 2442
 779474
 1011649
 733228
 397915
 720740
 949041
 70816
 446890
 520920
 1095322
 171289
 179282
 332244
 513134
 416392
 905574
 1003062
 551780
 445179
 555369
 315176
 1002593
 768115
 260381
 648646
 819185
 112523
 579881
 292377
 529020
 144446
 745868
 1005446
 984205
 852886
 982343
 774165
 730344
 725868
 250878
 412942
 500028
 961997
 1083770
 712396
 499382
 640563
 867499
 218256
 887817
 283092
 993878
 778142
 950305
 173940
 69427
 671010
 837769
 305249
 877526
 741979
 127719
 1097844
 97970
 545719
 486138
 773061
 740773
 217391
 84671
 890062
 9615
 518576
 262480
 96757
 11338
 757976
 263526
 851158
 604740
 813412
 23546
 371209
 730522
 412663
 684699
 141143
 501112
 214182
 752628
 757643
 603795
 16229
 165552
 963130
 427925
 875159
 830255
 350605
 84512
 429902
 436749
 743869
 267410
 43865
 216405
 663466
 125699
 1055583
 1076664
 203898
 269206
 190374
 904218
 901332
 966250
 1055717
 656789
 709800
 739525
 78428
 216795
 991620
 178680
 289072
 810242
 1098725
 420276
 583324
 892560
 381279
 524874
 312392
 136506
 424530
 489595
 152500
 792843
 443795
 1078216
 1090885
 584233
 770663
 707646
 944212
 914183
 275448
 149490
 597668
 21623
 427669
 777503
 307796
 545702
 708688
 254659
 690599
 696689
 3168
 1020755
 647002
 267149
 416986
 394375
 571453
 329093
 612568
 253437
 511759
 934794
 92948
 985765
 964839
 683128
 105404
 1008430
 531987
 229059
 698384
 827074
 352483
 1070165
 1050360
 1058668
 102930
 719810
 69717
 885751
 729484
 346505
 328977
 661112
 160912
 571886
 99323
 327533
 935695
 1052118
 730433
 925992
 989286
 1049220
 188116
 982284
 869490
 221548
 959026
 567453
 781395
 51728
 157002
 112778
 1032759
 528357
 924338
 705449
 312022
 266590
 881148
 224867
 626780
 536042
 227514
 569851
 860922
 681989
 315818
 940997
 1029410
 283683
 740826
 680078
 346342
 937022
 950929
 141563
 844088
 662899
 448264
 145855
 362599
 706293
 1012594
 371587
 1074285
 531867
 44435
 216489
 37577
 509723
 541838
 572094
 666950
 687748
 597948
 400299
 828136
 510996
 618619
 1066204
 309217
 502420
 373103
 163465
 708995
 450533
 748939
 895305
 400730
 613366
 1077673
 940873
 839459
 597436
 93884
 713984
 643292
 332667
 822586
 583563
 241166
 91712
 1056150
 9264
 1005596
 204200
 34505
 721674
 870126
 870730
 894107
 219113
 690000
 783541
 59764
 729979
 607889
 1069405
 1040144
 853150
 622959
 112413
 533461
 268602
 429530
 349279
 705442
 1079199
 732658
 169185
 382616
 721271
 282498
 86510
 695685
 268562
 630
 771212
 940736
 354487
 300420
 695997
 624720
 745349
 148229
 268861
 294335
 1037701
 946017
 1017138
 642505
 1032034
 487081
 913444
 194531
 514735
 262215
 464197
 180136
 484477
 1035167
 907959
 663512
 758236
 225993
 118166
 431843
 860874
 1017774
 15676
 981316
 133365
 526615
 70166
 630077
 171885
 601491
 1062350
 177242
 610614
 624648
 193652
 699777
 573468
 485446
 922241
 520758
 13251
 186499
 491481
 136209
 630219
 99540
 966734
 377328
 1041502
 230577
 373017
 961139
 161204
 510656
 820566
 1059595
 797620
 310980
 493112
 792279
 188953
 544411
 1073713
 1035290
 513902
 151611
 505936
 849890
 695440
 1026067
 168027
 18229
 963239
 607196
 1024260
 207744
 899010
 645797
 586285
 248316
 885218
 1064700
 619430
 510965
 793550
 51193
 58957
 998751
 310113
 438584
 797551
 145352
 966202
 424004
 1082530
 1016512
 316104
 715798
 700764
 250270
 1005052
 618649
 252159
 451655
 522640
 920771
 634149
 864851
 104753
 838614
 1017697
 552478
 186198
 736574
 974677
 960469
 854956
 400255
 880516
 700830
 109019
 506258
 157708
 1062597
 847586
 772291
 607549
 934610
 518326
 881545
 932944
 1025733
 727710
 161877
 986034
 348373
 277763
 211313
 1026476
 952796
 150487
 710642
 19400
 970538
 510591
 732958
 986327
 316938
 916931
 440060
 1049476
 247137
 499397
 57567
 509489
 449966
 396641
 318734
 14739
 619135
 683850
 526972
 398846
 431190
 436108
 196025
 750580
 1093164
 172032
 873852
 32574
 385376
 508256
 594735
 560275
 517232
 446627
 80386
 920989
 991118
 492912
 606318
 391865
 15926
 61205
 801568
 290920
 219663
 839095
 687642
 1095032
 391147
 425532
 751711
 950376
 1069974
 309268
 158139
 844915
 92534
 1009055
 495715
 353247
 91681
 32000
 24206
 961232
 642914
 240335
 661512
 505211
 968033
 902552
 226933
 418858
 992075
 829338
 651537
 641461
 367467
 715156
 1072768
 87899
 177120
 66906
 510761
 1092746
 973233
 706869
 380963
 139308
 351467
 290652
 25497
 709492
 10950
 632716
 875537
 987246
 1006345
 236067
 1081626
 476523
 126145
 267442
 833153
 525434
 509663
 465357
 1099547
 749418
 14149
 705034
 27450
 847191
 994931
 511643
 459216
 987443
 100666
 700175
 682685
 259339
 137064
 110232
 361130
 596987
 166872
 912915
 646735
 4955
 627834
 958629
 878670
 237296
 704420
 47484
 622211
 1080865
 980022
 467175
 984687
 862516
 803393
 45780
 1058657
 941610
 959254
 80342
 627001
 21234
 102797
 807392
 655703
 169805
 359962
 168477
 1037517
 282983
 552782
 998763
 444365
 579576
 130205
 1060797
 435414
 660870
 104581
 220688
 511962
 689857
 259824
 19335
 958190
 488099
 826614
 46815
 946654
 470417
 672006
 224419
 291458
 557284
 342824
 166564
 548622
 766939
 149454
 172047
 1079823
 864634
 535820
 537777
 766209
 887697
 160268
 487782
 154588
 243227
 915124
 1067441
 564080
 45354
 735252
 926799
 169063
 21856
 1028097
 214665
 554127
 537093
 1011912
 157666
 872798
 578636
 492450
 667409
 996254
 968013
 823379
 141478
 57229
 792940
 1011806
 770316
 615724
 506418
 16871
 712410
 942868
 198110
 850706
 40642
 1090587
 708416
 1095256
 818707
 636488
 444995
 935776
 851842
 65186
 15393
 1079375
 816961
 537376
 674386
 503616
 374157
 273725
 296912
 288111
 559181
 963185
 1082089
 429595
 636266
 207086
 951076
 269415
 1083853
 933384
 85811
 372546
 58799
 383702
 961085
 616759
 580582
 50306
 271972
 975598
 114465
 652570
 1003900
 102864
 189835
 957912
 1007369
 152342
 764825
 630741
 1006589
 19947
 233108
 364031
 463484
 1065472
 285701
 390925
 777379
 760395
 875916
 334779
 61096
 535974
 454401
 569716
 740204
 765805
 648797
 765703
 941830
 540988
 351128
 1018333
 473756
 1034434
 629113
 1010213
 361991
 843164
 913357
 663711
 1080514
 837095
 255773
 712110
 427230
 227793
 729461
 468741
 599356
 149029
 187847
 874380
 262399
 819985
 340608
 483329
 28561
 203377
 53477
 141337
 504773
 663573
 217406
 813647
 824741
 713371
 1056965
 576401
 598661
 245171
 442926
 767771
 915508
 709244
 259504
 924337
 89767
 654727
 843000
 632120
 100094
 505514
 889565
 643929
 537289
 139038
 786106
 1040552
 211856
 253631
 67695
 624942
 576509
 575079
 533426
 609313
 792746
 71351
 28007
 465639
 229087
 221731
 876850
 126689
 203991
 1080036
 488177
 55265
 434282
 957365
 606942
 545134
 281256
 488485
 53222
 352701
 212991
 195281
 415563
 898626
 48562
 723913
 392232
 454194
 955020
 851388
 33758
 82401
 1051373
 128129
 625289
 528170
 837652
 108036
 376034
 150690
 689413
 730365
 910101
 199856
 642801
 490078
 826352
 242133
 632746
 335192
 326878
 527756
 912837
 382276
 632107
 634439
 530246
 322318
 1003864
 649979
 432482
 381533
 76279
 36016
 420879
 538739
 830966
 1060462
 661811
 764938
 703653
 301147
 600087
 846599
 1093455
 844570
 499348
 417567
 232078
 165868
 722437
 668255
 824673
 617691
 156886
 532759
 972571
 278514
 97634
 392438
 34811
 30711
 342482
 259175
 585072
 71476
 773884
 978414
 812932
 196479
 202305
 383384
 943105
 302540
 997394
 1066146
 296150
 619027
 686130
 260937
 782247
 572822
 777816
 637860
 772529
 549546
 49086
 199853
 164842
 558120
 653603
 619986
 256448
 1077425
 964216
 799435
 925699
 1076125
 275570
 1037222
 952460
 202732
 482608
 1073151
 11622
 410665
 486195
 186683
 919496
 190116
 461688
 307655
 667769
 524661
 1070220
 45691
 694606
 555389
 677895
 205178
 78927
 983797
 485812
 152519
 464462
 592878
 1047770
 1074737
 695301
 737400
 357169
 154055
 31767
 658461
 301376
 854967
 1092323
 504886
 687093
 195688
 712115
 691144
 1000955
 32348
 1076180
 546788
 39683
 435211
 27615
 147048
 818671
 709104
 874500
 862982
 585254
 211144
 414199
 423726
 926957
 690885
 562655
 148311
 621720
 472498
 15491
 974025
 933595
 719957
 625104
 963721
 48535
 528981
 1098184
 924864
 618069
 598861
 422047
 429990
 1094768
 822376
 402982
 359928
 622027
 1041221
 515561
 503046
 712051
 1010527
 410810
 491033
 128512
 994201
 415604
 1045367
 800523
 925222
 144383
 22606
 884636
 947413
 265285
 192812
 815324
 361586
 843564
 674634
 260662
 526865
 937003
 413832
 242114
 243420
 895284
 1066146
 367485
 631943
 669545
 182171
 232814
 368124
 580838
 578308
 273302
 90908
 948588
 136572
 905727
 724931
 1051721
 1068602
 931207
 723756
 422527
 179416
 110643
 1070331
 99634
 855187
 115712
 980489
 11396
 670974
 559726
 183007
 473004
 604812
 267024
 531156
 1048283
 483396
 363999
 486894
 598865
 70841
 738702
 806425
 657727
 720472
 648874
 388915
 870312
 217541
 865907
 491198
 1049520
 621989
 729290
 433394
 666800
 614795
 227679
 127421
 723808
 558971
 514430
 238994
 827085
 816388
 509865
 942165
 888598
 491044
 574684
 379049
 891710
 742289
 61125
 479354
 740973
 202028
 37115
 969328
 1046422
 773680
 702878
 773123
 824476
 94400
 486252
 127540
 670146
 967717
 303981
 120169
 129704
 524688
 720461
 755534
 160430
 411309
 527358
 337347
 121487
 123628
 894346
 154380
 1041888
 588745
 849408
 1026520
 334613
 179930
 43439
 1064797
 43599
 751732
 1015712
 736662
 294483
 911187
 603354
 900795
 482004
 328746
 806468
 1045643
 1028593
 219411
 81464
 131104
 239160
 252580
 132284
 597034
 30410
 1081824
 869614
 848059
 7099
 605074
 597626
 548053
 926575
 651410
 852430
 228951
 692987
 957411
 35988
 4423
 936793
 788897
 376402
 486609
 51880
 723457
 1053814
 851143
 313870
 800536
 309244
 614794
 717541
 81837
 26970
 914360
 668264
 552442
 782202
 247145
 174626
 812726
 631550
 1074083
 1056640
 914278
 652343
 280859
 98480
 822234
 275212
 634383
 966053
 686131
 505771
 179398
 556683
 696112
 9461
 768239
 1029479
 470218
 723349
 615681
 734895
 503841
 883125
 148711
 1067306
 399264
 780112
 107402
 978649
 408742
 674422
 866593
 133456
 467763
 912621
 996585
 904978
 895147
 855210
 886562
 604368
 214611
 160206
 639543
 400149
 81440
 157670
 318522
 77507
 840533
 772181
 235820
 1066933
 191910
 820896
 870140
 527704
 301678
 916754
 1011812
 709609
 836175
 1001130
 65200
 30596
 396201
 603312
 150667
 596509
 407628
 276061
 280867
 96651
 392606
 136195
 19354
 512819
 761496
 954119
 861811
 382003
 179085
 431203
 330296
 84534
 588767
 572886
 1071401
 111369
 1031797
 80389
 499188
 189747
 834173
 403977
 931564
 933922
 409619
 349181
 714554
 1000689
 1014658
 756940
 578035
 7739
 946304
 1038686
 910247
 12169
 1063548
 914669
 1047381
 105318
 6740
 152953
 754623
 1069251
 101471
 512871
 933084
 1049544
 112621
 306412
 555751
 551755
 332882
 200170
 688862
 973520
 177818
 996318
 861783
 61390
 989131
 522970
 436503
 327300
 914769
 558492
 5414
 407955
 37530
 849682
 960884
 325469
 975842
 832989
 1045678
 97270
 254250
 44135
 635225
 738183
 548980
 822561
 694300
 230688
 337198
 605445
 826871
 279422
 922887
 416822
 1095966
 476833
 636340
 175335
 816965
 1013992
 588462
 745258
 520928
 994900
 703212
 480182
 866782
 644825
 543213
 301381
 473571
 711418
 154079
 315418
 131061
 666440
 718992
 51539
 788220
 41042
 127385
 723212
 657149
 403567
 648893
 489407
 140585
 918009
 376976
 539043
 14023
 731000
 875622
 670172
 1067902
 777247
 293378
 468309
 976901
 1084849
 388442
 525714
 158318
 452479
 874320
 609886
 595780
 422003
 40963
 572752
 603425
 770146
 171398
 706605
 742913
 385959
 480399
 208619
 325038
 708252
 116448
 697193
 581379
 684969
 728393
 670723
 724006
 882944
 763756
 582731
 188021
 1098
 1031273
 868117
 294864
 810120
 610191
 948694
 539928
 360643
 948689
 812162
 750709
 90600
 578250
 79634
 91073
 142561
 767529
 852704
 292107
 58823
 867997
 658129
 551320
 996752
 211762
 852300
 572197
 138344
 559133
 271817
 984079
 613260
 885906
 932549
 672779
 990176
 802555
 890454
 718632
 493588
 70726
 370787
 189498
 422765
 179541
 544117
 578554
 416252
 213834
 848504
 1072741
 617738
 141147
 268115
 715827
 343087
 600606
 892332
