548313
 347592
 265077
 41885
 726603
 283732
 449319
 758598
 326075
 437859
 58331
 996781
 210335
 673711
 922554
 126611
 280393
 351519
 78335
 240012
 931095
 355058
 1058187
 965230
 693261
 504582
 302647
 647864
 500910
 926095
 261421
 663254
 197294
 112826
 958217
 145665
 332110
 219610
 203416
 883310
 65604
 796753
 320970
 848020
 267464
 413268
 531262
 548123
 112547
 228028
 354466
 758909
 187609
 915421
 229796
 1068668
 420435
 771625
 103608
 739032
 137669
 475004
 112640
 598499
 994939
 967018
 423822
 185506
 109900
 148887
 439483
 775333
 1092166
 840362
 193935
 618013
 78425
 644729
 1079794
 354505
 594502
 836610
 346821
 854238
 336499
 378648
 124327
 1021026
 483718
 1023456
 611535
 654686
 498194
 416809
 217449
 533847
 920471
 546173
 512303
 379553
 448507
 193365
 48010
 643132
 729979
 746883
 999483
 293036
 188577
 316257
 86312
 138551
 816305
 170747
 148242
 339162
 6886
 479419
 699020
 588645
 341177
 1093035
 449053
 491094
 909172
 437790
 319538
 835100
 642080
 1095933
 261629
 107333
 4804
 559297
 739962
 591271
 116246
 176452
 205345
 1000093
 1086118
 717879
 35350
 762834
 650493
 545439
 903114
 635161
 41841
 637850
 331994
 680296
 342669
 117461
 814762
 322528
 752103
 271781
 577061
 377600
 95617
 403270
 363548
 419336
 48624
 861887
 755542
 607626
 777745
 146597
 61500
 651519
 257723
 909791
 3218
 1063360
 304090
 586174
 144963
 757454
 455917
 733784
 310893
 123006
 77888
 830630
 568688
 199737
 1056356
 752750
 310134
 21453
 698314
 446639
 680229
 905013
 540631
 328494
 929003
 693729
 706467
 314787
 974296
 693937
 715007
 789538
 86676
 1040153
 427047
 915004
 679165
 437957
 365948
 610854
 512048
 418912
 504860
 17462
 26730
 535828
 887842
 837692
 741204
 871158
 700987
 18742
 35842
 429456
 253012
 702052
 581238
 615521
 591482
 249696
 402783
 278031
 451393
 176857
 987423
 886571
 577234
 984774
 327392
 129380
 527216
 325461
 367268
 303149
 135894
 50635
 1015703
 794948
 310660
 352883
 821535
 723323
 159703
 489719
 305080
 855369
 572880
 654400
 146673
 766694
 389557
 704344
 317370
 199667
 153766
 769112
 216943
 261472
 759523
 51775
 382721
 8746
 635271
 1017741
 466088
 1044392
 79631
 1063773
 165135
 47160
 709380
 663378
 381886
 450838
 246881
 268395
 74519
 197691
 434008
 221342
 830421
 870716
 843670
 1045075
 267204
 278370
 642644
 230110
 267769
 86685
 914587
 914967
 345788
 200336
 49935
 399428
 842260
 1082190
 991531
 919217
 700399
 713850
 725962
 59351
 180715
 64224
 198605
 774745
 211613
 645558
 97776
 234983
 718589
 792893
 819586
 91631
 405258
 981961
 338348
 750816
 564464
 836152
 630082
 70357
 840698
 351925
 680207
 1016067
 203611
 178960
 14354
 1056326
 379798
 1037053
 400628
 162328
 326887
 563593
 426014
 1086974
 341468
 139685
 977635
 820038
 85419
 201569
 295926
 625071
 480663
 697260
 746786
 18559
 349893
 2875
 1029885
 128157
 824450
 367832
 1028792
 885104
 1094275
 963820
 107542
 1028882
 1028868
 589081
 363752
 856493
 748953
 899875
 382893
 326827
 115298
 986262
 841695
 948828
 217115
 99995
 1009424
 81967
 808899
 766941
 737716
 756066
 744840
 1047977
 124076
 397023
 863921
 163070
 183237
 370464
 609201
 884693
 535219
 832446
 471733
 367029
 435283
 48583
 366325
 522880
 260928
 496866
 658976
 390316
 600345
 964598
 125865
 935403
 743914
 709764
 354251
 609158
 184643
 519289
 545490
 1076080
 44330
 484040
 317223
 28151
 203376
 408870
 689920
 219391
 558211
 202519
 1037706
 957682
 605507
 1088665
 1009276
 1043911
 159378
 936562
 419290
 347103
 42836
 147228
 488082
 443479
 1034459
 294538
 621418
 594787
 677061
 564023
 495062
 713998
 273655
 212847
 138222
 998708
 168779
 773419
 394160
 419682
 572297
 34192
 290460
 137875
 605165
 891380
 676162
 528040
 171821
 926112
 270287
 231442
 44462
 161547
 642873
 160496
 52789
 342624
 577070
 588067
 615308
 356052
 1076460
 443351
 132168
 556922
 390184
 801945
 286583
 147180
 581840
 848759
 247360
 937450
 566732
 899100
 169512
 352936
 943672
 112921
 494925
 527331
 597172
 733799
 685792
 880970
 489507
 338181
 188343
 604794
 806177
 1030467
 392001
 678837
 347488
 6888
 471768
 1089369
 937178
 685963
 764500
 846059
 55796
 75367
 811945
 814312
 570774
 747886
 648972
 433332
 137276
 886906
 604182
 428685
 844359
 987736
 457700
 585044
 215030
 35141
 67144
 110745
 710170
 309546
 613751
 1063539
 140088
 360384
 1078261
 1058163
 448567
 871229
 222644
 689222
 1061353
 589974
 281000
 225380
 923618
 120682
 403020
 975489
 392832
 555754
 888622
 247268
 564517
 1091335
 855597
 442966
 953695
 497662
 720921
 932406
 159886
 748288
 337409
 604175
 62236
 47707
 1067052
 837657
 495716
 980714
 638604
 610227
 553898
 964118
 742115
 890315
 851765
 999750
 1082395
 270814
 233039
 312134
 867462
 1024134
 754184
 379900
 877306
 636246
 426748
 13915
 342525
 560362
 606915
 188908
 864835
 29269
 99218
 259722
 1072505
 188801
 824280
 136720
 509608
 793236
 265722
 1060370
 473714
 747655
 396314
 887792
 896151
 188083
 1005196
 276500
 982486
 793089
 40359
 522972
 527892
 58783
 949851
 10244
 684073
 896288
 1017793
 59965
 906808
 967221
 967480
 988318
 180740
 1081890
 250174
 718323
 416710
 285150
 308460
 26109
 262831
 642481
 802838
 829525
 944070
 574646
 679285
 383516
 953361
 1039158
 884680
 760656
 377661
 334830
 730386
 413112
 1045540
 491587
 443024
 1001862
 840322
 85538
 662901
 630174
 1043517
 616715
 612143
 21935
 810810
 642485
 815365
 264679
 172774
 206867
 891544
 449959
 462519
 376967
 472899
 210375
 226527
 1019495
 304447
 94341
 1090250
 86878
 334361
 129540
 672545
 492576
 754873
 181379
 399513
 43033
 1031683
 129611
 831175
 147028
 512534
 361139
 707635
 739269
 997467
 874456
 123923
 523184
 185333
 597828
 401472
 933174
 819623
 454529
 72931
 1069188
 804865
 104803
 360169
 546127
 701034
 396532
 2615
 321462
 817885
 541358
 575016
 353729
 988539
 1023489
 390392
 893869
 242211
 637296
 163
 1035300
 249618
 671922
 806339
 909646
 711460
 682236
 323569
 96286
 11293
 800452
 928473
 780712
 73355
 767105
 57675
 234166
 764049
 112504
 269464
 267146
 1010023
 611500
 385869
 56275
 1005871
 488100
 617535
 133024
 34306
 1009752
 483689
 358183
 971208
 210168
 180029
 204435
 96330
 495591
 570878
 381048
 460356
 1098046
 641435
 1037104
 346758
 408998
 832361
 817975
 1060774
 337547
 695179
 562688
 941561
 1003103
 929421
 971754
 207160
 692500
 1071271
 892401
 139421
 26546
 311071
 465653
 79371
 910637
 744334
 168642
 127330
 939242
 205113
 339224
 479146
 575116
 979452
 513871
 493613
 36090
 418594
 965420
 447778
 720828
 462681
 264954
 971358
 160137
 281381
 38557
 352892
 442230
 572644
 1003227
 227778
 938293
 23363
 977182
 822304
 62124
 32794
 619282
 886216
 356343
 666936
 1097708
 443428
 225358
 84866
 261613
 1039182
 706630
 158256
 380208
 744331
 279746
 296231
 632963
 636848
 759039
 712798
 27286
 732313
 870760
 291590
 131570
 1098086
 187872
 12233
 607790
 556423
 1047650
 104740
 155484
 1095099
 351358
 62480
 936526
 413597
 722544
 403455
 646591
 1008981
 11648
 699155
 735862
 1072589
 205616
 855836
 1937
 658275
 1068445
 115628
 100583
 1021381
 208827
 328094
 108458
 321481
 781571
 581247
 116089
 368646
 859426
 313415
 820200
 532579
 433867
 275987
 429433
 591942
 764407
 28026
 341659
 339217
 474720
 575784
 481238
 229489
 511053
 1094701
 827856
 861195
 596592
 927457
 1001772
 893901
 43873
 498201
 262498
 935894
 109391
 825699
 577547
 604141
 775740
 452594
 801218
 1072295
 894900
 270658
 192808
 668630
 224874
 940466
 617110
 855752
 227060
 770467
 576157
 30917
 767325
 950874
 62720
 770128
 619084
 987808
 501339
 410230
 698585
 955261
 842756
 62419
 731125
 202966
 775175
 176408
 833832
 205709
 204008
 503911
 707080
 333744
 422317
 179936
 208827
 347757
 195467
 697492
 215731
 983613
 694016
 590467
 1024829
 1031487
 602170
 4569
 197056
 855222
 875509
 436609
 46638
 279361
 71093
 967269
 7831
 505301
 525798
 471047
 692819
 1060649
 1013696
 418134
 55848
 749498
 608749
 955963
 1085946
 973031
 994546
 454365
 360155
 394179
 137428
 57331
 289813
 747673
 1006558
 796257
 1015550
 322876
 1097039
 652994
 497349
 1017800
 326692
 785214
 222724
 871254
 35992
 103285
 192471
 553078
 714173
 227684
 74560
 192844
 179968
 1090578
 955878
 484657
 141843
 73473
 450822
 670582
 86718
 419931
 93958
 411208
 299532
 182535
 449153
 216531
 198900
 680066
 621826
 625954
 728309
 876235
 728220
 969780
 174830
 88360
 340218
 367097
 761262
 545148
 793860
 93518
 1012851
 221211
 104620
 490571
 284603
 1043993
 780014
 558348
 248033
 86498
 673020
 344019
 1076537
 343939
 196554
 716690
 212239
 459892
 413767
 1029366
 428016
 1050781
 222017
 417495
 414303
 1011440
 249718
 234471
 1077224
 1020665
 879430
 884145
 487901
 49621
 632955
 963088
 713613
 291844
 232606
 17387
 312108
 838847
 624987
 578529
 895157
 459809
 876214
 854467
 288069
 1096156
 760835
 450932
 306584
 1095299
 121307
 589672
 208101
 670602
 431247
 131355
 391898
 599479
 1038752
 2324
 315375
 892987
 300578
 178891
 473569
 82993
 837171
 107252
 842448
 690127
 731626
 358004
 224975
 1023545
 1039064
 494494
 62952
 190095
 939190
 819225
 540482
 68955
 537853
 88381
 163519
 794591
 168356
 606169
 119824
 228830
 441547
 642230
 900375
 586996
 1025349
 691737
 485889
 714647
 250715
 967926
 376477
 983928
 473642
 9620
 139673
 70324
 832624
 834486
 298169
 706733
 983784
 631689
 737125
 899074
 843023
 570976
 468147
 301712
 448065
 1081294
 539978
 918615
 411496
 594856
 825189
 33921
 514041
 861621
 112756
 54969
 799867
 518346
 659934
 180218
 531387
 781292
 841211
 428179
 541975
 712284
 494999
 646339
 194131
 199516
 595285
 712317
 916452
 347444
 1086273
 460010
 802546
 1094848
 596060
 680819
 299383
 424658
 214050
 799747
 613737
 803642
 198981
 635585
 1023253
 758004
 537464
 1063521
 1095462
 385670
 619299
 666375
 506613
 965105
 1031620
 252287
 975820
 773779
 490203
 764173
 973430
 305207
 133962
 150139
 1059886
 969968
 852566
 261000
 388212
 670187
 1054426
 617765
 1003339
 664032
 152312
 217664
 1085016
 1019244
 1053125
 110685
 580200
 6558
 827065
 957398
 730589
 1022176
 99210
 1063827
 559195
 440024
 131226
 320061
 217640
 149810
 111214
 84667
 1029880
 70978
 620828
 910828
 891751
 3488
 1037919
 573617
 196421
 507335
 713583
 294585
 958253
 187400
 115953
 630895
 981272
 1082747
 938565
 299461
 819378
 275316
 176266
 514345
 882353
 693346
 938837
 669630
 1036384
 310616
 411701
 387767
 881560
 377858
 369014
 1013487
 876721
 617512
 14604
 82508
 372503
 52261
 935071
 623133
 1094813
 452072
 275459
 906843
 441742
 764120
 544265
 759680
 686670
 137720
 464632
 640077
 516129
 484373
 927516
 242294
 1006783
 38326
 359657
 976036
 384200
 197877
 25542
 21532
 267938
 1037333
 930503
 485049
 872196
 415536
 150162
 934732
 1098406
 344889
 1024781
 826241
 390837
 489197
 202546
 1087854
 634757
 950458
 81562
 506448
 422556
 419483
 672741
 799405
 982663
 167074
 717228
 866364
 675643
 1016011
 981912
 390742
 840992
 383273
 696736
 395229
 648914
 680127
 718590
 60063
 184624
 772134
 425723
 787866
 55385
 327397
 164173
 751036
 693377
 979515
 875318
 991871
 496292
 534854
 42874
 103244
 789979
 469361
 975164
 871694
 72689
 860180
 244910
 762042
 257860
 868127
 553826
 962897
 809642
 207391
 133639
 112621
 716649
 316022
 341999
 98092
 215627
 750854
 246946
 152990
 982666
 504294
 242616
 1072305
 1044119
 750448
 174649
 54746
 854856
 995383
 621280
 681244
 133053
 712662
 1057092
 72972
 236518
 302060
 726738
 881184
 163054
 997149
 682933
 609399
 440583
 922772
 687356
 290406
 628678
 882757
 477750
 1092611
 697552
 587194
 1027712
 208316
 238178
 150721
 742207
 777236
 760902
 692639
 996923
 64904
 1041774
 282214
 1023494
 361432
 1056772
 380613
 894437
 1004293
 870462
 490905
 592155
 59090
 605550
 185820
 1002262
 875427
 212052
 996840
 788066
 146941
 1092511
 356313
 723418
 617302
 274517
 488396
 193507
 950131
 596035
 304005
 753511
 950423
 886415
 1062439
 228909
 343801
 719159
 432839
 112648
 832998
 87988
 55815
 462217
 281912
 127509
 305451
 902957
 425112
 291913
 413743
 871643
 577681
 579303
 578886
 693255
 27737
 955082
 328446
 999125
 546528
 871035
 789823
 252049
 350803
 1055274
 800517
 1084111
 42472
 978189
 816286
 10776
 615892
 378908
 1089189
 85252
 287339
 499249
 766602
 354785
 505831
 25595
 5596
 758130
 226801
 306314
 755400
 844139
 980858
 443524
 565480
 501982
 979002
 775929
 1088735
 736816
 818304
 129428
 994008
 151953
 916538
 738127
 458000
 1060601
 865508
 182751
 656350
 1032898
 1072267
 514055
 16284
 733993
 921482
 586324
 596717
 689821
 984361
 271567
 717853
 1017980
 71504
 180558
 176354
 683405
 332895
 192948
 548026
 603839
 1053560
 296104
 319127
 573473
 419785
 467574
 513048
 212338
 170315
 761508
 820647
 1014768
 208149
 263642
 1020121
 681151
 730952
 905923
 78634
 613644
 862138
 143412
 60113
 658499
 910811
 1078464
 774353
 332090
 505141
 519233
 1019088
 892362
 97640
 116614
 586467
 989336
 173728
 115858
 602355
 663663
 926144
 701189
 268341
 484975
 874393
 276037
 38989
 654624
 156915
 707134
 153602
 377949
 144536
 161518
 777653
 740009
 761054
 315370
 686915
 955772
 277579
 771583
 455013
 31204
 973695
 535234
 349108
 284799
 115077
 635473
 974344
 939778
 300306
 661629
 566463
 783777
 131145
 944216
 539995
 422556
 456468
 110714
 408517
 254602
 678667
 1018162
 160462
 23979
 785489
 124082
 1010326
 778666
 715522
 1089748
 307480
 53007
 404711
 424601
 201461
 791901
 202456
 720713
 808031
 516844
 230975
 660033
 1028688
 229302
 436177
 44603
 758740
 1045250
 677872
 745541
 764006
 694357
 553874
 84765
 148930
 1027740
 316681
 1069608
 704053
 986223
 894192
 461130
 718521
 842435
 875630
 838728
 1003185
 128302
 28612
 352192
 201539
 718043
 863932
 357373
 416757
 630186
 381156
 626953
 884972
 875797
 321150
 554288
 716367
 1067659
 566125
 869395
 447434
 1027110
 480399
 951575
 152885
 1034146
 16269
 428045
 678950
 409015
 934021
 507414
 971353
 772422
 117150
 232556
 383997
 537816
 307689
 235064
 542943
 569911
 931965
 448876
 894325
 515532
 799966
 1029425
 372134
 934230
 719831
 780149
 196744
 711776
 318352
 186795
 580610
 714675
 927387
 727700
 199583
 823796
 378018
 716232
 910725
 139546
 779333
 871095
 272783
 118262
 635286
 227938
 820439
 1060589
 993785
 126092
 519702
 329509
 479023
 332179
 996473
 678318
 125596
 147246
 1089695
 520335
 188473
 235780
 434204
 469823
 443159
 267129
 557974
 961186
 1091830
 516080
 334662
 561978
 480205
 857758
 42753
 9928
 891396
 450805
 809935
 726367
 280567
 62141
 608059
 109542
 484260
 493345
 806151
 1080279
 1089338
 232518
 558410
 1056544
 762657
 974026
 825753
 363946
 289185
 805186
 265834
 1041908
 82610
 435029
 521164
 60805
 91518
 689204
 40291
 45082
 980902
 603804
 1050508
 299328
 938122
 1039889
 791739
 1096488
 325889
 655758
 528054
 604652
 1069925
 641147
 935559
 390131
 364057
 921060
 342083
 1089572
 575807
 1009158
 877839
 1070484
 993123
 927887
 946546
 462466
 174897
 581589
 732164
 588634
 390045
 555226
 473805
 754185
 925604
 764626
 73550
 95311
 107565
 283653
 1091070
 1041370
 898084
 180405
 643762
 232214
 288391
 384584
 581436
 1045732
 160620
 768993
 634873
 619049
 267805
 994630
 992746
 271557
 1072446
 285722
 430050
 486158
 831226
 642313
 751666
 735320
 384188
 1859
 1091852
 46531
 589302
 151033
 419731
 958040
 64837
 79853
 67744
 273529
 860135
 931004
 41695
 664423
 413361
 506445
 496845
 868045
 323859
 732581
 557805
 1038403
 92042
 779916
 831276
 220797
 833283
 117836
 877356
 394875
 780734
 4176
 148839
 692741
 1005399
 179832
 1035698
 113826
 336414
 374522
 807379
 633689
 324876
 2695
 933810
 504273
 296979
 260494
 805489
 403601
 264493
 686549
 720704
 531073
 415140
 141091
 304728
 829999
 165369
 366955
 562282
 469038
 913658
 637886
 72430
 490180
 1021680
 325991
 986308
 1028035
 1003635
 774898
 124535
 233245
 955504
 1013774
 742202
 113043
 778331
 670878
 569215
 662684
 308916
 629525
 795545
 438833
 1095912
 437946
 628175
 584439
 864752
 890832
 1044278
 985980
 698858
 110570
 387021
 459857
 1036652
 351348
 892688
 802170
 563080
 980573
 294001
 498238
 702947
 390363
 147416
 379197
 905859
 901476
 210231
 882722
 63851
 513691
 914250
 954580
 687386
 729970
 442045
 831513
 344482
 503983
 1093894
 828891
 694425
 85810
 1072236
 183597
 280744
 428293
 638771
 573413
 1038203
 784662
 303175
 385599
 346688
 907377
 478432
 428233
 706961
 495274
 957459
 586326
 621211
 282921
 697424
 843524
 457740
 179330
 169417
 230563
 203459
 903512
 416296
 528532
 74308
 37056
 309155
 1086022
 902402
 580552
 447884
 960159
 480367
 274884
 235595
 732202
 360896
 778262
 196726
 243684
 190266
 922786
 630908
 1093536
 71066
 18344
 839164
 638392
 637012
 603144
 1012884
 238835
 587629
 832084
 453279
 482896
 741419
 252535
 670563
 570403
 96469
 1017244
 69777
 743573
 327359
 1051524
 937886
 246493
 880185
 595331
 937675
 130592
 434451
 974139
 690244
 30571
 830815
 668691
 825327
 536613
 480452
 1056227
 993548
 607873
 12682
 723134
 463880
 573189
 1036354
 193826
 72838
 725235
 738318
 477745
 130390
 103788
 523778
 1054727
 74441
 870856
 99706
 384983
 1014943
 1006735
 755587
 1067314
 888329
 508705
 796488
 535702
 1067033
 1050262
 525577
 669304
 361872
 201936
 271167
 959643
 755083
 878647
 329617
 10640
 28784
 79304
 280158
 907299
 247652
 1015645
 950724
 905426
 429179
 539171
 261133
 275806
 371147
 78893
 326426
 612827
 1025708
 58909
 1022976
 775890
 44158
 944640
 193084
 259125
 579925
 55142
 697736
 821821
 20420
 857813
 598900
 298304
 444647
 382959
 334204
 1051701
 804202
 118747
 943467
 632107
 614965
 1069185
 1074820
 182219
 1065653
 27067
 463952
 539399
 767295
 474535
 772624
 173888
 127624
 352598
 1057967
 796822
 271264
 436403
 514236
 684698
 41711
 101029
 704325
 744111
 1042882
 744963
 289349
 830464
 519088
 465196
 1121
 957626
 325451
 605305
 46355
 923302
 67222
 946113
 112022
 693101
 427225
 815843
 454309
 267484
 358231
 449725
 903591
 642878
 1077490
 270154
 964901
 115601
 868189
 325817
 711821
 904590
 228636
 1048749
 242689
 870729
 1002898
 1038098
 992164
 773390
 80877
 560632
 720868
 685131
 403373
 593410
 956903
 495697
 15867
 637777
 247428
 123444
 587150
 705846
 876373
 844505
 11379
 502058
 821221
 309502
 981677
 126478
 1077007
 962841
 905710
 675265
 777177
 327129
 119057
 660153
 299288
 233806
 880559
 770665
 564187
 739266
 636648
 446068
 314873
 177113
 398942
 88629
 1065086
 937
 892739
 1073019
 310700
 1098782
 667404
 430114
 596149
 946863
 107413
 509739
 416112
 253360
 51030
 370981
 204280
 882057
 1073165
 403960
 810087
 650057
 247419
 354815
 291821
 301658
 917254
 80734
 653064
 630328
 124115
 1039353
 739179
 531924
 252296
 655065
 385988
 183213
 187808
 1089880
 1091505
 234647
 178096
 572008
 709917
 939397
 501149
 961295
 237158
 501788
 625748
 1021305
 416239
 985112
 136251
 846104
 632709
 722016
 592226
 167120
 5764
 526310
 597011
 616362
 484050
 1032601
 425962
 150105
 1043164
 159448
 788067
 1032179
 813098
 262228
 555725
 889491
 469873
 893096
 610754
 853567
 708369
 812576
 773896
 687965
 1022022
 701951
 366801
 533602
 170944
 681172
 86907
 146648
 656949
 886697
 434525
 768476
 20312
 689704
 32158
 682609
 416914
 1061100
 298562
 100449
 164778
 667040
 52722
 227933
 430721
 607802
 679821
 1046765
 624241
 696466
 688865
 549195
 919140
 176634
 491225
 253572
 36620
 254719
 1000702
 827645
 890846
 456007
 287291
 703765
 1033876
 279798
 684797
 197836
 89268
 1094844
 900097
 12053
 797878
 237142
 508022
 1050878
 1773
 637579
 323710
 288223
 499068
 637378
 402205
 634075
 555646
 526786
 1038084
 804254
 149319
 799610
 545368
 621599
 756054
 620362
 229972
 871280
 567584
 1082645
 641990
 991206
 610138
 495298
 365794
 111851
 85586
 426615
 589994
 763998
 80337
 171269
 225185
 631162
 795344
 1065254
 359726
 130377
 919164
 1001600
 117407
 565274
 1067919
 1037462
 325592
 193175
 940730
 22574
 1005922
 915098
 738363
 90477
 875484
 105683
 337133
 408771
 406294
 912131
 851104
 302923
 304423
 724972
 305375
 470345
 64203
 16977
 141256
 326186
 428642
 1051048
 79309
 546953
 15869
 489302
 72504
 315090
 857718
 967756
 33103
 777485
 315503
 18676
 584567
 1092982
 1006401
 67676
 239899
 889749
 686757
 971858
 769287
 360261
 390111
 1030199
 363988
 99324
 149258
 516913
 1094718
 736384
 359019
 475468
 604781
 88881
 102921
 979656
 1097128
 843787
 475165
 366980
 722615
 307439
 255886
 641197
 907522
 6917
 465354
 246455
 354367
 979424
 204590
 590623
 147884
 260820
 1098888
 585346
 478618
 264316
 328212
 948086
 480232
 750603
 338127
 790955
 107602
 747304
 1019146
 1074079
 323930
 403501
 336201
 710750
 334060
 614227
 283885
 788008
 854464
 701588
 979260
 306992
 56815
 682727
 840705
 40291
 1035642
 479771
 593892
 1010186
 564058
 115191
 593768
 471331
 525661
 191469
 37832
 212243
 554910
 1074867
 1019347
 128481
 48875
 809220
 240881
 843929
 1071265
 727322
 229626
 377687
 545029
 879206
 571937
 1000282
 719354
 864556
 237177
 333538
 414913
 784967
 301783
 650015
 650724
 540239
 133123
 744378
 565572
 489633
 322187
 175767
 1030036
 137128
 60568
 416125
 1084812
 418128
 1085263
 829783
 179607
 629093
 622293
 171630
 1081691
 233622
 223453
 347653
 645400
 395076
 70541
 556339
 842601
 758569
 869158
 1046746
 925807
 147619
 21729
 1065963
 355800
 868089
 513421
 332767
 764737
 307032
 1030535
 266581
 169407
 7247
 1063367
 763510
 233493
 484320
 692707
 432644
 813741
 514218
 828252
 667786
 922294
 856213
 625537
 980176
 669182
 599585
 388305
 1025561
 181986
 907154
 379198
 84590
 701066
 163663
 634107
 610277
 558326
 229465
 201942
 23185
 808651
 1063017
 210579
 383201
 909061
 122779
 538134
 644043
 578544
 67269
 1088062
 457924
 756436
 780577
 202973
 630705
 952296
 570143
 585803
 266757
 767555
 898928
 642904
 311599
 575993
 130601
 987590
 331088
 628148
 617676
 245590
 227159
 547310
 109430
 445734
 292437
 1092797
 871569
 618633
 259
 1015226
 147628
 133783
 718402
 793487
 418542
 395952
 39914
 687707
 388855
 998001
 766745
 201685
 358600
 691603
 1021481
 1015566
 864808
 817777
 23223
 693622
 913434
 987770
 400516
 670951
 806513
 742042
 834436
 145867
 956455
 92126
 989874
 1029606
 245677
 261779
 306810
 436140
 925200
 126273
 551633
 785900
 953984
 642303
 447684
 75287
 1092443
 572418
 995145
 342671
 201870
 964118
 643799
 491751
 146981
 632670
 446701
 346434
 476965
 890230
 365723
 123133
 557041
 477956
 414491
 565279
 220970
 70011
 286046
 429624
 778039
 646603
 949549
 126309
 243033
 378682
 862484
 262338
 1077676
 82503
 1085091
 179006
 829671
 666329
 679589
 919516
 361698
 34573
 29400
 702624
 214094
 693878
 547662
 902369
 43029
 219250
 838756
 78301
 362417
 704416
 1074152
 97938
 620343
 496577
 397693
 231116
 495742
 760772
 400281
 34240
 932161
 1039995
 556906
 886696
 158655
 296741
 597834
 913963
 334031
 288867
 700884
 874017
 673875
 794340
 710359
 620628
 3757
 887808
 697837
 370881
 382683
 653430
 621203
 745797
 684668
 638435
 331539
 793829
 227325
 962656
 248322
 466742
 175870
 732734
 1092508
 30604
 928515
 536423
 804298
 428886
 388536
 750466
 567066
 137128
 100524
 437903
 679080
 517256
 206642
 7695
 923782
 855157
 720794
 100316
 733550
 253144
 1022507
 290286
 943442
 473411
 220015
 749924
 830600
 40947
 1030695
 315768
 531292
 605682
 237674
 588358
 1049423
 304872
 344055
 61683
 320212
 847160
 763172
 665765
 82512
 641682
 49897
 942891
 296356
 547179
 127154
 940036
 932947
 311651
 327072
 47782
 443305
 691110
 897543
 814195
 775021
 909275
 185147
 358583
 581063
 583338
 315957
 497303
 752392
 491415
 852612
 401572
 764772
 453956
 938682
 499320
 512561
 472688
 410524
 477748
 947120
 537958
 695043
 336240
 724334
 321400
 690372
 927338
 55864
 679991
 153801
 584227
 791747
 917105
 730679
 889180
 965426
 214090
 620242
 779885
 298683
 87789
 281062
 271301
 1069123
 349315
 994257
 4543
 1042906
 914400
 456991
 944025
 835368
 320608
 548411
 133128
 1037241
 783662
 281838
 236766
 552799
 309887
 954055
 708511
 533580
 196707
 339193
 787807
 479498
 375186
 24873
 768548
 578160
 245417
 938273
 417980
 137382
 808498
 160339
 431547
 1076690
 301623
 1029405
 345939
 630192
 450058
 995978
 1055922
 576511
 842661
 734499
 968715
 566509
 348496
 151686
 111113
 927397
 381339
 258505
 333597
 602629
 414437
 37139
 162650
 827888
 210970
 256322
 229302
 1021965
 735416
 364354
 444266
 989412
 216960
 90386
 310826
 356514
 220904
 198066
 26290
 11534
 395988
 684560
 208900
 328652
 866735
 873424
 128706
 989327
 762380
 194491
 703160
 1012853
 767530
 619866
 765002
 772601
 288145
 183639
 880341
 90045
 561369
 469824
 45618
 227982
 823737
 448956
 463684
 966943
 640359
 1094597
 94628
 657910
 614835
 479346
 528844
 977448
 84153
 1094745
 1062307
 1008263
 442625
 5703
 741222
 200082
 644186
 1092327
 534485
 1675
 539214
 949235
 7776
 17484
 312256
 68250
 322654
 448944
 632385
 486426
 754691
 281893
 532660
 239671
 901407
 1076517
 830608
 1065961
 438117
 293888
 1050324
 663657
 697370
 717124
 486682
 1067964
 352612
 297174
 113356
 639616
 1055665
 1065539
 755455
 297344
 794300
 932126
 258582
 698148
 989424
 1073388
 980068
 1074502
 202334
 887396
 1055999
 636585
 301716
 761919
 319399
 33107
 367415
 178379
 1028554
 686929
 535654
 1008611
 518313
 853868
 470840
 921866
 131773
 810875
 658936
 101263
 458486
 338615
 506683
 947573
 284636
 712444
 428770
 288712
 685786
 427393
 176786
 255959
 149338
 100374
 195201
 909613
 393078
 307430
 343955
 116070
 157654
 352453
 34498
 1038809
 57657
 163886
 341830
 87570
 659396
 193273
 350369
 1058331
 303269
 1030390
 478005
 479618
 130711
 524578
 811237
 1078728
 737946
 598722
 581115
 508158
 573447
 1079038
 1066024
 615194
 558984
 3194
 938143
 1057919
 473711
 653216
 903824
 689456
 792968
 413401
 194160
 403622
 446303
 711569
 55129
 915529
 955062
 278836
 954672
 492208
 552467
 1067923
 754822
 123113
 1073587
 1029677
 665521
 123843
 687142
 227069
 757630
 305545
 818804
 353371
 470392
 904826
 1016412
 475500
 568491
 258522
 805631
 1049783
 103002
 653591
 346940
 265303
 1097611
 736815
 190731
 420499
 764260
 171801
 342825
 523520
 224155
 451183
 291085
 153402
 1075817
 258614
 283620
 618968
 745645
 321504
 184483
 713960
 835273
 1028071
 910376
 820774
 1079418
 360341
 167900
 626374
 138814
 836682
 225578
 366839
 610561
 1077647
 970912
 152612
 703762
 1083496
 875078
 815863
 578708
 552199
 1035969
 185089
 1087822
 950009
 309683
 320713
 874346
 524782
 256918
 571767
 924132
 959437
 543231
 866093
 842468
 186554
 408352
 996804
 363094
 67748
 888814
 683025
 528815
 748672
 434958
 601852
 678542
 403678
 493671
 989193
 551728
 420561
 711798
 234059
 1064835
 707053
 578700
 218674
 623236
 731881
 982708
 215367
 761212
 118056
 871123
 63829
 226880
 329283
 839062
 112940
 587408
 665776
 927036
 1080461
 658799
 119990
 187247
 672104
 819977
 394822
 561966
 11294
 834876
 268943
 832556
 301861
 729939
 404936
 55877
 302109
 377164
 828290
 1023208
 781114
 832509
 963718
 465641
 304631
 696548
 132460
 414792
 697859
 501035
 429837
 798218
 356744
 1025572
 543981
 493610
 764497
 965032
 848975
 588272
 907787
 568015
 162441
 742416
 1004086
 786022
 998515
 1075484
 800729
 867706
 887637
 67272
 362463
 4234
 203826
 70750
 134234
 1029800
 230112
 465417
 748891
 745624
 289254
 445892
 901601
 23345
 454004
 84722
 12696
 536517
 749133
 7399
 125954
 868535
 56649
 351323
 536599
 1008206
 130625
 2405
 918762
 1049368
 595362
 123604
 612514
 406825
 863676
 105013
 532040
 882525
 513178
 516051
 1014722
 781203
 503768
 512872
 451466
 374270
 677203
 898970
 57954
 782030
 959157
 1093178
 767669
 1079571
 188128
 233412
 768064
 666904
 561500
 459588
 693402
 337427
 106161
 996236
 300087
 15482
 625251
 291040
 224607
 951524
 543490
 496979
 458655
 1060304
 858362
 277963
 953273
 784069
 381218
 562637
 421345
 143472
 266668
 859185
 451600
 894808
 384972
 391722
 636629
 269942
 950036
 367943
 806283
 1069005
 614332
 45010
 966414
 746767
 504026
 513543
 146098
 735254
 912497
 363487
 589505
 495021
 534637
 512941
 130579
 789262
 988927
 122978
 847477
 622221
 151357
 501171
 935271
 805984
 647678
 441919
 22366
 676939
 391902
 930767
 991896
 500832
 29994
 402321
 869080
 220384
 352062
 1097235
 901204
 49601
 13107
 10808
 223882
 566822
 792274
 94099
 210406
 362467
 127344
 987423
 101234
 722705
 343897
 68451
 405306
 78139
 959943
 1025204
 658236
 738398
 589013
 808891
 124498
 106680
 265653
 204470
 533667
 744635
 738740
 753700
 553147
 222298
 577985
 559185
 244264
 59943
 975363
 301983
 858632
 1001185
 619502
 640985
 933268
 222220
 946241
 86140
 901429
 327515
 1033625
 50269
 750455
 785822
 144513
 539392
 277933
 270044
 437130
 1066854
 804551
 120383
 346431
 846977
 1078019
 579282
 835163
 244713
 895842
 256225
 488642
 167205
 554294
 930024
 269628
 307987
 736629
 212193
 579202
 350937
 952745
 431317
 378818
 439648
 890275
 43515
 320680
 1094510
 344239
 951409
 188943
 364684
 96389
 876607
 976373
 471095
 788578
 974741
 304130
 217546
 416931
 661812
 933081
 846173
 783565
 233969
 332485
 308529
 464701
 502917
 894691
 154985
 361486
 1070585
 248578
 859837
 424781
 401062
 233183
 615766
 164432
 556994
 260722
 84723
 320597
 343526
 45813
 484323
 12579
 1006058
 390100
 654717
 183709
 540987
 694378
 144364
 589864
 25050
 451988
 155455
 106822
 440094
 823699
 142205
 473997
 594985
 660919
 998777
 802805
 709494
 106868
 495683
 346014
 338766
 428221
 446329
 147709
 499318
 349922
 784055
 36409
 692080
 192571
 1069489
 361265
 352558
 364375
 493070
 374899
 483003
 624249
 758742
 24190
 489549
 839487
 677207
 826912
 83676
 1036912
 405518
 164863
 921263
 1060833
 394592
 473414
 41386
 777136
 25263
 1099007
 341444
 228925
 55548
 731265
 281772
 625484
 535925
 186389
 862454
 147120
 129495
 327448
 432209
 864902
 880760
 256197
 1052097
 208303
 368166
 292815
 1059691
 1054227
 339729
 380919
 685353
 982783
 154599
 464524
 769355
 1041127
 274710
 172009
 447025
 566004
 1049781
 898823
 308676
 558552
 1322
 616909
 777891
 715269
 581031
 477438
 103229
 1002939
 219319
 554503
 661768
 423481
 53319
 266324
 1073078
 275604
 328030
 278465
 574948
 588388
 514386
 2656
 388234
 819910
 950620
 587034
 127862
 941751
 237938
 968637
 1048587
 868272
 147292
 548369
 830852
 490900
 159705
 952602
 537079
 457061
 1010883
 574495
 249977
 896997
 1083767
 286921
 979282
 223377
 696676
 796364
 1097791
 879410
 650769
 568421
 696305
 878130
 569857
 686710
 558092
 256217
 35855
 243040
 376951
 825662
 887329
 222778
 125399
 76691
 413409
 408282
 464555
 1065407
 546603
 57240
 833422
 843538
 526242
 896077
 15370
 461003
 192807
 1069578
 135117
 1094089
 209328
 149172
 1041466
 45279
 305468
 928237
 1081553
 807352
 373459
 678762
 549180
 535324
 917254
 729792
 306107
 584288
 690561
 369475
 664110
 184990
 84803
 143124
 322365
 459074
 1031754
 785585
 304612
 735396
 963282
 722039
 488931
 814
 1051671
 496666
 679895
 985938
 673166
 59664
 851360
 668639
 620317
 356246
 936724
 1094970
 746074
 567862
 737190
 39049
 502785
 945745
 127484
 561154
 571903
 945147
 323119
 890863
 700617
 6836
 395739
 732843
 1044946
 464615
 279917
 1022197
 1099818
 626685
 646097
 990903
 902529
 359746
 362773
 381428
 790656
 971460
 236582
 437148
 503556
 340960
 77349
 643267
 168355
 230631
 921361
 364649
 281857
 197485
 613739
 112319
 1061055
 841769
 332025
 1074655
 635921
 596256
 874122
 766057
 331913
 686572
 702231
 703453
 673054
 399352
 356706
 286804
 870258
 312075
 1074304
 1071894
 150201
 254024
 385532
 839611
 588721
 748901
 832519
 588566
 705472
 815198
 459458
 43719
 769031
 106146
 124777
 464843
 563147
 123020
 238989
 849257
 384392
 966829
 148959
 557774
 917694
 566232
 1064331
 503247
 490813
 184215
 786874
 232563
 241802
 234576
 514416
 299037
 776833
 937646
 196263
 619588
 686008
 851248
 944155
 29743
 553399
 683418
 936729
 667402
 730244
 966792
 892412
 274565
 40461
 720005
 849504
 57936
 690921
 441508
 997310
 869380
 512646
 189642
 950575
 38275
 116620
 29169
 1053591
 984726
 628620
 952141
 129002
 53845
 16768
 734098
 96847
 1087095
 933157
 894981
 459016
 519324
 645848
 144443
 83265
 510564
 713488
 927134
 6767
 595469
 729807
 410147
 638399
 354996
 137459
 977346
 395078
 720551
 883581
 826879
 94612
 905894
 385806
 762025
 767189
 612506
 620893
 296369
 326199
 873186
 338944
 45896
 168204
 758390
 708341
 1091763
 365486
 997213
 233102
 35309
 348418
 884486
 834725
 634691
 988102
 937587
 298224
 587440
 754894
 878477
 1087083
 132861
 381606
 912913
 1056937
 83355
 267320
 975540
 164682
 507279
 10316
 1058997
 672353
 1015453
 316710
 1064316
 891960
 34896
 456664
 1073589
 546506
 815620
 708259
 859443
 969597
 820685
 60071
 627114
 168620
 543345
 381778
 53890
 497190
 333815
 763168
 123832
 712461
 893775
 44098
 828139
 662748
 747900
 565447
 253173
 1023072
 551846
 1092137
 11073
 260938
 7118
 1081241
 24438
 796343
 858070
 322914
 180080
 567473
 475796
 339321
 16413
 1089992
 1042581
 217426
 977287
 882189
 142157
 111857
 627769
 762055
 896189
 1099111
 989109
 190421
 372291
 297734
 765443
 266380
 142336
 94411
 575869
 249679
 618278
 732103
 121412
 278164
 531741
 784766
 45168
 200265
 944909
 1047136
 546974
 39485
 408639
 298745
 772435
 1025628
 580279
 504882
 985935
 54641
 585360
 51711
 658187
 445503
 550784
 881361
 153744
 1040053
 734517
 515513
 614900
 22798
 550928
 765913
 770207
 680540
 460245
 173280
 276103
 749429
 676832
 504137
 123643
 350805
 414036
 321301
 562951
 388927
 385504
 373612
 66013
 668642
 959301
 932370
 599369
 481655
 503478
 788799
 454597
 1034305
 661008
 563692
 488005
 468469
 813015
 1028217
 561014
 3269
 149080
 772167
 1052401
 1097870
 741358
 800891
 1039074
 723546
 548417
 507896
 36471
 306224
 376554
 281842
 147749
 281734
 95276
 289815
 305225
 991059
 954095
 725215
 1000345
 939425
 117670
 253120
 382770
 245470
 951664
 277104
 761385
 682230
 257397
 360612
 966646
 412005
 525998
 858747
 87324
 382394
 668508
 306575
 76123
 250184
 393228
 220212
 5753
 62608
 550557
 377317
 1075705
 640913
 675051
 849343
 669330
 1065506
 921869
 700223
 981429
 14792
 444161
 634208
 7942
 1055836
 576661
 988880
 378867
 635806
 38013
 987550
 1056948
 187215
 1008515
 509197
 1072952
 176233
 180981
 367312
 912787
 225315
 1065549
 874131
 440331
 702430
 313299
 582622
 322591
 755203
 686271
 940973
 988686
 604657
 313813
 232375
 926131
 507768
 95575
 957112
 145631
 985034
 972708
 865148
 119001
 390598
 508261
 1092327
 303968
 263770
 948179
 267089
 347504
 690903
 1026826
 234328
 272729
 546033
 718123
 1045290
 278379
 706707
 113741
 158826
 1073224
 841091
 794157
 212643
 931806
 238155
 485634
 776173
 792546
 645511
 736614
 994491
 335941
 125115
 391015
 800405
 295514
 19584
 845713
 1006118
 271345
 39251
 847709
 138127
 690760
 925785
 816586
 623418
 555735
 577689
 566377
 642640
 575059
 280798
 579908
 1084087
 310731
 900027
 806996
 328804
 70688
 83123
 197750
 160978
 527580
 1047702
 247903
 375607
 149331
 1023435
 138935
 328784
 138119
 474372
 409081
 286877
 863010
 2545
 215967
 588743
 395306
 968139
 1079046
 527954
 18565
 17872
 368013
 1098338
 648322
 391924
 181753
 593415
 8886
 955173
 1047072
 932562
 571703
 53479
 950172
 117196
 166286
 613025
 784135
 690067
 820916
 501668
 170838
 324030
 724445
 1005309
 763428
 123285
 1054182
 925697
 275231
 390851
 441271
 985623
 515407
 376651
 259801
 472520
 501869
 1080989
 1071726
 280490
 285436
 610519
 268063
 638984
 693835
 389561
 726871
 620715
 793670
 1034425
 958527
 1063168
 33616
 717377
 201259
 30018
 273574
 343975
 754364
 959037
 895679
 498224
 399153
 866878
 574780
 128408
 310122
 447019
 845584
 450139
 463595
 441244
 969902
 1094720
 297342
 790359
 436412
 588719
 420851
 34334
 806218
 321114
 961774
 550457
 334552
 209150
 3607
 306528
 366907
 890584
 445804
 722049
 473477
 642176
 339778
 518299
 564901
 216886
 996817
 983
 759994
 393077
 330958
 385471
 480262
 390112
 376299
 27589
 517726
 422992
 93978
 783204
 840058
 79970
 268385
 593124
 445746
 263319
 32371
 571125
 995282
 762616
 25604
 353603
 934908
 449434
 45360
 700286
 489157
 167150
 926067
 974324
 815129
 168066
 137708
 302720
 846584
 1076176
 95216
 49550
 22702
 67513
 884204
 278772
 66244
 132765
 377306
 162635
 317251
 313975
 727200
 718586
 468318
 347914
 292549
 179459
 1040444
 1081930
 192767
 1027793
 878142
 1091188
 113554
 215791
 888321
 528689
 1051589
 992713
 549772
 77008
 721919
 643721
 354867
 313281
 13607
 832072
 966131
 355017
 372534
 647590
 833949
 614241
 343391
 5529
 136621
 414445
 778581
 735464
 891045
 423329
 477868
 686474
 670605
 416981
 408519
 820827
 896467
 221028
 890886
 12223
 866135
 929502
 824583
 765321
 174734
 32698
 784423
 1097634
 574249
 754838
 442187
 77677
 749304
 1019570
 505837
 291308
 629235
 649035
 794800
 677866
 867713
 1073279
 1067339
 1020129
 773227
 961568
 295397
 581038
 87210
 1072045
 780382
 449188
 415214
 625574
 94000
 30608
 1075016
 439471
 4996
 413245
 1053554
 800306
 1033385
 527062
 579343
 1003428
 231521
 90495
 692748
 1095512
 444172
 718904
 411831
 174269
 343477
 861484
 94814
 892394
 115903
 667219
 980136
 925364
 403282
 218381
 983400
 458523
 320508
 484371
 573374
 471921
 839555
 711909
 422836
 1033112
 98491
 755247
 10399
 430863
 1043274
 26544
 926645
 964661
 246049
 673460
 490845
 729066
 289527
 933019
 590546
 718883
 257040
 153029
 318293
 508316
 970242
 866474
 674819
 738255
 728253
 154240
 182506
 1053998
 319875
 180991
 479697
 730301
 286969
 772932
 40990
 755154
 80193
 107376
 259395
 735203
 716919
 1006369
 910459
 262433
 55216
 309615
 184788
 60940
 649299
 582847
 333334
 465938
 472654
 842934
 847080
 163865
 247590
 690186
 681714
 592623
 538525
 816259
 893871
 98239
 767220
 953427
 389512
 734325
 577048
 959816
 759235
 875150
 854861
 646699
 599636
 729153
 341628
 332733
 888867
 105374
 3066
 688412
 959335
 997369
 378729
 1056084
 496992
 919908
 340200
 275022
 107399
 1055416
 489095
 419643
 649760
 173017
 769635
 23783
 916688
 1051319
 988816
 447722
 192884
 266801
 506592
 150941
 1058842
 554617
 30142
 47419
 206323
 962300
 533336
 37253
 1020806
 684212
 844160
 744866
 215907
 616195
 914316
 431254
 105687
 336880
 513725
 133787
 5981
 647345
 23763
 782795
 182580
 297707
 355347
 239809
 64662
 1040765
 1058794
 553254
 1071134
 935232
 120597
 644045
 698818
 640853
 1025663
 928212
 490513
 718376
 416336
 1056284
 282658
 280699
 930207
 44655
 534452
 1048107
 803589
 585903
 987906
 206056
 961896
 977675
 78935
 599013
 1029048
 851489
 902446
 229636
 90879
 866965
 507773
 101573
 558857
 933519
 816825
 76022
 8785
 82257
 706971
 948900
 822107
 325291
 513337
 295938
 799171
 590335
 562853
 744318
 281931
 738186
 48229
 4969
 1064018
 391319
 777679
 319177
 1058655
 422360
 33269
 291417
 735689
 407094
 190343
 803362
 402858
 635074
 901338
 372335
 465226
 343043
 125434
 755683
 534026
 816703
 1070784
 394387
 623631
 607112
 209222
 496003
 176919
 545712
 963598
 334934
 717370
 76627
 937216
 335998
 164360
 7174
 59351
 294855
 261856
 856986
 106648
 88196
 233228
 120315
 216848
 585678
 177392
 94362
 591753
 1090402
 120883
 512060
 730711
 481946
 758982
 294480
 493184
 501713
 266455
 940500
 732254
 1009720
 259662
 716735
 413355
 1001617
 539826
 637881
 536507
 951956
 170316
 875326
 436774
 351127
 737557
 721977
 715179
 87501
 653169
 1083587
 830841
 543826
 137613
 100965
 554484
 460565
 107338
 625313
 335329
 870220
 540735
 1083408
 763986
 359511
 569004
 346601
 42567
 7528
 783513
 1017068
 1012463
 50581
 901665
 447166
 157230
 786036
 381667
 167370
 390788
 360242
 259557
 727305
 939225
 611526
 638877
 279608
 99453
 1045127
 1044171
 4596
 70512
 57027
 767227
 400750
 163804
 211569
 346803
 937540
 245404
 156641
 569695
 239409
 747301
 545762
 195234
 2577
 522543
 687789
 335599
 818041
 864216
 170856
 96291
 936819
 707196
 1059207
 750632
 1039976
 910855
 63250
 883074
 668534
 544858
 62469
 555864
 761210
 756325
 714634
 659641
 372300
 418686
 119379
 29942
 1095560
 852312
 1097782
 694330
 1016915
 45437
 476512
 865057
 1024800
 1097496
 479803
 1039866
 902181
 536900
 310021
 741692
 389153
 560665
 820743
 316992
 681098
 403721
 224271
 497761
 272275
 292599
 982582
 42012
 545047
 941810
 1015375
 512458
 342300
 494925
 255500
 363560
 522168
 595639
 205274
 164964
 349707
 449817
 352483
 105320
 175034
 701243
 1096877
 41948
 228321
 786407
 890228
 84041
 1023398
 814063
 297422
 341285
 4100
 655640
 1085430
 791852
 9274
 122640
 984561
 520416
 393727
 1017114
 48678
 273145
 80512
 470763
 531878
 828350
 951354
 828590
 211621
 210938
 787342
 1068661
 444286
 482281
 445101
 212415
 733947
 7433
 50683
 796113
 497966
 369284
 259466
 478383
 690428
 845910
 483037
 318274
 395706
 167246
 462388
 742021
 433638
 508775
 535489
 289312
 791933
 26240
 1065967
 1042649
 10169
 930848
 365018
 18786
 429533
 121516
 242657
 640477
 1023087
 416221
 1095186
 205790
 984721
 956598
 910764
 898087
 811743
 269100
 69402
 796981
 833717
 554959
 20010
 425072
 861178
 67892
 978126
 10546
 418959
 456437
 24742
 366544
 299438
 204088
 75559
 444462
 37768
 604988
 683829
 885250
 556562
 970212
 92932
 820812
 969480
 241889
 599326
 70423
 223856
 28695
 559487
 61049
 724676
 368917
 343504
 85527
 269903
 733909
 1004971
 1063221
 511717
 1070644
 149520
 978930
 624151
 854043
 957779
 574619
 748243
 957474
 631317
 96834
 653440
 249597
 360379
 819556
 430504
 833444
 958050
 370903
 508967
 680408
 781059
 512880
 1078331
 310465
 688853
 110653
 727584
 970350
 986222
 1054618
 631052
 1039008
 225818
 12339
 730362
 318513
 308609
 36380
 487858
 1051975
 191984
 608818
 428131
 1033391
 612073
 1028752
 1099754
 772265
 66064
 559526
 851772
 553384
 613060
 884940
 393911
 1046779
 467699
 106920
 915835
 717582
 894145
 668593
 840256
 179137
 566461
 547321
 769990
 210940
 1094653
 937616
 602810
 251750
 113755
 313082
 826553
 73518
 589004
 116601
 1042467
 20629
 1097018
 778310
 202634
 199091
 476115
 381983
 112179
 766079
 127802
 905154
 258770
 1049946
 532107
 607128
 366284
 871403
 645566
 837287
 158695
 630616
 597252
 358383
 184941
 520261
 489454
 462338
 384899
 190588
 804064
 121281
 950160
 883620
 29296
 335520
 613712
 585545
 216832
 931863
 1098773
 698751
 217064
 225511
 1022540
 455783
 47393
 520640
 126058
 446234
 460610
 788320
 274465
 280565
 73572
 677940
 64584
 725760
 26882
 805718
 1091965
 1035890
 689122
 189653
 765312
 822274
 921684
 781715
 756143
 552030
 1065211
 285534
 418322
 35137
 613721
 489976
 444953
 288471
 573514
 499686
 640165
 930988
 798986
 897734
 746353
 563038
 382365
 641294
 582533
 437940
 816433
 273998
 1002627
 795705
 100683
 461743
 686206
 370159
 9914
 59467
 232560
 946315
 426948
 1055486
 838036
 371638
 176669
 880795
 986097
 719410
 1019864
 94336
 288607
 6064
 309097
 3921
 772418
 334802
 124066
 739620
 898220
 281325
 1067762
 794270
 582085
 989836
 632272
 102999
 622727
 847576
 1059798
 958923
 445828
 525544
 654211
 451053
 502779
 486203
 1000097
 299027
 439110
 742286
 1088789
 178973
 105672
 664043
 429396
 902036
 933256
 1085778
 113512
 147286
 1056035
 13541
 678169
 940622
 736619
 556972
 389337
 608880
 263368
 244210
 581687
 1054589
 242976
 656165
 511698
 956415
 621618
 302074
 811355
 278982
 1097924
 166506
 805363
 552251
 18277
 1092334
 52475
 454599
 504303
 120864
 125052
 172476
 373516
 969649
 777069
 259443
 274810
 749759
 102002
 950973
 55661
 132766
 625306
 96221
 162278
 1096433
 843725
 941699
 501461
 145075
 183437
 138238
 358915
 1095864
 604700
 208207
 356615
 548411
 416972
 382290
 862113
 465743
 86966
 266105
 652768
 99060
 815410
 392948
 644841
 154322
 244397
 697182
 37694
 863714
 242208
 866960
 170007
 447152
 334311
 141942
 938689
 827493
 233170
 1038084
 956846
 130752
 1028314
 131742
 492309
 824669
 736129
 949833
 1050831
 684236
 329629
 210578
 949902
 1053229
 429433
 330206
 1089458
 361095
 318951
 930185
 182177
 46972
 847535
 1006466
 586458
 376282
 750975
 343910
 174858
 735253
 357928
 1095899
 129987
 414546
 455838
 1029880
 602639
 137465
 311538
 665250
 1095510
 876828
 354946
 491454
 460235
 619490
 669830
 944436
 114618
 286254
 117168
 702370
 1074746
 28181
 1024010
 616847
 848248
 601872
 816526
 733034
 4349
 597333
 711124
 547337
 504864
 175391
 769480
 251395
 18464
 391579
 130097
 981471
 793411
 973252
 938638
 618711
 794705
 902870
 965828
 520057
 377947
 137191
 29042
 189809
 954231
 625795
 516872
 759700
 647212
 516270
 84162
 1038788
 302889
 1004420
 421452
 980543
 406374
 1083162
 274450
 191501
 922791
 224094
 981325
 759448
 854090
 975109
 776124
 209527
 867372
 868084
 490789
 232017
 689780
 616896
 319264
 92065
 703108
 707605
 938066
 489680
 518927
 266454
 297833
 680112
 437308
 848527
 1063881
 939191
 727775
 84269
 470957
 241930
 14069
 309047
 466881
 173088
 1024933
 55789
 547547
 293785
 637736
 37011
 715150
 639874
 1053753
 969364
 417105
 948120
 163378
 48918
 525380
 473427
 396349
 175641
 645008
 838009
 424706
 940752
 98095
 1060166
 413128
 89572
 563649
 879681
 515099
 219280
 140391
 413757
 601238
 271678
 226926
 430688
 69
 945536
 831025
 649600
 1047710
 238224
 760565
 574768
 576658
 277471
 881537
 1024529
 554214
 582707
 784502
 239233
 20062
 149436
 978908
 687068
 872838
 857294
 1021478
 653836
 543983
 402897
 349696
 1013294
 907262
 804910
 1032614
 83787
 205159
 839117
 267367
 343284
 419668
 865336
 719538
 1030936
 370118
 121570
 30500
 822391
 705807
 833327
 580319
 330808
 335239
 1096043
 870787
 235737
 248036
 668069
 965898
 455249
 355854
 990632
 566592
 489909
 73754
 475315
 869222
 191762
 722493
 634953
 1090841
 583866
 678782
 224999
 891913
 1040038
 54901
 62785
 80638
 729488
 2495
 76728
 126494
 1060703
 397089
 811237
 692247
 196164
 439832
 961862
 633525
 624975
 443059
 628128
 956664
 1045883
 128736
 652071
 175726
 327584
 595553
 412891
 97941
 859096
 65021
 122565
 13803
 884286
 230666
 381888
 745165
 1053237
 654867
 805393
 462052
 312099
 768564
 802621
 167712
 5731
 301315
 567756
 863617
 369173
 811176
 361712
 554821
 486672
 641465
 43983
 201252
 593926
 542007
 496146
 881882
 640653
 676625
 469077
 392697
 421266
 588241
 389356
 308897
 216863
 447761
 586406
 222075
 720383
 55300
 463276
 17244
 181075
 477426
 49862
 642164
 727683
 298305
 836866
 460120
 152793
 9433
 634214
 229765
 545006
 673877
 926768
 364259
 450479
 138895
 476292
 692424
 823720
 544738
 137306
 662059
 759182
 40709
 201931
 385347
 986119
 827714
 1022375
 489433
 805593
 900567
 115932
 470607
 651785
 617889
 418441
 977506
 537379
 146940
 907539
 150909
 278277
 395971
 772739
 420246
 310880
 583815
 929224
 104395
 820664
 1008190
 106724
 1057571
 423989
 927023
 104594
 241518
 246608
 1080708
 509519
 410649
 321981
 878160
 783247
 5105
 147339
 292349
 179841
 316408
 455885
 419254
 700701
 491513
 400486
 731742
 400653
 950075
 182825
 904967
 668726
 534144
 977193
 792133
 406051
 868716
 837495
 18418
 665358
 89091
 385933
 239051
 462260
 61409
 325766
 862692
 228421
 526747
 1060380
 1026303
 447930
 137137
 330094
 531392
 999149
 1002215
 66981
 259769
 803871
 93122
 429910
 887745
 674428
 971480
 620442
 857403
 933559
 710086
 462934
 959202
 806728
 388075
 224267
 932702
 163968
 82799
 1038752
 332331
 206927
 885230
 820368
 817959
 321551
 67149
 578305
 10794
 925235
 351845
 408045
 412574
 1021688
 546397
 1014192
 369848
 447817
 77560
 1047409
 933932
 349844
 548085
 1073724
 508789
 732956
 843931
 78943
 534661
 264412
 1035665
 1094865
 292668
 392554
 350026
 193647
 492670
 934627
 995708
 1047248
 255890
 1071182
 436166
 813464
 726978
 107041
 1052969
 1008785
 179995
 1042940
 424225
 57050
 62065
 354287
 190426
 255625
 351005
 604972
 597470
 936420
 626061
 31179
 364019
 531276
 991146
 421557
 225228
 230173
 209966
 1011736
 583713
 405110
 196185
 580856
 859903
 342925
 638308
 137120
 391808
 154808
 573085
 421873
 18355
 671144
 305790
 27328
 302329
 163813
 567172
 873188
 953247
 543902
 208422
 779957
 612798
 664852
 635299
 71772
 628933
 91716
 281907
 821668
 723477
 332059
 427576
 108167
 64457
 371466
 409969
 1092058
 1041525
 811957
 791529
 72809
 937524
 338206
 815011
 1023512
 171095
 666469
 485270
 623788
 388834
 900568
 327089
 630439
 1079515
 450233
 452265
 374541
 963271
 95399
 636350
 384107
 614425
 351221
 302617
 865645
 885996
 68478
 889719
 351998
 512700
 479120
 471773
 368892
 934133
 940752
 492527
 556075
 267556
 834142
 512920
 626897
 107733
 924544
 12512
 638892
 836403
 797475
 828701
 870903
 813632
 755580
 1030789
 368845
 327986
 181360
 299903
 1049160
 445090
 393397
 572445
 832352
 348364
 894838
 826155
 453726
 874437
 1063671
 61238
 228076
 233547
 759624
 1047516
 751402
 1023914
 838983
 321354
 254716
 842481
 908376
 623879
 590189
 246348
 37066
 163280
 954250
 414608
 63400
 97340
 482784
 572849
 1030387
 926915
 130045
 564982
 70174
 1097904
 905663
 523228
 210368
 346057
 972233
 651379
 1094454
 681526
 964116
 163586
 6653
 1095306
 611101
 684035
 465435
 258169
 46338
 444562
 1098544
 949911
 204952
 571165
 80614
 485507
 774100
 677162
 1049972
 377553
 929655
 1008181
 583347
 609143
 407181
 1012683
 555302
 11077
 262873
 759616
 958878
 224216
 690272
 1071087
 742909
 13706
 197570
 795543
 43123
 123606
 491513
 551323
 245502
 31343
 113516
 601044
 115553
 1098689
 961528
 1010470
 514279
 202093
 281454
 447616
 759793
 834970
 452708
 992194
 190989
 827150
 974284
 357937
 901202
 324992
 674505
 937455
 990264
 570959
 924523
 244230
 139263
 746153
 158115
 442251
 1062275
 370022
 73914
 1029064
 168884
 736722
 399096
 811491
 401416
 1045301
 1031838
 116406
 772459
 854013
 1088977
 400193
 1041843
 831243
 815692
 324663
 404568
 107479
 132258
 28252
 274890
 333239
 173727
 710373
 131838
 954495
 485597
 780163
 331275
 989725
 212381
 750517
 73878
 198803
 699817
 591762
 1092596
 734510
 887241
 703805
 626781
 252006
 631699
 507531
 704033
 15853
 1017739
 371320
 690857
 610337
 559281
 1022456
 692817
 686298
 86914
 477617
 1027784
 925055
 96644
 472815
 198110
 799745
 945421
 63635
 830467
 1008429
 767245
 157986
 84057
 786476
 733357
 1026576
 483741
 463453
 236860
 131858
 915511
 969534
 487376
 44456
 645748
 709389
 329777
 725595
 185011
 1090792
 190328
 399173
 535746
 1078477
 81283
 265172
 638404
 785950
 750428
 652414
 878730
 880287
 1044505
 811717
 515571
 464431
 776018
 242712
 488228
 547116
 595683
 142915
 128163
 314874
 130435
 893697
 69630
 750765
 94750
 663151
 172564
 350940
 71375
 483282
 584995
 847734
 453069
 732814
 768817
 825000
 416534
 644284
 692537
 966331
 208527
 5356
 695029
 739456
 244685
 86659
 477801
 523263
 543688
 664439
 134786
 1061875
 69832
 110756
 841452
 63584
 439650
 359561
 999707
 68821
 1053258
 554486
 131547
 514924
 1028730
 392313
 623537
 434642
 70136
 136315
 801425
 170185
 361636
 926552
 290093
 356990
 645916
 1029024
 1035036
 1073013
 912474
 536286
 509918
 663051
 255924
 876338
 784760
 301354
 212383
 776065
 119652
 1009939
 420899
 110187
 1075988
 125285
 375041
 157948
 79739
 42487
 856933
 896191
 529407
 173087
 917978
 313730
 673224
 696028
 262276
 154501
 234232
 1036151
 702277
 155620
 742016
 678672
 706248
 539593
 151281
 908504
 421777
 939006
 1006052
 643275
 175042
 306421
 435098
 828928
 724358
 649126
 1011380
 373341
 913011
 372628
 556893
 1007964
 1055160
 427056
 638453
 251670
 743513
 922787
 307177
 686223
 886116
 1048785
 937055
 273017
 654059
 305065
 1050681
 639284
 80626
 188389
 698895
 131586
 801521
 78235
 466762
 646277
 531156
 32299
 1046250
 68055
 114414
 385938
 480627
 523477
 762012
 1073917
 442955
 102265
 214278
 122972
 1064528
 783465
 189135
 471425
 818035
 1056913
 478613
 150388
 194734
 56730
 175553
 260228
 864844
 7993
 290305
 852890
 317468
 1098957
 927437
 864599
 212538
 698849
 715894
 510874
 571630
 385436
 1056396
 924917
 163865
 665663
 918019
 536525
 719045
 1049283
 1039627
 357040
 973268
 503175
 163755
 843054
 1019506
 361119
 957975
 752311
 13194
 109469
 1006806
 953716
 436495
 147185
 923783
 166567
 251798
 770095
 452373
 343982
 987118
 634057
 806014
 258942
 246476
 768088
 354317
 30056
 406604
 175932
 954316
 25953
 422927
 753775
 879410
 203125
 856833
 402701
 487382
 54623
 808433
 991896
 687807
 788473
 401649
 290479
 28848
 98682
 186380
 275647
 99959
 66424
 909472
 1078439
 150296
 536048
 513795
 144561
 911628
 340003
 168359
 762508
 625841
 803773
 841067
 372675
 262137
 932364
 860346
 469733
 492194
 180857
 372430
 428794
 605084
 925791
 1095731
 527270
 631821
 336492
 258106
 458145
 570096
 638620
 681260
 1047723
 1076203
 352996
 272634
 13223
 756552
 719039
 1050981
 459541
 643985
 968345
 1094473
 598747
 204979
 153711
 697244
 977422
 75245
 851427
 194416
 834049
 221631
 645390
 919997
 644623
 203376
 710995
 1095446
 182470
 149659
 674122
 558594
 541793
 41707
 896382
 336297
 438756
 471652
 702497
 164121
 226109
 244154
 493867
 942182
 716470
 154405
 230505
 317809
 265564
 123402
 290619
 825865
 271866
 853357
 287014
 134940
 425013
 364016
 888682
 933154
 352370
 978419
 55298
 228311
 1006498
 617500
 807335
 172771
 733883
 177876
 124233
 607325
 968634
 651924
 22129
 520819
 683655
 624195
 538770
 928542
 425790
 134866
 709034
 313830
 699319
 134077
 138844
 111171
 640637
 115674
 307576
 423966
 1094364
 195049
 260551
 939111
 1000164
 267631
 133741
 679238
 146824
 503255
 1090542
 640386
 808929
 400525
 1096135
 625266
 700786
 197795
 777300
 598536
 352780
 609527
 903947
 845049
 55549
 82651
 398642
 361184
 338383
 19098
 164797
 148460
 316182
 350920
 1044543
 1003864
 119841
 534037
 349272
 988516
 617587
 135085
 237270
 848181
 366904
 1081167
 465763
 533982
 750434
 227787
 551612
 293253
 893038
 699775
 998552
 861791
 826084
 576148
 387382
 1023236
 474814
 803834
 797878
 840356
 194141
 158385
 131177
 769828
 210015
 870636
 571355
 184312
 1061787
 179474
 786347
 841461
 110163
 986260
 696985
 895334
 277002
 455572
 1008666
 1087163
 133373
 111275
 101301
 700491
 841413
 292279
 1073835
 684819
 602122
 999971
 539020
 174630
 949864
 45508
 1027101
 809993
 78232
 100694
 853755
 20809
 715485
 1010033
 268434
 804389
 42009
 779717
 825680
 346531
 346359
 397639
 219098
 302988
 599089
 935337
 849370
 706572
 170516
 865720
 365589
 626930
 485303
 398445
 299753
 62672
 754279
 635691
 648746
 1042145
 456915
 767575
 1099456
 172440
 815482
 105141
 772063
 833862
 510327
 925593
 649979
 539257
 434664
 359846
 65027
 591195
 815899
 243626
 893113
 451719
 536239
 12008
 813832
 304218
 113655
 485974
 1065491
 87512
 776127
 190070
 1036628
 1005881
 233467
 574385
 494134
 224010
 408555
 1023135
 40050
 462132
 8694
 995687
 1091801
 645523
 460196
 1057998
 92937
 638179
 647547
 462528
 106516
 478633
 935551
 288036
 378773
 440430
 172044
 527500
 428117
 366229
 237822
 65212
 352422
 1069397
 779373
 828362
 516459
 564814
 738232
 253527
 988145
 868352
 226407
 1044672
 150494
 190380
 149415
 122436
 521991
 461763
 1091233
 224374
 995179
 864837
 599232
 740614
 53095
 444906
 679660
 1016527
 697529
 314798
 284560
 216511
 703718
 599632
 418808
 418936
 892236
 1000152
 118235
 993751
 892856
 244628
 848153
 388661
 1080574
 748291
 221875
 941411
 911716
 759871
 1087615
 264986
 728973
 571542
 154070
 703015
 918857
 272622
 179734
 950562
 286783
 21260
 909166
 773552
 863673
 558654
 909450
 99487
 173531
 980560
 597427
 680955
 1085348
 733066
 973826
 199921
 269239
 227288
 876426
 461251
 224916
 498903
 682158
 236646
 766790
 428311
 22632
 849234
 529595
 935540
 486315
 405164
 983816
 894638
 890992
 454151
 407600
 587687
 994598
 36951
 401893
 337080
 203429
 664136
 711357
 917648
 198430
 499232
 438590
 1063895
 331860
 645680
 304656
 159822
 165903
 1018175
 486736
 16887
 71624
 837909
 913132
 681997
 451532
 134387
 293371
 943899
 260161
 412118
 1029199
 310583
 421121
 297975
 730579
 665129
 254987
 358956
 140964
 344514
 1018445
 457038
 717843
 941852
 499836
 819634
 382234
 345041
 270437
 582847
 683796
 237612
 162303
 654998
 693802
 316305
 897008
 425285
 662165
 535839
 450914
 275060
 652685
 364746
 781512
 446325
 133564
 486807
 167005
 646224
 392621
 871848
 459885
 853318
 442601
 175263
 928899
 943458
 734183
 449359
 615657
 446658
 1012230
 238270
 789447
 780759
 193440
 448358
 29335
 412663
 587207
 749172
 501371
 351304
 411138
 39713
 102846
 605698
 610578
 971747
 142462
 400817
 81816
 142901
 485440
 124040
 520819
 742462
 218694
 1011865
 59346
 240315
 1089368
 663636
 158677
 97192
 463807
 64209
 742549
 54850
 954959
 984117
 767507
 779968
 272278
 992707
 622490
 216157
 155602
 178392
 751644
 828558
 356203
 2002
 580848
 133684
 609445
 777167
 122967
 967307
 901642
 546043
 498986
 110816
 63758
 698467
 53364
 122067
 228252
 637614
 234057
 894503
 73348
 826103
 276909
 695495
 802492
 88113
 452056
 335014
 330630
 542241
 574099
 550014
 35637
 140391
 744664
 616810
 674917
 918504
 719395
 781921
 846059
 350479
 516882
 149738
 1022045
 982317
 49583
 1052814
 443825
 671234
 518573
 628838
 877820
 83034
 647425
 442478
 229136
 904755
 30393
 152479
 467992
 1010234
 336867
 455551
 381198
 624846
 6856
 184568
 196482
 721885
 690824
 65827
 25482
 171297
 610814
 541034
 210984
 769034
 288072
 333180
 1036037
 655769
 428208
 886477
 84644
 123402
 695890
 910167
 584821
 246337
 640830
 707900
 400156
 121363
 858847
 582641
 42310
 748266
 540340
 470542
 84504
 280297
 547492
 688968
 395895
 234797
 193617
 12461
 199845
 897785
 999661
 203824
 1074216
 508884
 891443
 80645
 802362
 917693
 953145
 808063
 1053066
 521723
 630072
 617629
 545587
 446306
 123102
 874308
 175345
 386491
 982701
 836645
 926784
 663421
 519278
 201526
 248644
 223775
 709261
 736532
 873229
 538387
 397226
 672986
 855542
 831494
 805291
 602156
 428227
 24652
 635445
 525347
 398305
 97288
 333821
 804447
 734587
 792610
 698521
 674927
 275155
 899466
 871955
 444252
 785363
 162083
 944164
 798700
 185005
 38597
 254645
 513580
 170289
 374922
 360655
 553493
 281085
 296853
 515980
 626437
 94809
 396584
 14860
 302602
 83628
 401123
 681370
 410029
 988164
 48578
 962417
 196502
 665611
 165336
 742100
 843971
 222169
 127234
 451266
 1031843
 1024506
 716504
 749409
 969305
 991199
 305028
 980383
 174170
 178756
 195037
 914974
 692612
 870527
 545093
 346189
 871172
 928168
 942744
 586652
 1094458
 84731
 684889
 891210
 354350
 251796
 43166
 538679
 78808
 299845
 1030172
 926370
 388098
 184714
 719532
 424387
 383283
 396039
 653298
 415975
 174671
 491679
 625889
 579178
 554144
 14048
 1005031
 250967
 373558
 199290
 107391
 379417
 180083
 124627
 862990
 165849
 832694
 286493
 854382
 1052281
 834000
 476354
 417000
 361274
 856072
 961575
 173841
 600823
 735023
 346763
 684840
 93730
 613801
 859858
 249504
 942330
 1087308
 432402
 318118
 444619
 890356
 766429
 743701
 993563
 654221
 775487
 810833
 1091475
 172760
 453237
 963306
 752464
 904191
 594387
 764712
 1042953
 794047
 787212
 457400
 196646
 532263
 1095671
 918211
 576023
 994709
 265671
 643341
 1073895
 1017653
 63392
 955139
 254930
 145120
 715185
 529354
 1015200
 483251
 169398
 1209
 581550
 139337
 217396
 19357
 17719
 678526
 611075
 324450
 152130
 92968
 609571
 490994
 953629
 776703
 483147
 1086564
 797605
 941359
 609188
 108769
 1067694
 556728
 760308
 14860
 427185
 180789
 854881
 833555
 147668
 634748
 692110
 412993
 130353
 751843
 355458
 853140
 1077967
 262001
 469498
 232637
 548363
 444071
 500820
 709636
 561580
 960846
 410876
 383617
 289954
 718745
 228112
 888337
 384404
 1062169
 566361
 465017
 589936
 486630
 293456
 946219
 676230
 46628
 144533
 52841
 610255
 567825
 215745
 242128
 868197
 564461
 153578
 540558
 1091481
 494967
 611052
 268839
 727826
 345261
 349417
 188416
 469131
 188883
 944378
 306523
 691663
 509637
 587259
 804508
 149387
 971051
 341796
 528835
 308887
 549727
 596610
 580837
 1453
 506778
 1068124
 787348
 217516
 277479
 689689
 504411
 287226
 879713
 128845
 919750
 178791
 808780
 179010
 84909
 595175
 485522
 554612
 67234
 180335
 827774
 622931
 229138
 937273
 72397
 260535
 292148
 560786
 519034
 1013971
 320803
 1052120
 343226
 1090100
 972982
 715989
 916207
 290603
 916819
 567926
 330924
 845985
 576539
 267602
 650252
 937132
 793143
 757075
 989361
 357645
 471693
 604218
 294197
 382299
 381200
 597237
 740140
 27727
 785163
 730755
 339143
 24664
 707028
 555609
 1011458
 941291
 696065
 473909
 76145
 596915
 762902
 114364
 484690
 427430
 1041435
 1073654
 804791
 159214
 155928
 138742
 1079564
 732143
 2587
 39347
 270047
 340710
 1073588
 768922
 253828
 936768
 132497
 443261
 274090
 30783
 1019695
 398091
 249677
 1099271
 163997
 470417
 511905
 64968
 494905
 967049
 975373
 1046121
 649129
 578176
 896986
 80941
 841756
 609306
 900880
 1068966
 285950
 46830
 380513
 839863
 517354
 550423
 875368
 1072955
 920777
 728310
 739061
 591925
 566647
 162680
 247217
 905888
 863616
 597562
 253093
 85917
 465492
 31785
 1039878
 356122
 300366
 904104
 114793
 753186
 1088596
 980725
 130054
 33224
 510244
 1094862
 659951
 1079222
 819589
 299357
 32918
 310251
 804547
 517323
 241151
 891298
 284511
 666391
 426530
 12540
 457426
 166155
 16534
 424411
 474733
 149856
 644535
 524946
 1082166
 746785
 721192
 901145
 1031881
 176562
 504531
 1029227
 914301
 455307
 1020306
 329113
 840321
 1036030
 181325
 769640
 736879
 431133
 629527
 697020
 39082
 41169
 1017426
 848718
 548412
 38936
 800917
 7199
 239510
 1072163
 59032
 250217
 830705
 63269
 399045
 496646
 586074
 819710
 95860
 457348
 1076788
 87924
 160091
 558208
 516042
 527648
 908390
 934809
 887730
 64514
 569559
 41067
 97047
 178906
 175985
 364661
 1005272
 679245
 20610
 823892
 541016
 698920
 631118
 698387
 947099
 86451
 519685
 359340
 634337
 416552
 698328
 171221
 521969
 493014
 159871
 899005
 167648
 210531
 72569
 710579
 481918
 1035804
 341752
 992704
 266547
 707097
 841040
 1040145
 533331
 743894
 955744
 209317
 405494
 891868
 244005
 172550
 424104
 331774
 642121
 931570
 405112
 632611
 375521
 139092
 548373
 148759
 977980
 232124
 453309
 175085
 191102
 21055
 932520
 686676
 440553
 531577
 830695
 388259
 263166
 543649
 943971
 832663
 27496
 532212
 449527
 1003205
 804326
 823788
 1075459
 989311
 207828
 363640
 717370
 52626
 557159
 1046429
 706487
 984211
 350171
 783969
 206778
 240455
 283158
 931557
 431785
 1095888
 513503
 224854
 239931
 1009235
 958966
 965974
 255522
 883893
 854171
 1097781
 1036381
 534737
 166383
 699179
 424091
 756776
 772141
 1090339
 759683
 696600
 692795
 1021724
 83462
 453168
 146771
 975862
 351528
 677342
 281675
 286216
 532667
 297666
 1008908
 794721
 1087529
 643066
 374650
 489568
 198072
 568787
 451179
 34811
 686414
 870106
 497183
 622006
 990759
 1001765
 586669
 901329
 305107
 983197
 417897
 799325
 939268
 757351
 472028
 1054582
 684723
 585454
 652870
 311496
 261521
 617968
 283916
 569805
 547857
 673377
 566774
 471052
 531747
 139275
 600644
 320015
 1028090
 495075
 325335
 460485
 135204
 666965
 335007
 373242
 6759
 1072252
 482025
 224734
 20570
 1052817
 894744
 866559
 1039817
 696222
 529774
 973166
 363914
 446795
 595718
 1040281
 42835
 29832
 673244
 656214
 82369
 86902
 171693
 736141
 250748
 345056
 1087658
 227822
 372121
 550954
 12171
 588846
 455657
 190435
 464586
 813436
 1071152
 544760
 746578
 771334
 541507
 723489
 1094297
 131403
 353687
 960947
 871820
 81664
 18383
 961536
 1058267
 316507
 191824
 13542
 831731
 268858
 635007
 1076529
 657273
 798163
 329369
 1011727
 751613
 1057608
 345613
 84913
 1060414
 680445
 89111
 1007565
 66699
 258770
 92217
 271076
 90264
 473691
 796122
 407064
 389098
 201470
 300909
 579043
 185815
 119321
 490875
 524160
 611148
 728761
 552024
 442120
 358502
 676834
 363838
 76465
 148050
 571718
 410305
 900340
 735723
 711336
 818556
 652767
 1041219
 744939
 1087657
 443582
 981127
 789411
 796357
 1076825
 335664
 37988
 845315
 303520
 372345
 854440
 1055132
 575089
 182883
 590122
 238306
 409553
 296845
