978414
 245368
 956422
 650901
 463891
 826382
 117201
 158024
 489065
 844728
 118123
 394163
 158856
 925506
 227833
 89190
 129834
 681980
 581982
 858555
 228083
 496640
 720701
 263875
 703827
 989944
 774712
 328058
 342772
 973369
 1095549
 212408
 433401
 295720
 653267
 939448
 776109
 492109
 496502
 1000625
 365649
 78988
 1092707
 751766
 557108
 207331
 932260
 572611
 115331
 471112
 140016
 1040110
 194408
 465754
 42057
 862830
 324101
 132236
 119717
 738402
 501847
 127953
 532152
 183790
 225563
 166916
 378283
 342900
 1013534
 1043223
 639383
 65053
 194513
 32595
 135232
 1046700
 225751
 865374
 220997
 723577
 763140
 467314
 216416
 697816
 124980
 449185
 836762
 993901
 581806
 432464
 618360
 638026
 639492
 570544
 70174
 98350
 290091
 879502
 453370
 726134
 226718
 657808
 285961
 1070746
 555998
 1065277
 899918
 485462
 228616
 605873
 242382
 269003
 252281
 420267
 391925
 124061
 352011
 1035356
 264881
 906944
 571316
 495121
 291754
 274031
 479601
 377032
 233314
 586896
 120772
 897654
 344241
 239875
 965481
 797141
 4503
 603512
 762422
 858750
 126735
 55265
 701739
 971506
 984216
 1062898
 1063823
 64693
 76326
 641797
 31639
 170510
 510354
 852855
 50958
 722234
 316735
 403189
 406160
 782051
 637896
 660576
 1082441
 77539
 458012
 1061178
 764874
 850234
 677823
 847147
 657297
 326411
 668334
 229284
 78388
 945369
 107425
 146162
 372683
 318167
 75767
 455186
 12775
 698952
 610253
 343458
 502980
 287508
 93456
 745387
 812996
 874313
 925506
 1056167
 587087
 633295
 766720
 1063055
 287338
 213548
 487898
 583283
 117177
 854757
 85535
 557882
 135142
 326170
 639494
 253241
 476245
 644762
 279518
 243064
 1097522
 86003
 963423
 958396
 15370
 1025983
 219024
 916400
 455248
 5744
 1029680
 604783
 264301
 481354
 582807
 1092255
 395200
 240077
 944893
 587446
 341021
 722304
 907166
 241905
 412543
 395754
 1019447
 90797
 127371
 96908
 270859
 656671
 180281
 478649
 946459
 124947
 251251
 555922
 1003263
 909269
 104391
 609424
 180557
 1093728
 89549
 924849
 778686
 137339
 442316
 570861
 293845
 173905
 286022
 127997
 41926
 917671
 828966
 860331
 573678
 230025
 752488
 338190
 98279
 592636
 338216
 788223
 671173
 645654
 749096
 128349
 273100
 250326
 261132
 245703
 579056
 91562
 4908
 533130
 543511
 708900
 536048
 955467
 337236
 820726
 372025
 221294
 206697
 654224
 48090
 697734
 316288
 288718
 109237
 698524
 385746
 370255
 420648
 744097
 242273
 733966
 709522
 197281
 789494
 695691
 1058577
 155438
 628427
 947259
 150173
 63662
 220053
 412303
 940813
 9935
 277712
 907278
 420546
 852950
 674967
 831982
 24592
 233961
 798587
 836105
 228083
 1006308
 681029
 212448
 104619
 741470
 822008
 465605
 625943
 536806
 799315
 962508
 769016
 754364
 486949
 226160
 900421
 725574
 24118
 898821
 662112
 351243
 535164
 105538
 764436
 399532
 668197
 285986
 943437
 863797
 355061
 733495
 645498
 204168
 706396
 182919
 453051
 1088555
 537184
 1088605
 457307
 302635
 698890
 92244
 796888
 567507
 1000293
 153182
 482543
 256132
 188504
 1074463
 658832
 418732
 1093870
 87046
 703143
 960940
 158019
 229790
 433358
 946017
 818716
 443909
 557384
 751770
 564456
 153832
 6080
 61849
 975429
 127785
 204413
 96379
 58383
 179852
 437884
 929133
 426983
 1061556
 785252
 631047
 485691
 863955
 1050260
 940398
 125846
 507939
 990703
 748422
 616591
 769673
 96224
 941053
 521486
 700496
 362070
 308404
 783597
 688872
 343775
 890050
 370341
 493899
 119777
 207417
 272360
 661192
 548483
 467271
 959445
 766622
 377382
 1012596
 599577
 272575
 600444
 513373
 809709
 300254
 84356
 550945
 250871
 875089
 1008336
 776885
 386029
 136143
 109735
 565168
 351436
 649668
 894347
 906384
 331032
 1022898
 163786
 598980
 141645
 567866
 476692
 301294
 866573
 436331
 231075
 961147
 916783
 757192
 1074709
 343221
 557026
 49511
 528058
 281334
 892742
 758749
 767473
 1025736
 1019319
 901438
 785786
 680042
 873470
 362183
 719602
 462019
 1085052
 679753
 398952
 627808
 793257
 818587
 453618
 511548
 952453
 162524
 769379
 246937
 760200
 836408
 730149
 20590
 820750
 794848
 489926
 1008937
 987204
 495239
 785832
 703162
 386389
 967254
 541940
 639276
 262348
 976064
 786977
 445269
 8281
 1000528
 520496
 955346
 1048073
 440635
 447921
 963275
 119784
 587738
 696899
 351738
 1081768
 461177
 257868
 343809
 663663
 419533
 524831
 914207
 684827
 314965
 80149
 668811
 1086804
 679880
 960978
 319030
 753679
 456997
 1057546
 614892
 341673
 823809
 499947
 1075294
 1089910
 69140
 672304
 262727
 554170
 358811
 296974
 772364
 834473
 204168
 1081209
 114223
 932791
 607763
 323480
 316481
 565785
 774621
 985735
 594003
 711864
 299786
 485143
 517469
 567938
 294965
 132913
 665903
 1044347
 510337
 1059160
 515407
 781074
 698381
 312074
 157314
 267613
 928913
 586349
 1029348
 400193
 661691
 285371
 424954
 1095917
 54477
 507177
 362883
 422944
 297238
 232405
 686245
 250721
 849945
 672236
 993698
 844691
 631069
 624996
 40692
 1003773
 1026935
 760035
 863284
 596928
 726845
 380765
 441677
 891931
 209679
 609362
 749251
 432122
 14887
 1012962
 890813
 446443
 900743
 810198
 290266
 995422
 484161
 758007
 454466
 47342
 450231
 1067215
 297581
 543882
 674304
 93013
 905720
 103370
 1056512
 233242
 795470
 126726
 626330
 949762
 1050189
 873973
 513771
 924004
 339606
 730023
 264527
 953604
 490249
 709507
 869169
 578695
 437806
 755700
 298961
 710959
 476253
 929289
 870240
 113782
 605138
 396921
 805054
 708198
 101066
 1024875
 540208
 286816
 332515
 647744
 651719
 14826
 771466
 35313
 618216
 380415
 1089330
 426494
 724963
 233309
 62276
 631354
 460410
 14120
 77864
 379067
 663332
 737988
 666252
 1091966
 293707
 235895
 761406
 1038174
 746644
 613423
 863801
 35204
 254667
 221353
 495503
 716370
 962323
 525212
 168787
 70209
 947445
 329986
 267899
 382458
 1098313
 518051
 346591
 989441
 846534
 271781
 587771
 333576
 620505
 70067
 75322
 149896
 895337
 912144
 113299
 260198
 376744
 223985
 98648
 351251
 637919
 1058574
 148023
 1037385
 616216
 710941
 1084390
 1022174
 1074907
 424111
 965499
 206202
 584222
 464253
 86154
 730671
 911004
 661822
 664425
 337012
 386608
 141194
 634335
 567353
 726724
 162587
 632571
 587498
 961100
 82531
 406116
 586332
 879366
 909926
 839766
 487228
 823137
 963195
 7356
 848048
 876516
 1075308
 966698
 1039555
 858087
 837319
 300346
 543125
 312852
 558306
 865787
 895877
 713799
 1081457
 1090680
 78026
 319176
 599958
 515338
 161768
 1025355
 108648
 980531
 1032959
 468718
 954358
 1066778
 1027038
 1041195
 538216
 929258
 334637
 178795
 540341
 698782
 198180
 393582
 591789
 935658
 789833
 126425
 1024111
 425674
 31563
 150435
 360220
 995882
 695800
 1024985
 810910
 538925
 189029
 372795
 685600
 343978
 803967
 328113
 843910
 350203
 497933
 445764
 65704
 397787
 1012280
 833225
 901353
 991420
 287254
 777982
 851891
 743528
 331369
 512645
 803496
 858737
 642940
 860581
 816083
 93048
 265544
 157294
 48634
 719559
 514919
 387972
 720960
 833662
 483664
 685305
 139442
 595762
 355619
 629838
 960031
 963343
 841450
 751686
 971723
 585560
 974502
 574406
 989886
 53220
 286052
 600993
 603478
 597110
 547132
 206716
 849350
 836806
 37753
 623290
 374939
 532895
 564505
 449077
 420043
 751469
 955967
 425454
 438988
 330862
 547905
 607661
 196676
 1023262
 961065
 297726
 992089
 806308
 1021653
 375284
 978776
 267199
 876684
 591060
 274389
 442931
 459669
 816164
 511151
 829840
 888493
 762384
 649002
 74931
 160817
 824265
 93198
 1066103
 1044680
 987514
 938823
 1039568
 658722
 1024921
 1099839
 825030
 795698
 364046
 754341
 556334
 965507
 941517
 503438
 841951
 859707
 866561
 1077458
 847669
 752286
 46689
 922615
 252713
 198755
 557648
 486376
 791971
 343901
 902300
 105356
 156717
 741607
 411739
 978669
 244384
 817443
 144645
 353978
 818250
 252412
 705852
 1097333
 943964
 120242
 615425
 547137
 835543
 61484
 555420
 556958
 586029
 269879
 1004626
 35677
 848058
 370654
 782877
 167088
 876380
 917865
 712434
 22419
 204469
 325019
 1037031
 680699
 194693
 984336
 193911
 33311
 969588
 384148
 395446
 183973
 745416
 650804
 1065565
 508070
 348236
 550567
 83020
 470295
 874149
 640823
 103336
 521000
 386690
 428804
 288958
 621629
 556844
 36688
 846952
 8803
 1093869
 533666
 89832
 958598
 653630
 788763
 144355
 737190
 859663
 170195
 1020084
 207685
 843768
 231642
 1027572
 529678
 1072588
 149252
 178646
 609809
 629778
 258611
 635559
 286691
 551921
 10709
 274927
 530823
 522375
 777725
 511850
 798391
 246470
 357418
 849718
 643713
 24351
 414595
 793610
 567153
 862707
 274049
 766399
 599911
 235405
 691885
 76589
 813459
 155906
 646742
 767436
 742112
 67444
 755158
 551986
 763691
 159026
 668885
 1066253
 47381
 45521
 29716
 975960
 77353
 95662
 667525
 257567
 997383
 468460
 990315
 179702
 770296
 228484
 763381
 697973
 1054116
 491830
 849064
 593153
 490374
 82867
 344760
 864056
 973428
 522397
 406423
 526239
 136456
 495540
 666715
 328413
 918590
 111
 732914
 888788
 288452
 796570
 925551
 979989
 375142
 243522
 30625
 268127
 168709
 579872
 771498
 23251
 51215
 904800
 121236
 339352
 173002
 722861
 306089
 1001698
 925537
 1025539
 60588
 427847
 1039015
 496023
 530430
 827148
 1085602
 9803
 250020
 675272
 93754
 487316
 582539
 165315
 946246
 114002
 770765
 1014603
 405972
 643717
 1056967
 324179
 16420
 892131
 698666
 35826
 887470
 46638
 737439
 113164
 409683
 977866
 866190
 407218
 268766
 981927
 48261
 170291
 300528
 67826
 314811
 1052618
 977960
 318101
 572355
 199113
 570309
 932045
 970091
 676296
 752835
 493551
 449746
 309237
 1041226
 113508
 446322
 925584
 846386
 668636
 367490
 159620
 45765
 402480
 966227
 1098723
 390481
 298086
 242722
 930894
 1045901
 732754
 371044
 555567
 1060068
 118821
 751442
 560234
 493183
 563131
 886579
 116089
 470346
 1037452
 217950
 190687
 921680
 403127
 974751
 1022359
 628866
 803663
 178787
 928815
 181326
 927477
 276622
 981409
 894522
 764632
 676046
 324343
 124715
 583151
 165483
 176814
 929965
 717788
 850308
 668203
 1051019
 281208
 186377
 916524
 883084
 508013
 587785
 184378
 812866
 109788
 459093
 541779
 992840
 487052
 116284
 425065
 621962
 136517
 875438
 115784
 652496
 1047668
 1090755
 236396
 257139
 880910
 619535
 161609
 3360
 649886
 240168
 394948
 991726
 295802
 556983
 922257
 237933
 313814
 556764
 1092698
 61226
 950847
 797906
 730584
 1093854
 39498
 494060
 303931
 148716
 645390
 319649
 799413
 873538
 439174
 325161
 487303
 568191
 949022
 895822
 139392
 407376
 211812
 965793
 301012
 320689
 391109
 581767
 155290
 274370
 1090255
 890093
 491226
 474952
 809889
 590743
 361405
 362491
 405748
 299833
 893524
 369555
 902850
 319390
 545935
 939265
 827421
 772319
 344076
 497474
 612882
 92958
 928989
 609046
 5398
 764395
 317169
 908914
 933943
 1016229
 844661
 44072
 667930
 942064
 327338
 690140
 171422
 308333
 908517
 1065864
 420573
 522709
 237170
 1052480
 150266
 1064352
 1011688
 760657
 670790
 1001304
 200001
 361055
 508663
 562291
 272529
 318430
 710824
 210020
 928438
 144557
 805093
 1062679
 661931
 533876
 193482
 723620
 801271
 349245
 326510
 187044
 645108
 982120
 784689
 1025978
 796764
 763171
 1031608
 105884
 485234
 391954
 885888
 445827
 624195
 98104
 396078
 146391
 274661
 95674
 379078
 669125
 767034
 622641
 330639
 32650
 83341
 920471
 198513
 205470
 828703
 191989
 71030
 575387
 931563
 638169
 824667
 489689
 374595
 271775
 926754
 696026
 610880
 757240
 949957
 1010965
 604952
 59002
 779391
 92793
 175678
 925251
 453128
 103775
 589580
 102242
 1082766
 759602
 605649
 925935
 172305
 2249
 116618
 1052405
 956923
 1094697
 1089885
 686458
 232158
 16461
 569688
 838667
 1063745
 995296
 65540
 1090961
 159232
 216123
 359606
 99706
 489971
 1029647
 639784
 846237
 133408
 279146
 595513
 707183
 778819
 702659
 383196
 37264
 965874
 745780
 515254
 1052605
 1096425
 36906
 460863
 965972
 1034820
 997510
 314637
 345641
 598878
 1010289
 251020
 681678
 91889
 293648
 371580
 198175
 252130
 627563
 329488
 442816
 439973
 469810
 543533
 479453
 788133
 113478
 618998
 711935
 951605
 297318
 791014
 194595
 627543
 5787
 844295
 901526
 483413
 239823
 383060
 694816
 284292
 951827
 666526
 435497
 42789
 685586
 582427
 102416
 313008
 1058018
 174873
 1059966
 1041584
 67147
 284459
 494106
 361354
 482109
 995896
 1039454
 492283
 297333
 439427
 901969
 816246
 835251
 926031
 328706
 137550
 460942
 1056478
 616796
 762988
 745757
 5031
 841318
 1082288
 28342
 308337
 119966
 367188
 597744
 1096032
 1017741
 915496
 416019
 329907
 859595
 8469
 79222
 798235
 1013453
 105007
 52601
 437358
 825494
 186764
 548642
 1031639
 972291
 675062
 754174
 131574
 1096028
 749988
 939379
 1029209
 732711
 683484
 133139
 363461
 721397
 699298
 248603
 801006
 691403
 403325
 577430
 789113
 952379
 924928
 409704
 1069729
 536528
 191967
 463865
 485821
 398447
 699510
 118183
 855247
 983672
 956882
 937638
 84991
 611777
 597044
 221334
 537131
 411129
 724967
 245872
 150503
 565182
 398654
 456840
 43565
 910416
 93583
 826021
 651303
 344509
 1002743
 739268
 379554
 669440
 96725
 499419
 839775
 139959
 246241
 985452
 365640
 1043155
 918480
 75909
 850101
 348497
 976951
 998878
 796669
 978613
 1000818
 263283
 771988
 140114
 429476
 858716
 348228
 952686
 82303
 749546
 598133
 1011227
 467124
 419745
 1057890
 225423
 825028
 736938
 241107
 550569
 762309
 480083
 1099813
 449688
 231117
 344927
 777447
 1059484
 690440
 869514
 1068785
 837656
 18386
 663991
 422297
 730747
 815280
 263853
 393579
 593515
 385419
 576811
 1021069
 778760
 693099
 769207
 508158
 123285
 967459
 764151
 862265
 123165
 713864
 648138
 281901
 210366
 59080
 296223
 780571
 591076
 674244
 87208
 868813
 301503
 218080
 397097
 815694
 312550
 356298
 524115
 809104
 174330
 110473
 1052055
 970983
 974566
 1076514
 381134
 45461
 387535
 386855
 777826
 126305
 756130
 86524
 54996
 794856
 716085
 595369
 795838
 130666
 750780
 447421
 889527
 513958
 818888
 325339
 1007156
 232650
 897600
 476887
 997849
 910691
 381492
 274278
 626854
 962524
 589697
 428336
 577908
 355237
 547750
 752844
 755215
 432336
 287141
 907515
 220755
 243002
 273155
 155886
 855137
 1008111
 549086
 5204
 477643
 633598
 830462
 225837
 317014
 463725
 294878
 990839
 12129
 1057406
 674415
 655866
 559754
 903789
 578172
 478528
 284483
 222617
 886226
 347596
 195608
 319055
 785480
 483431
 1081496
 189973
 1058639
 633220
 49324
 298742
 669349
 236485
 157094
 969514
 1024404
 763799
 396127
 337493
 364258
 134548
 920761
 993125
 765972
 112304
 958756
 801114
 429181
 539153
 738132
 866623
 1037305
 117531
 1078043
 311779
 925321
 1045271
 426470
 792050
 702150
 682680
 954738
 776212
 917009
 997282
 279824
 458627
 32137
 45900
 716620
 715549
 490283
 617663
 647849
 1039970
 965162
 29906
 532485
 393763
 1013394
 184867
 142168
 762276
 948589
 58285
 330466
 52691
 208135
 349509
 1090506
 189219
 462280
 395307
 863885
 53785
 167470
 314181
 912384
 1022270
 314574
 681087
 497457
 94355
 787324
 864435
 627084
 731880
 843520
 835771
 453528
 907764
 114561
 21313
 850249
 665993
 100488
 548833
 373293
 442382
 1005075
 652162
 373333
 29504
 628627
 610407
 549045
 570372
 443545
 631808
 669112
 746431
 539283
 962024
 485214
 965192
 1055182
 86713
 1086768
 838727
 957683
 279064
 979132
 354544
 285665
 614909
 31324
 582121
 606080
 1002554
 334041
 533079
 655909
 509210
 290938
 365433
 542142
 246308
 812684
 23991
 326530
 798469
 467821
 755474
 202719
 829604
 565087
 758027
 386352
 597992
 716917
 353604
 177714
 297764
 484869
 309849
 237946
 690429
 889103
 864734
 363721
 482519
 750984
 411774
 496421
 99121
 920818
 456678
 271436
 23924
 838348
 551729
 877797
 679538
 227348
 853793
 235784
 334303
 863837
 383
 307069
 133225
 238377
 703640
 857137
 744535
 807129
 361835
 570198
 2665
 409921
 877690
 650124
 488774
 976669
 10891
 290438
 729540
 39717
 539650
 514864
 956382
 647241
 879551
 349286
 270403
 1097711
 506529
 55322
 441508
 798809
 965021
 708887
 332740
 924064
 810626
 968215
 672847
 38920
 382944
 41030
 1029266
 1002242
 986276
 28991
 281989
 521923
 31757
 662677
 266585
 107402
 284023
 919041
 610482
 938925
 753324
 1033639
 308990
 990802
 631147
 474407
 7176
 891303
 956347
 228245
 880345
 35345
 1097572
 28437
 468385
 1044573
 212818
 178562
 55167
 696764
 995319
 671977
 315858
 198127
 1022842
 838650
 236563
 621132
 390273
 682404
 88312
 62525
 742232
 1024744
 297037
 631409
 64598
 856433
 279677
 267253
 844133
 313550
 439658
 943400
 927582
 420222
 574279
 147890
 574851
 66839
 1095222
 853173
 819637
 1039054
 651997
 585621
 655551
 987863
 663195
 460217
 897063
 983638
 698475
 567582
 985871
 68371
 674403
 707917
 810023
 3662
 965041
 455962
 765944
 632974
 934009
 517419
 522430
 151318
 838234
 543755
 1007830
 585543
 789732
 757216
 48096
 308665
 722463
 375673
 72253
 880082
 86092
 286780
 550624
 423146
 234858
 451107
 131615
 233933
 682654
 944281
 1044904
 112119
 997741
 622069
 893797
 642883
 951868
 18819
 615846
 24885
 138435
 700056
 422519
 915691
 425174
 370633
 723445
 151874
 314654
 27401
 1068942
 663251
 59253
 1079108
 512664
 444532
 805561
 1091326
 169463
 534164
 957662
 816986
 864093
 823282
 128245
 515815
 486664
 404585
 564769
 428559
 890086
 609471
 354092
 546245
 954300
 586567
 528496
 308474
 577893
 943780
 542796
 1055502
 692028
 696790
 474302
 175039
 500507
 1099281
 854218
 400030
 771264
 866989
 832619
 409948
 271599
 82255
 469427
 885179
 400945
 655451
 1027564
 181691
 984447
 915012
 112858
 673723
 107615
 558581
 72404
 676508
 404599
 270422
 59800
 328021
 1020419
 31558
 758687
 305146
 17817
 274628
 658073
 948691
 227261
 544848
 63415
 926116
 398326
 183313
 367219
 250919
 432292
 832188
 676924
 494643
 276179
 674550
 860560
 432647
 604231
 279016
 70729
 297382
 512382
 792547
 445463
 80510
 992056
 16286
 870794
 1015036
 152546
 1009474
 439896
 470413
 759189
 1020822
 263448
 554585
 110506
 201712
 610035
 639688
 665363
 202339
 680449
 645642
 390134
 115298
 1094855
 1078829
 718567
 821458
 8395
 83950
 326918
 741737
 40350
 546037
 923590
 1010642
 632313
 218918
 1098007
 547724
 594279
 363913
 677475
 948312
 890394
 540831
 13926
 1082002
 429662
 1056329
 1091998
 258672
 649742
 705346
 940643
 525669
 413208
 975923
 471699
 1049339
 1071471
 138476
 413696
 987466
 359784
 360889
 921351
 515565
 1062900
 1055964
 498057
 238051
 583329
 615020
 1064707
 1087716
 648378
 907117
 1067743
 683673
 528183
 360142
 737311
 584716
 586664
 390775
 516309
 100378
 957084
 796956
 1062598
 235892
 243017
 541573
 1002822
 403850
 173056
 121154
 50730
 789075
 150856
 148318
 205705
 902384
 589666
 465526
 422853
 63398
 423041
 741954
 1035871
 942761
 976290
 205330
 327237
 738910
 169871
 1050756
 67171
 861051
 346686
 739054
 902044
 524160
 558662
 492999
 961308
 117748
 111502
 1002988
 138214
 651190
 1055595
 393492
 116897
 427306
 558536
 237476
 939229
 509240
 324627
 338192
 591901
 454059
 488787
 305658
 731803
 1034071
 674938
 1013491
 152458
 1034928
 178180
 794580
 684173
 1011165
 416883
 663325
 346938
 698664
 152010
 579808
 367851
 637509
 15061
 940857
 522319
 582714
 71
 878866
 788939
 227230
 61017
 810773
 890079
 29175
 436914
 1058432
 1018401
 429616
 666528
 688361
 415689
 545600
 607685
 759347
 852048
 350007
 586233
 261920
 940787
 970215
 855738
 661978
 900746
 1048834
 296956
 242759
 248479
 476114
 36891
 976824
 945105
 241410
 1084314
 898393
 240520
 29779
 905021
 665025
 693853
 967967
 786179
 883882
 13165
 496639
 439364
 804068
 432998
 972766
 970063
 250098
 82107
 813090
 445958
 372033
 636609
 601726
 889192
 844603
 621245
 609512
 845223
 558797
 635336
 25630
 526005
 944291
 381746
 107119
 641546
 51969
 577132
 892617
 411930
 809700
 533128
 761424
 306028
 1027520
 43280
 16119
 742970
 773459
 880341
 264789
 859916
 1086218
 905494
 701230
 245081
 889216
 712593
 50742
 1016805
 658379
 272144
 615893
 958015
 740834
 538255
 730
 309511
 288545
 982930
 865652
 376373
 103672
 609484
 817763
 1033539
 575385
 679515
 830708
 868245
 557217
 671800
 634244
 472569
 188542
 915264
 989861
 167116
 721200
 789220
 771773
 999129
 500842
 95264
 531206
 977203
 819798
 874185
 548711
 1069495
 181779
 480560
 55999
 793879
 900840
 559810
 727242
 258626
 942054
 613878
 297164
 78359
 64372
 571915
 293903
 68817
 243110
 1025304
 545390
 622190
 665180
 472376
 512594
 21996
 965912
 789689
 232651
 647378
 534972
 541632
 860781
 501723
 508523
 637120
 803066
 566873
 1026862
 88580
 326007
 101156
 724066
 730345
 649526
 1054021
 478978
 397686
 2366
 973794
 846662
 349511
 648446
 1000814
 1008596
 1017518
 249855
 835469
 275933
 274928
 963654
 818221
 227543
 391272
 579396
 167436
 127548
 549268
 536956
 1032892
 1051966
 733928
 562174
 251541
 721464
 864226
 67723
 350822
 319712
 919908
 294053
 980346
 1010403
 918454
 752250
 767227
 803481
 491926
 314815
 957262
 225344
 456302
 161938
 368066
 1059903
 966375
 541024
 299704
 248750
 70013
 1083220
 250875
 906888
 98459
 128554
 440691
 545788
 326612
 147585
 832868
 313239
 67475
 750741
 470094
 520968
 949836
 332399
 333715
 556255
 739587
 939569
 57813
 441191
 223301
 446175
 865087
 700040
 820421
 559236
 100035
 654387
 605314
 216607
 1022839
 92778
 728313
 350648
 954495
 1696
 186362
 383975
 43779
 665892
 1045454
 725711
 1073973
 561771
 903922
 505634
 645269
 149463
 113523
 689968
 542902
 221394
 1066120
 423610
 554499
 554440
 583190
 725168
 592394
 541745
 19924
 788486
 946824
 1051299
 603999
 462010
 1045777
 762615
 1076447
 83183
 586781
 143601
 605775
 174218
 773463
 672830
 578122
 753352
 1003897
 956238
 280406
 1031731
 725746
 764573
 614401
 250121
 851943
 285418
 943425
 807389
 944245
 845253
 493422
 20128
 91753
 605120
 135302
 601968
 577659
 774389
 1094525
 1052949
 276019
 803586
 699429
 34954
 591191
 353119
 581856
 925273
 387601
 912029
 1051138
 1044236
 265696
 930629
 354970
 574863
 1068626
 817169
 925578
 154590
 574783
 654300
 608368
 811954
 25180
 265005
 935430
 505345
 924585
 461587
 235176
 513980
 1077374
 549239
 818720
 358365
 336949
 26952
 317899
 1039710
 495486
 252366
 1013322
 130619
 214401
 1060255
 809333
 879320
 538029
 654066
 93990
 455970
 607236
 50019
 797117
 268066
 577472
 224602
 570699
 564568
 143802
 924599
 266234
 509899
 119047
 869018
 775102
 808183
 657960
 570575
 202506
 460667
 200007
 982009
 994329
 528379
 630032
 767352
 618373
 892490
 438188
 736710
 759812
 193156
 164518
 473297
 380675
 1085597
 698259
 782138
 31946
 329573
 318912
 694136
 822826
 729679
 358392
 45100
 1048816
 800677
 457710
 262106
 729027
 821583
 128969
 359027
 263465
 89416
 698605
 919283
 453157
 723183
 869542
 401368
 160982
 124058
 983689
 803295
 848807
 1045692
 479668
 233826
 770997
 192292
 989268
 219446
 138544
 915245
 71233
 945241
 966657
 514221
 721514
 609078
 38117
 296433
 304124
 973777
 736282
 439760
 1029545
 808895
 230445
 513981
 883735
 867306
 349987
 322778
 785097
 417521
 891655
 41573
 768405
 527332
 548566
 556640
 350622
 668235
 604707
 898332
 886570
 699886
 56867
 295576
 620873
 971739
 263891
 497671
 472492
 598502
 96986
 202195
 389579
 719922
 107460
 921390
 409269
 203015
 28257
 357752
 363729
 699560
 827934
 385959
 67493
 427448
 420620
 774597
 748575
 402838
 794423
 71271
 808534
 555718
 470395
 18458
 1003216
 716208
 1018683
 1024011
 514285
 803181
 966736
 181060
 297801
 246565
 315921
 1070257
 707767
 956131
 325486
 304055
 181703
 825584
 1045399
 140199
 966524
 978589
 180606
 795117
 58269
 302832
 766688
 237833
 94663
 502349
 763414
 92160
 494102
 835459
 372850
 571147
 531775
 193846
 1010074
 1007575
 657168
 169328
 259977
 1085174
 533616
 525715
 171284
 819298
 487673
 674760
 837683
 858521
 716145
 702157
 684013
 841481
 126918
 896196
 265277
 106701
 356328
 770659
 302841
 165761
 544137
 724558
 440206
 672621
 239593
 85928
 19722
 915311
 1014087
 324816
 775162
 1004713
 1087794
 871574
 989931
 679280
 681857
 596999
 721331
 280674
 239588
 957074
 298188
 708438
 774658
 987554
 826447
 123948
 302023
 274395
 122239
 961205
 413832
 767477
 844269
 388015
 671308
 684852
 499196
 1080656
 808918
 955256
 168666
 412047
 213839
 918681
 242979
 524287
 888884
 378552
 287332
 886787
 279959
 266825
 375953
 858826
 180094
 533597
 541413
 520404
 467399
 318796
 52713
 913599
 291568
 782000
 4642
 670673
 685147
 378670
 130967
 223424
 735120
 711835
 166896
 780566
 246363
 749895
 197757
 786045
 203150
 893470
 1062571
 980354
 1080795
 68600
 794596
 744873
 434015
 744992
 599923
 839270
 116059
 780883
 68025
 639695
 698064
 802286
 148691
 468094
 633626
 695475
 171643
 388301
 947540
 567703
 720535
 611330
 174031
 195669
 704695
 180736
 1037112
 363273
 871179
 131523
 923333
 595963
 104012
 867217
 284710
 509901
 944356
 614621
 69544
 300607
 810835
 180889
 776005
 212985
 933487
 485811
 769679
 1077547
 751319
 406395
 947724
 1028076
 657176
 768290
 934473
 739387
 484707
 1074322
 33705
 1009098
 932160
 108527
 161565
 1071213
 943524
 716899
 728597
 624680
 269938
 682649
 104157
 510710
 43713
 1098486
 730777
 836709
 825104
 899917
 605094
 898119
 56617
 239284
 619353
 499532
 292870
 547083
 260640
 848762
 378670
 314559
 579352
 642490
 306830
 993941
 913455
 623238
 211363
 310354
 38163
 289284
 633908
 306200
 535864
 114287
 7912
 465499
 428145
 1089836
 429132
 799337
 727329
 576432
 667917
 1079991
 923880
 634855
 734004
 449649
 467121
 289870
 91011
 453715
 526462
 860242
 1030574
 298336
 316369
 652877
 572886
 1072485
 499564
 228534
 467462
 628721
 1015426
 527481
 821404
 655139
 78800
 774482
 524432
 225095
 492668
 976333
 20831
 604124
 14608
 869074
 636103
 293571
 376464
 496575
 1035004
 215810
 861159
 548795
 681374
 846000
 280914
 767362
 159680
 535617
 666113
 90223
 167405
 83176
 790950
 140209
 984322
 346299
 278913
 263650
 965636
 684677
 1075703
 549981
 210903
 848319
 630582
 183745
 454439
 329360
 421292
 966193
 537386
 20252
 942637
 551607
 968369
 1029592
 1029411
 69994
 708252
 245251
 375429
 893028
 893013
 147452
 774424
 504016
 528939
 257411
 331974
 1034715
 957797
 946861
 848016
 401597
 403433
 4995
 1339
 125837
 104204
 960769
 182551
 468142
 1039792
 813145
 8234
 285497
 991415
 772174
 150363
 582560
 315734
 10642
 100130
 157160
 382178
 769799
 383609
 822242
 546987
 6739
 1041833
 197164
 674622
 335407
 379813
 508585
 644864
 542935
 421089
 129660
 769353
 629552
 552999
 910766
 865411
 755691
 191285
 815533
 191896
 852731
 50918
 718030
 846878
 104808
 817972
 961579
 1072936
 665097
 883558
 777255
 554408
 116564
 613367
 230386
 497020
 432959
 838489
 1099593
 427676
 545180
 288189
 965199
 672328
 902799
 375493
 992920
 370087
 718708
 793396
 71452
 16341
 342630
 116181
 423898
 622313
 833439
 348046
 763272
 502611
 591467
 521594
 615063
 573783
 609693
 606232
 440761
 759795
 350936
 643191
 996608
 234499
 1033807
 917248
 64062
 508517
 439381
 525481
 859785
 1070866
 467198
 1084805
 362815
 751510
 809268
 790194
 251840
 223290
 838747
 1010159
 983076
 1063348
 593727
 930433
 48028
 161346
 239644
 112401
 956394
 893308
 897867
 162525
 669189
 352143
 979200
 273011
 1069786
 270944
 781683
 42124
 586889
 215718
 1026324
 703999
 71377
 859757
 648793
 322027
 1081946
 816612
 1029705
 574132
 50332
 994285
 652768
 606836
 976483
 655943
 433874
 737529
 343794
 36041
 592656
 1045494
 870938
 431229
 724315
 922325
 894852
 732493
 95954
 851808
 204701
 126793
 588804
 312226
 728306
 701335
 318642
 1091909
 1035034
 138522
 152304
 541575
 948683
 1019793
 1006984
 246567
 94532
 538758
 1053752
 293454
 1036848
 110429
 361351
 311061
 161966
 478776
 306350
 571521
 705372
 597937
 217981
 569940
 108168
 1065638
 60092
 876981
 768154
 384885
 172844
 296983
 800960
 27270
 959360
 601005
 575975
 504396
 1018233
 623412
 561540
 236662
 172838
 800002
 398137
 160552
 994678
 668449
 302585
 774474
 523274
 857719
 196981
 1073444
 114306
 767214
 672972
 217398
 1028574
 738324
 522269
 510395
 858533
 569089
 790559
 348053
 543918
 930948
 39797
 6613
 301055
 743273
 827491
 329678
 632068
 35842
 900937
 438546
 1025138
 285110
 239649
 774851
 800631
 226374
 156085
 367723
 783960
 405807
 687717
 34835
 138867
 1043257
 664973
 257455
 534008
 338593
 255810
 1027548
 837890
 930466
 908006
 790756
 991301
 267697
 202955
 100204
 293307
 900082
 925165
 710908
 230427
 312106
 360045
 436471
 743679
 332198
 420791
 492438
 537428
 1074487
 521401
 830527
 403236
 722834
 902212
 250398
 649828
 465990
 5225
 911983
 204242
 445290
 392452
 274110
 424342
 929087
 186041
 259396
 777064
 360217
 783123
 1094266
 884325
 375429
 732501
 1030016
 670596
 389907
 907145
 625391
 852598
 468415
 385594
 201102
 959092
 406302
 332555
 703047
 64604
 491174
 981635
 427584
 965181
 1075126
 419647
 158990
 277703
 116750
 767331
 859688
 756534
 363738
 470255
 657388
 964311
 531680
 581224
 1011376
 87472
 1026886
 740627
 49580
 309611
 144637
 117542
 87531
 44451
 837766
 905113
 1094417
 255034
 533376
 634812
 53883
 383725
 1091393
 370870
 288909
 1016536
 1043582
 1094698
 784343
 618606
 781869
 647291
 535458
 494154
 979715
 432873
 918335
 907325
 561053
 547987
 659815
 1057552
 566832
 771512
 813528
 288827
 125926
 69494
 439057
 730106
 808559
 641452
 1058691
 702982
 710977
 456658
 96620
 101742
 575898
 1007428
 847648
 157862
 778720
 449222
 978649
 229073
 674227
 912328
 649441
 86026
 559003
 668524
 719033
 677630
 931963
 8150
 589167
 1037538
 619164
 667796
 880130
 975486
 471828
 211678
 985386
 497959
 554071
 334930
 587810
 332556
 962069
 1060596
 794003
 1068547
 311462
 382363
 920327
 8833
 593593
 103820
 591110
 1037407
 711254
 1050127
 854416
 511641
 152767
 935522
 490102
 240448
 859710
 362181
 953821
 57902
 273576
 95340
 3720
 1061737
 822956
 1058050
 1079316
 722591
 144100
 523333
 1054848
 23854
 710108
 66749
 290824
 796052
 144045
 746321
 1095127
 384016
 213165
 889836
 823377
 684104
 937391
 142680
 104125
 773704
 173529
 528985
 924010
 567660
 797110
 426754
 941518
 188588
 403540
 442343
 14721
 497634
 75060
 479658
 329032
 676738
 478053
 535814
 17692
 638174
 780385
 704214
 58291
 512481
 1054667
 210322
 1093339
 400116
 800851
 770729
 808205
 609347
 927800
 548837
 1031818
 49374
 932405
 1074626
 24164
 352294
 256893
 129218
 88320
 1002260
 459850
 405672
 923512
 931775
 160425
 627143
 1075811
 2732
 566111
 61670
 859734
 2512
 23209
 622973
 74902
 1076114
 948694
 690649
 872248
 926251
 456485
 240641
 20538
 458719
 878824
 963107
 678407
 721853
 212012
 373295
 266348
 321720
 719069
 465849
 585457
 434406
 84085
 1092852
 696321
 413138
 1025554
 288014
 508487
 738612
 1054464
 653954
 472356
 167040
 739475
 785227
 390539
 595682
 1015160
 332577
 805513
 131027
 686523
 206448
 631134
 497471
 550626
 948521
 933918
 497133
 47947
 56286
 98407
 692244
 506148
 461902
 339817
 728232
 339731
 166364
 263185
 704015
 647407
 96193
 137089
 653918
 68122
 660978
 534317
 615378
 476260
 889911
 761786
 786731
 115843
 437545
 683908
 19601
 260453
 198394
 667915
 767011
 269898
 155990
 405909
 372724
 993745
 546940
 728419
 125810
 60894
 499709
 532342
 230775
 859247
 250716
 260130
 898389
 860705
 879981
 77470
 577376
 513789
 859705
 1016012
 202422
 26118
 100835
 924747
 60808
 956658
 289599
 704119
 88175
 184955
 407619
 1099590
 459095
 22030
 441963
 331759
 123444
 842669
 69031
 934985
 870423
 226543
 736787
 319414
 1039487
 939664
 818490
 954059
 372819
 763746
 1065944
 620080
 359494
 29359
 275851
 908279
 201704
 250989
 138545
 502158
 323662
 880031
 271749
 639076
 558524
 1033524
 279832
 975605
 263230
 929419
 853090
 829040
 317711
 450977
 402127
 916990
 331976
 926413
 389572
 296638
 530694
 170753
 44492
 90913
 870726
 755692
 462402
 782789
 779436
 688277
 585230
 426576
 140825
 119037
 191265
 490670
 670538
 868590
 138260
 266680
 397501
 1094041
 201176
 533723
 558550
 952583
 877009
 216054
 303066
 471796
 31062
 920411
 634490
 1051213
 189757
 635788
 1084595
 1049111
 907721
 1081979
 1034920
 593967
 266253
 423883
 301295
 577533
 149394
 560360
 394213
 112173
 577881
 570369
