462812
 48564
 213258
 690346
 763788
 640109
 982208
 191717
 329456
 410162
 170924
 24422
 231269
 1091744
 172858
 222035
 540777
 783162
 1075520
 512787
 303419
 889388
 532397
 64368
 665854
 71843
 437479
 166485
 102478
 585107
 433080
 513309
 656617
 564343
 465679
 403456
 1048525
 784224
 155622
 146027
 523264
 588133
 150826
 402428
 851814
 187007
 26096
 297031
 79103
 209681
 834360
 282050
 376810
 832532
 206486
 644097
 813305
 216014
 654154
 202370
 445033
 689003
 185442
 620345
 443136
 650292
 726122
 867674
 934883
 893840
 619639
 989082
 786624
 715306
 479194
 1000309
 319985
 266269
 582517
 94514
 869400
 455693
 176134
 151320
 263810
 211709
 470699
 866101
 384158
 223344
 605272
 626425
 332988
 72599
 214500
 393098
 216938
 837734
 212049
 402050
 711976
 561449
 1017464
 895854
 593163
 1073192
 798308
 760570
 1099025
 544731
 666430
 961139
 687614
 794017
 438608
 641625
 414374
 282753
 660743
 524474
 75394
 535771
 667589
 291168
 397146
 725529
 430367
 125233
 183623
 471002
 848208
 760574
 873704
 357608
 247750
 1090037
 838724
 10788
 395443
 229351
 651386
 1089375
 841749
 766073
 865320
 403018
 355392
 72933
 1023501
 381562
 823533
 340462
 523690
 836401
 157986
 1048865
 81561
 902492
 220508
 16208
 1001232
 901546
 651319
 1043798
 649854
 348385
 155422
 66555
 87897
 116262
 761952
 76908
 191651
 794740
 603021
 464273
 710685
 880035
 582940
 64902
 93801
 334642
 28867
 481313
 223305
 895859
 1018733
 1003197
 266548
 593327
 42721
 931096
 329062
 1008928
 263898
 1039741
 915433
 820733
 772855
 770830
 397806
 498795
 94259
 1024524
 430657
 91508
 800052
 258437
 432915
 335241
 59496
 431293
 780439
 78245
 599394
 978926
 119398
 919974
 404630
 845348
 541367
 497817
 998480
 211151
 575133
 289932
 755040
 10255
 302983
 323033
 18654
 870672
 375127
 872378
 594402
 174203
 410616
 253246
 38853
 695438
 402916
 518795
 596411
 1086726
 1089711
 1044210
 229657
 915102
 875886
 432776
 608988
 303082
 58997
 617811
 881565
 850443
 465445
 725821
 651848
 1035117
 808571
 471430
 408878
 703786
 346773
 78324
 400645
 256437
 669083
 420422
 263453
 689282
 700339
 625525
 714539
 331587
 240565
 197389
 81301
 1016808
 385011
 1099855
 262804
 839396
 861118
 992332
 441602
 1090976
 1049045
 1076808
 1052023
 254033
 981919
 1007520
 112499
 575558
 391333
 778442
 763715
 454932
 749383
 729151
 1064094
 400919
 998133
 622471
 998923
 189075
 859581
 474405
 411103
 706612
 101069
 740803
 945618
 374253
 609158
 298910
 789058
 493776
 662400
 1085847
 674980
 384512
 1027620
 407629
 92731
 132464
 864329
 991419
 903302
 212980
 803721
 551661
 729255
 867579
 478722
 837852
 1019978
 35465
 659157
 902685
 300606
 448197
 1036065
 872309
 1005572
 582017
 1058448
 364606
 255318
 1086477
 630825
 26403
 1031156
 1039530
 1094046
 177049
 800970
 254131
 1052838
 1010781
 474684
 524024
 822690
 16671
 1005482
 33723
 382156
 701525
 94393
 948053
 962869
 537233
 544038
 317692
 72491
 468664
 420227
 99158
 367696
 959034
 358545
 553962
 230133
 740850
 923904
 500173
 64857
 1090686
 851256
 522898
 331014
 702217
 1086550
 917154
 669620
 938476
 587947
 1029919
 390607
 799729
 721259
 134712
 885988
 359240
 461209
 826297
 779618
 757448
 671006
 498511
 10034
 283878
 821321
 669465
 281265
 406871
 379434
 471819
 646744
 764296
 523198
 634243
 829648
 37003
 760714
 869980
 1062715
 23614
 199426
 623654
 353367
 803992
 372779
 22862
 1028448
 426329
 967165
 372442
 118201
 68192
 221775
 721156
 638872
 758086
 585538
 768238
 609932
 775095
 180135
 451498
 123448
 725101
 1047184
 789154
 470488
 887360
 386603
 982293
 266264
 1056148
 865208
 592796
 615131
 840621
 842402
 1038544
 33029
 830186
 263539
 52168
 283692
 768176
 654126
 910910
 101296
 962600
 1072121
 350790
 861507
 1055304
 833357
 785486
 1036332
 930695
 388915
 512346
 823416
 292850
 999518
 59645
 393192
 1034068
 218469
 199515
 227699
 296920
 40548
 372004
 335355
 534393
 546658
 237756
 482355
 529512
 773633
 767399
 625471
 700577
 1013518
 582153
 899765
 835909
 956421
 950362
 228577
 471295
 161079
 1059906
 504054
 844766
 21518
 256205
 248047
 797285
 70637
 902245
 122559
 936453
 853397
 574093
 1006960
 295058
 945307
 686187
 437158
 251409
 295326
 326794
 735823
 673293
 222126
 795444
 234410
 489039
 311298
 486650
 115379
 511955
 894395
 754322
 681459
 716551
 55675
 1060124
 615683
 695623
 396755
 713287
 943519
 241586
 270076
 680875
 1066146
 991641
 900379
 758327
 135782
 540306
 767131
 342568
 323510
 863159
 148356
 949938
 420676
 410761
 723078
 74050
 953120
 700675
 399230
 436044
 802953
 729722
 945697
 392207
 978684
 164415
 501174
 887575
 597144
 195382
 497509
 866893
 354356
 67001
 76881
 205483
 308246
 139185
 563964
 666184
 835904
 681492
 636013
 124574
 306531
 346642
 894217
 780594
 18994
 1041645
 455361
 861023
 1016945
 1022141
 902442
 751639
 860247
 593237
 741373
 38768
 16045
 370549
 262639
 208354
 240550
 595111
 21695
 765136
 285054
 672540
 978612
 787846
 593337
 729749
 63541
 871687
 1093973
 903918
 598780
 837233
 3966
 614522
 608459
 438335
 666843
 176549
 609958
 735034
 273625
 798991
 508216
 797177
 278610
 238670
 685894
 91514
 688662
 335086
 211633
 454542
 756699
 680906
 1018286
 676031
 917590
 801709
 925199
 967738
 133296
 283397
 201584
 681358
 190325
 703112
 454670
 1022025
 885181
 936247
 622300
 132112
 455451
 673736
 861264
 434997
 133010
 728174
 1024643
 171512
 1018463
 1057513
 730844
 344728
 320758
 1081533
 309920
 641632
 1017996
 883887
 594501
 409220
 420768
 641885
 876536
 253814
 113601
 784139
 582669
 1083798
 1093710
 852400
 172173
 269062
 1098850
 250062
 610316
 852036
 453939
 908311
 334727
 194969
 232026
 550186
 1097548
 783370
 794213
 423550
 319857
 1077068
 80725
 1095438
 229839
 455557
 182356
 1006434
 1006644
 854457
 264065
 1085263
 526121
 848711
 215550
 1005378
 195227
 931056
 53829
 834618
 970209
 1017041
 1080111
 1089976
 86318
 1063297
 304754
 582725
 269463
 855235
 505800
 282420
 485879
 2573
 509809
 843897
 1013650
 19435
 208457
 1034227
 708758
 913284
 564653
 909106
 1032165
 760367
 376111
 630854
 989801
 904303
 1075049
 1036277
 343176
 370551
 413639
 624876
 11190
 1027626
 944927
 1064041
 1035511
 784119
 370811
 430027
 33232
 390699
 1064646
 1066477
 98320
 230428
 1066896
 846622
 963566
 935058
 188480
 70278
 106494
 485411
 949363
 56941
 824683
 175431
 768173
 373842
 112842
 220371
 984352
 864581
 519550
 1034264
 646312
 184218
 136139
 795548
 754681
 543186
 286039
 517683
 1079650
 87622
 119806
 638899
 534661
 274239
 302599
 890132
 467512
 404276
 954033
 921100
 520325
 351180
 700391
 787584
 1035136
 672311
 300734
 315911
 1061639
 783069
 639017
 805727
 24190
 856754
 259764
 506221
 104906
 488698
 58214
 978469
 859702
 759895
 263734
 1016053
 257951
 137845
 575400
 1027284
 929617
 28751
 401688
 1031033
 53244
 827371
 101123
 320512
 368150
 435400
 767874
 284332
 158054
 975036
 616947
 694774
 182808
 311490
 599336
 1043573
 1058713
 99446
 966573
 895484
 783038
 342549
 319091
 1092839
 1027306
 526251
 167975
 1064245
 801525
 446053
 227167
 343668
 986641
 977799
 87006
 409237
 934316
 984337
 105142
 313039
 843342
 725720
 722168
 195380
 315664
 637555
 115145
 318814
 954833
 653779
 794221
 511764
 790889
 1093749
 923426
 470123
 723674
 71334
 1050075
 132104
 1075539
 510017
 974720
 535811
 465884
 220583
 819710
 530711
 411219
 183134
 195137
 108123
 1094840
 143291
 413701
 1023744
 483144
 161273
 184659
 877485
 947719
 1010910
 63715
 603751
 606570
 425635
 251381
 706501
 791622
 472197
 624504
 425511
 324729
 512528
 167850
 861091
 525270
 1077197
 621785
 843460
 645603
 39070
 923421
 736738
 827058
 37640
 977474
 1022088
 49146
 1040869
 1039849
 59308
 800049
 571059
 872657
 486605
 554284
 722392
 398287
 1003237
 506996
 342212
 703582
 105323
 163105
 311672
 149811
 167083
 544318
 475998
 455052
 983781
 872221
 552761
 882586
 169624
 741822
 730163
 652933
 900536
 261863
 734357
 993927
 58176
 322224
 534610
 860087
 814506
 20302
 361239
 281187
 951221
 404819
 908245
 535384
 842328
 250014
 552275
 649238
 13546
 100755
 151412
 257674
 160869
 109091
 493703
 332893
 475159
 300688
 454742
 47407
 28439
 408036
 554020
 1064519
 826640
 723463
 699820
 914153
 329267
 818231
 392151
 46424
 683369
 912498
 610142
 403693
 815782
 246006
 63594
 422369
 1039464
 304611
 373851
 1020701
 676777
 523066
 428904
 830104
 633912
 311185
 536218
 528245
 355571
 422017
 158823
 277592
 1036050
 465455
 295839
 680924
 432683
 967836
 255895
 309347
 292027
 865844
 548210
 1035215
 1052986
 869856
 584894
 1033821
 329953
 9447
 717284
 207524
 499697
 843686
 880161
 1067661
 183564
 571626
 153357
 172974
 881671
 913563
 251776
 808994
 25998
 152999
 347864
 235747
 1089703
 474112
 22845
 532788
 928450
 36202
 560091
 879178
 489638
 256140
 122164
 819526
 189875
 836945
 711047
 627756
 267735
 464155
 1053481
 10329
 692702
 765707
 75650
 1024018
 183072
 454514
 564301
 585672
 291217
 475212
 780943
 860144
 1000264
 647363
 633101
 107396
 1088293
 1077129
 844961
 1058066
 1056473
 879927
 42062
 223843
 382801
 371238
 82452
 191347
 808754
 41489
 280816
 340105
 599771
 570296
 25035
 1077399
 778165
 444932
 663816
 47083
 960422
 24990
 363332
 858923
 51696
 884236
 977383
 342883
 517293
 38672
 689473
 95234
 608796
 256333
 950801
 783565
 984826
 235903
 1026090
 324742
 578605
 1063873
 700280
 111348
 420100
 80985
 126649
 261206
 112356
 165695
 1066632
 687122
 168767
 949064
 370567
 60725
 143403
 811934
 237214
 1072488
 637144
 620128
 775700
 725236
 1059118
 353136
 1073490
 642288
 798477
 434793
 112013
 58717
 68593
 955858
 602567
 987765
 749412
 556003
 407221
 847451
 404962
 1035155
 1088760
 342686
 917738
 603242
 757978
 745555
 102042
 1035703
 352012
 783645
 823139
 992773
 964681
 926763
 546338
 725283
 947245
 238783
 375181
 1051118
 218420
 622908
 547622
 10998
 780998
 1028188
 560277
 70422
 230536
 803913
 36119
 671068
 106861
 878832
 50726
 846514
 254107
 59045
 407789
 544544
 205755
 543151
 866343
 427358
 844268
 947418
 451293
 8661
 955925
 342328
 1037519
 892656
 964939
 58511
 185070
 85700
 61926
 571829
 756665
 725107
 430440
 389925
 606579
 210975
 232680
 118670
 730026
 824411
 438963
 329263
 282860
 410222
 294273
 1030323
 771019
 521662
 1053108
 490609
 676382
 452598
 326720
 5411
 25430
 117801
 48182
 532906
 371531
 972320
 920246
 1078452
 583738
 213169
 896819
 1034323
 40204
 478227
 210588
 828013
 568953
 467674
 481731
 727333
 627687
 401208
 383786
 1066507
 1014066
 602333
 91191
 889716
 182783
 680185
 579054
 534514
 128537
 169307
 675390
 453664
 286534
 852175
 587179
 488943
 869299
 55429
 384814
 975534
 785042
 628923
 482962
 915232
 894212
 180218
 156494
 20923
 975681
 682725
 515440
 919966
 230204
 1085214
 654371
 824490
 912575
 1062344
 115058
 690569
 868573
 878242
 751755
 295100
 13385
 1075102
 768685
 371422
 832872
 910268
 685224
 829398
 898439
 711435
 157419
 288334
 467681
 606017
 378129
 200937
 1089836
 57385
 565427
 333150
 868669
 179023
 1075385
 54473
 721122
 991424
 162385
 67489
 1077266
 962883
 599657
 954169
 464350
 787113
 625271
 919617
 422958
 1004557
 979794
 317649
 581713
 674770
 304376
 793919
 239639
 156003
 999246
 43504
 101915
 298709
 549159
 981579
 84794
 719156
 1029242
 513204
 1063239
 31002
 269365
 774771
 275490
 11909
 958161
 301631
 901981
 649489
 247644
 203623
 159337
 458999
 128891
 1071340
 436364
 69327
 220699
 236602
 84800
 228112
 541928
 712562
 459693
 669007
 438173
 673421
 1040953
 400239
 140667
 772730
 603374
 72982
 40238
 927295
 782973
 697671
 365407
 162471
 775686
 652687
 45083
 200149
 850735
 690489
 467238
 755447
 1076082
 249026
 1077418
 245952
 480011
 158868
 1007694
 711338
 123846
 607517
 984429
 303793
 958275
 969547
 604769
 397801
 866507
 399439
 388008
 330937
 250646
 943843
 660421
 301863
 698981
 626184
 240006
 1043158
 263326
 180057
 140427
 124229
 563878
 22582
 590802
 522923
 348724
 1050406
 1036111
 43430
 1052748
 688290
 512052
 852868
 192046
 748812
 98465
 523007
 27777
 658129
 808379
 930147
 337498
 1065775
 271471
 48568
 3538
 628377
 239255
 401261
 630010
 744452
 120637
 570460
 230633
 318168
 684121
 28205
 172994
 986083
 875761
 754283
 754833
 937022
 802793
 851554
 493031
 83183
 22501
 710600
 914603
 822116
 1090710
 681493
 207611
 905335
 49933
 674381
 1033605
 1086533
 249801
 294353
 596633
 946609
 923214
 523720
 1068647
 1081752
 38643
 517493
 176095
 538103
 1001734
 898943
 42232
 534734
 423459
 962462
 648458
 230444
 273790
 276035
 302583
 164836
 403799
 47579
 658066
 749180
 795420
 243879
 20050
 376441
 943457
 58094
 381389
 667291
 467359
 172257
 983119
 268238
 21524
 238016
 479044
 167686
 955092
 324170
 847169
 1041498
 137386
 272291
 232628
 974788
 1000330
 530011
 157731
 1095061
 535698
 967765
 134681
 680470
 362847
 570354
 945571
 23848
 912468
 615558
 832144
 496921
 930548
 955589
 914627
 92600
 872619
 273813
 495630
 609248
 193819
 149480
 87040
 973874
 217685
 731929
 583200
 481786
 203853
 116399
 124458
 450223
 304024
 545196
 1063188
 213783
 680185
 211615
 11986
 736194
 408051
 757240
 735858
 382481
 468109
 159885
 596761
 984969
 301624
 842292
 596858
 334406
 1008716
 724871
 389832
 680622
 131334
 935200
 88048
 118474
 995807
 633819
 597480
 81564
 401884
 250437
 547186
 5002
 424985
 1027822
 1027219
 946035
 684968
 408461
 914069
 184798
 374717
 343165
 1066142
 231593
 762299
 973995
 1018561
 57468
 566063
 911752
 856558
 773111
 466260
 523464
 803446
 370773
 697338
 128388
 816130
 65616
 905529
 478520
 379314
 46402
 171999
 985833
 588267
 615799
 1001614
 751974
 145353
 1057588
 58395
 407788
 479622
 30316
 1009565
 2339
 815477
 975827
 226807
 15961
 506328
 732666
 788942
 1026149
 1069278
 839314
 340537
 323445
 43965
 540080
 578873
 342089
 316036
 975946
 768319
 126824
 751736
 171478
 297795
 209233
 167303
 798926
 7425
 613060
 760193
 667041
 1062323
 1056017
 417472
 988760
 807227
 546017
 71622
 882318
 155701
 555849
 587029
 42120
 85458
 512037
 599608
 887185
 213369
 873058
 183512
 143286
 982914
 149062
 246780
 999219
 1056592
 57756
 835461
 416760
 878531
 413118
 1032906
 146257
 330649
 146580
 657771
 737543
 883083
 318131
 615877
 763459
 779167
 128430
 1013873
 635628
 5297
 966150
 965894
 807477
 569541
 309899
 215495
 754815
 84039
 629015
 202358
 909977
 672170
 796066
 995121
 784497
 879419
 966301
 91856
 681183
 567988
 956289
 23090
 282561
 379920
 164673
 1016028
 858172
 1075618
 511859
 935725
 247215
 1056733
 529946
 1080103
 108939
 932539
 106289
 901302
 976343
 42838
 887893
 122201
 697119
 1062562
 928075
 573941
 962681
 959865
 571889
 427770
 723772
 448626
 526370
 271174
 616425
 151463
 204224
 534761
 142173
 338227
 417317
 1058094
 894370
 628308
 687294
 389477
 382433
 912628
 943851
 682467
 426624
 504960
 875291
 202030
 415100
 136736
 54231
 264426
 560078
 310356
 49058
 453499
 437934
 336081
 816614
 278430
 111191
 352055
 16359
 1022647
 614178
 402105
 810623
 810325
 20503
 797467
 555791
 82914
 690551
 872284
 199351
 854536
 676352
 701310
 455868
 599693
 87672
 18265
 40541
 833345
 181764
 215340
 816627
 34393
 281348
 859177
 81451
 418262
 964893
 103756
 80421
 673460
 201821
 541734
 850288
 161006
 365781
 109177
 357457
 755992
 501018
 186841
 29297
 510468
 97546
 74878
 988050
 680467
 887339
 214521
 998810
 751772
 484089
 746668
 154698
 1070479
 1051955
 466044
 895999
 432283
 677475
 1072607
 716706
 192402
 415077
 345833
 1040949
 165891
 1075418
 972309
 773346
 400825
 936662
 742565
 36308
 299013
 1052571
 128585
 327671
 447550
 163258
 468858
 84356
 150434
 538318
 989612
 133234
 376069
 301490
 1034983
 80575
 629626
 891767
 803248
 417571
 83952
 94183
 74975
 942008
 710989
 136397
 262110
 639328
 544402
 444029
 1067228
 938584
 552115
 19709
 118275
 367297
 823075
 227324
 969770
 346619
 41148
 815083
 76621
 387569
 551150
 755442
 293722
 534611
 865222
 78918
 903998
 1022438
 227048
 1023280
 931448
 286718
 615572
