441092
 706136
 914137
 350017
 321136
 1059729
 758973
 409989
 76244
 48340
 690209
 501660
 813366
 773485
 525708
 130591
 991988
 889241
 893177
 830471
 712848
 89849
 620173
 1050590
 2802
 848271
 1037758
 938224
 689792
 713186
 654099
 209291
 985417
 1023721
 384670
 533198
 64631
 793984
 252549
 488015
 205145
 30463
 837992
 585365
 747382
 705350
 175750
 967675
 263567
 1077008
 419789
 339841
 130531
 576617
 638699
 1016118
 946089
 600523
 82286
 279235
 971988
 942835
 234654
 270534
 425821
 839629
 1041347
 400377
 528353
 313245
 93926
 1017537
 297504
 724768
 1007355
 918315
 547239
 685546
 770851
 51629
 1037340
 1097400
 507417
 582937
 482242
 860856
 154565
 559100
 66652
 145453
 403571
 506819
 263698
 994805
 529734
 926035
 260308
 579330
 749776
 468928
 290620
 576796
 1041518
 61392
 491187
 379642
 259487
 586025
 228543
 718671
 1022842
 461158
 363912
 387847
 661930
 311459
 936031
 786933
 200947
 96235
 356197
 669089
 72106
 29542
 906721
 37802
 474412
 963479
 642527
 676959
 4884
 88372
 370775
 286544
 767019
 129352
 288562
 817947
 670057
 504093
 380013
 679762
 986481
 994202
 392351
 191221
 1001017
 893660
 763922
 694109
 821513
 164711
 562941
 150036
 953560
 191255
 515251
 941831
 175746
 945972
 760155
 114201
 416669
 909200
 538616
 137792
 278216
 756876
 895783
 569614
 120976
 114451
 1048119
 846765
 684206
 709157
 576811
 771415
 95793
 715384
 697680
 254397
 402315
 1030486
 366366
 322027
 520799
 51384
 826226
 308671
 469003
 977113
 242270
 1035369
 775423
 550353
 939812
 357075
 656997
 997213
 330988
 580051
 838808
 839710
 322586
 742528
 31928
 320098
 455224
 737809
 124302
 701377
 1018974
 74946
 418012
 859904
 1099656
 762285
 604539
 843203
 417768
 584939
 819941
 511464
 359032
 363105
 206004
 1080711
 151969
 842654
 1092374
 135886
 48635
 531035
 944378
 416163
 369118
 279157
 842194
 364156
 910072
 952784
 607291
 280259
 409750
 512446
 921082
 811374
 295568
 866784
 469836
 1051659
 860998
 663723
 840623
 338942
 1085373
 805652
 1007864
 523558
 801978
 31609
 468868
 811007
 129166
 55601
 847183
 289252
 430772
 568015
 228101
 824010
 610473
 813880
 910480
 562962
 546169
 228107
 639779
 266107
 950712
 848942
 454762
 801717
 1061396
 567941
 661439
 651154
 509292
 940433
 229178
 530391
 237995
 57149
 91088
 656101
 94195
 446173
 462698
 751068
 327359
 534925
 973792
 122987
 21165
 773964
 323413
 765782
 846556
 80098
 724978
 490163
 48781
 278900
 217824
 1070053
 509443
 460298
 232898
 917491
 311491
 29501
 805995
 319768
 307466
 726079
 350664
 772850
 26171
 958343
 99738
 548007
 932808
 208690
 303534
 830003
 29020
 879883
 874567
 230387
 636472
 792970
 598147
 769292
 748566
 1070424
 555609
 692310
 750476
 84165
 231315
 66455
 241601
 904335
 730306
 178963
 1089772
 49864
 82277
 890563
 681487
 805827
 709368
 568766
 190906
 722189
 347769
 290367
 451326
 669173
 439042
 902194
 529832
 736054
 921168
 87988
 358274
 1071054
 383354
 352297
 366927
 850904
 872064
 607401
 717775
 516980
 454949
 10561
 230535
 354051
 1085373
 549018
 474511
 507901
 1043618
 1039168
 546258
 507625
 1047359
 607881
 150059
 1033040
 649477
 464258
 773755
 710221
 542936
 872891
 115084
 281734
 214862
 160210
 465479
 559840
 981812
 1070921
 735129
 50472
 1072447
 718162
 235888
 399464
 225390
 1032038
 580615
 225892
 74980
 814602
 403881
 1057791
 1006445
 490069
 420949
 588132
 1052651
 477268
 145766
 828142
 1036188
 139501
 595804
 828103
 660082
 849348
 500231
 368660
 827896
 265739
 139258
 891794
 191776
 306201
 988153
 877073
 962780
 801497
 34162
 588681
 854245
 48049
 470534
 397442
 499032
 1052768
 773151
 631071
 782268
 1062320
 364980
 808229
 585268
 710747
 1097466
 70729
 765933
 910547
 451062
 534235
 71163
 661625
 1057703
 481417
 668650
 693214
 11966
 672655
 4930
 817726
 603623
 877778
 489047
 324473
 197896
 67817
 690820
 764029
 433841
 364843
 1022244
 16041
 1001030
 35830
 291962
 671196
 61314
 336110
 754045
 824553
 401425
 957170
 342867
 97529
 844774
 227611
 287628
 685056
 812260
 256475
 749766
 303100
 137778
 226663
 244089
 704511
 603594
 23191
 782421
 351558
 781111
 118607
 749817
 263925
 304602
 213192
 463672
 255271
 443800
 531542
 374272
 822997
 952329
 261835
 421065
 268311
 999188
 607876
 965224
 294085
 380824
 202117
 926844
 184612
 365897
 945988
 397734
 30334
 1390
 975632
 138932
 632559
 224689
 20858
 30341
 323941
 1030456
 240173
 386647
 31654
 175419
 288521
 705369
 873007
 127619
 552570
 139252
 927964
 187996
 171446
 678493
 739531
 987669
 400789
 345659
 288710
 329435
 586895
 319986
 490098
 565506
 339014
 71087
 212087
 135447
 177226
 263824
 681244
 1005985
 510807
 36044
 478928
 392239
 646411
 1056762
 17468
 176227
 1046982
 111385
 208174
 585927
 418149
 515321
 868917
 559311
 732613
 16638
 687623
 432939
 621853
 24537
 181508
 730501
 1021646
 886021
 1053968
 233172
 114445
 68024
 121804
 143320
 531903
 469363
 499240
 358421
 360525
 523040
 669090
 573882
 1091081
 941229
 198351
 125185
 481053
 890088
 515770
 947924
 607904
 290732
 161979
 18793
 419792
 84671
 1041687
 798417
 468996
 849836
 312500
 37877
 422524
 129268
 1075472
 1002448
 679704
 999205
 635787
 914554
 4433
 419507
 258364
 845912
 650527
 359618
 698345
 764048
 822245
 601970
 973205
 949184
 453262
 777926
 751258
 492391
 679374
 27461
 39750
 81035
 358316
 912591
 976603
 110325
 543897
 196791
 445399
 503314
 786098
 503735
 1090319
 1020799
 474985
 841943
 850443
 830174
 851368
 54399
 536581
 270474
 335271
 1044855
 156153
 5086
 572318
 74552
 560525
 714847
 842913
 328698
 16592
 963416
 647392
 121341
 1051709
 640567
 416896
 159350
 415998
 92051
 426344
 628582
 484868
 8769
 214553
 550121
 504666
 556601
 482408
 880542
 390101
 160981
 846916
 911264
 848822
 604223
 229257
 198607
 483038
 402338
 30576
 1010619
 1091862
 84314
 261278
 394153
 191134
 669104
 1095349
 102532
 573197
 875144
 351942
 494743
 110733
 654973
 748628
 791265
 967616
 480861
 1037167
 58485
 176194
 559453
 222362
 806418
 940808
 1038964
 993670
 319474
 360699
 992735
 29884
 622986
 825980
 64615
 749867
 660978
 374576
 41911
 736278
 751594
 642350
 117103
 589958
 916754
 346724
 774038
 298133
 390457
 461560
 316202
 384949
 888392
 64284
 50903
 297697
 934475
 73771
 470588
 96170
 184777
 763912
 872550
 166080
 19250
 64187
 1065806
 634577
 1066131
 101149
 972585
 578090
 349521
 821460
 1079453
 394745
 678445
 561191
 165771
 87656
 479588
 594027
 995813
 453354
 542704
 949151
 312065
 38318
 551339
 848176
 257699
 897163
 291225
 61019
 382694
 109389
 400137
 352805
 357592
 61140
 253904
 943807
 594913
 917732
 925611
 891114
 987074
 412418
 541649
 238517
 204228
 209016
 904365
 873068
 878208
 703608
 587887
 961076
 64590
 904151
 665627
 114761
 43268
 807062
 755900
 492835
 971731
 805100
 462960
 58179
 504797
 324778
 1060136
 525906
 854252
 1018116
 935136
 501153
 246931
 723414
 425729
 903073
 601019
 139488
 434400
 1064737
 679990
 433633
 982532
 833691
 362536
 192647
 1047725
 1043187
 717862
 682360
 946297
 158041
 296380
 495507
 1063876
 965208
 816672
 527936
 101883
 1035534
 600600
 688630
 665265
 301352
 755422
 338823
 949667
 872299
 785775
 305034
 628854
 65306
 26939
 391116
 1094642
 1065961
 450034
 109214
 996175
 18504
 813062
 665698
 721978
 451235
 96719
 277517
 1000742
 1026327
 179503
 759734
 39203
 908272
 722337
 607050
 763696
 362056
 1008822
 300658
 1078668
 692359
 408393
 281736
 366663
 917621
 566558
 1000212
 697227
 336895
 849736
 235207
 236472
 276575
 468907
 311136
 819619
 459104
 182939
 565130
 425613
 497309
 683106
 561550
 374582
 397696
 292205
 420180
 38826
 641519
 806716
 720224
 139709
 434530
 397720
 640074
 1077187
 945662
 645394
 1027415
 894564
 304958
 695533
 701053
 198086
 178271
 894435
 80974
 527935
 1097966
 826085
 1092589
 222729
 797682
 664944
 700468
 599535
 339829
 286077
 911607
 792292
 956550
 101587
 239845
 275732
 676858
 204795
 208629
 1025055
 913052
 421414
 217152
 829887
 608587
 741504
 491625
 39569
 59140
 849119
 886383
 1035937
 291111
 679021
 310053
 222425
 605937
 361404
 226018
 539724
 242736
 790937
 912534
 134241
 456863
 194268
 589592
 269798
 952946
 232642
 560497
 718885
 436943
 545694
 25068
 491147
 436031
 788346
 649238
 344104
 403732
 941238
 885807
 477570
 1024583
 617497
 316604
 135073
 151363
 6425
 981020
 206280
 34808
 562436
 278445
 1064354
 154218
 516210
 1000650
 668125
 525547
 523107
 777779
 235846
 791449
 925957
 303041
 441824
 1059045
 129056
 627362
 876107
 1013559
 712446
 402451
 648871
 984154
 370547
 689646
 535677
 311910
 523950
 577475
 350501
 646040
 412866
 554648
 148723
 234894
 176468
 231688
 313408
 251884
 120475
 720248
 487140
 232399
 280014
 382574
 955558
 443899
 719419
 853937
 336825
 539557
 862046
 773266
 821794
 251228
 788126
 692841
 520734
 576832
 169723
 241762
 377152
 54616
 499490
 772512
 896998
 1054189
 227767
 159513
 438280
 223898
 1090370
 974873
 141178
 212986
 620390
 784868
 1073487
 18580
 1042431
 1042226
 694166
 979748
 480547
 435566
 644332
 769681
 13821
 529612
 609194
 744717
 428563
 283693
 946552
 1089661
 247830
 642516
 93734
 923051
 20767
 930549
 2139
 397192
 433894
 375223
 804857
 885232
 239439
 1052766
 151155
 204975
 878559
 226244
 49695
 713647
 806555
 900545
 583437
 198356
 56464
 3633
 1080990
 1050521
 293134
 682295
 198117
 134818
 150146
 204215
 984107
 993785
 396054
 334253
 185179
 275356
 20148
 69206
 124556
 309611
 352192
 850625
 273069
 825221
 535661
 2216
 647300
 769536
 349813
 930020
 739055
 471977
 263298
 395449
 948433
 746766
 603078
 634568
 5513
 732910
 957951
 67999
 738106
 325691
 843994
 115077
 964220
 156896
 830895
 792582
 1075675
 898204
 764831
 470905
 365566
 646630
 503412
 544279
 883964
 206598
 367581
 704950
 66467
 553286
 862637
 793523
 997156
 372589
 584098
 126738
 1077556
 597733
 629780
 236383
 112736
 484004
 1037364
 485387
 574672
 390995
 406999
 792874
 147145
 986961
 979128
 603613
 792077
 554631
 424028
 694886
 820147
 35897
 211723
 902390
 252282
 275980
 288115
 1089225
 425786
 250011
 881467
 1033817
 624544
 243897
 759374
 790425
 240534
 381659
 264229
 178122
 1036681
 995237
 841281
 868116
 925621
 559839
 678869
 906945
 146160
 262006
 559154
 499463
 272820
 45306
 296513
 1061960
 457771
 522330
 667062
 369068
 28892
 228973
 219734
 857725
 728368
 109692
 302332
 660679
 307920
 727708
 793166
 240698
 188924
 799472
 190296
 634816
 887913
 249864
 792156
 113098
 549578
 314419
 453705
 663980
 411646
 1062942
 917364
 825647
 445815
 949521
 574718
 309754
 554902
 272670
 224447
 251605
 610180
 193012
 532839
 523464
 309401
 387381
 129973
 21368
 618394
 552822
 663656
 256520
 702275
 329079
 890398
 162410
 662873
 286681
 83126
 979380
 393559
 485461
 1087060
 93537
 994352
 755105
 352231
 1068545
 754592
 448496
 659512
 291115
 22268
 928648
 146737
 1062627
 11459
 360750
 629840
 499849
 346062
 809870
 715834
 727314
 145688
 830828
 523657
 660427
 196379
 533388
 487920
 908491
 1078392
 861509
 288481
 638136
 267448
 36676
 476850
 593524
 810467
 848028
 1054407
 436424
 866677
 1095836
 1012356
 490099
 1063787
 612274
 5602
 941534
 711199
 465991
 610499
 227858
 931678
 232026
 545193
 1053137
 201748
 245864
 159819
 769828
 735025
 292221
 696939
 565298
 686052
 96790
 640979
 980774
 308032
 64857
 41117
 1071265
 418164
 562584
 948648
 358953
 640943
 909357
 188342
 539677
 123405
 262782
 781936
 921836
 775021
 859243
 114954
 592745
 1018485
 451541
 567356
 1032485
 975414
 312351
 27782
 338448
 639803
 623999
 941847
 608932
 918426
 686997
 505745
 610229
 999285
 23574
 779388
 982701
 778728
 96912
 466586
 857541
 757498
 249265
 519954
 246643
 1084181
 238551
 18534
 583174
 325157
 524038
 102913
 181464
 518491
 600041
 891837
 218136
 853777
 424222
 5694
 931645
 571680
 236806
 860768
 68459
 327433
 549307
 137966
 866418
 87590
 617903
 998897
 382604
 186124
 491585
 1090749
 522214
 862915
 959299
 132463
 478630
 872308
 659473
 592578
 202035
 74268
 38079
 54352
 750013
 362005
 663953
 631845
 353654
 1079434
 784210
 208753
 704168
 716424
 120244
 407310
 291011
 529060
 369150
 873830
 51923
 1083555
 860622
 1035781
 694303
 354392
 864982
 566975
 958665
 991917
 547384
 170827
 867102
 615324
 413077
 809556
 983720
 417586
 647599
 855914
 1002450
 33552
 199207
 421623
 788691
 151702
 188604
 595092
 834258
 73938
 471542
 231008
 98713
 438437
 398549
 655035
 213949
 652012
 610809
 750090
 217365
 130514
 881674
 252746
 652256
 1017823
 938149
 695236
 482844
 158801
 449032
 471081
 624806
 625000
 49356
 857585
 885091
 55113
 520520
 469407
 531598
 152227
 544174
 680585
 587588
 724822
 351196
 167499
 627806
 639998
 662020
 915187
 994070
 486642
 374961
 318330
 796170
 356725
 982607
 753599
 712486
 797150
 1077693
 321948
 677286
 875633
 614232
 91806
 472732
 565124
 610484
 62128
 12438
 16880
 73585
 20900
 62438
 194145
 819169
 92873
 16491
 636010
 873044
 987514
 39655
 468712
 766922
 456670
 689658
 183538
 924783
 931654
 975177
 200561
 795112
 296726
 666425
 862402
 636411
 166391
 837781
 547808
 1088230
 1073697
 938663
 571460
 197011
 807298
 524383
 831536
 884426
 97562
 988605
 653766
 662927
 1079875
 287174
 576038
 805977
 126335
 422194
 281509
 913101
 109877
 391929
 942052
 572829
 602402
 1087173
 549646
 1059271
 205947
 355356
 10992
 1044011
 268591
 125583
 827162
 139954
 541967
 1023198
 432051
 940215
 531330
 592802
 679586
 563029
 947474
 1029413
 613996
 1064020
 603294
 659349
 727454
 751908
 569526
 867946
 38549
 787166
 716935
 659030
 489702
 832549
 362437
 460186
 107607
 1842
 605116
 261612
 1066583
 1014832
 591020
 346370
 1084478
 29996
 105718
 70150
 1094
 521897
 860334
 393380
 178078
 869897
 928584
 975978
 434427
 695769
 726265
 523445
 684885
 855750
 442487
 543336
 1083299
 626513
 700622
 192537
 328323
 970791
 1092835
 143234
 57395
 31827
 63809
 29190
 243777
 848736
 1074730
 542621
 917061
 878495
 121458
 865155
 752858
 188578
 327495
 274668
 906312
 1061314
 509179
 338703
 158514
 644903
 1093277
 1076727
 828116
 343388
 697492
 594381
 976408
 799636
 155768
 854661
 278293
 317213
 422545
 884151
 1006829
 506008
 822698
 606037
 647462
 60759
 815826
 894490
 412954
 722595
 655529
 586769
 517392
 93678
 88446
 427377
 124844
 295084
 251762
 603018
 566886
 938713
 512664
 534456
 385223
 1011849
 440917
 506986
 372026
 358746
 94045
 495647
 980339
 388083
 445589
 488186
 422220
 172251
 872674
 729550
 1065500
 698333
 88585
 527656
 917569
 951873
 644752
 79210
 1045736
 169240
 362198
 170786
 262867
 143920
 74731
 523536
 629355
 1006544
 411861
 169164
 334713
 404375
 821975
 833860
 1036103
 217557
 688109
 59453
 754931
 11222
 290043
 990423
 884437
 723674
 1087471
 492682
 7796
 142224
 618501
 919329
 325099
 425211
 1023430
 797724
 118599
 866371
 624118
 1031454
 88863
 370578
 258304
 1013543
 345168
 431237
 743782
 938276
 217905
 887596
 840546
 240450
 942372
 424992
 194258
 514246
 868829
 830241
 728431
 1085430
 465235
 794440
 206007
 688452
 1036493
 541937
 74197
 30104
 206751
 805275
 56694
 553474
 256564
 223278
 164461
 375680
 859726
 282075
 389814
 47680
 29319
 444430
 613453
 354579
 814584
 368196
 13086
 71598
 217134
 542687
 726777
 224301
 653352
 862121
 748894
 610641
 26999
 696634
 360766
 201596
 1049751
 977003
 512388
 899899
 256220
 996716
 421065
 885119
 538470
 658903
 1009091
 924683
 791823
 48182
 641847
 870114
 628127
 359400
 19017
 466722
 23957
 1004400
 638773
 329481
 498670
 482477
 453638
 177853
 622273
 560106
 552072
 1067930
 894244
 802919
 791219
 111172
 1032417
 1016897
 726480
 713372
 212525
 482023
 1066049
 213463
 827677
 571096
 505974
 871355
 723568
 73431
 976846
 485628
 890987
 140443
 731367
 1016374
 786021
 397619
 433756
 960383
 234152
 620204
 253478
 497012
 407755
 96708
 137714
 864241
 926341
 599947
 393431
 156479
 876695
 704222
 944119
 204303
 81481
 389778
 347874
 384581
 917634
 905996
 511455
 759458
 442270
 763839
 1047861
 721872
 121089
 890779
 190766
 1013208
 700497
 1065493
 522782
 981310
 634132
 339640
 1028018
 889506
 271747
 655579
 1040804
 668943
 670135
 199019
 384339
 204818
 203229
 367961
 732177
 744055
 1076773
 913445
 348307
 319784
 497348
 419905
 41012
 958611
 841772
 1019476
 793217
 343653
 621071
 915707
 1094513
 672260
 701906
 708880
 974391
 428552
 553619
 721546
 960462
 1042789
 573191
 25210
 45923
 143388
 478772
 143706
 456814
 400470
 38723
 627494
 905016
 484429
 511747
 436025
 468160
 288248
 10485
 415606
 611363
 668119
 495444
 896186
 865854
 879269
 81994
 137011
 728628
 663207
 323831
 311179
 1081063
 839188
 533804
 393068
 391064
 1008730
 84670
 415541
 822642
 796587
 483777
 186164
 368838
 553949
 904819
 452566
 510514
 680295
 944890
 841577
 105754
 499311
 176318
 296768
 466795
 840377
 503590
 218382
 911124
 339193
 451691
 815294
 825950
 249042
 639185
 192479
 839158
 941634
 943466
 180297
 415850
 161515
 72398
 576293
 237252
 87914
 1083103
 790221
 1089760
 408151
 410870
 607405
 1003251
 1057878
 859994
 39021
 1036699
 265413
 754217
 934296
 490983
 689438
 509908
 164915
 747956
 56669
 274756
 978112
 944182
 289398
 1091856
 848016
 113619
 352294
 850229
 741010
 586459
 847385
 504468
 537021
 453510
 718816
 448114
 112376
 842112
 190139
 495671
 908385
 683130
 455080
 1061063
 566746
 610325
 952071
 538811
 71287
 687265
 734639
 1087825
 493237
 713364
 428979
 348835
 944355
 858288
 411391
 353074
 233090
 992128
 936705
 94824
 1098162
 823456
 1064327
 753681
 808136
 591994
 164431
 858433
 932851
 62990
 442113
 527050
 244594
 1028919
 658743
 142749
 46606
 534198
 2107
 1036621
 97718
 166485
 1064029
 446852
 1034244
 662267
 99086
 37446
 995962
 1076899
 615298
 1077707
 855201
 951008
 186097
 1010590
 172340
 22044
 85750
 942822
 547405
 882249
 701101
 1059642
 596163
 1079405
 222878
 885415
 682511
 1090779
 867618
 1052549
 647153
 1050845
 788724
 306385
 1087113
 69437
 593840
 486918
 648137
 62931
 944928
 152658
 111970
 699920
 48210
 101618
 1077694
 468244
 458242
 529301
 722674
 848705
 68075
 1092418
 595199
 702689
 13132
 173411
 565483
 730469
 827387
 1089381
 967810
 150175
 405413
 934116
 65857
 863995
 584428
 311669
 486158
 961641
 794489
 829016
 603010
 697211
 377641
 977305
 1005676
 776689
 1050317
 1025214
 742831
 938723
 162141
 990234
 283006
 219978
 528125
 363289
 928908
 909737
 272126
 139306
 304993
 485800
 946892
 642481
 1035258
 803360
 905112
 543417
 994780
 778716
 75721
 181286
 687836
 310240
 1032769
 143949
 197350
 887034
 234750
 135851
 151933
 115292
 1010960
 20738
 895472
 240069
 1055624
 460484
 1032611
 378224
 224152
 429509
 46764
 581044
 1053995
 787695
 396535
 216842
 1012175
 507152
 1073847
 466516
 687744
 194721
 731211
 83250
 95195
 147652
 192306
 167582
 1040474
 668279
 275176
 388421
 296046
 980373
 861372
 473038
 692654
 782288
 621774
 956996
 508786
 56469
 1046478
 199932
 288961
 915239
 960173
 862293
 153172
 87421
 649401
 469217
 30023
 563028
 786242
 241594
 561615
 780733
 344495
 264942
 163983
 348281
 253135
 561022
 57582
 873250
 424115
 1083637
 448537
 792685
 640355
 606276
 272361
 94417
 891046
 842589
 776533
 1083325
 985726
 918361
 1623
 315768
 935020
 1089712
 205990
 1080721
 226475
 579835
 638134
 442328
 579102
 126791
 480410
 757317
 161659
 218178
 920758
 883724
 183314
 984483
 707627
 779069
 935060
 865259
 822203
 699366
 616121
 171495
 653215
 714833
 45216
 966416
 482996
 19639
 999895
 287238
 179881
 721385
 742580
 606671
 718794
 648523
 838625
 427653
 288664
 371430
 602511
 681944
 99342
 656915
 174038
 1004947
 1058488
 513268
 732227
 925433
 558231
 650325
 523979
 473148
 597611
 847886
 880790
 284488
 436425
 978448
 1017971
 8128
 924961
 962564
 164459
 685944
 999585
 404993
 250953
 1072541
 669366
 665573
 542142
 453394
 444410
 430810
 530171
 857392
 336115
 512301
 14877
 825174
 626038
 369486
 14726
 1069775
 49429
 425799
 273384
 870543
 668895
 163736
 410483
 603658
 787960
 63273
 295872
 523418
 1066497
 516366
 806645
 518844
 593903
 193235
 627224
 268801
 88787
 452648
 716763
 394937
 382065
 182849
 14403
 784528
 816203
 1051028
 1014792
 692615
 250208
 841414
 817885
 118606
 922520
 391005
 104866
 885445
 738561
 96042
 842646
 891164
 616740
 394848
 958664
 926691
 856283
 740950
 899664
 688010
 624925
 967170
 448273
 755281
 698825
 632723
 1034619
 337419
 428475
 335671
 141281
 895538
 349663
 23485
 185368
 564833
 1063437
 138082
 591271
 970759
 221911
 594332
 532765
 581579
 960715
 717823
 507373
 341096
 1026652
 905202
 220159
 1028748
 196848
 638249
 771209
 510541
 88134
 436959
 534779
 340004
 439132
 1097787
 457047
 313092
 37204
 648087
 596209
 941656
 791496
 633010
 25674
 1037143
 1047039
 355440
 570701
 695240
 311989
 65469
 566533
 148534
 147801
 281532
 746540
 295554
 616709
 257107
 1017797
 196825
 253557
 521631
 791133
 63157
 104473
 651810
 492018
 546759
 1030450
 814577
 97168
 931921
 120572
 2619
 236059
 30989
 1057816
 806694
 1078111
 978940
 643912
 609689
 40277
 51118
 419214
 876037
 367619
 123799
 217655
 353157
 918409
 253209
 766081
 127907
 75796
 465278
 147078
 811205
 369669
 841581
 640614
 837676
 1028769
 96807
 536839
 819182
 193673
 972922
 1066157
 535606
 79320
 456614
 60534
 215454
 72203
 1061817
 342542
 247425
 738688
 632930
 833061
 1091054
 595783
 770452
 1040208
 225574
 542700
 96169
 880058
 778614
 479893
 319343
 976856
 333126
 350880
 445374
 1004894
 903036
 382364
 364384
 190117
 380030
 678078
 844499
 135083
 591502
 477788
 806566
 247959
 427607
 295983
 387098
 916973
 969513
 424238
 502477
 350335
 460393
 333927
 719252
 830870
 710423
 219300
 252644
 824443
 65745
 248307
 1016841
 686117
 1077633
 788853
 1017919
 795294
 1045472
 327969
 282987
 687368
 924699
 874782
 244669
 907940
 854630
 245966
 654198
 147867
 3749
 733843
 333651
 635384
 1064745
 936292
 692406
 574096
 295781
 117156
 540384
 115112
 935063
 254206
 957613
 672504
 332452
 980839
 964077
 280703
 361848
 232195
 799030
 938446
 494399
 613915
 471741
 64610
 946667
 736897
 694142
 855664
 938151
 559018
 876645
 598668
 732582
 578383
 36569
 209961
 111667
 578669
 715119
 557855
 57109
 337905
 418251
 864837
 866281
 943241
 868637
 925820
 238041
 244528
 362330
 375762
 195194
 266085
 319045
 551173
 453176
 1013272
 561170
 762007
 720384
 340969
 665636
 1003428
 855247
 171153
 366267
 823579
 404249
 339666
 813447
 132320
 285028
 728748
 34925
 558686
 285551
 347191
 228066
 97770
 511599
 775990
 937487
 271494
 347822
 2359
 698651
 549889
 694622
 1093575
 233074
 331204
 886844
 837736
 328090
 433863
 909191
 869185
 45025
 1036597
 1079411
 465340
 982665
 117638
 755660
 491993
 523807
 1720
 757953
 493887
 1004628
 400770
 712227
 114485
 396037
 72027
 612106
 33241
 154269
 612129
 129567
 25259
 639697
 784815
 616390
 658740
 758534
 974352
 431234
 572210
 467952
 322683
 665927
 821858
 805949
 1011171
 529525
 220533
 479431
 953512
 826983
 27308
 856525
 508810
 595628
 404654
 466797
 590674
 404080
 95245
 402738
 521415
 356872
 944793
 884102
 98766
 241766
 399036
 378767
 321777
 529773
 303773
 561141
 949557
 820451
 811433
 258233
 903342
 261325
 350450
 651283
 437446
 568522
 201447
 995072
 1058056
 439120
 256986
 94671
 20675
 945624
 750696
 321605
 519646
 870487
 972618
 576491
 876677
 795446
 716761
 378121
 1056252
 748276
 516755
 194053
 30661
 525647
 620595
 308317
 800964
 430858
 916103
 475008
 1046031
 948979
 820354
 999017
 48131
 93121
 234331
 272715
 872145
 423557
 535513
 248542
 219436
 73357
 332474
 110482
 97889
 886254
 934732
 454277
 324310
 496373
 826480
 208599
 224551
 743030
 349537
 178181
 715953
 454912
 381073
 490772
 827509
 404105
 832693
 298292
 834498
 392946
 258882
 116948
 32800
 103247
 675233
 149913
 22524
 961319
 44028
 470523
 1018794
 908128
 241649
 719052
 128006
 175085
 987960
 473456
 552389
 713303
 952604
 506778
 804292
 481132
 540445
 873780
 893826
 509563
 981920
 872221
 85128
 436961
 106377
 620831
 1075816
 340320
 320727
 183657
 672255
 150438
 231688
 942554
 11602
 629024
 802743
 833611
 910075
 640491
 11344
 351386
 53422
 561117
 626062
 534287
 487164
 296142
 151489
 1059119
 182794
 59515
 821641
 297749
 750221
 262369
 574598
 873900
 827619
 924304
 127581
 832659
 581894
 376536
 174236
 957169
 456330
 920538
 1038002
 238483
 489090
 153263
 297816
 754000
 9931
 331813
 989757
 886696
 662437
 423226
 179245
 39694
 973395
 282545
 383649
 866701
 80619
 292800
 22823
 299500
 577290
 757243
 775226
 878166
 762897
 542792
 968014
 900654
 343853
 209417
 386206
 300620
 854272
 28194
 516820
 428025
 954435
 84053
 657839
 967458
 716154
 73550
 248063
 758248
 244086
 41159
 3909
 107423
 616235
 308662
 57269
 555636
 345139
 863846
 83579
 232803
 943059
 651380
 1045911
 44050
 856033
 489757
 272209
 1098458
 751782
 350577
 507126
 846482
 55412
 527901
 184413
 681602
 368103
 660565
 937617
 870575
 460426
 573734
 408833
 187293
 231824
 142255
 831331
 785848
 74783
 378385
 950542
 544479
 402063
 823693
 948999
 1069257
 797689
 625555
 711152
 165749
 290529
 1089848
 1037963
 733710
 145550
 310852
 536488
 364891
 1077387
 334898
 64621
 209921
 352406
 563928
 582569
 981775
 962635
 1078644
 196055
 966989
 489560
 419025
 375763
 148903
 887799
 811056
 27690
 400213
 1022673
 1010489
 596656
 758247
 909234
 445593
 553202
 582250
 469806
 456813
 15151
 1060860
 194132
 996685
 1054692
 946371
 506329
 429837
 719948
 876371
 454853
 679562
 474039
 360
 740529
 380140
 334113
 1081676
 54682
 635167
 386057
 836851
 751358
 383904
 993997
 457903
 78148
 671742
 693172
 256186
 1056074
 797846
 230699
 169808
 691019
 292093
 975388
 807724
 825076
 11149
 397396
 480488
 40069
 824772
 735662
 168322
 809636
 822597
 427761
 581584
 83815
 1081094
 631196
 713189
 741282
 377597
 1068150
 486073
 999307
 412690
 889176
 882381
 998016
 399621
 836322
 929979
 695431
 1067088
 324229
 786769
 205238
 139449
 886312
 486671
 299104
 905999
 617587
 806909
 362427
 445373
 243599
 84249
 234170
 884368
 303387
 1091272
 956841
 974481
 340205
 665288
 634590
 270296
 776494
 338107
 713049
 732995
 648498
 172885
 1096201
 73465
 577784
 373899
 92138
 248320
 734548
 569838
 592791
 245991
 916527
 696138
 190465
 207748
 871934
 1012499
 503689
 617289
 368657
 1090282
 441903
 738205
 104637
 669867
 1042199
 853686
 332814
 733881
 49656
 1006816
 514999
 599586
 289365
 704264
 322931
 931917
 385382
 127181
 823330
 15770
 705857
 61824
 1075303
 453436
 615708
 249315
 964461
 366206
 382483
 447736
 80784
 825165
 849026
 381693
 659450
 383126
 210691
 116720
 644640
 883014
 89615
 921988
 757783
 686645
 795211
 382317
 960500
 168129
 565244
 637419
 722959
 1055701
 212116
 284259
 904206
 565646
 505808
 634468
 21744
 189726
 252105
 370533
 1091503
 986967
 553398
 212585
 735662
 408968
 185663
 13917
 577261
 264423
 1027715
 189601
 46847
 237590
 112908
 905347
 720855
 148303
 43638
 454356
 704597
 1084510
 879694
 551095
 642978
 1006015
 1037670
 1001661
 207154
 735308
 166113
 316727
 681159
 210579
 879982
 724356
 182126
 274975
 714794
 710752
 11205
 224017
 432084
 76744
 766302
 801896
 931567
 85983
 323734
 630998
 829915
 1061249
 733699
 984253
 677165
 638784
 429910
 42410
 2617
 879605
 287508
 685103
 6551
 294906
 45797
 618767
 849827
 840975
 769085
 722485
 76978
 1091392
 998333
 824928
 981449
 116483
 672442
 1035986
 222828
 636987
 980389
 320009
 514303
 652139
 1013780
 616686
 769037
 93085
 721212
 43473
 83687
 1000008
 299814
 200509
 9777
 925302
 269709
 645444
 658110
 966600
 391733
 292331
 959699
 202049
 552986
 190294
 1014457
 57159
 45143
 631781
 229209
 1020848
 72840
 778523
 789991
 279558
 5390
 619148
 157538
 443687
 714657
 58909
 886492
 107059
 370375
 802391
 1096662
 777068
 724707
 8317
 703200
 145986
 476342
 135576
 433388
 600321
 629086
 608967
 265137
 269153
 637450
 276231
 370163
 283603
 653932
 957521
 971849
 938210
 571615
 745017
 779026
 524412
 196935
 460935
 460669
 142220
 493897
 910251
 186488
 278121
 332256
 1028845
 743240
 598987
 860658
 1080474
 367402
 928718
 588311
 79750
 371598
 487764
 1036284
 475830
 1076128
 751754
 1061872
 1060249
 786813
 780275
 668029
 238662
 107111
 989115
 892114
 361234
 665161
 518561
 986826
 221694
 160026
 842389
 112167
 729107
 752620
 506236
 608134
 905679
 980017
 813289
 369106
 36420
 702632
 512270
 437658
 508117
 541343
 966395
 59422
 206620
 388865
 619427
 139606
 444153
 346857
 880828
 195062
 1086210
 86116
 68294
 1051721
 419335
 228801
 744959
 617663
 174966
 469431
 131226
 213522
 366719
 1002775
 819975
 387161
 334344
 56970
 736769
 855926
 620873
 197061
 95952
 626947
 842790
 114715
 388374
 1005458
 197490
 638102
 40063
 460590
 742159
 164658
 412731
 953621
 1043904
 952219
 472647
 408187
 306741
 853607
 692720
 774479
 989516
 818238
 313262
 283794
 408844
 465438
 242391
 861800
 630191
 98496
 660407
 224535
 120795
 524041
 252080
 204909
 120227
 236537
 1029910
 697485
 1014790
 292871
 967383
 793527
 20094
 314925
 1055611
 694710
 177724
 167122
 507557
 299666
 354651
 576901
 373885
 914997
 646040
 969378
 316949
 386655
 678093
 28387
 383069
 2670
 321386
 744313
 359400
 198067
 618608
 1039851
 1028840
 878924
 249271
 924597
 448503
 753469
 1003807
 429315
 735069
 151359
 1051349
 782451
 26490
 937268
 257378
 161531
 276898
 1081659
 176319
 590766
 736213
 779495
 281445
 876896
 295026
 614912
 599586
 49511
 474397
 987512
 1066223
 734818
 62056
 228577
 1003317
 125723
 54255
 587132
 718953
 108858
 420241
 664127
 902289
 468381
 640147
 42997
 202179
 769342
 461553
 185613
 1062800
 215168
 289695
 179840
 646327
 547333
 936726
 523696
 745272
 320436
 448175
 266595
 1076536
 795595
 1008510
 273271
 601141
 330128
 250644
 469146
 588989
 57107
 166625
 1070316
 653956
 863793
 759277
 416827
 595462
 177890
 879036
 502279
 516302
 897775
 899016
 372868
 705537
 146017
 274051
 606132
 930432
 975391
 166615
 16875
 885902
 1035853
 134770
 520400
 184750
 744297
 609556
 254402
 1099485
 1066997
 1028586
 667498
 719192
 820498
 449975
 244356
 484926
 336550
 693134
 667445
 3146
 703396
 208617
 374781
 768001
 688989
 1023715
 148782
 925275
 392492
 577690
 369796
 1051813
 270638
 105017
 1023118
 495444
 350714
 287025
 374628
 715800
 486079
 5401
 709552
 290375
 1027372
 1056238
 839659
 362190
 490657
 92281
 870036
 171840
 651296
 1004144
 694923
 236823
 382571
 450389
 5140
 678502
 313746
 807009
 1059145
 95103
 731554
 399340
 331906
 698532
 494929
 54397
 458500
 977500
 307181
 745705
 227590
 176540
 166687
 609276
 638387
 361065
 764914
 138476
 947776
 104046
 974307
 1092296
 558959
 515400
 930690
 903503
 824117
 740031
 836439
 343127
 638046
 788404
 892578
 380180
 1028
 1037647
 1015596
 10605
 830463
 839584
 486115
 429923
 879533
 744732
 819757
 18014
 808242
 91839
 698196
 533982
 1087000
 935219
 584165
 349732
 1070752
 554090
 1066525
 1060193
 968165
 861157
 32775
 116877
 1031890
 865027
 635336
 23964
 272899
 397699
 69524
 89478
 524244
 558322
 759504
 1092103
 848033
 784425
 715531
 281400
 276824
 85609
 495695
 602757
 284801
 87699
 676192
 446861
 791398
 660896
 833624
 204793
 812271
 601581
 1020262
 376009
 436302
 803632
 608436
 163729
 269481
 145321
 970151
 548115
 545759
 201581
 477828
 950285
 918572
 849406
 419898
 245199
 1052451
 737500
 980748
 409590
 1045469
 440910
 284771
 743341
 666947
 735002
 253227
 231608
 338826
 166567
 487627
 982724
 360145
 881316
 247597
 555014
 295651
 8620
 156563
 329041
 666726
 208167
 1026582
 131658
 755218
 558819
 957818
 214181
 980346
 539558
 1080899
 197048
 343270
 698156
 41573
 558733
 638042
 94553
 438373
 1038577
 876007
 630468
 827007
 820130
 901882
 1023268
 989071
 721926
 102230
 679868
 689047
 554625
 850087
 104839
 884932
 622871
 42591
 365788
 131709
 4249
 19200
 781536
 723632
 853570
 708906
 708744
 652935
 967198
 34587
 712412
 852885
 775093
 373699
 374865
 37516
 806121
 418928
 269868
 233621
 1037812
 1070175
