394809
 776320
 1042489
 608481
 832949
 697202
 796013
 149610
 1051663
 994071
 730015
 772587
 324421
 735519
 246720
 412547
 647922
 795488
 491554
 429673
 707930
 335662
 504910
 912028
 673508
 590512
 262592
 974846
 951370
 665061
 672292
 85120
 773291
 895149
 347117
 609530
 335432
 779088
 441524
 8609
 102294
 998351
 220621
 93368
 21072
 728479
 818728
 434564
 390246
 834234
 629603
 423405
 689523
 804199
 768199
 1026007
 238496
 623750
 1070929
 870947
 955401
 992255
 545380
 239788
 373688
 158494
 907648
 384669
 1055802
 522426
 376072
 702373
 132271
 949584
 62734
 677567
 725310
 1096468
 264332
 966723
 942010
 369197
 859877
 1095680
 245667
 1004394
 372860
 58087
 472453
 697062
 767004
 964053
 512241
 142088
 677241
 357912
 487006
 143252
 933612
 162931
 43298
 820550
 354200
 695499
 136232
 217282
 585122
 731673
 1091397
 125159
 710317
 974303
 394112
 1010543
 236331
 135108
 512444
 996477
 134384
 617593
 386291
 11882
 225138
 898055
 672463
 856348
 929476
 580174
 675407
 809739
 595788
 604785
 956178
 839298
 378192
 980517
 783848
 209773
 466116
 453312
 530559
 67599
 477630
 930176
 805331
 142434
 1059747
 88617
 145800
 1070306
 3122
 860287
 460592
 844478
 248742
 424803
 897551
 899408
 575079
 554377
 95677
 443505
 683634
 734272
 32847
 529021
 975474
 835016
 39290
 101611
 961022
 468123
 400994
 344974
 372411
 901833
 435406
 1017897
 547102
 746925
 775122
 398188
 819599
 317170
 130828
 577493
 44071
 928057
 908684
 20383
 867070
 561209
 572838
 805703
 537920
 264066
 163025
 287971
 112097
 131111
 321984
 347280
 167078
 1009879
 27625
 975259
 541394
 273169
 101373
 742012
 1015210
 458189
 794285
 607451
 265634
 363749
 231251
 951804
 332646
 117055
 856523
 700635
 1049969
 448746
 932102
 139579
 876203
 615833
 559428
 695263
 762466
 191025
 553940
 320204
 422780
 195111
 846550
 621842
 889041
 438764
 885330
 753276
 1065071
 983615
 973034
 502123
 711925
 706527
 450761
 311331
 565615
 469346
 983671
 830787
 547230
 347317
 482290
 765128
 967023
 1005194
 296428
 229208
 998140
 507761
 613859
 7249
 138110
 525481
 526277
 1087475
 30083
 5248
 16028
 284433
 601836
 766926
 402451
 808049
 453437
 475484
 528492
 864542
 280843
 903632
 506008
 319716
 31403
 1003648
 502822
 648736
 788963
 660721
 991359
 743042
 521665
 659242
 289092
 21250
 529161
 979106
 169075
 983299
 503072
 83263
 788612
 772837
 171580
 376952
 206998
 770445
 413881
 997277
 1081908
 31819
 694310
 872292
 471943
 834817
 963962
 872968
 1087339
 539724
 737091
 373242
 695774
 1001108
 328368
 224130
 430646
 754814
 772505
 639191
 701257
 250733
 771546
 596983
 291222
 1056212
 637535
 649434
 714748
 830013
 286001
 79862
 925440
 215979
 239156
 633794
 892392
 748716
 1068215
 601500
 1080241
 904719
 187694
 505462
 1048985
 344142
 497241
 1010877
 750317
 642942
 461196
 664887
 132481
 501170
 823932
 680353
 611888
 928674
 929971
 205851
 20205
 188312
 650769
 7456
 55818
 574238
 712735
 373576
 736424
 941488
 1014960
 227090
 609285
 299801
 670632
 425538
 89428
 1000545
 632809
 476608
 369097
 853160
 14566
 506528
 306585
 262785
 625921
 623118
 734011
 385077
 190617
 398175
 204917
 358171
 590308
 651659
 581495
 9516
 597200
 547786
 67886
 307954
 487108
 526081
 193436
 589984
 126278
 85388
 698573
 76660
 417638
 315950
 893722
 910233
 531330
 211099
 723113
 671752
 960346
 127823
 962663
 246379
 497401
 974465
 745699
 78910
 318905
 680446
 841201
 766249
 778186
 62951
 279440
 1025254
 896698
 1071937
 798852
 53880
 17536
 20013
 370824
 577158
 705212
 934186
 942341
 284028
 1013069
 282374
 226149
 24669
 154384
 803545
 686381
 485772
 175825
 95289
 392651
 730465
 904384
 770974
 357947
 900786
 765196
 191734
 918782
 376339
 394362
 1008343
 970994
 937691
 506659
 214436
 975428
 463745
 904391
 914010
 182143
 358463
 515862
 993308
 965353
 303301
 478944
 201436
 489897
 269160
 147841
 744384
 944627
 902877
 856405
 950369
 634928
 1066060
 142883
 36112
 650041
 1072261
 362013
 228407
 184856
 244914
 829868
 697007
 329384
 198787
 1019848
 658503
 178175
 944561
 211709
 262493
 897132
 110823
 327412
 907467
 12148
 353547
 243750
 429049
 273944
 64925
 94016
 910212
 618635
 795470
 773926
 119975
 420020
 91154
 519686
 67113
 903231
 473946
 79842
 855697
 1067344
 779355
 154262
 951020
 880235
 565250
 998644
 208604
 209554
 112039
 466470
 614548
 810624
 622326
 581983
 132640
 263744
 765976
 463632
 575446
 1052960
 373086
 1042264
 1040169
 142011
 865045
 420227
 29387
 687377
 232521
 922188
 225295
 917928
 515325
 582871
 569895
 956864
 257085
 481313
 147684
 324715
 95874
 42966
 632031
 638961
 990350
 1064844
 1087231
 864161
 392687
 493851
 322229
 52601
 942885
 333584
 1005510
 186322
 185537
 814386
 92404
 741364
 748091
 215187
 440042
 838732
 648742
 213407
 85881
 1034520
 513811
 157985
 494203
 124678
 13970
 292181
 594993
 1069752
 276800
 506013
 955252
 899006
 791672
 191057
 42426
 678891
 949671
 426574
 814652
 287313
 631586
 689987
 923944
 173570
 855568
 287068
 502276
 298959
 1028651
 215663
 190032
 513869
 400241
 1037451
 74246
 724264
 519792
 654452
 188149
 530106
 715522
 568289
 463013
 421247
 541019
 144125
 628058
 506891
 27550
 756152
 634363
 1098961
 646859
 150520
 461831
 794191
 413066
 787128
 974840
 299539
 306587
 172490
 1034442
 419475
 802328
 93195
 149616
 664278
 219533
 534014
 511121
 735214
 502120
 418067
 625402
 640049
 700841
 666489
 587964
 713239
 287350
 545219
 541129
 146000
 203338
 1083748
 112391
 893103
 981134
 702458
 927605
 555060
 271185
 542581
 748524
 710067
 377053
 983196
 40857
 546171
 981281
 713222
 670836
 215038
 1099969
 688444
 844530
 993627
 894909
 303884
 164649
 459918
 645927
 270613
 462745
 46727
 47182
 20673
 966029
 896424
 919793
 980142
 154213
 40748
 490706
 844163
 427978
 520242
 712839
 1096942
 218972
 418414
 744440
 1045728
 508173
 1087675
 678324
 286078
 183114
 1051506
 89234
 309927
 721291
 723747
 487777
 731943
 906628
 624127
 1063650
 792864
 335060
 606259
 407483
 751085
 821740
 624218
 913341
 343906
 375631
 153693
 322595
 224064
 437600
 487562
 781693
 915127
 900709
 1073568
 391008
 35169
 132244
 418655
 729885
 887
 820867
 519448
 805236
 423053
 469756
 776804
 167655
 199904
 1029635
 35812
 290559
 120967
 398262
 606851
 520600
 212685
 107288
 378210
 344006
 283358
 171026
 946370
 30123
 256441
 649223
 84821
 359363
 54304
 681221
 761699
 275472
 977852
 90528
 326705
 778854
 797081
 967527
 915504
 503998
 169274
 577898
 1046427
 167495
 47558
 445057
 15684
 458954
 518415
 497900
 28564
 828848
 900564
 610232
 930391
 1009146
 866528
 375424
 744742
 391353
 553495
 765494
 315286
 1011091
 123568
 606011
 296770
 111885
 688842
 185694
 183747
 659361
 757021
 66895
 1070631
 339008
 1090375
 560083
 939615
 251554
 617931
 159202
 889474
 1017290
 6568
 72003
 180046
 33377
 704694
 1021563
 871869
 960341
 76866
 333702
 216825
 916658
 564499
 1071438
 1035879
 65233
 431126
 1043101
 805794
 296893
 824509
 789592
 916219
 280352
 318160
 729011
 583585
 70260
 677365
 978950
 666979
 188928
 557292
 583236
 648645
 999485
 2224
 801708
 461806
 1023417
 1089851
 505660
 690989
 936992
 176544
 451686
 864630
 418561
 75258
 993114
 580617
 161382
 461495
 859319
 1089701
 779726
 22916
 1038425
 860400
 862632
 661945
 343593
 1084513
 889470
 140811
 896552
 1554
 57969
 601857
 54670
 126743
 175793
 1074666
 796155
 955748
 1082622
 735972
 618591
 803981
 907846
 163646
 346423
 950125
 690743
 851648
 913451
 902404
 455762
 115442
 117509
 1061950
 287928
 817027
 85563
 577852
 896029
 1039520
 710813
 673970
 309600
 553244
 545116
 560237
 714081
 110151
 472205
 162128
 735046
 300691
 282103
 446886
 139162
 57312
 517031
 473125
 1025120
 275222
 898673
 270256
 245820
 664297
 582549
 1062443
 1033912
 755454
 287396
 376844
 941059
 536535
 480125
 937043
 889441
 619077
 874672
 817824
 571240
 256056
 366321
 867581
 269156
 671710
 1070072
 360179
 568938
 156681
 73190
 978469
 812112
 18041
 610234
 991191
 73391
 464642
 320265
 831482
 506330
 383510
 98564
 1076956
 1076189
 996125
 877535
 961819
 52803
 787794
 765219
 132653
 51598
 432103
 105479
 620532
 506637
 340208
 305032
 870805
 181049
 338633
 292316
 113946
 447559
 651232
 736936
 116997
 181953
 479689
 626522
 198277
 1086970
 665506
 639147
 144733
 30560
 704938
 1018058
 540930
 884938
 926348
 285717
 843637
 1024565
 452318
 499030
 637745
 369416
 495735
 931274
 935839
 426894
 181266
 429636
 959390
 163308
 650864
 506839
 223284
 510126
 915049
 280728
 1076054
 1001803
 317584
 709395
 576254
 477116
 388796
 803386
 563844
 527523
 538963
 871374
 800592
 703577
 1079148
 250491
 336232
 972741
 215294
 1082608
 861027
 818545
 75922
 788670
 1018641
 213119
 887229
 344559
 719678
 1052160
 888043
 1072114
 639384
 960658
 408348
 761857
 513159
 735052
 166944
 1013444
 439734
 617427
 40203
 122532
 164482
 711625
 1000582
 836216
 978597
 1037978
 183708
 293895
 315799
 349077
 14714
 567689
 264641
 748123
 63569
 162253
 640489
 427743
 305199
 238205
 916635
 716346
 986936
 576101
 446601
 374717
 918749
 886813
 1099654
 334885
 366280
 43417
 4813
 841791
 87096
 517197
 936495
 432986
 1031017
 95862
 586997
 781219
 706679
 146362
 1028106
 812049
 59071
 1056298
 841264
 994852
 972332
 1099151
 1083207
 571378
 399981
 607535
 589348
 643044
 810273
 73897
 1045273
 125190
 315053
 185905
 226260
 912891
 307208
 157154
 155977
 430952
 1081279
 963786
 156625
 7818
 857309
 450571
 287679
 536233
 903603
 987031
 581896
 929257
 1051283
 146458
 433354
 940667
 58235
 328642
 321330
 348891
 89957
 931759
 784871
 272925
 231877
 996970
 981744
 314735
 901577
 196779
 1095214
 34211
 727014
 845366
 1000862
 655974
 102951
 1003323
 927035
 30271
 622338
 980332
 351297
 313097
 735247
 258997
 407520
 456078
 587216
 519919
 1067174
 441529
 324828
 929038
 816730
 939996
 844661
 494625
 694121
 638440
 247623
 147926
 420771
 1073391
 477175
 233821
 857412
 292200
 128901
 739813
 394827
 583135
 809232
 1021581
 714276
 459006
 157797
 358113
 35644
 680726
 1055059
 637049
 76564
 417156
 506534
 503910
 742043
 364208
 680438
 74179
 601710
 459626
 663217
 1075380
 699956
 572564
 191802
 84052
 492210
 95708
 876761
 408610
 913102
 151538
 131602
 716723
 311829
 323674
 1079865
 169543
 1037848
 1001399
 739209
 749374
 585667
 353416
 1036282
 742249
 271552
 209394
 878937
 195629
 975023
 733698
 163442
 264803
 166609
 1009157
 151593
 778036
 38849
 116912
 736789
 190652
 958753
 368471
 895047
 258208
 346890
 138914
 926389
 664700
 188738
 668412
 601148
 318483
 782332
 1009760
 13073
 430599
 977135
 869892
 982991
 325089
 1070777
 842597
 421349
 711023
 729245
 954941
 823141
 372726
 884432
 185610
 446401
 1025824
 723933
 270592
 868985
 215321
 1043327
 247125
 460605
 101585
 123779
 131517
 776011
 779933
 801791
 1067970
 190809
 541988
 1036118
 264242
 192591
 305640
 9997
 137555
 512581
 221181
 676098
 617951
 89572
 850519
 617350
 396226
 365617
 387146
 1042836
 276284
 71470
 561768
 921108
 1049171
 395823
 145500
 736861
 37135
 637028
 753371
 161803
 849098
 635044
 344947
 468586
 249518
 615933
 638614
 767437
 457808
 363423
 40868
 420377
 278423
 312363
 220989
 282972
 384587
 494454
 296511
 381598
 243590
 510640
 397537
 876104
 953926
 887873
 211267
 919122
 936502
 106571
 472594
 89134
 767027
 3420
 9759
 961617
 757855
 416018
 70028
 982836
 368319
 58662
 692979
 92617
 24450
 534535
 869712
 627536
 87722
 185315
 827394
 840425
 777428
 973709
 102978
 652893
 465481
 469530
 688198
 409162
 615884
 497579
 157368
 306938
 482989
 560214
 381482
 797203
 1086492
 726307
 926509
 14726
 468975
 158736
 28505
 406016
 690932
 66606
 73552
 450935
 420190
 934221
 966515
 1000092
 281725
 754942
 189427
 408697
 830682
 1071688
 290163
 194495
 920170
 592322
 160166
 361045
 866419
 534232
 318224
 150670
 188093
 459221
 556780
 841748
 959651
 766340
 1078776
 646254
 526728
 589691
 679743
 365035
 26401
 902331
 996612
 788414
 477738
 1038382
 1007216
 61513
 674658
 607801
 795185
 1036738
 260228
 1087111
 653095
 126499
 763365
 438347
 804960
 832759
 171286
 274336
 225166
 166860
 670168
 481275
 31224
 623623
 1020923
 203110
 328955
 988324
 315904
 638165
 757371
 271582
 526242
 300906
 104992
 642860
 749228
 534669
 193325
 478995
 718310
 452757
 22803
 251890
 614506
 949709
 815574
 86019
 880633
 675578
 76021
 50588
 186709
 465105
 458641
 8783
 566613
 77486
 504969
 258618
 94428
 378279
 733092
 588560
 423783
 378298
 27730
 594177
 775076
 1072701
 436720
 249151
 173082
 1021796
 584078
 92131
 682017
 212635
 975042
 417330
 365598
 287936
 252555
 605037
 768150
 341215
 72213
 362499
 911510
 768361
 505151
 731690
 21068
 950151
 600267
 1086049
 1056784
 952080
 506736
 377964
 315931
 907683
 645496
 818350
 733650
 408519
 278243
 941906
 521843
 1092445
 339242
 684793
 832910
 396173
 561285
 511292
 81494
 83704
 833433
 909049
 90213
 39670
 1051547
 742411
 961897
 494722
 2854
 940449
 195006
 831475
 100329
 194712
 684061
 11538
 816436
 218489
 77646
 136861
 315998
 897508
 729754
 312486
 792453
 469613
 73292
 554908
 582419
 848630
 1084577
 171112
 726784
 611349
 148536
 828519
 978962
 486313
 828098
 169548
 974539
 426469
 1062668
 1029474
 136981
 449111
 772686
 385885
 1071443
 1068792
 807580
 940888
 509841
 32045
 925393
 603340
 67163
 29686
 505763
 600996
 528242
 764077
 643706
 368185
 279931
 123609
 52530
 573299
 135541
 638339
 1020615
 1093393
 500875
 726366
 183248
 831182
 990143
 87454
 559211
 547850
 556573
 383237
 975028
 615868
 338305
 855702
 512960
 401640
 680047
 762584
 30893
 570139
 936172
 93336
 358781
 914862
 840280
 1009178
 599209
 668869
 27339
 180141
 223350
 569514
 242362
 910273
 507359
 553190
 587724
 242810
 967172
 781594
 492950
 507085
 150470
 1043411
 765547
 435432
 887792
 331874
 256404
 831946
 109741
 827015
 112964
 404994
 425861
 864334
 580518
 437154
 785648
 900961
 1031002
 405548
 1079316
 1032811
 446405
 409395
 478584
 1060150
 821796
 1089792
 1083780
 383439
 536675
 1096458
 477906
 293131
 133352
 587054
 993579
 89199
 145450
 247607
 238178
 150928
 172347
 306204
 118712
 537859
 927330
 330862
 285543
 225974
 864337
 579861
 562936
 585075
 1002603
 788299
 595920
 889780
 648684
 696897
 836143
 117392
 1007096
 1019180
 403025
 818907
 574383
 246727
 287778
 735387
 723383
 1083446
 308533
 886007
 898760
 698413
 776871
 792667
 708537
 486925
 1052835
 808041
 878704
 627889
 492002
 637404
 937850
 197036
 114517
 842268
 57519
 876985
 919388
 941189
 756506
 626115
 573384
 124991
 465158
 385262
 285301
 311892
 357602
 242135
 977767
 624409
 732297
 1063362
 959798
 515633
 1045654
 487002
 889492
 1079148
 437701
 560951
 517197
 599541
 560385
 810617
 629696
 357364
 1029813
 473271
 1087270
 539292
 87302
 1093991
 510512
 140413
 924889
 979218
 738298
 23472
 389006
 522714
 869122
 855670
 873471
 464471
 707743
 571575
 493642
 954415
 81368
 681050
 215892
 425058
 955273
 310590
 775459
 101533
 1024021
 810056
 397095
 1087949
 148213
 446997
 369027
 969544
 921358
 193704
 1016792
 939067
 404542
 407462
 529814
 26078
 122915
 604867
 956784
 417725
 415549
 107153
 248181
 1051603
 1052631
 238297
 775501
 18375
 1048923
 40326
 548995
 911739
 341163
 412298
 59864
 752426
 1071414
 691804
 591214
 419971
 999607
 355330
 989234
 529368
 572072
 980437
 1082334
 66313
 734177
 338984
 907756
 1032223
 207217
 508247
 666716
 1063524
 727610
 373594
 51915
 322601
 515933
 735731
 43860
 949921
 188541
 803134
 1026236
 1036256
 443764
 305535
 718201
 104645
 113184
 767898
 797031
 58787
 294998
 55886
 905182
 777978
 997214
 364135
 955821
 999308
 28410
 621319
 29507
 87549
 838878
 281677
 302775
 856080
 672839
 638890
 387505
 794747
 90228
 280612
 555331
 867129
 524461
 200810
 398861
 860756
 658729
 298099
 458550
 612128
 650240
 411438
 887884
 572687
 306847
 848994
 106533
 1029249
 396651
 207776
 979439
 336536
 765615
 168330
 62313
 598384
 159906
 902134
 44026
 437619
 659168
 162166
 36610
