119821
 179631
 22832
 751292
 401024
 898872
 819961
 234191
 1009650
 968028
 35474
 1058469
 647945
 1096047
 39859
 610229
 878934
 334195
 557232
 674767
 212524
 709398
 202710
 523534
 322760
 23273
 1026926
 836957
 655907
 347750
 326784
 64287
 132178
 297366
 559393
 659448
 253797
 161013
 434950
 428526
 987181
 316333
 109613
 872414
 466336
 801165
 277557
 902170
 391459
 438748
 802447
 20210
 229417
 619895
 837592
 291092
 462340
 1095628
 1031649
 337411
 986168
 517865
 643424
 150831
 88368
 259629
 114391
 135718
 362145
 699258
 1084527
 729727
 937915
 830630
 840922
 968187
 477040
 251362
 120634
 166227
 155766
 481768
 46740
 1545
 34203
 469655
 857876
 736725
 1014145
 251326
 165050
 528634
 138824
 384279
 602107
 793860
 1028149
 377142
 232026
 87651
 216273
 872794
 1023571
 481463
 736123
 479802
 614589
 661497
 848239
 1028017
 1091696
 110723
 211871
 401
 543070
 1022891
 880650
 169283
 835331
 423387
 381489
 177681
 845280
 263560
 315397
 107230
 316447
 288263
 446592
 806419
 318847
 63139
 707823
 33264
 198928
 408431
 1054784
 299004
 1057258
 375793
 248412
 571842
 706881
 147942
 425930
 571423
 236002
 540642
 364494
 436783
 844086
 98026
 372331
 264775
 634373
 301235
 303315
 682368
 388325
 604726
 684033
 141516
 694970
 486517
 430573
 767288
 182086
 75460
 620946
 219990
 1086585
 436957
 281247
 495975
 783397
 1057236
 724382
 801971
 443213
 770992
 657699
 343650
 292739
 167516
 278544
 139584
 74167
 611233
 733726
 170247
 219274
 353654
 1004236
 427091
 625967
 506870
 947973
 1062441
 10813
 4068
 611900
 31163
 950071
 872996
 450211
 64868
 731753
 656770
 846487
 742753
 634911
 65148
 363227
 596530
 386826
 95664
 60940
 347092
 807697
 548207
 8457
 574813
 283446
 1099467
 103361
 719346
 483226
 799690
 860845
 32730
 180633
 921349
 120395
 112196
 38897
 608447
 204351
 148440
 935719
 116559
 831288
 564778
 930629
 204055
 1065842
 377014
 546093
 325760
 1064801
 910250
 5000
 76070
 77092
 207417
 315443
 755795
 899811
 761186
 482596
 269043
 675008
 96436
 1016155
 581719
 1032216
 72650
 232591
 125658
 314755
 263496
 699721
 633260
 570852
 730306
 315966
 234766
 31894
 1058638
 3673
 1005960
 611048
 980315
 483013
 491749
 689743
 761913
 923019
 267343
 430904
 501412
 288034
 465311
 442852
 1052422
 854894
 398741
 900469
 200315
 610218
 408735
 896834
 71777
 1048873
 184497
 824968
 741071
 514143
 178418
 640443
 719862
 958306
 171210
 571741
 155332
 361289
 1064735
 222260
 1058487
 899586
 533508
 977327
 243338
 767643
 944640
 702786
 584424
 279564
 1003630
 481681
 993885
 405427
 777311
 94290
 961533
 435878
 897978
 933418
 576737
 433457
 740829
 625014
 977868
 721604
 789369
 190792
 206268
 516771
 710868
 166950
 612687
 860576
 929044
 400288
 489030
 423606
 44194
 561419
 542497
 686675
 517255
 628830
 242765
 552779
 55411
 1057113
 882469
 176564
 573203
 137664
 283149
 842811
 727738
 177723
 1755
 809351
 367816
 307533
 759913
 193237
 326483
 668155
 1059907
 315985
 680649
 1030950
 409705
 695202
 973394
 249560
 1071788
 790394
 577836
 851861
 653812
 145555
 768122
 575797
 1056944
 74215
 702671
 681163
 1035200
 353551
 832242
 581251
 144486
 222015
 101853
 483153
 1081853
 102941
 835225
 400582
 222145
 794449
 351829
 43214
 184283
 138287
 704567
 1029611
 722747
 114568
 891737
 854306
 865962
 785175
 297684
 961246
 411885
 327040
 1072246
 966792
 953726
 660486
 948212
 913465
 369302
 68191
 863113
 790055
 222814
 472259
 493429
 873838
 665922
 264408
 274419
 596531
 547383
 658414
 830307
 902065
 407803
 824101
 421502
 171597
 735795
 1028276
 382615
 331998
 97638
 64349
 798618
 1084171
 206329
 647652
 720538
 345888
 419613
 602137
 147330
 901381
 553947
 821976
 393562
 291998
 575511
 801285
 643786
 590553
 34940
 103386
 84061
 52259
 353927
 388344
 69434
 606735
 315048
 1038983
 11300
 722969
 580448
 441420
 845709
 115050
 342034
 491265
 856931
 562027
 41884
 104763
 968783
 1019002
 466902
 98239
 854105
 996862
 424936
 837646
 1082820
 132794
 405735
 718596
 98085
 1035743
 453029
 611061
 431166
 274948
 998615
 1080333
 994152
 1006873
 207427
 516513
 185195
 248709
 600530
 312
 392164
 881908
 917517
 545062
 200912
 980958
 1398
 577558
 1064818
 230103
 713748
 61636
 358757
 55142
 106881
 345913
 513266
 242734
 693876
 278552
 306837
 997606
 196180
 110966
 947092
 488001
 443265
 402317
 647192
 389469
 715648
 279157
 570850
 800201
 276797
 627786
 353387
 654944
 882193
 520001
 306512
 1047463
 750191
 395500
 799133
 164960
 20884
 391081
 286563
 662013
 59820
 323632
 793134
 679222
 69091
 585688
 644525
 679642
 976638
 1035573
 651075
 200056
 161981
 408874
 623996
 741421
 4417
 238686
 557018
 231400
 935854
 362856
 210277
 435011
 550192
 424458
 910378
 961362
 992130
 693143
 912204
 919423
 173108
 1094568
 314352
 118033
 846657
 177145
 598163
 969140
 153212
 392169
 112165
 509716
 67248
 1049615
 317495
 123645
 478949
 489265
 633103
 549755
 233009
 648554
 89424
 919712
 1089233
 196094
 677507
 261116
 836210
 728389
 108124
 370710
 2337
 1014609
 347551
 967966
 625301
 69469
 900249
 220374
 985919
 310046
 472950
 219784
 864749
 578801
 608496
 49614
 15862
 92185
 92070
 163718
 263090
 1018846
 1082568
 282450
 1013476
 438299
 69989
 795353
 101207
 659415
 751128
 554439
 1011591
 575272
 2807
 226079
 953051
 1057596
 785909
 687425
 522396
 483147
 300432
 96572
 404132
 195885
 408852
 349321
 711173
 974563
 710434
 195475
 1014982
 769150
 1053796
 282946
 1002563
 630492
 81620
 231330
 767829
 879644
 970247
 348482
 305575
 383705
 877642
 470649
 45820
 671644
 476014
 907729
 493982
 987010
 199281
 621167
 449800
 415525
 541476
 1017086
 737683
 1051619
 493707
 722842
 772983
 263289
 921122
 113351
 156700
 958630
 670476
 321241
 118535
 768426
 324423
 831618
 807634
 119384
 550480
 382652
 489877
 1005909
 327690
 456878
 788264
 477336
 964387
 974457
 537639
 1052758
 485698
 268813
 104280
 523812
 1099344
 429947
 303726
 727367
 850207
 472892
 350082
 504665
 196497
 967500
 176064
 122316
 591797
 171567
 411947
 456583
 1058274
 91994
 582677
 859532
 908412
 236069
 150045
 236551
 602667
 373646
 290037
 438510
 733049
 324621
 623605
 203180
 223646
 911162
 275764
 303532
 1051366
 198266
 34987
 158344
 241579
 386926
 883170
 1013895
 915327
 1065953
 84535
 197618
 903136
 911415
 703813
 1079402
 61085
 86962
 325881
 341064
 876862
 379508
 1076708
 70599
 422111
 51166
 132371
 652194
 1098089
 135812
 1095706
 453006
 576037
 980080
 1095165
 373311
 630838
 506377
 616249
 852159
 400329
 313223
 57011
 572482
 281176
 431638
 454467
 779116
 358668
 107630
 482328
 674619
 953075
 360557
 1046840
 649543
 567343
 887176
 345455
 12118
 838353
 42620
 1063208
 887787
 1018294
 794214
 241141
 300632
 492113
 198114
 1058823
 896597
 423391
 961661
 699985
 1078480
 488181
 82151
 916052
 184742
 919343
 940187
 696000
 145701
 996852
 411726
 98161
 596227
 617783
 579442
 483234
 827727
 209375
 891615
 500793
 253854
 339061
 992613
 441560
 16594
 70579
 1066071
 985489
 117208
 410821
 912451
 1047995
 43016
 417883
 798124
 307508
 602997
 731963
 20884
 367607
 274887
 307055
 661232
 527968
 114435
 68872
 524384
 660631
 499086
 990015
 872192
 2036
 430474
 404289
 255493
 309552
 638481
 330630
 555168
 754190
 53331
 1033231
 820492
 279196
 868202
 2199
 1039524
 832886
 534042
 244421
 158198
 602972
 537091
 454710
 270424
 559387
 949663
 343612
 132090
 1001190
 1017501
 21559
 313162
 441841
 970103
 240773
 147239
 204475
 190654
 408160
 159616
 233461
 1036224
 645377
 276549
 637455
 32128
 795307
 102094
 904841
 231225
 80818
 176444
 353309
 779942
 122097
 638463
 1014406
 40711
 422419
 397442
 302963
 393464
 948419
 744780
 846798
 40313
 474609
 547501
 338001
 92577
 156463
 868178
 452700
 800334
 440
 769105
 648832
 332582
 443710
 416661
 171995
 248553
 893973
 304720
 24135
 375392
 339314
 273357
 91148
 903724
 84364
 463677
 120203
 702776
 61644
 55759
 508220
 774467
 329996
 598765
 925793
 796753
 720253
 925964
 211594
 674136
 866622
 426412
 390614
 807195
 987374
 639351
 56905
 133791
 1072334
 1004270
 108444
 209421
 865045
 942423
 189440
 158915
 1071525
 478274
 341862
 304954
 301139
 201850
 138060
 169740
 729300
 775567
 633919
 920375
 865721
 870216
 208140
 42013
 336443
 901390
 955005
 753416
 228873
 909383
 225149
 10246
 110527
 555174
 240361
 939797
 144006
 771867
 606569
 968818
 432891
 797704
 961730
 994124
 321281
 178361
 310691
 277617
 1066537
 531017
 702543
 1019838
 602490
 10502
 135365
 199758
 518008
 700182
 330625
 400766
 804693
 439059
 1030817
 576446
 491233
 741775
 274270
 892668
 742813
 816409
 500410
 935535
 462321
 477039
 719254
 291668
 1068140
 752659
 481605
 524111
 368701
 64600
 422027
 124042
 403057
 544534
 631944
 965009
 55359
 229131
 601034
 99485
 1059810
 193676
 202169
 481543
 160524
 1053296
 253682
 596857
 868958
 31639
 455942
 967698
 68784
 476911
 1016622
 275508
 695350
 268520
 342218
 1044769
 545827
 883111
 975708
 909015
 374280
 557737
 282324
 1000012
 357657
 728656
 263045
 23805
 259541
 889727
 729089
 813968
 360631
 739674
 661349
 727079
 684369
 1074092
 505922
 336212
 763377
 553044
 645724
 1096893
 1049502
 345813
 689905
 172546
 866354
 540308
 952779
 861552
 439089
 739499
 263164
 553103
 543755
 91864
 1030117
 1067199
 702990
 386151
 736173
 891080
 146099
 709119
 524273
 751347
 458470
 497743
 445582
 570274
 178665
 335027
 113164
 184460
 17810
 161700
 971691
 461330
 393756
 654047
 160106
 126429
 314136
 238187
 116833
 1048659
 591490
 269698
 575415
 1034807
 421858
 260921
 587493
 579741
 313384
 471074
 459927
 778423
 98820
 902370
 587668
 583031
 490457
 544982
 106346
 747047
 560233
 852100
 163866
 910302
 677874
 97246
 189380
 957943
 464284
 926529
 544838
 859562
 384608
 177086
 804059
 108272
 335591
 382911
 261178
 65385
 1039804
 1045387
 349232
 730006
 820995
 760233
 434536
 683733
 818259
 837213
 663331
 1023641
 349135
 1053668
 735364
 421017
 1081285
 555587
 215873
 238586
 410503
 987479
 101744
 105175
 623493
 193972
 296505
 744935
 233376
 795142
 863157
 345923
 874780
 850622
 775661
 111814
 400540
 552250
 507884
 502390
 728293
 221188
 108654
 816482
 1095170
 553583
 598743
 239402
 1013608
 25517
 757926
 964106
 590434
 767025
 348824
 468324
 1000331
 149041
 806977
 983628
 153140
 985234
 1032077
 726078
 50737
 324757
 619016
 706951
 732366
 613868
 805289
 1041773
 99573
 215572
 35216
 524772
 699374
 630044
 493209
 62192
 753175
 325476
 249191
 902455
 1081659
 854535
 148563
 178496
 388764
 260794
 967844
 543104
 232233
 1017956
 549795
 816501
 296857
 739034
 337192
 712626
 619182
 816522
 1046599
 639075
 180090
 411238
 931191
 21830
 151917
 367712
 443931
 743483
 518269
 788669
 295656
 983272
 165531
 905663
 494407
 915760
 703441
 179366
 1024264
 700103
 29959
 14058
 1058077
 122582
 122054
 686258
 570701
 1348
 257291
 887678
 1082752
 905429
 1053584
 842808
 879579
 868633
 217830
 230851
 176542
 47658
 1053805
 859111
 1060293
 289915
 1051366
 694435
 548732
 1045651
 978441
 237802
 1047490
 896076
 883352
 137044
 629745
 584507
 899755
 485017
 318037
 999288
 406899
 19703
 405067
 242539
 795124
 481040
 1019392
 666608
 542495
 185162
 1072394
 556809
 78314
 987036
 779918
 144396
 220925
 558366
 177927
 584195
 42968
 171569
 1075761
 434814
 324716
 488007
 28919
 531030
 161761
 487758
 951735
 654776
 12409
 305257
 773090
 444384
 831764
 63629
 82933
 979839
 379328
 788567
 852868
 574652
 614908
 950546
 860525
 343812
 691053
 1010177
 177597
 579800
 166250
 602557
 348937
 677556
 463112
 178495
 178545
 799618
 467154
 1056657
 1078800
 486845
 877543
 4754
 275674
 805713
 26920
 780421
 77884
 144841
 503514
 720671
 1050788
 721300
 1079527
 754206
 511533
 560361
 691163
 620819
 480296
 668739
 982486
 839569
 865249
 670073
 744652
 905834
 1041932
 332277
 287912
 136007
 122310
 268009
 171217
 30809
 82145
 753073
 267264
 5936
 41421
 121163
 226243
 148398
 507684
 645293
 281428
 448014
 1026854
 63358
 339939
 81562
 971403
 1048421
 474845
 415255
 750183
 797130
 736263
 174839
 785732
 982800
 543851
 530423
 526259
 311576
 877537
 388429
 76272
 957684
 632493
 727518
 713743
 71725
 434084
 218318
 572364
 751412
 562764
 248098
 941247
 1097106
 353516
 608665
 557738
 579793
 243851
 259269
 339819
 142170
 837547
 279195
 488805
 931472
 293246
 826396
 13647
 521392
 486000
 817442
 375984
 712459
 910557
 736167
 111347
 978700
 274076
 756376
 643420
 352853
 762323
 493936
 239911
 362620
 24333
 211071
 336776
 239443
 880190
 721066
 16899
 712820
 97483
 100046
 631086
 638054
 938170
 828496
 9524
 452868
 980079
 86947
 507546
 238534
 300714
 413935
 1049496
 729294
 713881
 890698
 72036
 34408
 861184
 76263
 369887
 944662
 932835
 625888
 638026
 622950
 333057
 113172
 899990
 535881
 585405
 1066476
 682585
 791692
 545347
 847239
 39088
 671237
 123182
 707908
 56365
 86667
 831685
 990280
 98431
 472029
 450036
 814523
 998356
 392429
 898012
 725409
 1075095
 718193
 308120
 843068
 689149
 367657
 876165
 475476
 364748
 848787
 529031
 906536
 1048271
 996215
 146191
 149678
 482084
 509006
 934484
 734701
 428534
 590946
 159321
 287912
 722131
 394459
 880811
 164800
 65761
 902970
 230535
 168581
 8406
 788646
 847944
 937363
 384803
 602534
 409736
 930315
 190481
 630541
 620077
 755174
 748937
 1001628
 214692
 799544
 569328
 844846
 211199
 863588
 850824
 598741
 532490
 129508
 479344
 671669
 201749
 84843
 691768
 589255
 80882
 666283
 688841
 210954
 451200
 573988
 585021
 1021008
 846382
 418064
 93968
 549632
 955852
 1092571
 669265
 378494
 979223
 649269
 915106
 390193
 422506
 866537
 427660
 158888
 417944
 702471
 61272
 696422
 736188
 1054395
 765551
 224771
 462859
 167873
 1067563
 422508
 967520
 509756
 828569
 743308
 623386
 943195
 288127
 448726
 511621
 606468
 773663
 1027017
 1094025
 153989
 354886
 362826
 650307
 750726
 631931
 1023543
 812041
 889511
 158217
 118263
 900635
 104945
 19151
 500880
 534615
 904820
 474622
 833743
 812956
 284280
 608847
 573080
 277530
 59029
 142589
 687269
 60661
 445019
 338188
 229867
 452568
 159824
 774580
 160533
 86372
 879281
 973173
 927992
 441623
 979015
 1352
 1066179
 527636
 183481
 838182
 1037683
 925806
 928230
 357750
 312593
 653230
 666228
 950993
 657706
 838439
 564399
 164822
 1096229
 591643
 209433
 1094799
 485219
 1008417
 387978
 780261
 314981
 465018
 986408
 387300
 110869
 214775
 112253
 343367
 4181
 201222
 72380
 764981
 346315
 541832
 936495
 132370
 748203
 832306
 1078709
 271478
 144339
 477006
 243845
 961391
 870892
 945668
 916029
 841549
 158544
 471750
 769916
 745951
 517740
 1040553
 1063172
 544624
 887786
 547776
 15176
 494163
 756288
 1072436
 430421
 765780
 958006
 552104
 779062
 743080
 70806
 674013
 966380
 972458
 865453
 320108
 370664
 819573
 1048590
 366101
 62321
 1006445
 117095
 216918
 631589
 1029115
 226343
 548435
 351391
 412249
 462390
 165691
 550865
 657292
 362336
 88522
 759360
 632874
 739650
 955120
 982795
 518467
 645552
 1089371
 672684
 918191
 859011
 119687
 486086
 716810
 89591
 319922
 522325
 1001578
 369164
 912089
 141951
 57578
 825369
 65658
 269730
 908293
 23746
 711619
 303437
 911935
 712770
 924778
 810776
 1055214
 141439
 277008
 464750
 436378
 353670
 124290
 849981
 315978
 842016
 989488
 394629
 135017
 873147
 157820
 92327
 634242
 719925
 884827
 618443
 774748
 815141
 188388
 398224
 976818
 422312
 168950
 430524
 611149
 629841
 724332
 830067
 877034
 216605
 77507
 476238
 965908
 275542
 110067
 203266
 460536
 620639
 1051088
 615488
 891047
 829278
 147816
 23293
 741415
 696909
 561183
 679272
 755864
 685506
 814213
 841196
 275901
 451325
 1024038
 771976
 808890
 277263
 239615
 307981
 709993
 707745
 137225
 750740
 696949
 284094
 773104
 228287
 1053132
 538894
 486045
 613041
 1055269
 209911
 258189
 255515
 1012666
 612373
 135057
 550736
 17439
 770750
 631301
 479983
 358462
 155068
 1096021
 553655
 223000
 444431
 1066491
 974321
 827539
 713788
 950298
 1043503
 528908
 802928
 227501
 813462
 774140
 811880
 36162
 17507
 383806
 135607
 961907
 132446
 1099893
 411765
 653436
 493860
 652107
 328061
 992092
 345285
 639972
 446133
 298447
 896186
 137386
 75574
 899271
 638907
 927421
 138658
 836409
 607344
 256136
 376607
 818293
 617219
 376813
 222789
 660786
 848343
 238704
 129449
 260330
 785370
 1062138
 312902
 467220
 655006
 619493
 558074
 870322
 472028
 629352
 873293
 697719
 283196
 870914
 874958
 254824
 763870
 585116
 66935
 804064
 839108
 576301
 657869
 314460
 789621
 806520
 161339
 954599
 1028234
 525115
 898319
 462740
 972908
 1010965
 779702
 740156
 101920
 284513
 595720
 613930
 1096436
 443344
 358620
 279335
 821394
 337446
 838658
 1049055
 444912
 18123
 7848
 1094528
 675222
 918477
 390228
 545566
 773469
 432430
 167523
 970747
 1002099
 775767
 484604
 399113
 528989
 470714
 53363
 150654
 299407
 873280
 9854
 248424
 1069172
 801968
 633072
 341682
 332937
 1001804
 1058262
 647457
 150301
 310556
 747947
 29003
 83929
 209084
 347459
 127657
 954477
 588113
 213883
 855707
 852359
 571257
 306298
 575708
 174820
 624242
 267568
 1053725
 165031
 706784
 448406
 526526
 598837
 25262
 1026480
 807792
 290724
 227653
 787282
 444515
 375478
 925760
 1011170
 691945
 407022
 47586
 331039
 172567
 262184
 540850
 864771
 387757
 1594
 397077
 287378
 699055
 336779
 700841
 49309
 991512
 1096585
 85740
 877150
 798278
 728365
 631545
 45789
 366284
 733829
 993393
 574002
 124861
 29777
 276610
 846585
 804765
 325706
 92605
 884767
 1026930
 134264
 795545
 149427
 566750
 950981
 707855
 421083
 203201
 1030086
 237176
 487879
 356801
 196331
 1094076
 676605
 487713
 1084151
 1042091
 812598
 933300
 552340
 1015359
 1067921
 962719
 837942
 1075128
 15557
 489102
 947927
 552249
 121794
 570122
 337449
 52873
 557052
 657275
 504312
 403776
 387929
 958522
 679714
 48985
 817329
 211974
 1034909
 337774
 697528
 225232
 388386
 891008
 507665
 602107
 164788
 303664
 126136
 413042
 264000
 1086897
 789850
 983368
 44062
 436838
 876617
 276048
 105905
 924408
 946129
 75130
 459174
 227797
 153426
 969532
 155702
 665483
 518773
 969923
 595357
 166493
 668320
 651286
 199951
 925501
 1055211
 169307
 871798
 202974
 275432
 1065337
 678291
 920959
 431294
 611956
 458705
 1012272
 893133
 968872
 950338
 320567
 1008234
 222120
 552534
 467287
 655453
 904589
 825431
 979430
 910730
 182230
 47130
 888269
 1026409
 848089
 119906
 433474
 538043
 779538
 1073669
 249720
 144465
 119242
 36098
 696707
 1057370
 308796
 42639
 995706
 1051787
 278372
 835993
 92319
 742052
 950256
 309353
 1051356
 1051353
 864013
 564428
 780922
 965571
 1041663
 960014
 420639
 254596
 896
 144796
 405405
 545421
 479628
 25158
 870510
 883943
 41
 725275
 1051801
 427962
 656832
 658282
 668836
 443360
 810045
 163111
 544322
 512472
 131805
 18358
 851426
 1031641
 718161
 680883
 183486
 374322
 676483
 910338
 188216
 867705
 217660
 677252
 146187
 778681
 607880
 364070
 867494
 170774
 49300
 465267
 599544
 905572
 227442
 516721
 136510
 1038159
 787738
 484671
 1057487
 976188
 996714
 457814
 982199
 223735
 919068
 432787
 710315
 972988
 909292
 51468
 512788
 639677
 67654
 1032169
 200728
 108489
 99652
 816941
 857999
 644378
 482432
 308395
 312961
 173262
 534285
 433549
 476151
 143230
 1093715
 936044
 763092
 227606
 26660
 94786
 706762
 538942
 736474
 522788
 946935
 866718
 706979
 264171
 1026930
 302568
 999792
 322986
 894514
 901061
 678810
 491091
 564060
 563977
 1005099
 914157
 97793
 92890
 270877
 365811
 292095
 911592
 446522
 462713
 654959
 75264
 89431
 269424
 194526
 595521
 339120
 18394
 1027912
 669740
 276872
 539606
 221278
 79470
 611255
 347528
 910400
 1042164
 591702
 185903
 852612
 671135
 181939
 886747
 165508
 859291
 543067
 227297
 763473
 509818
 561556
 1051347
 1032334
 682325
 319871
 292469
 567707
 527780
 378341
 923568
 688937
 241012
 1089496
 823549
 386546
 205043
 439497
 808940
 261829
 853202
 1006489
 851053
 408649
 948913
 278656
 675825
 747124
 614214
 918563
 368685
 809562
 1078081
 392711
 191818
 1031950
 352322
 218626
 266562
 1015024
 549594
 301823
 879885
 324637
 298053
 285830
 221386
 584620
 226227
 315145
 357325
 1029903
 481821
 46949
 1035231
 333978
 349423
 533388
 902164
 92180
 653687
 414308
 985846
 910201
 989546
 341455
 430905
 166113
 897202
 537657
 202597
 251031
 412170
 369936
 842884
 762961
 510225
 1019704
 102016
 977274
 108048
 981990
 388897
 653848
 1053450
 779553
 1098818
 996912
 706001
 868384
 827928
 158625
 785207
 4779
 82470
 1012469
 215115
 934009
 331261
 112097
 1065579
 439636
 78978
 751720
 1058921
 188052
 963267
 598215
 478185
 1044540
 580087
 868941
 319165
 677911
 73430
 399063
 791535
 841503
 673493
 786999
 73968
 58596
 7272
 245489
 221437
 465050
 662373
 62141
 714866
 991221
 733193
 378386
 116683
 796240
 824480
 230733
 669913
 399503
 199839
 1072987
 11346
 294199
 289465
 506244
 465263
 914018
 98123
 731073
 643979
 94220
 345098
 729241
 1040615
 614248
 1020171
 676793
 362057
 236366
 691829
 661527
 852601
 242673
 685881
 336243
 234984
 448193
 1081496
 1031087
 258359
 108753
 986047
 939499
 90087
 493909
 261150
 975294
 360666
 811868
 410936
 162873
 1045765
 109483
 599029
 704248
 975427
 450487
 931650
 352435
 838671
 492926
 182207
 365218
 783560
 571300
 41577
 795238
 57762
 829307
 430915
 553187
 593287
 604108
 791238
 205186
 1099777
 296310
 668437
 715102
 22235
 421593
 852700
 766395
 835980
 488848
 384564
 892820
 698960
 781988
 985876
 433515
 658790
 431671
 779390
 1010377
 918631
 547012
 737540
 613284
 678001
 644643
 421000
 61584
 184274
 844073
 963639
 967628
 797567
 865726
 453284
 382467
 677923
 24506
 472711
 473074
 710556
 176355
 868731
 616446
 376613
 31521
 156251
 168914
 519692
 182748
 471059
 800738
 343906
 1096073
 371708
 970644
 656195
 150218
 824548
 770326
 1052790
 89670
 1091180
 914903
 1053407
 634333
 249954
 1076150
 281311
 88033
 198867
 234706
 642163
 434410
 814528
 762384
 995963
 359869
 409825
 984222
 531367
 154256
 236477
 499484
 836038
 460683
 1079637
 889312
 397946
 657463
 948600
 471517
 512041
 1005429
 57278
 687164
 507513
 380786
 851245
 662318
 199595
 557377
 455280
 930787
 66593
 1067132
 885080
 626984
 655258
 1018747
 940589
 272985
 829496
 933619
 634501
 413610
 950136
 272807
 264636
 233768
 684958
 273410
 284115
 1080191
 550279
 647712
 90483
 368331
 257628
 836396
 215649
 816130
 671177
 1071542
 311303
 253592
 971768
 665972
 746068
 184982
 356818
 374079
 1063785
 377812
 811058
 737559
 1040829
 438316
 531221
 32140
 805577
 79740
 758371
 381584
 270092
 656922
 900653
 1098593
 807893
 715451
 395859
 508563
 546895
 856329
 76514
 957974
 861109
 378072
 951836
 638007
 1075194
 267023
 767649
 898423
 348284
 1008331
 75516
 838160
 599394
 836861
 900737
 602651
 1026188
 757350
 436594
 994741
 109622
 10280
 681577
 898694
 987213
 766704
 777582
 443171
 514196
 763052
 41268
 298328
 913681
 1013552
 582806
 493029
 339768
 986965
 911171
 28160
 832512
 503208
 883647
 756462
 123650
 369530
 550376
 139656
 1071596
 896728
 638686
 965422
 661551
 86591
 113308
 687389
 272908
 739879
 486460
 862842
 675601
 508337
 409136
 892959
 179218
 865991
 985825
 747940
 1050556
 307445
 135301
 530049
 1076348
 838646
 754793
 642379
 579335
 425697
 776831
 665457
 265207
 1036389
 701403
 299858
 637285
 612494
 652581
 314081
 1058077
 1023385
 103120
 793914
 402812
 686225
 802098
 797060
 625149
 20039
 213453
 831576
 196700
 563183
 1011211
 805975
 1059820
 233588
 592886
 70896
 880868
 97933
 275110
 697555
 776931
 46476
 43887
 8440
 1056214
 371276
 82497
 686438
 741043
 668883
 168683
 521455
 764672
 896250
 448367
 928679
 79683
 270397
 683481
 865611
 1086367
 793636
 514664
 412059
 307151
 773085
 89943
 1009273
 302847
 461220
 170101
 405110
 136449
 578672
 321474
 156408
 674889
 960172
 145903
 310202
 196816
 537581
 970129
 626356
 957619
 973110
 563613
 903379
 155016
 556397
 789559
 697103
 200769
 749928
 595413
 758886
 1062686
 88767
 1026410
 664970
 387191
 374434
 368537
 409166
 143155
 411460
 364005
 141306
 526680
 204926
 1098003
 292096
 337104
 965885
 513630
 386277
 560149
 404967
 430172
 831659
 598933
 781051
 457439
 208006
 842465
 663316
 144472
 61444
 37953
 284396
 519830
 341876
 325269
 376428
 66353
 154915
 511645
 710567
 854262
 841348
 642123
 1049051
 768559
 91803
 612837
 900438
 671839
 105072
 1089055
 34997
 175094
 780823
 1071999
 430456
 834601
 113818
 241483
 743704
 679717
 600900
 378690
 287971
 1091284
 614630
 410132
 655228
 257583
 986176
 1044390
 689759
 686738
 630515
 542653
 30747
 73726
 501307
 695187
 213827
 43374
 720661
 609958
 196872
 57122
 931908
 1064687
 961425
 951407
 5755
 635588
 708086
 954217
 285389
 370515
 808261
 452770
 510048
 997817
 212978
 874192
 1060365
 886607
 531806
 614918
 788701
 286639
 98632
 966800
 996104
 231017
 1019958
 992570
 513441
 128343
 584759
 172361
 582063
 939783
 57952
 425988
 197947
 565977
 455059
 117481
 138619
 98638
 488776
 955029
 286856
 903621
 198800
 276042
 884454
 67617
 441682
 118655
 1084596
 544038
 368501
 441257
 377838
 227278
 741605
 1049901
 192534
 557092
 434070
 104031
 953854
 281414
 753241
 867132
 247120
 16108
 537551
 3719
 872735
 929698
 790860
 858855
 330357
 10805
 895843
 301322
 994653
 258121
 1073419
 46333
 733106
 491184
 617890
 568975
 513905
 695454
 97518
 154455
 609185
 162324
 649059
 1041477
 648550
 768407
 147600
 646904
 499852
 156817
 206434
 41626
 715988
 13468
 307743
 456222
 969388
 366469
 191893
 800125
 722414
 713515
 897857
 923952
 134604
 998924
 314449
 497941
 1070659
 3823
 866411
 948039
 16725
 151961
 1041682
 443026
 651895
 456276
 731789
 972651
 312341
 925364
 45482
 727508
 692571
 172512
 867748
 1027550
 101281
 803703
 26158
 251137
 738344
 119456
 576194
 388704
 98876
 323104
 1059286
 453752
 444635
 237314
 956190
 888827
 461926
 1019146
 255026
 634905
 652917
 635798
 665450
 708504
 750489
 375107
 280161
 1088521
 861628
 584538
 792721
 841967
 1013353
 133592
 248916
 301840
 32798
 1001043
 152913
 319089
 360253
 926305
 199268
 436483
 259470
 65213
 984718
 1009660
 346434
 1082422
 861002
 607249
 927589
 336336
 853628
 498244
 153645
 987420
 38892
 806062
 149293
 253067
 580183
 865092
 1084012
 264600
 1006072
 191929
 134111
 692942
 1051972
 175653
 218417
 332939
 365301
 416588
 205973
 394595
 951856
 538328
 366348
 1098753
 585389
 350579
 861217
 640594
 351530
 1098405
 822893
 1054006
 1006032
 542746
 780864
 888367
 55820
 190472
 310579
 598658
 976787
 987798
 485638
 196026
 370554
 499703
 985864
 359340
 266281
 1097142
 1029532
 1086873
 359799
 1000593
 967916
 520269
 407280
 375001
 37814
 522112
 170038
 984650
 299014
 1095832
 332861
 960061
 51290
 303979
 5064
 697474
 66750
 452575
 552247
 906719
 205042
 520260
 773214
 553127
 375917
 950440
 651750
 231250
 967296
 816198
 951282
 352921
 826678
 711899
 131161
 684280
 500026
 42782
 970692
 1024136
 194473
 939399
 739761
 433276
 429870
 963516
 1056879
 974114
 104427
 1032554
 440268
 332590
 305104
 384323
 390063
 1068540
 1094951
 337663
 904498
 766932
 484453
 83796
 576352
 1043982
 662711
 392183
 1071270
 987045
 349398
 225610
 596114
 1091141
 496864
 715475
 491270
 1087978
 424807
 861364
 349955
 1091266
 648931
 86049
 742814
 116728
 452336
 209261
 133285
 633703
 895254
 777353
 394557
 383890
 621885
 145434
 737401
 7338
 58197
 78240
 894265
 44507
 1057363
 30412
 203972
 287594
 607288
 644362
 439899
 806894
 1095
 980776
 1048668
 655622
 681125
 783363
 889071
 1076379
 90304
 699318
 509672
 575051
 649629
 1094076
 863451
 1099082
 752657
 431388
 593520
 830775
 911065
 666977
 488991
 919770
 889778
 573623
 425322
 528869
 628548
 972110
 334334
 205571
 229828
 123219
 859991
 715281
 1096809
 475365
 300156
 361515
 625898
 482935
 507792
 573061
 898259
 589792
 221690
 679435
 658742
 55387
 253174
 41393
 895811
 282972
 777097
 229668
 314712
 193434
 921477
 803970
 831690
 586421
 1007551
 821182
 844445
 1085406
 570137
 1014140
 608208
 591093
 94952
 296286
 912108
 852743
 454831
 249147
 212477
 708013
 1096164
 228280
 436017
 473128
 129854
 222141
 500075
 186634
 315590
 810924
 300551
 908707
 32250
 100794
 689501
 64194
 364537
 1037163
 65629
 397900
 629465
 689770
 1080140
 464209
 891946
 1053563
 400060
 1063390
 116669
 108874
 800144
 663445
 290677
 396852
 514071
 186406
 522688
 527542
 609491
 702510
 831740
 895746
 288978
 930790
 727185
 1095702
 937615
 228491
 999232
 777519
 840955
 389468
 656689
 805766
 59098
 698719
 1013169
 342992
 824028
 30325
 281085
 453762
 966790
 688646
 607115
 1037330
 815925
 4364
 505297
 1091281
 272339
 574543
 762511
 712378
 626686
 993663
 505853
 645241
 353009
 412836
 394207
 689373
 222879
 201130
 120226
 994287
 736735
 619394
 529288
 141611
 387551
 118276
 732078
 943806
 344551
 13724
 397600
 952478
 152853
 376766
 687311
 1050077
 9814
 1001446
 626146
 471559
 950104
 916616
 819679
 356475
 679362
 566675
 1065711
 646662
 556977
 1061294
 880694
 890528
 868105
 789115
 757143
 1090256
 543326
 108476
 798301
 506153
 546660
 288257
 743103
 370555
 230752
 527236
 723100
 586665
 811853
 194239
 1082717
 450493
 630533
 64616
 594360
 1018695
 264741
 762112
 1025653
 875330
 439328
 504717
 761996
 212059
 530085
 411088
 167538
 866104
 492536
 13801
 347878
 475265
 285951
 1039407
 245267
 414045
 75867
 93616
 101761
 1080206
 813241
 273282
 766982
 759445
 224803
 964387
 951229
 672397
 141930
 721592
 532759
 110238
 232365
 391337
 19437
 530814
 1067730
 702880
 378240
 682532
 863915
 456037
 61575
 386543
 994038
 148264
 618543
 472621
 505973
 840296
 374580
 70404
 944167
 888668
 470491
 544556
 1065600
 791031
 822312
 531791
 760977
 98841
 557658
 300711
 826042
 363608
 153186
 963281
 61084
 331443
 81510
 982063
 156710
 104499
 725097
 71948
 341384
 667435
 992146
 111617
 1096304
 606043
 1057370
 1048956
 51832
 182946
 496269
 472545
 78478
 590264
 518199
 904924
 315237
 192943
 486127
 639999
 454742
 101923
 876539
 262826
 333263
 637770
 308697
 432149
 384592
 303611
 678218
 1005074
 710598
 691384
 591707
 1018211
 328515
 111761
 157656
 284727
 698140
 442303
 313317
 198500
 816973
 30362
 10540
 1060248
 685681
 512715
 139614
 812195
 1076768
 919530
 313275
 668244
 157825
 527784
 664014
 463252
 427747
 510880
 712746
 311811
 109041
 894163
 124205
 1074248
 1092684
 751350
 117465
 1083225
 244169
 509137
 641117
 609463
 427852
 878845
 96942
 961248
 72002
 698605
 326783
 471898
 629953
 499966
 247960
 193112
 979596
 423399
 179451
 931732
 820431
 256280
 358474
 755282
 77578
 986086
 444192
 351120
 713285
 1000878
 37907
 807671
 92680
 485732
 953433
 29544
 578322
 486387
 832152
 179660
 530296
 489887
 705156
 570691
 908840
 958162
 1000896
 506301
 221245
 771528
 542406
 710691
 981256
 56982
 331977
 406088
 369323
 719873
 795525
 454927
 1051456
 447436
 839064
 1022364
 424589
 349791
 313407
 181734
 648658
 997897
 280201
 114661
 572040
 696630
 1024206
 408384
 554454
 1076723
 373141
 865218
 557612
 772985
 1070819
 584079
 603964
 104700
 312267
 808980
 566014
 135619
 269506
 539459
 170305
 511491
 56245
 1073427
 387884
 796255
 885578
 233162
 306354
 312786
 309562
 904179
 674412
 100807
 1023418
 297813
 678757
 54779
 876214
 83845
 662680
 1042188
 478503
 576480
 331592
 709321
 991372
 91869
 633135
 862172
 560408
 567516
 754257
 924983
 492022
 968027
 538333
 854171
 688460
 277885
 626326
 344954
 354040
 140655
 601135
 663484
 370855
 979764
 100482
 679467
 630990
 753756
 864396
 1089111
 185951
 368063
 1048193
 417797
 710724
 731702
 842747
 397805
 185157
 282008
 909386
 726220
 737033
 1024388
 57091
 527366
 485496
 786131
 181057
 85154
 566109
 507050
 287858
 275531
 152495
 1058381
 588741
 688222
 745951
 901687
 425062
 942065
 541762
 948615
 563928
 240124
 1022881
 730534
 840908
 1008579
 222262
 892733
 809642
 58143
 221326
 637830
 511368
 992011
 321125
 230544
 6246
 128449
 334122
 719122
 949646
 136563
 55001
 551252
 919479
 1091382
 342529
 510890
 496937
 492895
 1089107
 296207
 431038
 893392
 1065312
 8913
 882376
 368113
 386840
 290293
 964825
 190928
 1073693
 81505
 857404
 163434
 915954
 303150
 1061404
 464737
 983391
 297707
 718815
 908338
 466778
 395964
 425345
 387525
 317695
 737833
 788848
 631953
 1034833
 1076882
 848237
 886888
 451063
 994062
 900163
 251380
 352875
 466677
 741894
 541451
 655515
 1066448
 204211
 777583
 34954
 362222
 801642
 81158
 818938
 467855
 128128
 71864
 417051
 705198
 204622
 52718
 731924
 385984
 302226
 839303
 572330
 670697
 1099658
 374833
 860391
 246907
 380363
 1093953
 780964
 740400
 82964
 553594
 569871
 882841
 607571
 609241
 363591
 851042
 70492
 727301
 29524
 14650
 729030
 1012835
 868550
 91214
 153028
 1020939
 739750
 47836
 999849
 756164
 864573
 794151
 1077565
 432221
 18170
 908597
 831212
 893831
 383369
 355699
 387203
 441973
 296653
 645261
 260039
 27383
 801766
 521613
 898216
 335051
 1064219
 768025
 93235
 113496
 552187
 781496
 418811
 768569
 140364
 641565
 950394
 331816
 719108
 945538
 67176
 159023
 1092329
 26734
 1004410
 649500
 818286
 549913
 243397
 600927
 438382
 365846
 618033
 393416
 253755
 364702
 60120
 534094
 523027
 74959
 846574
 831229
 232675
 667714
 657547
 355915
 943935
 301013
 583382
 947186
 565628
 842199
 895938
 871593
 793678
 973876
 714316
 27999
 717375
 571793
 588057
 334396
 433247
 1076522
 664323
 579381
 161528
 1071219
 551240
 622358
 977628
 659161
 422732
 183317
 146170
 325365
 415652
 1026590
 672717
 898006
 474833
 293978
 501217
 453565
 820600
 246064
 494845
 1065206
 895345
 555578
 70311
 543718
 975286
 175628
 631194
 69012
 930985
 971122
 1096049
 664339
 1097414
 38772
 1023706
 418918
 1868
 392418
 14058
 365291
 150727
 260942
 276193
 12817
 42638
 350151
 642996
 359539
 1055231
 376500
 316249
 210295
 222494
 413659
 453076
 123369
 558971
 685561
 505871
 120448
 468596
 165971
 869694
 212817
 671959
 674178
 166873
 15343
 156235
 355443
 897500
 576138
 661544
 263221
 400146
 261071
 158426
 634964
 1061397
 1044834
 860095
 999352
 266501
 1032021
 1038432
 190748
 183909
 428951
 660536
 53729
 776705
 489525
 81338
 9721
 112911
 1078249
 745523
 494183
 460869
 440836
 1059924
 246360
 1070177
 863720
 391420
 545703
 270208
 794910
 632996
 942458
 275857
 220077
 943667
 1055697
 186985
 780294
 149546
 1042769
 467562
 48688
 1093999
 366249
 462916
 809313
 422190
 102243
 658098
 634025
 386111
 398156
 522142
 80267
 523248
 167482
 194091
 653936
 915282
 984612
 967233
 640965
 816658
 147619
 871854
 189378
 138298
 286327
 544223
 414869
 577055
 960031
 1076785
 697580
 1059354
 1009611
 1062447
 440938
 523999
 282195
 65862
 245830
 549402
 154466
 50350
 1017422
 193403
 790322
 400294
 662369
 63162
 776663
 340499
 977453
 179928
 403853
 808636
 188983
 998803
 1095157
 723179
 820814
 529547
 1017829
 828522
 1089551
 441174
 762073
 441765
 565317
 573534
 782425
 50563
 89298
 675864
 1082625
 633819
 909013
 765557
 316718
 696344
 42324
 286052
 90643
 139063
 717450
 84511
 302107
 513889
 932356
 63712
 932572
 428772
 13885
 398182
 623801
 1087985
 1052248
 587040
 130372
 5383
 1061656
 867245
 833906
 559926
 376698
 736721
 654299
 924041
 898962
 289558
 390049
 183673
 743459
 1041406
 653228
 575424
 175713
 518138
 1073474
 1050117
 331503
 915799
 298435
 596688
 1067280
 62266
 360080
 12972
 893020
 1009840
 446134
 750009
 940008
 534406
 275593
 833502
 7606
 570942
 658305
 1058757
 914529
 499009
 953396
 1068651
 866742
 516333
 438323
 522714
 658481
 468062
 975211
 849332
 934565
 898067
 315591
 914350
 946456
 545367
 440331
 167186
 73752
 770392
 818277
 367338
 650330
 1071529
 697294
 329548
 938409
 116730
 1018743
 910267
 13471
 1021379
 109182
 742670
 140615
 271217
 308511
 588312
 407582
 578154
 398049
 839987
 720890
 928450
 649521
 944787
 476485
 711263
 765143
 16517
 864361
 188662
 200690
 371548
 692360
 484284
 715547
 255746
 845206
 380448
 824536
 533322
 1010628
 633052
 948620
 577266
 359649
 83
 198233
 419980
 647811
 186460
 480453
 336746
 88700
 338936
 595886
 978791
 1075009
 795705
 405202
 872725
 248918
 110431
 19754
 446219
 721621
 824759
 470733
 566841
 955092
 660829
 950873
 968038
 555008
 156898
 731627
 693905
 609829
 219567
 875570
 1019993
 764915
 701143
 656226
 805111
 42511
 208162
 447151
 995718
 842308
 30016
 792454
 369050
 359382
 22415
 284731
 1076203
 455025
 702149
 81819
 431403
 380012
 421429
 713195
 829833
 857427
 248053
 755940
 184099
 869018
 678115
 760802
 639671
 751708
 600758
 434203
 633927
 998871
 890031
 858506
 807493
 938840
 859485
 803351
 949958
 1060042
 436694
 227511
 1007120
 1060761
 881946
 547798
 980901
 374504
 724624
 879997
 817122
 259449
 476351
 238827
 985013
 297063
 490822
 458127
 969730
 433016
 524385
 163128
 806954
 534569
 517989
 41017
 792438
 375192
 641869
 727796
 317135
 247391
 753458
 543645
 829675
 673443
 504607
 860255
 205558
 959414
 908096
 117528
 246768
 251884
 248446
 539529
 699170
 981144
 1005422
 415981
 893204
 354892
 822564
 869564
 643644
 767752
 244451
 417235
 1053586
 429035
 553908
 259455
 378415
 381197
 482661
 1017664
 710915
 602436
 1043380
 1041
 191054
 684585
 425751
 233721
 896266
 541368
 847975
 211435
 706656
 42958
 449600
 24169
 1096223
 229632
 1015518
 878294
 399745
 1022906
 294212
 791309
 647665
 75981
 238139
 907984
 543454
 367567
 124605
 164204
 711163
 1005283
 511081
 548700
 144774
 610786
 903009
 507072
 332601
 1075397
 403605
 18260
 451685
 753248
 623406
 234291
 534716
 166056
 479337
 479153
 1082053
 891544
 446741
 469693
 534677
 850820
 1038681
 1040966
 102022
 262569
 164573
 526141
 904576
 71865
 169961
 296059
 666397
 416936
 32230
 238886
 401570
 1017041
 489465
 529787
 5875
 1062828
 805908
 48610
 1066011
 743331
 281380
 970503
 820596
 473523
 470819
 829162
 767652
 939597
 3929
 1030161
 345761
 39701
 221729
 844572
 325670
 1018627
 717110
 180007
 553397
 612319
 341529
 413778
 699119
 642097
 347
 819631
 921235
 648112
 1018492
 1055398
 905595
 827376
 1071079
 1066201
 530050
 115032
 77688
 582450
 269421
 1060592
 468421
 761790
 470540
 375212
 992114
 914585
 351921
 317921
 858858
 1060577
 860389
 937175
 912963
 701564
 974874
 559994
 791319
 86804
 993704
 11178
 820576
 93516
 44123
 189634
 86071
 188592
 268211
 545
 98460
 631362
 75579
 858694
 42395
 308698
 604488
 324921
 488869
 888281
 105402
 305568
 644545
 257928
 506128
 325823
 758187
 966661
 908063
 247884
 1024450
 825331
 672747
 471626
 57811
 555736
 218048
 184602
 874575
 95924
 692819
 168416
 288435
 964445
 1023127
 1067748
 1011090
 167752
 863174
 80925
 13148
 472629
 141668
 128534
 80605
 527666
 1043847
 891559
 267579
 578365
 410292
 804221
 502017
 437394
 952771
 703082
 284858
 1025013
 846005
 891343
 705053
 417504
 707005
 443439
 133934
 673383
 383740
 567259
 373691
 1069021
 703927
 435248
 683383
 995248
 120428
 167383
 81029
 248812
 976987
 22542
 442922
 547188
 385651
 665617
 391937
 258222
 491099
 337996
 1021143
 693122
 216778
 4042
 480792
 629741
 1047058
 1002688
 93367
 801054
 289784
 31906
 918290
 781431
 81698
 919262
 664702
 718173
 841278
 56882
 495196
 581560
 799463
 842303
 516379
 1022237
 283349
 787272
 428970
 101975
 508139
 722262
 927934
 1005075
 643867
 173971
 564583
 578803
 954825
 1030356
 1066321
 946700
 437171
 753970
 453460
 265590
 360869
 49404
 792280
 139954
 435156
 234117
 391959
 447267
 470349
 863295
 59456
 215295
 907781
 894435
 298449
 1090974
 331059
 700316
 400709
 229704
 12278
 352261
 491855
 298831
 449182
 1000788
 401649
 496330
 593230
 874364
 1072201
 921689
 327504
 844114
 241729
 385630
 34272
 759707
 727439
 1057697
 760228
 42598
 874364
 10709
 1087417
 1056008
 284066
 634142
 179788
 412947
 529942
 526930
 229983
 96639
 337352
 29747
 198334
 171935
 672699
 872357
 743063
 153548
 628665
 677565
 431081
 940456
 1090169
 645130
 123534
 985253
 1042572
 351712
 664395
 182970
 902517
 282163
 493763
 514366
 469117
 1065051
 840655
 505236
 161960
 979156
 1010568
 629092
 568503
 175677
 304525
 131254
 13073
 338244
 484691
 814058
 852613
 526594
 507198
 122085
 872395
 458933
 712258
 428418
 446588
 393849
 870302
 503264
 189316
 933500
 202098
 436438
 900934
 1076427
 572531
 122368
 918166
 963303
 1036439
 551677
 912580
 268425
 927628
 675840
 95724
 453520
 616644
 283608
 16251
 1074230
 435114
 268441
 1064401
 1076199
 465591
 152732
 318027
 782651
 576015
 31935
 804802
 464711
 18012
 213658
 6967
 500458
 86257
 645314
 901277
 391061
 309312
 251590
 987819
 979345
 710529
 394130
 509209
 649119
 621302
 600634
 1034918
 674106
 1042214
 243677
 400373
 166763
 881422
 274076
 212718
 1032242
 803730
 1017970
 467365
 186204
 655494
 395798
 806907
 467682
 1015381
 435328
 297500
 1081521
 668955
 1083828
 400454
 614953
 1027544
 605325
 567976
 394649
 246861
 221765
 947820
 35748
 768837
 449481
 380894
 647180
 434690
 861470
 96272
 955129
 307984
 1085155
 384843
 477954
 755836
 142967
 340978
 595330
 1027795
 807723
 1051480
 890094
 869206
 614383
 519633
 558057
 131721
 453445
 86833
 192190
 937398
 451948
 181838
 292814
 915265
 717351
 873307
 74007
 1084710
 552831
 734521
 169994
 157466
 957018
 712840
 437979
 907771
 284930
 308896
 771773
 130505
 476660
 732956
 735949
 687347
 797377
 443237
 1044434
 93496
 900104
 272867
 297361
 1009854
 897386
 164305
 1007030
 104484
 349170
 1053052
 522916
 948513
 467011
 760591
 413316
 40192
 59602
 177807
 667426
 89398
 578450
 678406
 73142
 784873
 976251
 714002
 176150
 230051
 786756
 581001
 704666
 167339
 1029059
 974827
 776076
 48482
 631873
 659093
 281938
 748512
 316792
 906037
 1049294
 1036733
 325219
 130114
 582312
 43389
 339542
 78520
 393959
 775778
 932052
 542845
 639199
 1015168
 680602
 351528
 498558
 487366
 1049148
 307704
 927981
 553648
 524572
 126635
 33801
 510832
 954470
 314756
 202767
 266486
 885900
 502779
 446668
 709788
 220412
 880910
 441515
 249864
 739218
 650988
 542650
 525526
 265581
 693151
 515899
 829337
 1039076
 533059
 46755
 357269
 801491
 1050885
 918141
 1057765
 94382
 871072
 182796
 777072
 126617
 346914
 144623
 276046
 512001
 68022
 837333
 1032866
 623909
 386852
 797679
 151421
 232201
 1036262
 92496
 216064
 162071
 51238
 1014078
 716660
 399215
 46819
 220655
 955519
 439060
 986239
 973452
 28214
 863188
 497017
 265952
 49427
 533509
 326239
 396160
 556212
 789743
 540408
 738878
 134406
 89139
 445694
 839562
 504765
 396793
 18558
 56430
 650553
 703860
 5896
 471690
 583349
 199465
 583877
 727423
 85888
 60715
 640358
 420778
 799715
 582106
 418684
 418269
 762563
 642042
 562948
 217112
 977283
 561471
 170258
 939744
 140230
 585494
 918869
 735486
 412762
 119679
 57134
 837204
 931358
 718392
 496279
 108623
 526840
 365318
 434095
 594722
 1051025
 854980
 875136
 232677
 304972
 651145
 288144
 276094
 327315
 726916
 467393
 362041
 1063598
 178054
 511006
 635081
 727857
 911385
 10219
 941832
 783626
 101568
 1023232
 332585
 1044692
 1033620
 510200
 410988
 1014896
 996955
 956951
 773018
 861631
 893366
 1093567
 271331
 686130
 274088
 894009
 340296
 322119
 21083
 782271
 365531
 292255
 573804
 831145
 398672
 1034264
 296617
 354794
 640797
 815932
 1009507
 121921
 988442
 389273
 738653
 664051
 387341
 329915
 114742
 518187
 858526
 217260
 590876
 392838
 121832
 49550
 969739
 38744
 713394
 959908
 2245
 882183
 8694
 17993
 742030
 570798
 351218
 544917
 10059
 879030
 745449
 96431
 953866
 970346
 517281
 711358
 354412
 5974
 331301
 93734
 1026493
 682399
 818067
 715416
 762429
 956878
 14989
 851995
 83423
 563884
 704147
 858182
 831460
 167826
 1087179
 813461
 467272
 267583
 53984
 102981
 219870
 618174
 188472
 996337
 528177
 488205
 993392
 430044
 171220
 228673
 448749
 11572
 44875
 1000822
 997947
 547987
 451824
 926015
 950778
 454364
 768037
 505127
 713160
 519408
 256882
 626051
 501730
 927200
 912482
 311522
 786187
 251188
 998049
 366996
 788328
 555526
 710593
 590403
 266992
 359044
 788305
 339135
 682646
 1009900
 1075823
 752465
 259942
 296823
 26839
 698069
 104298
 136900
 297756
 35932
 280979
 763046
 280119
 514776
 604554
 1059168
 366187
 493741
 10828
 252258
 386741
 295136
 651559
 875535
 903964
 933984
 705037
 1074302
 74381
 341356
 613039
 484961
 707161
 852445
 427156
 873872
 120022
 86454
 572148
 832018
 488260
 933432
 902193
 470881
 326907
 337626
 177694
 647492
 850676
 886966
 426156
 408877
 98475
 1052295
 863935
 640341
 1089552
 806689
 1028209
 78784
 447816
 1049157
 106613
 94677
 459960
 24034
 288824
 764085
 178936
 755925
 294212
 298160
 580870
 964292
 717866
 906883
 1032864
 722525
 902452
 814769
 365128
 350744
 109278
 481801
 870729
 552934
 118962
 63216
 372886
 597651
 978109
 712592
 909432
 506268
 629009
 122811
 774110
 482616
 832423
 359873
 1090461
 118212
 470217
 181399
 1094785
 15353
 233348
 105649
 371045
 135948
 434210
 832292
 344663
 272947
 922416
 1092564
 93125
 938063
 344468
 791999
 756045
 324188
 292035
 362649
 310083
 326583
 461946
 670046
 566255
 156870
 351272
 185089
 141001
 373106
 341770
 294571
 807164
 561317
 890970
 841535
 912357
 504321
 1029547
 644727
 913713
 147197
 1024603
 577980
 258037
 732418
 654565
 835009
 291063
 220060
 1044070
 978630
 363298
 585513
 749948
 276050
 572680
 1010315
 974206
 624991
 814495
 1098425
 114591
 240932
 525231
 160128
 172356
 80157
 880222
 366465
 599882
 955077
 193821
 675453
 384166
 110611
 393419
 427839
 508984
 264159
 619970
 1038299
 654191
 593822
 868816
 233267
 1028949
 513438
 884878
 387306
 1071610
 66289
 802260
 58367
 137641
 869825
 860483
 925489
 815610
 1082732
 1061819
 413144
 476977
 517351
 604168
 638968
 268556
 657408
 883580
 506577
 81280
 246917
 230620
 874955
 1029925
 203606
 241341
 197146
 431896
 484525
 999801
 911907
 420358
 560220
 628961
 679774
 6813
 137845
 310585
 923442
 643804
 844814
 649629
 610398
 511581
 1051131
 717339
 267289
 964295
 549984
 454591
 478634
 10896
 433184
 444371
 1079555
 660693
 1065140
 986539
 189971
 714387
 1062110
 820945
 793561
 277132
 19915
 722630
 129454
 18684
 296935
 1071913
 658962
 677560
 377772
 1074381
 498672
 682387
 1069576
 961681
 303693
 1015823
 28847
 203371
 406049
 87080
 482999
 785037
 741505
 701337
 1016090
 947337
 592134
 815103
 624482
 479396
 665136
 368147
 595224
 861343
 969169
 871375
 150599
 763613
 756436
 681189
 247173
 737054
 801005
 1034458
 1044643
 416022
 980879
 83368
 579838
 366699
 83652
 808806
 374141
 1082768
 192193
 65852
 639005
 7931
 775255
 246310
 1015482
 905079
 680529
 520661
 478441
 598818
 41913
 89207
 1023839
 1002123
 64842
 950299
 196109
 361184
 45306
 158056
 570714
 20334
 1093388
 689830
 902623
 51591
 686463
 915841
 756211
 718629
 1063601
 860709
 337793
 411147
 1052368
 280651
 212597
 21244
 53588
 416774
 1091303
 619034
 123572
 634821
 589964
 799940
 162486
 792699
 808007
 409486
 64707
 384964
 681330
 285046
 814143
 553296
 1088163
 627382
 554666
 815628
 187308
 799508
 922953
 53162
 777220
 628835
 135201
 297156
 264200
 513759
 457669
 1002759
 119912
 423866
 132863
 755448
 730959
 173918
 446938
 160009
 328948
 503590
 484205
 772019
 605361
 694655
 558801
 1008728
 898582
 979215
 462523
 18987
 247813
 202720
 463645
 1098998
 666476
 421799
 68720
 790940
 522860
 212300
 117383
 785822
 804530
 266701
 519680
 964834
 66346
 252475
 852433
 308257
 1034900
 770219
 90960
 205618
 703996
 808879
 75153
 13708
 407074
 543419
 161878
 710733
 373835
 410234
 19403
 1011117
 169184
 210208
 554381
 283673
 685693
 615604
 521221
 453621
 1093802
 310589
 64834
 703366
 330917
 8804
 1098236
 324111
 891127
 159771
 994217
 158456
 327238
 847649
 500369
 532570
 436524
 56011
 1032213
 962840
 1061331
 434889
 15389
 318569
 622067
 391122
 28457
 108231
 654325
 810812
 427509
 790200
 1074366
 476326
 315612
 254146
 620078
 820696
 965502
 269002
 211727
 329252
 890602
 324226
 606967
 144995
 39722
 641365
 54105
 358537
 730108
 609145
 196726
 1000720
 848800
 73119
 798835
 552424
 773317
 1086410
 888046
 1085499
 121487
 143275
 356348
 150080
 831282
 474920
 306021
 435538
 504323
 847883
 168633
 297974
 691814
 54775
 486030
 700188
 748695
 847256
 719001
 342353
 299653
 949159
 1030819
 721416
 1070239
 191124
 468050
 873434
 691368
 150681
 707620
 649942
 727566
 247860
 823584
 211630
 650336
 106512
 396110
 724403
 1039761
 938098
 282104
 361658
 587982
 137935
 939507
 773872
 94517
 380828
 646587
 496817
 438342
 285038
 600426
 924402
 986438
 219640
 842134
 329338
 118488
 713279
 924073
 364782
 734671
 324471
 83347
 162444
 625583
 305373
 94665
 592709
 1037333
 141039
 523390
 315091
 502550
 321946
 114156
 513397
 754710
 504388
 837284
 820844
 342866
 696849
 1052483
 775564
 868416
 661811
 1031988
 1041781
 302397
 860584
 659845
 1084298
 13169
 135175
 962487
 63024
 337690
 845331
 352306
 728152
 817588
 1025601
 359748
 146302
 953340
 501841
 394073
 115671
 36927
 169775
 81469
 208474
 481509
 997148
 461576
 827174
 972346
 810847
 651211
 603404
 1078210
 496228
 280928
 67701
 348106
 353408
 945101
 172851
 563268
 793727
 1011269
 248309
 483658
 39789
 291534
 20739
 456556
 240366
 181680
 707182
 329960
 662604
 1032495
 698937
 814655
 652752
 769079
 266369
 880203
 308144
 298720
 447119
 480054
 906394
 964456
 936373
 1001823
 436570
 232034
 575925
 380275
 879194
 86241
 878116
 369746
 766537
 801935
 970848
 392653
 160422
 179410
 759439
 1042980
 331017
 1074006
 239442
 383185
 1048266
 27019
 743150
 799844
 391875
 67364
 668672
 458114
 560156
 396034
 563553
 871393
 941660
 717584
 141301
 677934
 963043
 994127
 393958
 452287
 525127
 922162
 492276
 216123
 481486
 348561
 153552
 66889
 1031143
 103911
 1051444
 1054330
 792669
 359959
 766366
 58815
 177878
 687192
 629486
 825108
 993700
 710921
 319572
 838808
 671918
 452315
 1087308
 763520
 827795
 961023
 173239
 820652
 70320
 742668
 272287
 126447
 554291
 594567
 1084768
 986233
 645121
 827734
 901021
 14899
 331349
 1003453
 290096
 69404
 909451
 767994
 636266
 398088
 278940
 576377
 1097350
 572668
 366842
 317422
 489704
 853590
 114314
 244088
 413607
 277331
 197987
 14290
 818812
 166631
 688932
 292186
 64753
 222440
 630412
 99696
 848096
 1073287
 897938
 654334
 805794
 388988
 1042194
 1049859
 275917
 870483
 665722
 326955
 898342
 761217
 335506
 675779
 1007044
 977149
 409289
 242864
 405016
 1038862
 1009856
 113687
 362867
 11439
 248963
 359643
 805876
 97659
 467277
 242095
 750378
 910160
 199748
 868666
 178028
 720376
 876390
 224056
 936432
 91075
 654808
 36275
 97177
 648981
 1074019
 68016
 451614
 772871
 783922
 399312
 592953
 520806
 827681
 432704
 307880
 18206
 424806
 631598
 373723
 894488
 598911
 828212
 674384
 536265
 185491
 684140
 995849
 182063
 785627
 668174
 31309
 114262
 70547
 291179
 703003
 394628
 280436
 1034284
 273901
 417312
 203697
 855184
 986948
 120638
 348467
 770192
 743785
 994310
 58365
 408062
 391576
 1014028
 1068161
 536119
 575766
 968011
 462261
 558741
 1075696
 531562
 719816
 1047081
 405734
 652080
 9012
 262710
 586115
 1005733
 908051
 366213
 81477
 444415
 868108
 204931
 257120
 401637
 410430
 972990
 514201
 379964
 32253
 868605
 879657
 183326
 356459
 76043
 571299
 557845
 486157
 62579
 530602
 1083387
 695545
 695402
 802157
 126326
 286335
 708058
 75923
 1016979
 848199
 1093796
 827421
 4556
 427462
 103627
 258069
 775994
 68619
 378447
 608252
 688850
 754924
 855980
 676442
 333179
 351633
 230185
 837593
 733899
 810732
 92614
 1075774
 763625
 1025883
 40811
 178477
 1056651
 394393
 775100
 413927
 516652
 1053297
 199930
 936636
 685499
 3285
 56594
 218955
 1006626
 800712
 983201
 422900
 524064
 497747
 698948
 619911
 302589
 740598
 980764
 1021134
 286374
 927692
 407982
 228709
 541283
 426583
 665841
 889762
 317971
 724687
 616786
 802310
 865522
 548702
 357530
 113014
 869259
 911044
 908882
 683640
 538709
 564135
 263733
 894895
 517274
 121601
 175901
 545996
 342167
 616893
 649066
 115221
 331765
 379689
 594415
 977536
 1051209
 12379
 622574
 493756
 122559
 331805
 272564
 358919
 297530
 144601
 1083507
 103418
 496861
 776137
 320292
 215433
 225699
 341730
 819855
 167449
 723983
 362378
 586078
 57239
 237167
 513480
 278964
 839996
 1056296
 310084
 668946
 286470
 1013129
 570477
 337386
 1055339
 598562
 440517
 832099
 225107
 439366
 163639
 583867
 920296
 746812
 750236
 121833
 687033
 881399
 1030438
 550266
 409732
 458436
 257076
 366958
 1036515
 932873
 114220
 590123
 935362
 3630
 841543
 959029
 618079
 155194
 427970
 279297
 573835
 65910
 37362
 925762
 862550
 521153
 128556
 345889
 733535
 1044158
 919431
 733144
 103037
 514170
 844774
 44952
 940863
 448200
 526293
 820749
 859318
 356822
 917149
 282795
 679068
 589494
 222312
 466583
 1004316
 1005667
 451420
 675952
 757462
 313480
 959861
 711792
 546060
 65401
 476470
 1088846
 305161
 806956
 17953
 146484
 623888
 479394
 54689
 639746
 332221
 953971
 469329
 749234
 238573
 977070
 134501
 234033
 829214
 132037
 1054468
 751084
 164014
 702791
 547664
 354237
 1033707
 941363
 884439
 1039497
 486788
 28120
 103476
 179861
 1084065
 542626
 862186
 12703
 878484
 62085
 236036
 1008809
 753976
 988781
 995333
 925811
 806543
 1001981
 183871
 377657
 737589
 173093
 788888
 552634
 91063
 136801
 123623
 141538
 968058
 1040605
 1047454
 28665
 883303
 726629
 122415
 513176
 11863
 412852
 630577
 424602
 510049
 1037975
 822519
 426509
 72319
 527770
 103793
 338536
 102354
 85441
 840998
 646960
 1003227
 113879
 756609
 448139
 1016993
 1024882
 250716
 875479
 118385
 784133
 887082
 301716
 227053
 749008
 1062038
 282398
 597173
 409815
 989058
 1071559
 151501
 377444
 913262
 388693
 61338
 646584
 1094977
 484020
 336308
 666295
 504539
 173482
 1029442
 373110
 334229
 455890
 844956
 826349
 561009
 593601
 544251
 254371
 256554
 696741
 339991
 967325
 162555
 260095
 889493
 719919
 108674
 891057
 1085442
 1012948
 584874
 1027706
 447642
 283130
 541435
 984270
 917148
 166948
 34639
 517689
 111501
 906609
 856097
 352304
 131677
 29893
 833339
 431299
 402131
 678271
 517758
 824201
 242926
 136933
 1099115
 275347
 880484
 994241
 192132
 971708
 803854
 213111
 206050
 771654
 986709
 929981
 1069358
 201937
 31810
 658041
 43869
 72730
 745189
 1089504
 161355
 813870
 760179
 979514
 147046
 755175
 67237
 526818
 221580
 346013
 96998
 486106
 655362
 973125
 599185
 94662
 1090942
 337026
 216781
 864367
 331509
 32487
 723642
 461434
 558958
 284903
 782364
 366486
 30119
 205452
 115921
 1064747
 333222
 258822
 984824
 291253
 772718
 206718
 1023630
 617605
 873507
 975854
 373948
 401015
 580775
 259365
 830552
 920288
 780001
 852781
 857382
 630860
 70751
 778409
 628459
 4946
 528863
 523376
 625657
 608279
 914426
 315447
 906255
 387051
 719016
 589227
 1049449
 687173
 1071239
 929282
 1008761
 500672
 255122
 438542
 952413
 1024198
 783886
 314762
 225222
 575977
 412997
 830894
 598863
 81929
 957928
 107609
 980936
 1097058
 413513
 623844
 253663
 770454
 53661
 755578
 31945
 248705
 632532
 324152
 714039
 932416
 322584
 790384
 830919
 739590
 597205
 165528
 17923
 511581
 504074
 355351
 825950
 284598
 867425
 640002
 610824
 209297
 3281
 440295
 496912
 507934
 930543
 685448
 498606
 797095
 770247
 1058565
 773642
 566055
 771413
 772653
 946881
 579726
 235530
 989148
 433925
 187644
 156242
 161347
 524784
 915802
 268624
 319147
 194911
 910277
 379633
 841937
 981269
 962410
 1074636
 756243
 163612
 276426
 640826
 643174
 989174
 549101
 946247
 677084
 339632
 540659
 817504
 393863
 720060
 207666
 37829
 35672
 178553
 823965
 268974
 154298
 112837
 400605
 315713
 577810
 54605
 647777
 697414
 148110
 530096
 194980
 690215
 643490
 155178
 618843
 217832
 215168
 164615
 593882
 717181
 141662
 247664
 215953
 128937
 119752
 462290
 1045192
 337277
 1090792
 568996
 912019
 117787
 154700
 217098
 1093026
 240910
 522199
 719786
 774534
 586036
 755090
 934085
 799166
 133892
 570625
 1099210
 1083534
 819654
 104969
 1009219
 577094
 508389
 105797
 720825
 586102
 630621
 84735
 121603
 190913
 972049
 1077591
 757501
 66377
 993048
 480326
 928725
 282518
 337212
 468466
 993265
 274780
 312179
 1025299
 101849
 213484
 509596
 105368
 685650
 1000135
 680896
 74032
 886963
 113732
 463389
 494025
 197762
 353397
 169209
 968184
 767388
 881963
 811824
 17654
 72600
 962793
 836820
 1046105
 727522
 788202
 448399
 858980
 1029242
 846403
 815511
 610434
 471186
 349313
 448281
 542007
 365549
 997615
 9999
 696414
 456595
 1007011
 742647
 396037
 84057
 145841
 661429
 968220
 21402
 626054
 11237
 523876
 650490
 1098136
 886068
 195972
 567075
 196485
 949773
 200680
 831509
 574354
 1040350
 953925
 1008824
 986074
 838862
 890114
 556847
 52810
 595403
 839959
 42181
 570537
 774573
 97562
 492942
 556111
 643336
 646710
 144428
 890733
 122004
 1091496
 578341
 116346
 337257
 680751
 406400
 455545
 948178
 30172
 889081
 378299
 855040
 585685
 787172
 588445
 584574
 445415
 412219
 534143
 300301
 500933
 943058
 896480
 447224
 237358
 823440
 1043187
 894989
 454642
 1004818
 16493
 288251
 952426
 810287
 804481
 871004
 974289
 642693
 364573
 1039933
 814567
 339622
 369886
 977190
 1005347
 920873
 105678
 17517
 450288
 106611
 815746
 530212
 1032652
 934567
 615873
 149472
 1046492
 774792
 63329
 767325
 527441
 660191
 396397
 260139
 169568
 876685
 146841
 831082
 345415
 330986
 597011
 267489
 498061
 359695
 493612
 250895
 225102
 677982
 1007109
 423906
 379752
 707921
 666982
 968138
 441428
 276492
 304059
 745224
 878887
 708029
 239619
 940826
 487982
 313691
 283200
 705425
 333674
 930340
 833954
 65812
 195247
 755575
 121251
 901802
 739905
 1028828
 714997
 1009720
 640750
 269594
 154155
 873422
 1045220
 533843
 327604
 578355
 221190
 122873
 1067894
 960272
 730349
 330766
 110746
 462544
 776618
 825198
 325549
 671928
 578503
 856510
 325020
 218942
 225552
 505974
 800139
 100022
 466683
 418005
 124988
 742621
 917296
 539517
 127223
 346639
 319238
 674821
 661632
 805522
 818506
 470199
 988026
 197776
 467921
 1042517
 710866
 595046
 783989
 515502
 960389
 543324
 444469
 294532
 435891
 150230
 329345
 800053
 684148
 810509
 429357
 419775
 738149
 617343
 779191
 616445
 467171
 482974
 1044296
 944894
 508436
 82109
 422049
 30019
 310937
 984999
 317015
 192559
 514870
 862790
 69563
 171244
 813332
 422382
 62204
 873702
 698123
 477170
 212386
 466226
 390188
 996570
 903061
 199701
 347757
 3528
 881976
 809661
 975076
 796879
 413899
 109674
 1091611
 491355
 167834
 897071
 318006
 207203
 243744
 92526
 140719
 707388
 626351
 268945
 1035862
 182309
 602132
 421497
 904613
 129679
 487799
 687364
 586610
 680344
 53541
 469946
 861382
 843049
 302364
 965504
 419327
 520337
 513402
 265002
 186032
 1086808
 367155
 166823
 732324
 683979
 793598
 288860
 181459
 434772
 323104
 314343
 298048
 478963
 29068
 956699
 739107
 675063
 727729
 430695
 1094877
 686821
 635179
 579179
 888535
 704158
 571269
 205389
 741951
 575311
 63850
 900021
 269028
 658246
 929662
 646150
 778740
 1084720
 1065134
 683065
 257510
 713459
 445122
 56677
 890824
 1060466
 497159
 799445
 186913
 583575
 151549
 601866
 685792
 224494
 1050487
 698942
 183118
 657466
 976055
 963925
 43302
 844330
 457355
 807540
 314585
 104456
 899922
 312956
 776659
 1055610
 22257
 951019
 473814
 918425
 81059
 1058724
 502013
 436448
 538838
 461068
 978320
 1061915
 881937
 749791
 346861
 504796
 669212
 299401
 530379
 793071
 551695
 812325
 497888
 290330
 901675
 1083693
 1030701
 628562
 388733
 264635
 760231
 636952
 665860
 1051859
 121395
 528670
 78646
 376605
 133054
 166620
 974263
 862125
 616596
 768911
 28220
 852763
 818977
 47997
 685426
 242847
 54497
 114208
 737
 367947
 190123
 326744
 334557
 323959
 716651
 755484
 286109
 990777
 50657
 866229
 568587
 68680
 656708
 625011
 288082
 1083739
 967566
 592648
 245644
 14705
 784121
 997313
 196685
 965623
 1054693
 387956
 227158
 606805
 234374
 292036
 13497
 199818
 70951
 557006
 631268
 770478
 499571
 918931
 43219
 517529
 629381
 540536
 271185
 347808
 981062
 251770
 335677
 920569
 944229
 1057640
 678991
 2426
 321898
 760520
 349122
 1059489
 78166
 836063
 314833
 526755
 167348
 767452
 896382
 1049138
 690950
 962282
 157405
 158526
 791412
 884576
 1069082
 461264
 246938
 70053
 864392
 37148
 278200
 269708
 672724
 608471
 94173
 707732
 977780
 301817
 177065
 196827
 871308
 486163
 410599
 544605
 416709
 136978
 523897
 922292
 392576
 535573
 211050
 435874
 429633
 464886
 1057885
 856474
 428776
 382688
 1028859
 697663
 880101
 8428
 288963
 146424
 708770
 1097899
 964431
 1092025
 484650
 298179
 912939
 150696
 22943
 791400
 677740
 960405
 541431
 490831
 419890
 1012449
 291400
 764446
 430058
 347072
 870415
 430356
 83355
 394177
 991853
 925636
 684602
 874626
 1039197
 684263
 828537
 193500
 608094
 462018
 574160
 895329
 590606
 163741
 1043589
 53357
 1004135
 947110
 284983
 630318
 1061688
 395756
 731221
 35884
 286339
 566468
 136497
 678359
 1006496
 41076
 908306
 456172
 56838
 864695
 608210
 1006822
 909408
 1077488
 605329
 362149
 820365
 877585
 952162
 835543
 36948
 237949
 57802
 859928
 197189
 495322
 245233
 490224
 81009
 58159
 464363
 16606
 520045
 1075964
 54618
 933171
 299466
 868061
 138389
 788560
 308539
 1057543
 250483
 268478
 332729
 593485
 937275
 1045166
 540301
 272891
 65486
 210967
 420762
 441340
 59586
 811116
 436868
 414360
 634844
 361855
 182806
 634205
 806978
 157115
 595374
 893436
 748196
 186992
 587796
 545933
 776875
 10594
 722794
 1056238
 725526
 971094
 1054509
 324728
 370741
 1099353
 198077
 1025139
 223391
 711132
 465169
 142762
 465225
 353055
 834034
 360212
 209237
 593280
 935835
 375310
 50167
 643660
 387436
 47847
 135952
 374348
 516468
 341089
 721539
 927915
 924515
 152644
 750760
 527463
 741941
 292091
 376997
 11462
 958224
 1075887
 1061733
 197825
 55518
 1072162
 33453
 14788
 498713
 492344
 844623
 29720
 234848
 1096625
 671659
 525080
 464479
 1069690
 1018506
 448127
 168646
 797129
 457742
 13729
 306999
 1053202
 161635
 234532
 855250
 967249
 917516
 451050
 618794
 521708
 737934
 963307
 266409
 881092
 221323
 125242
 328578
 861928
 1043589
 304273
 227105
 476864
 376674
 463840
 260184
 602839
 1070783
 912021
 8961
 1094480
 863238
 1026414
 442891
 56159
 342333
 11697
 472190
 248738
 1023983
 456229
 638740
 573680
 330160
 405684
 212192
 58488
 729795
 408257
 695074
 941323
 671823
 1013894
 962584
 1067073
 501632
 396644
 1084233
 159156
 318716
 671238
 429737
 335840
 1004872
 530342
 776453
 262395
 867867
 192324
 331382
 108577
 658560
 61832
 1027771
 626072
 705456
 202174
 288781
 121354
 806124
 605382
 497072
 29863
 661497
 1092158
 967077
 404049
 968334
 813568
 943852
 730658
 426878
 1052440
 524087
 382251
 936802
 794158
 36023
 411434
 593577
 737534
 565760
 850882
 842652
 258907
 1075158
 171202
 936617
 480291
 870145
 79391
 307483
 114033
 745543
 164145
 805039
 645779
 1072754
 95733
 658759
 744971
 122720
 1061976
 555255
 129655
 16888
 953919
 870054
 68737
 582901
 372397
 668229
 886424
 222895
 87824
 894886
 668065
 596720
 186503
 143889
 575111
 97854
 650563
 923540
 785946
 744093
 266230
 32235
 67244
 453531
 273063
 707462
 464375
 568700
 164613
 203937
 518322
 296585
 718843
 228953
 374501
 422281
 375768
 324299
 628559
 656197
 655988
 939899
 250657
 1048058
 700242
 508411
 798093
 278703
 162063
 754086
 333219
 111438
 485727
 232440
 958094
 706294
 726862
 132019
 641311
 1035325
 878179
 695918
 469789
 732483
 387765
 136441
 1074345
 162316
 747261
 944249
 147476
 856818
 802623
 913279
 507721
 929805
 559472
 200327
 1048670
 256713
 983367
 900636
 344160
 135008
 982807
 394011
 385679
 854671
 834406
 357753
 604628
 876407
 157667
 1005459
 13964
 60862
 1007357
 1049209
 163338
 321797
 191116
 859152
 913667
 256216
 533245
 76090
 816931
 465007
 117533
 968122
 56643
 221625
 576420
 993824
 537332
 101588
 712474
 50448
 377916
 791272
 1037306
 51360
 716401
 401717
 590404
 416421
 454727
 950156
 440356
 156576
 591568
 946949
 555683
 262374
 101443
 979897
 845520
 607559
 610499
 251523
 745313
 13938
 1016376
 993380
 1017105
 486465
 100370
 436808
 43565
 169671
 726110
 884139
 681480
 18569
 355170
 193236
 1069105
 859399
