546481
 113141
 945195
 410142
 532437
 80228
 496905
 245397
 1033220
 272561
 46274
 1053076
 934421
 13015
 730251
 399322
 486499
 544191
 551858
 450368
 995871
 35956
 327357
 371697
 710639
 508724
 609776
 133376
 445323
 673738
 835614
 420613
 108480
 457957
 533099
 117883
 25723
 79641
 617585
 483211
 69150
 676165
 4932
 561582
 974264
 946832
 662843
 597778
 744910
 707610
 6869
 621679
 435699
 1033981
 198710
 726653
 723308
 46
 356625
 526156
 527751
 409745
 221120
 770061
 849390
 44807
 893030
 199176
 551073
 1003899
 713539
 504191
 365551
 252673
 377050
 422713
 871064
 341148
 33897
 1019634
 205477
 544937
 246211
 651426
 757331
 998243
 311782
 878140
 318745
 1034529
 527227
 227924
 83256
 751571
 331900
 877883
 383681
 384256
 634013
 866566
 60480
 888439
 195962
 172
 151648
 33425
 269108
 21253
 664382
 225388
 792399
 258597
 896359
 105433
 645410
 123583
 933164
 676353
 1041828
 219217
 838989
 484785
 951305
 943460
 93177
 729193
 963285
 691189
 788934
 33862
 936657
 488979
 432167
 791077
 420162
 29175
 711859
 462214
 1052557
 829418
 979529
 639206
 628309
 894894
 801018
 277702
 1054605
 98205
 686015
 405696
 60918
 978346
 19907
 328914
 860541
 210067
 442013
 200254
 629641
 124970
 1098018
 217795
 793449
 716824
 175896
 583405
 987335
 344623
 189225
 9360
 605661
 615210
 216441
 18699
 749231
 707736
 948062
 218550
 44860
 102425
 521994
 661712
 482193
 384824
 855069
 1023939
 873244
 627430
 216206
 981726
 412536
 567266
 552245
 456545
 1077905
 457862
 222752
 810908
 670743
 733834
 259627
 986045
 549499
 138974
 792067
 361998
 845464
 423016
 782929
 642121
 451843
 171598
 211680
 386299
 810340
 117421
 530307
 777320
 54958
 815465
 282516
 612998
 573992
 816459
 836156
 562963
 619916
 840569
 510285
 401491
 62844
 394849
 382382
 901585
 814403
 201293
 459972
 220456
 365670
 229334
 1095021
 7161
 113318
 1027773
 929783
 929237
 265480
 889600
 655800
 58685
 316079
 997189
 787402
 209834
 148344
 253141
 937124
 579151
 302741
 451980
 539848
 931113
 190565
 517283
 711282
 947331
 350906
 46818
 71596
 671974
 274238
 272647
 830097
 148249
 398516
 844781
 673023
 30060
 740725
 905932
 973039
 306806
 750573
 89550
 770428
 50804
 1085862
 762972
 115137
 216149
 1078429
 203247
 865318
 303585
 640084
 601071
 232995
 1017314
 765940
 802310
 641916
 326248
 724614
 697295
 396558
 261916
 1844
 249804
 643683
 780144
 1075274
 963588
 592535
 885923
 275216
 239130
 1039691
 810903
 1049553
 879316
 387943
 597352
 840382
 272646
 832881
 9928
 1023702
 195368
 281655
 68154
 764355
 673787
 413618
 592516
 566002
 16147
 539188
 230573
 803685
 427475
 723556
 680086
 165087
 317997
 718261
 1038192
 988314
 830363
 983904
 521336
 106025
 228493
 944598
 504831
 874544
 463560
 114238
 645272
 496861
 911322
 1043925
 505834
 612933
 571494
 1037886
 258235
 658795
 28667
 597629
 8130
 310092
 282981
 364963
 442918
 730144
 148641
 1050817
 744825
 421848
 945432
 717545
 103202
 529320
 2650
 493153
 158156
 544169
 144184
 651144
 333713
 129907
 853196
 100543
 1013282
 731307
 218720
 901761
 802797
 29783
 1004418
 354413
 356841
 310893
 874614
 126410
 850963
 32211
 655927
 261283
 486816
 227814
 774528
 159045
 900217
 73824
 4756
 835511
 695233
 939085
 265721
 389850
 610667
 480908
 873590
 59047
 356830
 329970
 57523
 959417
 514318
 992229
 305540
 1015226
 823538
 213222
 30849
 158223
 262183
 161956
 916026
 252974
 459496
 114177
 603934
 647138
 91083
 206337
 259950
 162270
 793643
 102575
 233436
 528980
 838940
 374993
 787196
 848499
 885786
 84259
 110430
 496794
 454823
 595071
 670758
 679855
 344572
 592037
 609158
 192723
 61611
 194906
 107531
 290722
 475708
 87540
 762232
 101067
 771010
 478306
 959522
 623493
 988445
 670304
 347673
 1019560
 725034
 82354
 430743
 584112
 775142
 584226
 98869
 349319
 1089693
 1029410
 54555
 910772
 971594
 582633
 516867
 67288
 652254
 808000
 418807
 543539
 933781
 672297
 712708
 11136
 132994
 139965
 696243
 741643
 698397
 224598
 97871
 76894
 94528
 523761
 230479
 1010117
 1004565
 750721
 980321
 462523
 1009296
 514263
 97398
 189534
 772293
 126574
 562076
 377430
 1009771
 1050934
 961895
 927205
 1013122
 1037682
 22025
 395928
 322547
 65117
 998645
 21837
 923225
 1074479
 738688
 151101
 337958
 355433
 159039
 647858
 1088932
 953130
 512341
 405247
 81225
 599854
 739593
 1048014
 895188
 786100
 758603
 213476
 192491
 255404
 422266
 521823
 964899
 180139
 1076544
 198718
 63357
 969872
 752153
 800924
 993511
 78294
 236015
 590042
 477742
 36580
 779189
 1084113
 606171
 343792
 652788
 547276
 647543
 480762
 179654
 134296
 776551
 1036334
 398775
 1031430
 416515
 31370
 330134
 747370
 470514
 468595
 960493
 861015
 455617
 315462
 646836
 734641
 1010959
 308784
 752731
 940462
 171006
 226097
 513549
 510527
 609374
 94774
 461186
 1098220
 362047
 480892
 548293
 208994
 263336
 828170
 23647
 350670
 123005
 185195
 284969
 614482
 448741
 819016
 103774
 1019856
 201710
 67601
 970551
 434727
 1014112
 689981
 478862
 806923
 695957
 142138
 73239
 136373
 1092333
 489795
 1011291
 592364
 985536
 104717
 549500
 126736
 918166
 949067
 805740
 944975
 1081623
 1057664
 944718
 338823
 799675
 393558
 49681
 962998
 192553
 260131
 341768
 140503
 357653
 798388
 412625
 164856
 955137
 134886
 399288
 501148
 642427
 1048772
 838996
 580832
 1057896
 770849
 356668
 496705
 255433
 996721
 735365
 19959
 716136
 47649
 882787
 144611
 756866
 365195
 728035
 964722
 872381
 764480
 308019
 823678
 129697
 47565
 464833
 413665
 117237
 344064
 812437
 216352
 536251
 476265
 103058
 969420
 165757
 898582
 573394
 674338
 427783
 606137
 657602
 868164
 162927
 483798
 20874
 835710
 604411
 1021376
 662267
 681177
 293494
 746117
 220330
 518206
 101257
 456496
 649863
 765959
 2387
 862012
 745368
 655715
 611353
 727195
 324528
 59965
 74288
 420531
 933532
 614180
 227865
 228437
 1041305
 207622
 490359
 359981
 777673
 407258
 672514
 416668
 1063322
 486849
 443326
 528224
 972670
 700523
 912490
 583863
 995847
 633591
 798486
 526390
 197959
 411520
 1058746
 252286
 40506
 103732
 727301
 821466
 172660
 17874
 191872
 847004
 349730
 429141
 146871
 781418
 352507
 694798
 681485
 160009
 727321
 375971
 249181
 64846
 717699
 661300
 207692
 282000
 466915
 411958
 852860
 306124
 646869
 765159
 1045011
 310406
 859571
 419864
 1012036
 276246
 627901
 573021
 654334
 51270
 268336
 274807
 477679
 73899
 47649
 393576
 893963
 865301
 948023
 890996
 511588
 985902
 599131
 96296
 1004342
 656381
 543434
 1008686
 506436
 441307
 390326
 908403
 547691
 507237
 529912
 459593
 451793
 89335
 170917
 820208
 640025
 1043719
 126660
 164707
 985480
 839967
 844479
 814377
 875837
 921932
 839189
 174504
 570866
 613121
 304216
 130267
 939246
 325732
 1053602
 720257
 1091159
 308803
 828061
 325071
 466102
 663866
 355939
 1052137
 669909
 154430
 498476
 368338
 552187
 258273
 774765
 133736
 575617
 481475
 1098680
 495601
 745357
 125913
 1030912
 1093963
 336693
 571085
 86196
 343851
 821143
 457773
 623177
 232182
 469500
 237469
 930150
 203870
 180917
 893327
 48347
 567327
 382878
 427087
 263418
 988000
 192111
 490969
 510685
 695405
 494316
 373126
 1082056
 753449
 46074
 570265
 789354
 976011
 214983
 1073259
 1070749
 410810
 722869
 1080548
 981510
 4329
 428169
 1077632
 511908
 132610
 993148
 449590
 665449
 378194
 17008
 954378
 1006154
 762903
 573367
 994667
 709945
 348510
 310091
 385373
 418090
 338951
 938236
 191885
 725811
 36647
 982671
 752534
 328515
 930253
 114477
 965800
 687281
 1001623
 593492
 926539
 1005440
 292417
 801885
 868006
 960774
 119648
 699237
 457633
 709492
 77452
 538879
 222692
 1003561
 656339
 812011
 618355
 327327
 1023952
 824784
 867348
 602046
 852699
 964610
 640435
 87542
 1024439
 428952
 124457
 945247
 140932
 825706
 213196
 614404
 122672
 190771
 702745
 1090657
 346482
 1070471
 353578
 436537
 643040
 79737
 265502
 52077
 491201
 514724
 1092955
 49343
 801663
 703777
 60984
 613378
 456090
 1052446
 117265
 126950
