971737
 1019223
 205218
 1031185
 230612
 415567
 721301
 557474
 324882
 586275
 76071
 975672
 528110
 854481
 486027
 351296
 614373
 159540
 482856
 148721
 1000713
 832798
 787207
 472697
 684298
 614838
 196773
 595478
 885233
 366809
 1043132
 1086323
 137836
 761910
 472758
 571690
 1055011
 822855
 262941
 999558
 428342
 316060
 101061
 621019
 1003211
 1084188
 819511
 233806
 891740
 395914
 420760
 516414
 476888
 19957
 542651
 827964
 775129
 882731
 607362
 813331
 710022
 157862
 1051979
 1051136
 189416
 746129
 675881
 583909
 375707
 412522
 509313
 675115
 894243
 804978
 280581
 460263
 682422
 354999
 599321
 501404
 499730
 275924
 471668
 264129
 350827
 768812
 716459
 493192
 177854
 831040
 278767
 34899
 752442
 427551
 827419
 785001
 226837
 763346
 917344
 275498
 406931
 710548
 495737
 41122
 354295
 497757
 583480
 1002882
 659648
 1071708
 629349
 166699
 102478
 17642
 1078523
 27322
 883792
 606230
 980769
 231005
 902072
 160873
 888550
 191949
 648726
 917186
 853536
 1044183
 613844
 928087
 334227
 629631
 274799
 969873
 789800
 747950
 1017398
 1063778
 876917
 79559
 582957
 186662
 469111
 548607
 654791
 1023294
 921223
 526881
 731507
 1023302
 378329
 1077016
 176530
 959307
 480912
 409165
 92661
 48506
 748172
 556341
 67204
 584313
 223709
 230694
 944655
 1008716
 257094
 748580
 407365
 718625
 42605
 409515
 621568
 556547
 1059515
 1097059
 532644
 667573
 768379
 505571
 687842
 507644
 24143
 416678
 728227
 774880
 795166
 726741
 1061345
 1065300
 375170
 132854
 404573
 755684
 494779
 499128
 468474
 666890
 1024503
 791312
 58459
 993935
 24986
 222260
 656304
 580507
 707705
 717898
 641279
 658687
 990876
 628205
 1055766
 763264
 547570
 949422
 1069701
 490440
 355498
 616266
 226189
 867641
 470452
 40370
 710452
 990888
 797715
 1048319
 1019119
 1011764
 424815
 957219
 936514
 245621
 882920
 293977
 551402
 749066
 831647
 146365
 46534
 1010316
 291573
 960605
 1063452
 495589
 941086
 994671
 1095847
 794815
 150890
 526722
 891014
 361839
 723510
 797653
 182913
 709692
 831068
 220444
 275663
 824045
 74635
 187493
 177128
 131713
 36478
 306621
 444653
 131105
 749972
 479598
 203719
 41385
 1057885
 393150
 1002323
 442461
 282041
 521679
 548192
 824060
 258486
 446952
 173761
 603628
 172440
 839966
 284423
 714818
 856372
 908908
 887688
 384942
 164524
 672114
 213479
 709002
 778807
 945585
 197136
 643856
 405584
 100156
 590123
 145419
 861046
 1060931
 94453
 865352
 1066519
 699502
 905074
 993388
 1061346
 93956
 337946
 421695
 604400
 651508
 400891
 214135
 491170
 876694
 244939
 914661
 799554
 763829
 513649
 278845
 812582
 632163
 828428
 8318
 606906
 883199
 85907
 928781
 690690
 458138
 376265
 345330
 280683
 832040
 206189
 1029907
 683053
 73614
 381511
 915514
 297992
 727683
 705118
 939738
 1040479
 415208
 63859
 770730
 324099
 411728
 395100
 554436
 137483
 642784
 572814
 363158
 261311
 693429
 56877
 641284
 121405
 879234
 409093
 866443
 850770
 827994
 396331
 442456
 59765
 923616
 859463
 763824
 523175
 223681
 62982
 565088
 1043716
 681281
 429923
 535710
 213831
 841073
 206914
 861498
 328514
 339713
 585658
 777095
 295325
 1077742
 540886
 278852
 36598
 191692
 60441
 267106
 300470
 364738
 551162
 949304
 883109
 880709
 917258
 706401
 375266
 19945
 876471
 594230
 518825
 209939
 555632
 669614
 413286
 1025861
 288085
 129707
 1011933
 895357
 254101
 678604
 959067
 191448
 1037516
 974313
 651168
 728596
 512131
 141518
 273658
 658968
 1075043
 550140
 588435
 121274
 810305
 1030039
 171953
 504027
 36252
 548349
 22974
 213283
 984870
 1025336
 350871
 499896
 617003
 326808
 43488
 140369
 912690
 822126
 445544
 16095
 514214
 884335
 786042
 381606
 95855
 48495
 740016
 1027044
 189049
 393932
 713099
 297027
 487916
 804993
 351661
 710576
 631056
 881985
 843053
 506458
 590834
 313330
 298029
 900633
 356473
 813065
 874597
 894320
 321143
 106981
 802035
 208505
 862924
 254972
 1084907
 495238
 144434
 719459
 309590
 530748
 908416
 513778
 363084
 300351
 885911
 718533
 300273
 282888
 614085
 602593
 982820
 984681
 167963
 646693
 189947
 146745
 359441
 946324
 334324
 436404
 91738
 869073
 748714
 199623
 458201
 965496
 959076
 279478
 963320
 733419
 646490
 723244
 869171
 1080146
 487886
 394103
 2790
 374244
 546971
 475363
 803200
 44601
 394370
 644058
 672793
 245050
 757512
 556183
 682175
 622519
 825816
 983654
 608603
 696127
 580262
 935165
 320710
 995134
 449768
 158020
 956964
 231851
 304300
 246373
 1058995
 781690
 839127
 532370
 202302
 970736
 270755
 226186
 508359
 381117
 657622
 1031359
 817062
 842485
 1079882
 472949
 591169
 924353
 461532
 896051
 575214
 283198
 545622
 922953
 419742
 516586
 631173
 894849
 728904
 263205
 998652
 31131
 457689
 148673
 552937
 708708
 569905
 306621
 702373
 5761
 132180
 412327
 455233
 256713
 728295
 528644
 228178
 679249
 633509
 1020285
 364287
 568937
 988854
 312001
 327507
 419286
 566001
 620769
 4698
 745458
 1051404
 551910
 991282
 194501
 455790
 353423
 753062
 957510
 727622
 261423
 413840
 669124
 933619
 1021453
 571253
 653734
 83733
 189411
 540184
 32172
 504547
 476212
 1068686
 524090
 26817
 1079684
 862511
 524687
 13838
 27084
 733349
 331190
 187877
 260537
 674142
 590437
 412912
 57267
 794163
 1054217
 687388
 181449
 322116
 839625
 435904
 376340
 1020134
 278177
 620978
 313166
 30074
 663172
 833362
 307516
 848663
 1094492
 729477
 446416
 360765
 669848
 423705
 318868
 800590
 777748
 94941
 116287
 565785
 624072
 550548
 720965
 83169
 972053
 375924
 408552
 658536
 707174
 398678
 383339
 757416
 979289
 771759
 280305
 195108
 157224
 921170
 1011698
 702503
 427952
 657643
 150952
 919048
 430650
 883159
 1015899
 887334
 87258
 899558
 729859
 829624
 819601
 20832
 667587
 127021
 634906
 954853
 309422
 900919
 419336
 1082148
 453524
 246706
 899452
 93036
 717701
 904995
 321020
 715187
 958793
 623428
 905181
 235859
 1087579
 555954
 994947
 671167
 786280
 567329
 418773
 196106
 648513
 770974
 183574
 801568
 133883
 216185
 270979
 531795
 609914
 799480
 317198
 401227
 768924
 920009
 1022252
 237378
 193536
 385097
 140062
 584590
 721593
 372482
 263011
 1063906
 576962
 1092391
 957611
 896999
 340037
 46960
 214837
 666238
 725825
 816130
 676377
 504105
 451104
 877108
 694034
 146734
 184980
 1096149
 758891
 395960
 980944
 106038
 594839
 843809
 757924
 669284
 753166
 1069431
 125720
 38897
 249618
 70508
 590636
 423517
 253036
 828045
 959764
 916790
 804758
 522894
 583094
 1099225
 982466
 621762
 804020
 387070
 1098991
 340109
 242158
 549765
 1043463
 563502
 387441
 592526
 499993
 108604
 153616
 774646
 1014614
 436892
 354824
 524024
 71264
 285460
 341441
 130602
 820714
 418207
 485639
 1048032
 664073
 1058204
 75102
 309885
 420155
 901595
 266184
 461188
 296660
 285541
 371802
 40916
 362199
 209735
 266265
 729860
 562168
 432762
 1025318
 410942
 90180
 48511
 896406
 283474
 1029266
 99777
 687260
 540938
 723908
 962613
 438213
 60130
 681973
 476362
 470195
 995690
 565961
 1049174
 1068613
 182741
 725076
 916463
 437680
 403281
 678460
 586144
 809633
 636384
 238425
 386211
 1004156
 835441
 98348
 285300
 188055
 989002
 775519
 995406
 313005
 24692
 1051796
 603939
 321745
 635764
 89572
 275869
 432283
 777950
 498219
 763371
 772948
 278993
 466576
 198295
 201717
 508369
 563763
 344493
 819455
 427304
 667298
 107630
 712933
 86722
 690191
 211734
 82063
 515381
 820179
 699783
 527190
 212511
 40751
 465628
 223151
 1097756
 559175
 439957
 936195
 606536
 283656
 424592
 397326
 1053898
 1048750
 705780
 609410
 515803
 594555
 1024911
 1024443
 368125
 835766
 388979
 517094
 483235
 659965
 874188
 402644
 856094
 468496
 476591
 559074
 350383
 253625
 737960
 2863
 819243
 599275
 489584
 379335
 1006941
 511183
 670174
 255966
 52870
 1084758
 337805
 524009
 128732
 744705
 208952
 693476
 753071
 990786
 67174
 729302
 897061
 323892
 735241
 388332
 349629
 911509
 764686
 867274
 120405
 176711
 131098
 1032530
 764945
 976896
 897669
 122137
 411390
 204801
 1092347
 819549
 166798
 933494
 492748
 792531
 21349
 369816
 77720
 649815
 794370
 788152
 526430
 418743
 737004
 964916
 423991
 666053
 85529
 3616
 644384
 695869
 382357
 467644
 830738
 1063114
 88933
 765927
 694836
 707220
 97463
 968094
 611372
 771518
 422472
 225743
 869380
 840972
 56962
 480759
 349492
 552755
 302695
 367
 1009180
 558514
 625312
 776699
 639266
 800682
 4298
 79817
 492804
 994453
 983846
 35975
 21509
 8485
 132549
 152921
 170447
 548964
 602673
 333055
 604522
 140024
 781561
 518570
 281018
 556460
 26104
 312265
 818987
 78887
 831895
 84564
 86951
 35689
 662730
 785852
 386364
 826051
 183843
 643859
 184697
 161359
 478333
 676987
 825653
 70092
 570628
 935254
 515054
 745757
 1023532
 439269
 853240
 883766
 953224
 914496
 985407
 363898
 932360
 123079
 263267
 738509
 1034817
 422791
 974240
 29125
 672873
 678365
 802810
 283472
 792756
 625886
 12275
 101686
 903563
 964916
 850969
 761039
 1042719
 729942
 412810
 464821
 865537
 542760
 43927
 179077
 349523
 548397
 27984
 739217
 685575
 65261
 648801
 530081
 627458
 162707
 343905
 834698
 800425
 978690
 604569
 713240
 931612
 22951
 912676
 699333
 721892
 811072
 491149
 140602
 334529
 474308
 451753
 625625
 786327
 32391
 5409
 430043
 993947
 722333
 550892
 392448
 416545
 735194
 698650
 414755
 440329
 1050087
 78842
 636562
 508637
 688111
 903804
 716446
 66760
 989242
 29372
 1036364
 642980
 52047
 976987
 330405
 605666
 293591
 752826
 72174
 50890
 838453
 288913
 755923
 664419
 620161
 43187
 658307
 450241
 286840
 829129
 966241
 653110
 287807
 93220
 20476
 751525
 359969
 690346
 270742
 829221
 801371
 809658
 467903
 992433
 5515
 390488
 773573
 929440
 1076272
 415927
 259172
 214906
 159035
 135757
 736518
 795712
 834024
 882046
 805086
 100074
 582518
 978651
 450657
 186601
 36482
 45228
 250398
 405710
 330704
 288208
 954956
 698703
 775647
 232258
 1095776
 1057983
 1086451
 1073957
 707759
 564816
 113736
 532018
 602906
 391181
 1011714
 490940
 764060
 897545
 332618
 431754
 141028
 646389
 183347
 860044
 121621
 470420
 232977
 794434
 800758
 177862
 868655
 689046
 350156
 233294
 180613
 638411
 178666
 90272
 903838
 1026084
 664824
 895874
 172687
 930676
 680668
 328692
 733635
 738363
 815195
 449219
 763968
 82535
 76096
 240171
 985444
 456906
 1001585
 534613
 325648
 47673
 286972
 159252
 538206
 115946
 215464
 937518
 385971
 447051
 162963
 944136
 552531
 328066
 1018706
 464864
 242310
 441015
 520136
 752734
 606610
 567404
 422710
 598595
 665316
 538267
 345927
 245526
 228207
 225041
 439494
 874686
 1006910
 480297
 49582
 26318
 208069
 301685
 134561
 409434
 748346
 382870
 537883
 218314
 695856
 555346
 468962
 325275
 168740
 624183
 257818
 590979
 581250
 266470
 141454
 1011467
 606955
 687263
 1021538
 214956
 297800
 896511
 20452
 1092421
 1008757
 797796
 453280
 608813
 542482
 704664
 699824
 808528
 658065
 613945
 141084
 201935
 877040
 921114
 516141
 315660
 474413
 866501
 175840
 817533
 353528
 140175
 402590
 889211
 502480
 965189
 835247
 553704
 387771
 175109
 938781
 782800
 326713
 367418
 1070163
 564458
 933298
 801340
 31165
 800518
 977105
 742210
 160003
 600630
 205565
 231154
 588656
 422196
 847112
 420085
 838692
 617400
 696007
 571526
 851827
 485158
 532115
 661683
 524425
 908816
 398144
 257658
 142860
 1095224
 675534
 475596
 115716
 127284
 198229
 1088759
 678101
 687097
 1033061
 183354
 256052
 869914
 759826
 586501
 664191
 539684
 532005
 552338
 1069599
 90254
 175290
 100116
 900540
 839964
 1025913
 659837
 930379
 858583
 753808
 968020
 378706
 668844
 727280
 635967
 399726
 631624
 52969
 138144
 420057
 534109
 57430
 30512
 1008711
 152142
 979379
 148464
 208834
 40236
 184198
 589640
 944874
 56772
 443941
 780490
 163241
 366784
 377997
 180158
 655859
 272842
 159315
 951446
 240693
 1028516
 655564
 659708
 812996
 833188
 315553
 466995
 238220
 530813
 3536
 372165
 388982
 366275
 337162
 716867
 404138
 600766
 356597
 965098
 418848
 270811
 606781
 85897
 36909
 76634
 926275
 842797
 657075
 185776
 405316
 1078514
 627702
 1039943
 63873
 757343
 393217
 1047865
 7054
 834680
 518307
 484161
 430222
 565271
 848685
 792480
 775219
 769970
 733116
 789150
 558319
 130022
 1055554
 775205
 376479
 409946
 751492
 593671
 324701
 1063164
 642162
 813879
 468103
 453482
 1098105
 986340
 958207
 223969
 901969
 708999
 944057
 135718
 538634
 591916
 20004
 993675
 917592
 430235
 1043446
 39319
 964546
 91659
 43908
 850333
 513504
 1068415
 483556
 668005
 211979
 401322
 703525
 127440
 969351
 705147
 353846
 1039016
 456845
 478964
 939331
 37686
 570655
 993050
 1023082
 111502
 384162
 493733
 773581
 689251
 1060628
 911742
 609113
 864443
 555766
 227388
 184227
 196701
 992350
 968008
 718213
 734553
 631634
 974093
 769285
 98001
 838760
 752874
 109187
 269961
 845986
 948469
 743525
 182497
 415911
 874885
 1099987
 671439
 526756
 766839
 634618
 808353
 579003
 931312
 441402
 408450
 303123
 188556
 884616
 594900
 159582
 911364
 58118
 812610
 724178
 1083826
 208889
 790155
 133084
 264520
 638370
 1046921
 179199
 111837
 1081704
 907966
 967807
 679549
 372693
 438428
 1032064
 849964
 911713
 240388
 841613
 1080687
 168791
 686434
 667433
 680833
 1042189
 318397
 499002
 59521
 664754
 751012
 854627
 845832
 271922
 44170
 850650
 26535
 327961
 122022
 10765
 575342
 922695
 409680
 50469
 487228
 860678
 381615
 505160
 195548
 294916
 997184
 403300
 908435
 816219
 32819
 289537
 837503
 876778
 1088551
 434260
 666698
 382055
 427078
 605698
 676384
 878217
 481536
 197183
 1066095
 400920
 56162
 629132
 1045115
 863319
 929030
 400788
 417133
 463989
 374060
 261597
 959970
 58469
 515924
 767623
 288737
 486317
 746800
 338263
 87813
 150683
 547609
 1044764
 1022662
 114979
 753827
 165665
 454146
 466748
 460809
 767679
 542216
 497463
 879690
 418181
 247537
 619655
 852135
 560773
 270607
 712226
 371423
 770801
 160822
 819400
 206601
 817934
 32591
 908031
 14936
 590601
 448306
 5873
 395714
 250643
 835383
 109275
 50304
 59648
 328592
 983820
 230504
 730821
 420439
 262593
 60723
 486727
 236778
 332695
 371323
 260619
 540578
 1060811
 235358
 990409
 905988
 557041
 348001
 681344
 541491
 549644
 761762
 1084780
 960824
 62668
 194255
 767178
 939913
 582242
 726038
 335910
 390746
 477293
 239691
 544278
 50262
 593254
 1071209
 658869
 772272
 645769
 785121
 637354
 78040
 1054914
 445656
 180526
 496757
 237664
 772493
 1077103
 829316
 293876
 63944
 364463
 11355
 1077769
 32623
 956585
 807153
 272017
 73745
 645086
 1053590
 1088287
 303697
 899277
 174090
 472001
 762561
 1023517
 832947
 544323
 188330
 546723
 556942
 997034
 330605
 563262
 44098
 822371
 603386
 404637
 827405
 852957
 487988
 802654
 582220
 1065746
 490014
 805162
 456051
 621513
 573403
 813070
 413998
 282967
 948882
 469524
 2758
 872086
 386586
 198588
 685258
 1018705
 450726
 792925
 137088
 942444
 1035719
 290329
 1065746
 144622
 70919
 242009
 400887
 91932
 222988
 995356
 407545
 279634
 558083
 959415
 782956
 893925
 205749
 1028984
 962326
 965787
 458149
 533971
 344286
 1060223
 759576
 47894
 85364
 572508
 958417
 487086
 489877
 553617
 368192
 782203
 249441
 963140
 795585
 594856
 477667
 148818
 395646
 472378
 460442
 981155
 164618
 537034
 799075
 580346
 964909
 554064
 185222
 50145
 837513
 489397
 544974
 653692
 835234
 492064
 816816
 121113
 958334
 204969
 492302
 895405
 744118
 645555
 326114
 56422
 505033
 463225
 465709
 885502
 425718
 256895
 1087150
 1098289
 378360
 552130
 554768
 1054734
 479427
 64575
 265010
 652428
 201675
 776442
 395738
 585640
 655166
 483244
 947381
 705433
 948984
 620928
 971981
 794051
 472485
 78111
 530307
 1095556
 426276
 611399
 131482
 917163
 1056576
 57814
 838847
 997396
 446574
 472374
 733967
 1010721
 304501
 7518
 901939
 126083
 126268
 780770
 250357
 280404
 907062
 848018
 878421
 737214
 1029840
 582566
 1027667
 173805
 329069
 631143
 639267
 265240
 16530
 742757
 220939
 933842
 440219
 622797
 1031290
 460372
 374651
 248387
 520958
 419724
 563212
 456010
 961553
 348504
 254479
 856991
 682992
 924506
 343404
 283393
 561800
 261314
 817026
 779972
 1001233
 678225
 130411
 278741
 109240
 794875
 338177
 65732
 465600
 340142
 574710
 916769
 1065849
 323481
 574042
 531597
 203066
 130810
 489397
 970966
 277596
 855347
 1003346
 857155
 837598
 246576
 254798
 710382
 42821
 486182
 699126
 37388
 609887
 599371
 367920
 419892
 488873
 998417
 413838
 998514
 879629
 399660
 137556
 329801
 840704
 317143
 1054448
 667956
 258575
 504758
 661526
 549396
 58292
 239615
 345154
 25165
 868156
 15109
 135894
 271788
 506353
 204139
 144866
 1081295
 569960
 288042
 511240
 506998
 489512
 1054650
 601342
 622737
 338057
 941870
 78560
 612705
 485019
 1015644
 912806
 35985
 573110
 851849
 1037638
 1038185
 1099922
 11620
 663769
 550001
 594705
 80351
 898487
 649049
 310687
 497040
 104101
 544925
 284528
 341861
 31506
 36337
 809468
 665318
 969040
 511525
 435447
 462636
 941734
 998233
 834301
 900714
 685416
 344187
 772789
 770662
 849893
 226166
 523180
 330654
 990979
 736440
 61576
 674248
 653583
 1085198
 278685
 524710
 816731
 406878
 293124
 169443
 905827
 345998
 115604
 810481
 731003
 6160
 1065628
 651559
 885513
 900366
 723690
 56704
 720538
 519690
 76910
 791462
 243969
 59531
 424600
 868439
 105116
 778060
 437334
 1040241
 1049072
 891007
 369022
 339534
 398152
 532261
 1007561
 692639
 620012
 670647
 500693
 472474
 1060416
 1081354
 359019
 515973
 1065846
 407025
 56346
 260807
 202873
 194308
 453949
 397728
 439996
 855292
 239100
 5104
 146813
 268473
 659646
 107907
 332181
 54703
 698818
 520523
 224897
 945243
 312026
 997924
 429086
 343428
 710399
 814945
 889134
 443415
 651098
 563680
 506559
 766730
 90602
 481840
 573631
 28491
 962869
 694464
 937337
 979199
 350071
 140117
 83917
 9714
 21116
 921044
 1019380
 716882
 611295
 977196
 1005096
 1060196
 1019322
 170348
 534009
 693088
 266426
 452637
 58422
 742912
 544099
 802250
 334319
 165783
 446167
 1039415
 465974
 128405
 790867
 80153
 616116
 488502
 369994
 919598
 973987
 429875
 735122
 882774
 403633
 207705
 36004
 784318
 517498
 350551
 288325
 1579
 904858
 647185
 818135
 133759
 932337
 197906
 646755
 9085
 1093651
 1091166
 667064
 645080
 902548
 545034
 116771
 269537
 162306
 882357
 643540
 743505
 699171
 622742
 217078
 868776
 256224
 572864
 842972
 67818
 594550
 1043527
 579551
 160728
 1007294
 416513
 147418
 497570
 1080488
 315768
 763885
 903156
 546898
 372345
 864351
 932555
 2175
 372687
 234217
 385457
 251696
 416638
 272506
 827651
 1026599
 795821
 407538
 140608
 201420
 54797
 750349
 279157
 504146
 376346
 818194
 50107
 834883
 436469
 802110
 907134
 53117
 382804
 1047684
 84797
 1094618
 328287
 720350
 435035
 102335
 749500
 1021493
 706451
 587294
 324155
 917039
 930532
 577573
 313405
 1022452
 1098773
 217702
 224044
 963590
 222439
 143827
 563441
 620534
 612882
 298725
 440958
 493911
 614486
 799067
 202545
 322022
 1053861
 502541
 180896
 1025976
 16923
 329754
 1020411
 1471
 511921
 746861
 65032
 222295
 704114
 520272
 844946
 603241
 421821
 1009615
 802920
 339508
 595154
 685042
 498482
 803843
 667407
 17352
 238766
 781667
 245676
 1048908
 1052570
 1074873
 447858
 961112
 814536
 769903
 917765
 871192
 151400
 323300
 807369
 81032
 387243
 323672
 58228
 319171
 756123
 564268
 764001
 965289
 754441
 625465
 851644
 922958
 894980
 381703
 1024647
 359735
 620871
 1094907
 268853
 1060889
 618594
 909512
 1054109
 988862
 576199
 1004856
 708942
 773395
 754107
 72380
 1021953
 68339
 855525
 760487
 201321
 722383
 212371
 316796
 56724
 284852
 479315
 231606
 169921
 396262
 566146
 1573
 952410
 599714
 604506
 377628
 846889
 745285
 683781
 522647
 788117
 5249
 300480
 303942
 1007813
 700061
 126533
 359299
 52064
 298045
 746659
 1072450
 977287
 258538
 996803
 665335
 979595
 702126
 453935
 361558
 803920
 466796
 942139
 1022947
 691244
 996704
 396974
 404478
 431741
 1062738
 548666
 583996
 626208
 432533
 779242
 518632
 978449
 726987
 74388
 784111
 1059301
 384601
 971749
 754099
 577538
 710688
 853611
 506940
 60804
 173687
 265079
 862093
 634199
 343959
 364021
 878871
 294382
 912315
 511613
 668138
 879711
 697836
 730953
 173203
 484148
 576666
 457037
 746230
 278533
 198689
 194768
 1052754
 3654
 1010611
 953338
 249254
 604556
 1095321
 747985
 662748
 1092239
 59443
 410178
 936930
 576982
 663906
 912114
 462035
 16282
 753793
 1092200
 1002174
 560491
 632751
 122445
 953553
 8037
 1020538
 749912
 946666
 673091
 466892
 189694
 108291
 829211
 1072331
 799991
 797808
 403660
 622610
 1037016
 1001005
 1057040
 196563
 96135
 20811
 597767
 973466
 312398
 1085132
 865150
 219178
 584656
 1062410
 448638
 642953
 541920
 98894
 1094674
 113376
 922163
 678683
 797119
 928608
 639762
 211522
 1026324
 27860
 57087
 232760
 685244
 778323
 761336
 988886
 235391
 143126
 37391
 682019
 899248
 122764
 912402
 678576
 973963
 942656
 791548
 949913
 1043909
 973296
 502765
 561678
 333878
 21907
 412435
 976431
 682383
 870519
 626743
 406782
 729755
 93916
 591067
 903970
 1023265
 911956
 511711
 641206
 749955
 990912
 424133
 364497
 700408
 797871
 602663
 1079398
 1039429
 283176
 717836
 613798
 734780
 485262
 11555
 479840
 412934
 13639
 815312
 94432
 489315
 1009720
 165812
 901473
 680068
 58745
 199297
 654366
 620090
 154586
 484084
 191673
 891371
 497834
 125970
 409638
 1098750
 672422
 882587
 658208
 409233
 988526
 715458
 624986
 593964
 183738
 260171
 832606
 460491
 854442
 396390
 166706
 560002
 816606
 513907
 650989
 837078
 21964
 394567
 780949
 367656
 147364
 895803
 824619
 288553
 541797
 721463
 167582
 298471
 35402
 1025154
 826838
 594022
 838608
 270035
 678074
 548394
 43170
 837702
 765404
 306082
 397565
 275857
 521654
 527355
 493969
 528526
 760955
 64208
 258114
 550795
 690229
 741609
 936556
 987787
 391581
 214555
 908002
 108137
 420230
 692353
 976761
 134671
 835030
 37970
 27271
 467162
 484171
 333085
 341308
 1077039
 886527
 1041284
 619715
 535409
 641504
 31568
 92743
 52876
 120855
 447572
 1071607
 1060048
 965172
 778091
 928911
 527593
 342797
 958162
 1098128
 74631
 593791
 189333
 717899
 839848
 206683
 456955
 1071669
 404675
 645097
 116103
 464514
 495219
 939378
 856179
 757137
 563922
 818415
 236842
 1050185
 1031485
 474039
 928618
 32934
 241976
 374838
 1014358
 701875
 420205
 710843
 209815
 1014600
 97629
 1054412
 431320
 720731
 754870
 982074
 1094540
 643736
 354819
 1027923
 1045751
 838975
 417685
 661182
 35557
 218168
 175983
 982192
 1056101
 673760
 419388
 469277
 554859
 109317
 365820
 102623
 80221
 562517
 15695
 943377
 266124
 171815
 300485
 601624
 1067863
 821911
 309448
 206850
 132366
 284922
 1065571
 474037
 816200
 841916
 1096358
 696216
 287117
 665121
 857575
 681147
 1007538
 508507
 118575
 779976
 996998
 819826
 892421
 115143
 483767
 745699
 625686
 729742
 517417
 216514
 76344
 69110
 741752
 125230
 98317
 815444
 140070
 934258
 825335
 1040843
 1008594
 1060668
 286027
 716305
 778759
 143582
 255740
 382409
 42537
 1011260
 115094
 951887
 114505
 99547
 1043244
 431073
 128545
 166954
 383411
 552071
 758925
 656595
 642584
 1004389
 375998
 466992
 756988
 743120
 68671
 237164
 789045
 881610
 26436
 732196
 220473
 879040
 225321
 965377
 677558
 819328
 487366
 788227
 647906
 227958
 206280
 579887
 748910
 283417
 748460
 767636
 472607
 206564
 365011
 879395
 382086
 573514
 847021
 482606
 788679
 850486
 606371
 581266
 270690
 476180
 174425
 936635
 644695
 1037318
 115704
 229164
 895516
 342970
 788923
 809975
 853200
 28209
 302958
 422156
 487283
 276372
 121972
 930113
 315841
 420827
 764229
 447976
 580205
 901868
 318503
 310388
 3459
 695980
 458219
 1068701
 259208
 582519
 896012
 1013778
 181994
 690671
 159312
 1028102
 781635
 455772
 30575
 308272
 593342
 54494
 8705
 1072868
 139756
 1034764
 434845
 291994
 16912
 762803
 488204
 722409
 657944
 1009964
 191373
 721640
 46446
 183246
 899636
 808465
 810342
 316444
 416330
 248120
 745560
 289140
 344437
 221854
 1497
 841628
 537908
 747820
 240015
 970129
 230344
 567786
 478319
 660632
 587334
 16205
 587215
 123314
 753196
 90839
 38974
 870894
 222861
 352029
 380379
 242905
 1076749
 502789
 1009309
 636834
 411522
 631985
 124477
 847827
 313655
 99954
 503971
 374452
 899819
 1031786
 1072908
 573944
 908706
 742534
 94137
 352045
 1036741
 462190
 44838
 839750
 756499
 137614
 225411
 716934
 936981
 303046
 600189
 939931
 1013994
 702157
 95436
 185731
 1071077
 925886
 59950
 96685
 270765
 570641
 847650
 949126
 373822
 747996
 146823
 359724
 433735
 376083
 139442
 311322
 934985
 190894
 800199
 946007
 916384
 110098
 712828
 6125
 304569
 479192
 287665
 785336
 1088254
 1077797
 355029
 978893
 842194
 300310
 185280
 862300
 813881
 825063
 12882
 830603
 609133
 1085340
 274573
 390026
 822470
 691257
 175351
 54269
 46591
 899168
 1095131
 2417
 712510
 992567
 84387
 987714
 1064301
 1023796
 677088
 46952
 488510
 268726
 862785
 160879
 757726
 963596
 623377
 369255
 658746
 933829
 394780
 1042063
 488404
 454408
 176240
 837492
 799468
 700886
 263728
 757707
 51561
 878780
 1057681
 512888
 953008
 317878
 296796
 27625
 762837
 376081
 825633
 1948
 674892
 61577
 133864
 275417
 199955
 744449
 642402
 1072716
 402315
 231687
 773698
 835506
 590414
 450554
 44396
 802736
 902327
 226711
 927675
 76872
 511454
 736618
 939272
 641002
 1088858
 366983
 399673
 74310
 355706
 247450
 685929
 88872
 533042
 522757
 165714
 112781
 336114
 902231
 480592
 67473
 192798
 783840
 36362
 388224
 575813
 437645
 782686
 655841
 94080
 780549
 449242
 168449
 971269
 305232
 113590
 933108
 842661
 16930
 909583
 495293
 37736
 526662
 158252
 375982
 969310
 885673
 749284
 361288
 900860
 310232
 969589
 40619
 18615
 1074386
 695222
 1048014
 1072172
 525365
 769523
 58662
 762355
 536429
 871451
 392702
 392408
 513507
 34678
 291761
 100540
 1031523
 511186
 671762
 661421
 271797
 906076
 447413
 252675
 431476
 243008
 867696
 486574
 66106
 1029009
 1054179
 950757
 194656
 501967
 717287
 195964
 835074
 853317
 809142
 389505
 960990
 430473
 1076654
 847414
 492077
 1080200
 299447
 1025975
 448341
 403970
 72358
 362013
 69106
 734252
 273420
 54954
 286546
 165083
 561897
 448931
 327450
 677882
 841608
 1075932
 958047
 529556
 401333
 778583
 876569
 237513
 839775
 670797
 241880
 279269
 1077661
 198722
 417360
 383207
 31972
 638063
 780113
 81287
 703294
 638087
 823808
 246189
 421401
 335750
 285797
 229377
 293607
 97268
 708756
 353325
 1045499
 111756
 354542
 638552
 97571
 76788
 1088446
 974601
 306092
 107185
 731713
 351021
 253817
 767323
 954695
 929990
 81126
 393634
 523861
 630570
 178363
 6774
 215816
 822501
 615636
 301411
 159278
 545636
 1045841
 524318
 219012
 603436
 146610
 117247
 286721
 572642
 297507
 561454
 138883
 510885
 545028
 91568
 1068220
 230487
 839606
 720192
 79176
 224013
 684375
 445278
 760986
 869551
 792955
 287548
 189706
 292339
 885176
 1087163
 970918
 964793
 518817
 725635
 134400
 746563
 100535
 160800
 1020547
 385533
 100736
 720548
 511594
 668017
 137323
 119200
 850584
 699693
 37225
 129972
 1027760
 720053
 223001
 59918
 96455
 412004
 668628
 195428
 299269
 491472
 481743
 873716
 157192
 450859
 32713
 103873
 226961
 145792
 875685
 933456
 983776
 753661
 624904
 943932
 648336
 804827
 297245
 481308
 58635
 514509
 841831
 34927
 246101
 714004
 131274
 913088
 92580
 767765
 783222
 87142
 524521
 900775
 320356
 236561
 414330
 302055
 719459
 187327
 828519
 865459
 327932
 283940
 677555
 103305
 239553
 187479
 79796
 1033171
 36976
 154728
 146404
 467024
 700320
 419799
 381806
 802988
 72928
 962930
 551264
 199301
 36709
 1067121
 58081
 232690
 472924
 720615
 804913
 613288
 398452
 741061
 570640
 576619
 878691
 440993
 541791
 562594
 889795
 781552
 1044413
 33010
 108383
 354862
 802903
 375545
 422819
 777575
 427100
 365687
 189785
 744513
 1068667
 845697
 853232
 489199
 1769
 276694
 707041
 418677
 760026
 1068027
 1099252
 463903
 721035
 117585
 497816
 844021
 568507
 943902
 976252
 163616
 966312
 1025722
 678963
 708463
 981833
 89941
 149179
 236040
 877022
 519101
 394282
 459254
 95862
 868884
 458903
 221258
 253132
 599659
 593580
 1053679
 843612
 290961
 56685
 371515
 54507
 529742
 541102
 419940
 129062
 960804
 538466
 311297
 1033558
 1029743
 121426
 95769
 210923
 735012
 661212
 446480
 572012
 636658
 812077
 1055154
 445268
 53706
 4650
 789650
 642197
 828114
 717418
 615107
 512063
 1086674
 1032172
 436791
 1001134
 273070
 50902
 393914
 161847
 237422
 19904
 834157
 253569
 160691
 501662
 683849
 249211
 85014
 637379
 103315
 828597
 659494
 1062469
 585296
 352605
 250349
 714459
 401056
 795084
 171776
 972381
 153685
 546829
 12614
 628329
 817132
 605494
 294729
 719544
 521438
 649443
 804780
 99358
 337430
 456791
 591787
 1011402
 856882
 337288
 772589
 950323
 409170
 564018
 514111
 981151
 722117
 953784
 268446
 686468
 576159
 662914
 761456
 898163
 504585
 498355
 315841
 829656
 325762
 265398
 231047
 392134
 984214
 812
 443765
 623448
 875500
 597654
 30413
 112755
 801345
 68973
 299260
 1031777
 47338
 552447
 913592
 662382
 440599
 416790
 658899
 141318
 170648
 140016
 487804
 718469
 829957
 315442
 285832
 439729
 943362
 494772
 1061565
 699641
 163595
 969189
 516249
 752153
 656430
 169885
 849325
 499840
 147249
 721861
 244127
 649475
 910514
 45386
 173995
 931724
 319987
 336115
 359185
 1084837
 1024640
 504479
 30146
 764296
 487642
 911023
 189717
 801181
 459231
 569439
 245930
 70054
 723082
 498250
 179392
 723782
 302108
 669320
 723696
 116190
 962748
 216276
 76125
 598294
 992175
 459856
 89211
 505055
 836683
 770412
 843318
 633527
 967103
 654482
 923907
 220033
 541432
 358015
 598969
 801820
 442670
 89090
 302709
 432330
 667784
 279166
 768915
 210987
 268814
 989570
 665429
 23813
 942868
 350961
 83143
 105012
 445863
 783734
 246396
 583384
 20132
 697059
 1026342
 542809
 435908
 600746
 766260
 343734
 45710
 892494
 315746
 824150
 455222
 153849
 14681
 132076
 99229
 509444
 274833
 603648
 595650
 617985
 308706
 622461
 139608
 124523
 644280
 931807
 705419
 35013
 417858
 754322
 319091
 926554
 80312
 112409
 392739
 262115
 619302
 440998
 836606
 324766
 84226
 270400
 322379
 641705
 859793
 701524
 315823
 166077
 778589
 88254
 436902
 662397
 395443
 110623
 386422
 888366
 167043
 908766
 724256
 241190
 230755
 895759
 57246
 284936
 431223
 664432
 1040610
 441591
 1038978
 522572
 664886
 307355
 97649
 95478
 411620
 957151
 139288
 100762
 918675
 494700
 662405
 32675
 1037897
 240573
 24000
 733259
 943567
 139878
 617938
 1076523
 151851
 1050925
 534525
 846093
 637325
 674705
 128149
 658938
 942854
 598077
 535102
 1025515
 130859
 610529
 636324
 531771
 1090017
 178365
 127714
 500400
 525310
 48098
 462012
 306084
 447901
 410051
 215682
 775874
 909713
 82918
 356148
 411950
 56285
 140361
 723153
 325424
 1078309
 348053
 414361
 19921
 358269
 1067620
 65708
 359916
 735373
 452623
 954707
 280903
 818505
 327940
 592434
 880817
 432247
 577331
 1088775
 310932
 107416
 1098308
 509652
 373820
 624787
 1062450
 824621
 408513
 1036095
 1033373
 296734
 165040
 10936
 817504
 93161
 1003818
 18654
 261063
 273001
 637469
 1090327
 353166
 843923
 867350
 51633
 486571
 594873
 924536
 759509
 200952
 89895
 308270
 205614
 766589
 730465
 16752
 441770
 1057486
 810410
 365432
 375619
 695505
 440429
 1095971
 761066
 491864
 1040753
 358879
 260894
 725328
 305358
 654074
 985698
 109182
 34645
 639174
 850824
 383095
 997425
 840579
 400792
 1032621
 545404
 562220
 674769
 763906
 105673
 862615
 621708
 853706
 559860
 143654
 1061636
 118859
 25013
 790879
 317890
 471526
 535030
 584484
 64613
 453576
 934577
 1061967
 419881
 1098373
 208871
 238963
 173374
 954630
 555100
 413918
 387572
 831085
 94844
 735363
 886783
 514435
 467591
 691994
 996955
 1096860
 690565
 299711
 844996
 696387
 468859
 618210
 989188
 481661
 139564
 1031811
 665308
 207670
 911511
 547344
 482015
 798792
 433452
 517718
 660580
 669313
 2055
 937925
 333024
 158171
 666082
 45866
 81782
 199896
 555649
 1039554
 948155
 284387
 1047787
 300499
 820244
 845344
 719894
 979032
 625942
 404936
 30797
 153166
 570303
 198282
 351066
 1090068
 715803
 1019112
 624562
 182861
 918585
 342100
 1048987
 950524
 970404
 491550
 568360
 537736
 1016092
 1098733
 353062
 225085
 679447
 782976
 740189
 835603
 92575
 445729
 956843
 633212
 453254
 115160
 279148
 783099
 542436
 506636
 829746
 728097
 220175
 1064706
 927090
 981568
 581344
 1016257
 289123
 991883
 192362
 609839
 188027
 704805
 508263
 320103
 377896
 214314
 670181
 733164
 201173
 1048805
 208244
 145373
 651809
 602804
 1015498
 131146
 46055
 216381
 236610
 100707
 737598
 104881
 10251
 969267
 501676
 862438
 967997
 700110
 345742
 914897
 413501
 617389
 302334
 959843
 862017
 641049
 101801
 963248
 590681
 1087982
 966038
 256959
 557676
 497202
 890536
 163709
 967045
 160346
 82801
 324391
 424631
 934207
 654726
 274496
 593477
 563053
 502872
 474484
 357524
 98587
 376214
 907544
 774394
 480316
 986700
 797813
 1073615
 776036
 968625
 587607
 413976
 813037
 414444
 200697
 1098669
 233903
 748645
 988635
 811191
 255010
 627362
 256499
 447089
 752999
 1046189
 1079453
 538439
 482938
 1037798
 600272
 647466
 1016481
 132153
 829307
 763102
 1007410
 44690
 295422
 450699
 1047694
 1029805
 910973
 406977
 933156
 1082497
 68699
 978241
 497811
 1097270
 94811
 342847
 325859
 175406
 657951
 608486
 106970
 868662
 194381
 102919
 648487
 429578
 193352
 344457
 453484
 42167
 1031748
 1067412
 52973
 825145
 1075141
 421319
 767183
 219111
 83559
 1070651
 229121
 795635
 655744
 370425
 732052
 718315
 903193
 894757
 329275
 390128
 458088
 1010937
 144067
 281436
 728411
 1090828
 964522
 602480
 1029978
 498868
 783840
 841065
 923287
 373106
 568144
 752319
 897636
 634243
 234123
 475862
 94259
 516499
 139207
 486878
 341863
 1084983
 1052250
 252280
 244162
 901976
 341612
 770377
 393718
 642876
 780685
 83209
 868653
 903112
 907129
 1043134
 216073
 1084175
 235509
 657168
 238186
 264095
 788213
 897809
 845057
 1065850
 747806
 183671
 395942
 750041
 174056
 109806
 190640
 1036072
 708261
 431046
 407676
 763852
 7087
 583049
 254799
 323918
 952806
 634367
 272098
 41838
 346342
 707429
 10219
 877245
 912438
 1034445
 1094962
 142771
 1010547
 624597
 128893
 6777
 781242
 459578
 491116
 73096
 857095
 8063
 1046343
 421761
 652984
 296417
 104041
 852751
 783687
 206878
 549471
 691173
 78155
 496098
 630394
 334048
 582090
 1026206
 852983
 442298
 386608
 955478
 415380
 377366
 1025363
 1048449
 1076407
 138731
 889805
 34059
 927734
 394134
 359531
 1086940
 112691
 204425
 539482
 793949
 1032821
 1007191
 729619
 402509
 195780
 555042
 716744
 888035
 367411
 655265
 613575
 106763
 514621
 21805
 845396
 276165
 1046054
 669038
 22553
 907965
 1093932
 491913
 174860
 1001850
 159058
 403634
 130905
 280627
 174512
 897941
 573075
 939189
 154105
 356183
 1005375
 988156
 548072
 801099
 1087725
 573907
 38365
 1093113
 61008
 335424
 576907
 157910
 291545
 461141
 21104
 157665
 283260
 208548
 763235
 893346
 915023
 709471
 601907
 628754
 882646
 911658
 567151
 968512
 307503
 744831
 900791
 761703
 490552
 624580
 2387
 777187
 677382
 45917
 38901
 393457
 204769
 780311
 975174
 119226
 1045436
 421347
 748349
 176209
 318016
 817386
 301901
 643200
 158340
 709052
 746693
 757567
 898807
 803460
 813350
 176138
 955460
 131252
 235229
 536600
 362445
 314678
 738451
 876066
 689667
 52376
 536083
 499567
 441075
 687605
 949151
 628258
 468021
 538629
 593980
 832354
 976845
 370961
 129730
 579121
 846999
 351498
 5115
 799406
 423693
 860200
 691445
 1061798
 3868
 104890
 945472
 729803
 640395
 870811
 344512
 381177
 776928
 673760
 988674
 300750
 582417
 219350
 588323
 725055
 449112
 197191
 1013956
 643571
 476251
 323007
 471023
 624805
 75063
 79948
 856953
 63922
 1053297
 677653
 216771
 797157
 981986
 320520
 178192
 83523
 938050
 692054
 263892
 522971
 761813
 702702
 639567
 69536
 1085149
 95490
 582465
 635695
 988432
 80265
 778822
 162529
 330869
 564771
 1068537
 797790
 647672
 471052
 826792
 143380
 909326
 245074
 915056
 1057313
 641535
 203514
 205504
 324198
 560459
 316399
 516552
 310982
 977099
 996060
 1008705
 696469
 884210
 521615
 393885
 940676
 209043
 629174
 108530
 382408
 793793
 126710
 1064433
 315235
 893990
 887530
 178852
 39465
 122423
 19158
 712616
 8439
 1057793
 1048115
 675156
 309596
 487355
 495376
 11824
 176983
 662481
 489559
 883326
 91249
 659233
 268387
 1036140
 1007574
 553856
 1041651
 692397
 19580
 748318
 473753
 338755
 454087
 949387
 641795
 304729
 1034325
 24617
 1084668
 807907
 440348
 1027183
 508287
 985342
 212054
 131236
 692587
 690081
 497568
 466874
 724944
 182827
 312193
 347371
 502215
 788717
 687344
 238033
 95168
 1095719
 815240
 264654
 537753
 1055399
 84318
 844409
 125364
 663649
 120263
 67111
 858199
 241634
 202786
 1079292
 580758
 813915
 1064823
 371774
 243907
 307522
 999582
 609553
 874004
 19736
 961971
 209
 647970
 92386
 1024034
 50227
 667652
 705629
 282068
 184564
 1066532
 468979
 917733
 819737
 735676
 480586
 1052670
 629661
 387769
 656501
 31240
 617827
 480933
 586172
 1091169
 455713
 59827
 705144
 327973
 512288
 604204
 379098
 144821
 741240
 671155
 412598
 529111
 865349
 236464
 475449
 736247
 150773
 959269
 330606
 5039
 899944
 937682
 615867
 785525
 546949
 983669
 189324
 455104
 139264
 678505
 87044
 814982
 1055370
 637072
 75779
 761482
 206634
 471633
 193209
 299336
 410585
 249688
 941442
 1053099
 1029164
 451309
 601546
 314082
 306873
 290335
 696472
 958064
 77963
 84003
 505985
 616179
 612012
 471037
 208462
 1052296
 774513
 722730
 216098
 488728
 557163
 320398
 1055941
 765175
 683475
 901672
 54467
 478512
 145258
 554559
 651319
 288002
 1067944
 824847
 1048849
 817329
 186038
 878133
 920174
 346458
 770322
 39576
 313036
 898429
 410467
 960161
 957217
 476104
 813593
 996809
 493524
 675494
 1026522
 139441
 883965
 635845
 842447
 602386
 257233
 62260
 891158
 850565
 923631
 91897
 1083839
 325088
 827503
 916347
 493359
 75432
 1021773
 299036
 267969
 547449
 210162
 665661
 334873
 469982
 947209
 893137
 135374
 457187
 465351
 475274
 401036
 617762
 777010
 542080
 1087472
 51153
 569893
 213236
 491369
 169104
 584451
 687730
 956872
 374004
 560428
 542131
 227803
 801445
 878469
 308722
 290733
 986298
 108791
 147857
 614355
 959294
 151705
 907013
 693694
 347894
 167813
 631406
 845195
 570272
 547181
 844706
 385501
 268788
 879276
 775528
 106444
 826757
 384194
 956728
 547659
 1086337
 710150
 175412
 540220
 394381
 159759
 875831
 204103
 750992
 124995
 57616
 11374
 334830
 609126
 387704
 590387
 279386
 780825
 105434
 937392
 986779
 567714
 296314
 1089112
 663512
 898528
 499784
 498459
 838426
 357920
 326424
 702929
 903694
 862173
 60583
 192333
 113648
 348677
 1065954
 391712
 991545
 556739
 716538
 914438
 628305
 425802
 655033
 10155
 224371
 734292
 163546
 412501
 95398
 1032841
 177162
 934882
 42115
 92686
 599189
 33612
 307062
 219633
 477179
 625997
 556867
 1040794
 182770
 1002614
 182818
 935606
 977131
 725226
 518680
 997910
 854633
 634442
 685190
 1015868
 301077
 456064
 135392
 544781
 1081681
 760393
 55252
 945919
 179010
 807047
 639076
 306214
 15658
 732680
 966193
 430444
 106099
 326724
 790147
 154669
 353159
 822794
 1088618
 700793
 1021350
 822630
 32508
 345700
 163792
 1031402
 165715
 561536
 787767
 291957
 803029
 1090028
 452615
 312784
 325329
 901913
 403892
 105518
 615317
 551493
 742086
 835750
 805182
 1045472
 867803
 72625
 149963
 1078640
 412391
 256458
 466193
 506444
 263659
 1041619
 218428
 213707
 932615
 551456
 262071
 958712
 71513
 670143
 757290
 951745
 51487
 307838
 244684
 130330
 832803
 1031963
 948312
 18924
 799257
 151293
 1034335
 161989
 994451
 695427
 595692
 290099
 730913
 990402
 381943
 36938
 787660
 783095
 153458
 3399
 172896
 593585
 106574
 156438
 596060
 1039761
 424813
 710832
 290572
 1086146
 726173
 233540
 802232
 580623
 996286
 883541
 1058874
 508589
 511408
 894819
 75933
 55933
 658573
 701690
 132841
 308927
 709296
 631767
 406573
 44416
 1070403
 262206
 1017653
 330703
 294458
 1028290
 64788
 870096
 445070
 579954
 904222
 1099097
 643517
 502358
 558359
 856790
 35084
 928761
 203479
 795612
 342422
 1066755
 449040
 905540
 320164
 1013522
 40228
 933475
 215662
 1098990
 1073632
 440498
 129424
 331057
 926506
 139121
 307769
 1006011
 763853
 212166
 58356
 943438
 1085664
 472477
 944036
 173597
 334227
 805476
 1022740
 639310
 442452
 955957
 925162
 533561
 669918
 481924
 231093
 705460
 591998
 729301
 878935
 16
 104644
 218698
 195466
 601009
 1027839
 983766
 912899
 255011
 276894
 884437
 517008
 174481
 716468
 600718
 889791
 280375
 119867
 774794
 554721
 501666
 785197
 916722
 944270
 949619
 549416
 903134
 766705
 563709
 1065712
 1009041
 830185
 1080526
 135001
 385743
 350828
 442209
 82129
 763480
 179447
 810302
 57
 207622
 341218
 619910
 976079
 227838
 1011066
 1018022
 630646
 908824
 1081108
 112473
 125436
 680426
 214618
 74212
 748264
 263547
 206535
 918118
 195916
 697198
 661064
 465657
 38123
 55068
 168582
 3574
 24887
 705525
 426574
 1023773
 10000
 816674
 49941
 430946
 669310
 643587
 171293
 528214
 493750
 819533
 471982
 1085950
 827306
 789822
 283004
 766538
 882859
 588906
 570568
 1046057
 191450
 142708
 147290
 725073
 608926
 315006
 477428
 661387
 885083
 730682
 485494
 677816
 1061449
 499379
 516884
 32386
 972626
 843555
 37102
 303224
 853816
 159080
 409910
 1021027
 298188
 85235
 373394
 13580
 255472
 430745
 200774
 831422
 911781
 120618
 632293
 531825
 841698
 151153
 668831
 616001
 304922
 127366
 148103
 713219
 13056
 204940
 1033994
 937557
 710752
 73518
 773440
 968003
 886990
 43969
 181594
 799822
 766661
 991001
 836743
 210694
 652360
 848286
 211152
 914802
 702913
 960353
 1032030
 624998
 764864
 143745
 653814
 847739
 589664
 725590
 827900
 191070
 787250
 473423
 657178
 534189
 844627
 751091
 208675
 299907
 537111
 607674
 300415
 623098
 167999
 405077
 51672
 42350
 369710
 347452
 606166
 692374
 165979
 879218
 449507
 42524
 532077
 223213
 846560
 543284
 191663
 1072417
 569366
 578673
 909642
 532217
 86557
 615822
 733888
 1053384
 220159
 855224
 1003213
 575316
 618579
 1063080
 324772
 482495
 958458
 992431
 23990
 467018
 14185
 153274
 730832
 235578
 804801
 1055835
 234030
 908255
 807026
 590105
 521554
 660109
 538361
 611648
 53137
 607002
 297496
 518327
 623544
 395716
 393327
 972496
 583549
 418167
 261871
 160962
 1024604
 672142
 934778
 434501
 1005553
 196237
 107981
 827098
 174136
 457197
 298053
 360074
 770179
 777376
 794041
 265489
 1088656
 978432
 2738
 513081
 993384
 140612
 684947
 985560
 380160
 938410
 856770
 889660
 357099
 39670
 1057259
 18666
 1046784
 185109
 245535
 1076359
 817123
 839699
 143736
 352589
 729342
 606966
 360226
 876329
 890772
 259604
 595455
 716364
 377954
 657304
 895312
 817713
 856345
 807798
 92626
 165411
 66617
 31068
 443773
 652197
 514271
 286322
 63042
 558259
 968920
 122372
 816933
 518156
 969721
 204714
 917158
 528676
 246135
 522491
 142624
 723013
 1027173
 798853
 122936
 434353
 551608
 453346
 404556
 189090
 368010
 740375
 8588
 1027548
 992857
 855630
 1046452
 388233
 554821
 98231
 471000
 557627
 1031724
 586667
 1043013
 691191
 992610
 417289
 97315
 702508
 575587
 605652
 593712
 451622
 804400
 983061
 9505
 145789
 461238
 208599
 280508
 517610
 518119
 755137
 504038
 929334
 937848
 291648
 523701
 978850
 11095
 479647
 108242
 760163
 72272
 198020
 831308
 664108
 624978
 506155
 789126
 967809
 465815
 136570
 290244
 591203
 869471
 1045278
 419642
 646496
 51465
 925533
 301626
 804185
 572915
 385620
 594001
 324348
 590847
 299533
 721041
 741750
 133409
 845946
 1006446
 1020747
 268211
 898923
 756221
 606659
 369830
 282714
 763755
 717773
 671828
 568572
 1077918
 1064048
 1040566
 495928
 605345
 67848
 801376
 595964
 63633
 870921
 835534
 720684
 445315
 578558
 934919
 149038
 980862
 927677
 480587
 151993
 1029757
 987978
 34313
 244649
 488619
 193884
 363263
 114063
 1062494
 948765
 211207
 440297
 209824
 868102
 1029847
 666604
 1016950
 240126
 1015794
 350161
 977304
 338350
 566727
 1011835
 760219
 470852
 600914
 582012
 928945
 487170
 52709
 720367
 483844
 51613
 383551
 552784
 1072411
 469577
 19077
 1045087
 17009
 898677
 578038
 114823
 26281
 249720
 194320
 20787
 642850
 713866
 1082188
 839651
 1067626
 760571
 781946
 1062724
 435088
 1082876
 1002368
 150268
 865086
 700975
 1026600
 24968
 721408
 983607
 621823
 809380
 368135
 701156
 778812
 345090
 642100
 233176
 147037
 1006653
 13443
 820256
 873223
 782884
 645279
 558614
 452041
 1088416
 379518
 851500
 532461
 885569
 65982
 335977
 595902
 316627
 68556
 510845
 801859
 947793
 881373
 60643
 814905
 1015736
 1094821
 827310
 566546
 24761
 1061209
 1044429
 835274
 943242
 997256
 581564
 555779
 356425
 229335
 738174
 243297
 2212
 249989
 121927
 762084
 193445
 469058
 376728
 1023755
 712771
 542126
 1004575
 446667
 617114
 934638
 550781
 410635
 975971
 19327
 277505
 341413
 220093
 645561
 880005
 770537
 462795
 595097
 559226
 487064
 662591
 898688
 682046
 616832
 1072032
 93286
 777416
 69673
 153401
 284379
 118232
 371064
 1047923
 1037753
 1077998
 842326
 1055182
 907486
 472503
 1038200
 927299
 491419
 388542
 528922
 544140
 836408
 351206
 608035
 405433
 992873
 857482
 714584
 594472
 1028991
 31306
 63203
 277416
 314986
 220085
 794404
 674483
 132800
 897186
 256671
 409019
 1079725
 387183
 229901
 100908
 238295
 1037444
 959644
 941457
 87159
 626313
 82101
 940743
 654226
 546752
 220622
 251006
 1023602
 319770
 36308
 492117
 608542
 354388
 535471
 890459
 795112
 713421
 111469
 94210
 33003
 166180
 515732
 675773
 1282
 625691
 224845
 566787
 860472
 162011
 322357
 210151
 76413
 172039
 864505
 1085090
 231446
 255544
 1044074
 860911
 383245
 586992
 175331
 857981
 816957
 779309
 928974
 613936
 107886
 940461
 749862
 830689
 33217
 81560
 745599
 1013721
 147795
 1099818
 976131
 84555
 1000020
 272137
 67032
 754887
 856711
 426550
 509295
 977973
 208491
 182004
 206532
 684797
 305605
 803233
 956783
 428813
 690066
 221697
 894041
 585045
 589795
 958890
 46160
 359804
 943089
 894868
 876141
 813647
 747748
 103105
 390919
 532957
 163541
 984973
 1023311
 308325
 287942
 323798
 1068977
 711251
 949246
 32524
 1054897
 596075
 555415
 253477
 739868
 683027
 490817
 628725
 29713
 878980
 101693
 296078
 665674
 1097122
 296122
 225141
 806568
 526763
 24976
 92117
 689941
 1031459
 435480
 446700
 458883
 441908
 749203
 318057
 226598
 37737
 892980
 632554
 872402
 635294
 190667
 646107
 677865
 221709
 997031
 1067224
 492446
 312946
 720346
 56881
 342660
 837995
 338789
 137931
 1098914
 546246
 980035
 986493
 999647
 703425
 323398
 1054356
 736816
 1064577
 570014
 328808
 907756
 30052
 568702
 549406
 868315
 4453
 695235
 688306
 660354
 437246
 798966
 749744
 733939
 510360
 621482
 929645
 804937
 9354
 164096
 397598
 1068757
 792925
 987936
 33756
 349389
 249963
 98349
 274400
 78883
 813419
 387023
 918902
 929380
 207772
 904122
 113894
 511706
 406749
 587674
 921808
 375663
 1025063
 575512
 248519
 415718
 1078033
 209836
 1089979
 69543
 1064366
 824045
 586058
 873522
 805672
 911115
 897955
 645043
 853432
 43716
 44274
 657564
 930406
 547744
 319400
 306453
 522237
 505838
 154117
 273754
 408483
 97603
 795229
 522774
 842590
 1090163
 660676
 925775
 53816
 350689
 486973
 459188
 10852
 410697
 875451
 104298
 442657
 1075070
 1006177
 313524
 651558
 91808
 555326
 193824
 980309
 1009057
 378560
 991651
 400329
 927309
 727066
 906422
 732434
 425542
 675680
 990598
 551473
 295476
 398669
 905440
 883069
 295077
 987334
 853157
 1082309
 814329
 810994
 93075
 936130
 97224
 43398
 936621
 407812
 634931
 421073
 643052
 352923
 52651
 605943
 1035900
 984308
 985492
 23497
 615433
 373324
 913377
 993273
 237608
 429134
 904742
 153806
 36966
 543293
 37374
 43005
 359023
 256337
 508623
 8134
 898311
 998723
 475074
 705919
 905607
 76094
 925110
 394747
 89622
 1053487
 773010
 705465
 391458
 942627
 1088164
 470528
 366132
 483401
 111003
 458580
 215209
 210776
 992815
 1032301
 889983
 279912
 665943
 357206
 843315
 240411
 324949
 800474
 910600
 130114
 1044003
 306218
 528209
 453093
 57446
 780551
 66590
 164017
 467241
 858623
 286600
 505716
 865089
 189944
 802100
 603407
 828518
 955646
 1088666
 222228
 331267
 1009948
 652077
 700774
 955030
 610335
 935194
 148926
 129848
 102107
 731891
 106612
 886493
 593447
 92278
 1072948
 561829
 910255
 158799
 750584
 131670
 876242
 984928
 182913
 350404
 522673
 747157
 167870
 99187
 113049
 619963
 124098
 206049
 1028336
 811347
 475574
 44177
 567773
 933666
 339462
 684653
 708257
 404022
 1025921
 299356
 12160
 992083
 195094
 943737
 466538
 1031157
 924564
 1090050
 918310
 449236
 91074
 916466
 978577
 282025
 1060031
 313334
 617531
 577836
 909035
 649702
 329691
 588376
 199884
 266302
 751602
 453829
 298400
 530210
 796768
 508023
 308739
 539794
 746598
 933163
 921770
 741564
 424601
 160160
 780764
 296214
 236066
 285351
 711823
 253844
 621376
 598585
 245146
 316864
 224095
 688925
 789786
 519120
 153852
 1066422
 471063
 515725
 162248
 1014184
 1058686
 544284
 901832
 711615
 294563
 703806
 1035640
 327074
 854570
 156530
 162534
 439756
 987214
 944322
 139721
 319321
 978138
 837829
 355454
 621354
 638853
 417292
 355036
 900196
 533494
 951989
 1002541
 170716
 212302
 1069533
 431522
 641934
 694765
 983710
 1099178
 759884
 338860
 199909
 339291
 314924
 860577
 905578
 652280
 638934
 495741
 834668
 191871
 624295
 672914
 689039
 710748
 725369
 501843
 120573
 336516
 787842
 568846
 790284
 612223
 183421
 204554
 1067260
 296371
 105611
 903557
 378667
 1098270
 893808
 355829
 234522
 240767
 221775
 30655
 319994
 28824
 206858
 362963
 141481
 549174
 361636
 776720
 310511
 839595
 1097496
 618678
 362330
 349709
 373499
 338376
 809478
 95121
 677803
 363059
 91128
 869363
 766657
 873571
 776857
 747077
 885580
 751606
 1033131
 964336
 329520
 746897
 636239
 361224
 921446
 712457
 526829
 141433
 634772
 492579
 374787
 784652
 280876
 1018812
 882271
 816917
 68084
 269876
 15360
 181943
 868325
 1099801
 227389
 775623
 197778
 1026284
 848322
 228065
 302426
 560659
 1068089
 561725
 189795
 959411
 159944
 106043
 934146
 985781
 478702
 598250
 469383
 805349
 746961
 572904
 59490
 1003890
 192602
 824248
 772482
 987354
 645953
 242969
 536310
 837761
 231893
 332939
 91242
 1024274
 340455
 745270
 732918
 528481
 875786
 841992
 751999
 286412
 502576
 369461
 73295
 78824
 864420
 781770
 847411
 74286
 660483
 115297
 839030
 856276
 21395
 787285
 704184
 718332
 498367
 616486
 331131
 310499
 750794
 700604
 255532
 635546
 747555
 777785
 664723
 232262
 93093
 568224
 954865
 457781
 949103
 890624
 855556
 371679
 738886
 894948
 278461
 537736
 1032039
 462894
 856275
 493009
 1097331
 435447
 311907
 443495
 523138
 873506
 334404
 1007145
 930881
 688790
 454363
 464908
 730024
 882189
 952178
 1060432
 589407
 72973
 847984
 339074
 366082
 151347
 932218
 240957
 434127
 317426
 297448
 498076
 599625
 700874
 234075
 587244
 263702
 750925
 552612
 537484
 180513
 598507
 171783
 22626
 862607
 940760
 528752
 702414
 179929
 899973
 1001655
 676021
 244169
 190601
 700708
 180108
 353090
 599761
 901909
 288518
 148543
 616374
 580018
 206625
 926088
 1049618
 872977
 160748
 327838
 266695
 383116
 314478
 988930
 144498
 788534
 154514
 628468
 386024
 484790
 984157
 222151
 111501
 933519
 822071
 661020
 607019
 1070735
 179070
 1003039
 211183
 76488
 330001
 317390
 517317
 1022239
 946819
 1031932
 620535
 337460
 545055
 653846
 19804
 505037
 488179
 111743
 542121
 276736
 1074338
 112234
 683852
 953206
 914717
 458011
 413526
 39959
 898680
 739679
 599445
 1018296
 273934
 524241
 510230
 177429
 1000414
 1070173
 748542
 260472
 370470
 927476
 947205
 826387
 1084435
 278908
 571153
 384465
 980180
 230445
 808333
 1025391
 263943
 559297
 867804
 873660
 718526
 956771
 1037414
 988370
 637852
 994199
 200316
 1058880
 720720
 130955
 1060491
 378270
 799419
 839458
 673049
 694083
 615997
 643124
 1090172
 662037
 172928
 734531
 360482
 149106
 388964
 741528
 333727
 772608
 558975
 1041672
 323923
 676551
 599043
 311878
 1077084
 753632
 939116
 597948
 427556
 291090
 1066067
 460807
 676293
 260769
 239279
 691244
 404261
 785020
 724509
 972484
 633133
 678016
 384076
 837403
 152561
 695456
 403905
 250963
 894308
 65617
 666064
 909495
 128958
 89668
 67801
 439721
 787818
 921782
 748901
 506605
 803021
 165075
 255389
 455457
 827165
 462657
 114870
 647865
 792165
 502132
 256936
 952381
 9109
 906801
 165192
 563671
 332119
 732067
 670290
 828155
 456089
 499754
 223435
 1036898
 603973
 86147
 542579
 462580
 803709
 36469
 107813
 989024
 957645
 662986
 743238
 605226
 809788
 246632
 153417
 488182
 488126
 864602
 978316
 107857
 500494
 1026310
 810188
 429484
 258568
 296279
 178105
 449709
 948108
 399192
 71319
 198499
 906146
 377353
 117764
 145181
 748602
 737979
 69879
 293419
 430513
 171736
 590379
 297145
 31943
 242581
 694866
 304201
 672802
 348801
 223837
 548598
 1070494
 259442
 865218
 26732
 457872
 844155
 288760
 488107
 838898
 807316
 465766
 996457
 216448
 1052492
 769398
 370493
 945806
 506182
 553938
 583519
 975160
 468078
 385657
 414170
 881992
 99235
 89654
 736009
 915673
 337418
 441719
 374133
 570348
 958009
 26133
 126091
 777603
 701148
 890505
 604300
 713933
 86336
 836779
 406958
 434654
 555182
 657917
 898101
 550836
 263082
 324602
 570996
 597813
 337532
 153909
 307690
 440782
 884427
 149981
 939206
 829446
 729671
 393143
 373614
 552393
 133257
 798376
 643109
 590936
 1036457
 741813
 121805
 654182
 961729
 788059
 534394
 947262
 740010
 227983
 694705
 937933
 434402
 1071843
 1034192
 343400
 9554
 538051
 641533
 788597
 853756
 992714
 479860
 649363
 777862
 522326
 4965
 827535
 378941
 102279
 978909
 1025424
 26105
 436196
 472145
 148686
 346963
 936077
 385020
 91684
 547646
 818389
 218290
 545286
 621209
 352217
 284473
 1083678
 679116
 1058823
 279350
 207359
 836027
 991115
 700334
 402396
 136628
 571218
 728784
 1028203
 240023
 996454
 100622
 811345
 316263
 249249
 280306
 703814
 717677
 356811
 914643
 228091
 1098820
 462486
 436992
 651706
 190461
 392253
 375805
 1000427
 723087
 901101
 743183
 39997
 1078959
 381100
 242815
 690155
 84820
 757400
 655088
 105682
 591182
 995109
 226755
 737825
 764347
 5394
 568639
 483028
 497299
 1061800
 856601
 496608
 1002678
 247217
 273922
 1093120
 357130
 547323
 439113
 858940
 772655
 575062
 262332
 840437
 905106
 420316
 723059
 859438
 50325
 901854
 786959
 208983
 573040
 426107
 305446
 925097
 747095
 138095
 372424
 871269
 154431
 735520
 122991
 451228
 23739
 502679
 692427
 103055
 1012271
 856554
 952791
 1051561
 348772
 880471
 317882
 574991
 353540
 610531
 755943
 552322
 193820
 614914
 802157
 1090450
 312246
 160172
 175070
 1097354
 295124
 596609
 837164
 1022734
 649864
 486078
 877658
 881225
 87073
 24879
 930105
 714966
 685465
 712635
 1062244
 462517
 413517
 692750
 302103
 986701
 813917
 911763
 361942
 113784
 94500
 392008
 677655
 19861
 1034889
 148239
 345451
 905602
 193086
 266199
 878942
 385960
 729121
 232737
 337900
 213649
 392629
 640688
 28431
 1070082
 423607
 132923
 536232
 436217
 592987
 378515
 571275
 722684
 1095775
 939446
 816247
 388886
 248246
 414747
 87779
 591387
 291224
 37919
 611178
 887638
 707373
 22763
 810868
 929319
 56046
 941091
 855771
 292186
 878561
 975300
 691285
 257878
 441029
 824207
 371085
 1083936
 151860
 615132
 45641
 1086323
 1003810
 333077
 489867
 39078
 269768
 863918
 662686
 984446
 274027
 957271
 883711
 763879
 1070592
 168396
 828803
 899840
 970785
 976081
 263665
 835122
 534326
 437107
 851823
 903676
 797317
 600330
 201598
 1017533
 666166
 609609
 304382
 453846
 808463
 979546
 21077
 870701
 139425
 98954
 936875
 290215
 1032717
 803717
 650882
 167351
 995939
 849912
 975218
 194612
 640953
 153230
 1471
 448247
 1065779
 232647
 501483
 117972
 262234
 32649
 557397
 184675
 980301
 219278
 402962
 804288
 252262
 134540
 253000
 462780
 162772
 658787
 986875
 190073
 380165
 672618
 381100
 618228
 150980
 954109
 441045
 982207
 51869
 547030
 970175
 70899
 811072
 143526
 368244
 529891
 20172
 979583
 662858
 694126
 264156
 48848
 572900
 642134
 204757
 473136
 947843
 134740
 753555
 1050727
 522189
 974256
 469770
 827474
 730318
 831728
 818805
 544525
 419252
 588852
 898066
 973017
 335277
 98311
 763080
 997336
 682451
 420134
 935363
 697664
 846603
 752927
 423789
 13304
 265476
 366213
 1089080
 948540
 221591
 194440
 104058
 1016410
 251720
 197769
 412854
 669946
 888664
 724548
 746930
 533873
 964193
 620145
 940551
 1015345
 322782
 1065700
 640804
 864784
 431545
 557613
 644280
 995686
 185342
 691778
 933588
 789386
 411955
 898558
 3295
 771620
 847012
 769754
 497016
 822516
 227402
 1047223
 544164
 708897
 178907
 109811
 359185
 920790
 1050964
 1003237
 591972
 43782
 721012
 954494
 339733
 643084
 6383
 65324
 1050739
 239692
 965580
 179239
 670193
 548982
 906878
 870789
 802026
 81547
 42532
 278868
 734503
 450376
 1090012
 875829
 1084741
 995761
 21408
 979763
 796889
 939915
 111423
 1027160
 466515
 588025
 1049656
 258465
 512089
 676033
 492585
 424662
 790373
 612518
 215580
 248530
 730866
 448632
 502737
 309456
 440371
 284517
 536875
 742563
 851924
 76136
 868553
 164225
 613373
 863189
 881626
 955634
 109557
 393166
 788178
 893580
 1062837
 256036
 684474
 299096
 872581
 406526
 1076042
 952746
 332926
 744472
 488339
 765637
 511397
 344005
 738602
 360346
 428613
 522438
 702062
 433280
 1038503
 730356
 21884
 845078
 109234
 12891
 561917
 33446
 1007427
 663262
 615670
 506837
 70616
 222382
 95823
 312876
 114224
 43842
 226186
 940571
 520734
 268311
 269492
 202498
 576219
 760077
 442589
 1064795
 240341
 95383
 522143
 396986
 131100
 252752
 532270
 755898
 934224
 66418
 768242
 952946
 675277
 438754
 507729
 940674
 610088
 258820
 79224
 267494
 284466
 860574
 556188
 66087
 410259
 513339
 1087170
 820071
 1022547
 68659
 790562
 827924
 132550
 463265
 1095412
 237084
 792802
 343069
 132177
 896872
 767489
 320313
 703606
 1008388
 671879
 19226
 113559
 991898
 526510
 225772
 552843
 161608
 948930
 791281
 290041
 865524
 348794
 705215
 513678
 411329
 586854
 1044634
 1011613
 451532
 341931
 775991
 532364
 1033436
 588542
 482958
 339156
 65795
 514434
 862871
 531117
 569394
 198121
 911507
 64956
 54859
 271231
 458912
 1022411
 144676
 273553
 192673
 234989
 313999
 1063789
 369128
 862628
 1036462
 293523
 1017378
 303138
 949082
 972169
 302162
 241102
 485979
 94091
 243354
 360835
 93168
 600096
 823665
 871327
 447872
 895608
 1093174
 901115
 229576
 148728
 1033765
 1024668
 821149
 886609
 763709
 304072
 722730
 578060
 1010254
 1096369
 16608
 1036341
 199788
 537389
 657795
 483825
 447421
 1003466
 1003885
 911178
 371158
 392838
 385066
 274939
 122878
 736153
 648629
 716825
 499032
 343315
 13418
 472322
 454536
 1008520
 243019
 598957
 794928
 584045
 1029729
 109301
 900823
 1041634
 864939
 836571
 61205
 961097
 157900
 214802
 933419
 340745
 857773
 866862
 265835
 110987
 705500
 852907
 1078417
 762564
 984679
 363860
 662039
 979721
 768161
 806079
 1048422
 981224
 46511
 758175
 63603
 75098
 956533
 636468
 108114
 482527
 412058
 567150
 205594
 626207
 63584
 878716
 1095447
 74409
 81115
 186740
 222646
 164008
 838993
 831630
 547863
 679844
 4916
 647295
 910113
 493256
 484694
 864005
 515838
 224762
 482549
 951388
 17384
 267962
 765552
 657791
 799790
 781203
 1062101
 703043
 354557
 106712
 223220
 331915
 554114
 614882
 719035
 714858
 174143
 551584
 1093037
 46907
 628038
 224064
 375601
 104418
 33925
 764398
 1083460
 992672
 959509
 537324
 996972
 422026
 320930
 965326
 287593
 59649
 451171
 906913
 240702
 97158
 1000082
 762610
 558659
 973887
 690471
 670233
 242400
 347832
 745503
 700712
 157120
 1082211
 712102
 286403
 150714
 837648
 67430
 218130
 961410
 342913
 138288
 592721
 459284
 179091
 720348
 235310
 1049925
 429349
 837948
 112688
 22092
 602669
 314707
 484262
 732494
 545820
 356661
 1012503
 1021384
 409269
 862675
 528337
 363099
 666904
 988914
 290992
 37879
 9762
 177671
 872055
 976356
 136439
 656722
 525702
 831862
 190558
 147874
 303158
 738858
 272661
 699642
 311079
 779670
 1025479
 316246
 499862
 767462
 970294
 499746
 41896
 44583
 767668
 294110
 888885
 339489
 491909
 345671
 504226
 743145
 219139
 364550
 384232
 496796
 454815
 1062635
 862042
 709612
 1042763
 366248
 457338
 138014
 322071
 176204
 106289
 954505
 999162
 901536
 456354
 1032497
 261843
 587423
 584087
 543540
 885282
 420596
 577211
 497948
 768712
 758382
 566133
 583046
 662153
 220960
 178157
 157572
 5904
 534587
 765696
 1044451
 1082141
 773854
 728278
 778588
 24177
 6722
 1043688
 122262
 998460
 860823
 92236
 372925
 368203
 640313
 14035
 257171
 673882
 377131
 761130
 843601
 612399
 546313
 118656
 297249
 325854
 519471
 953094
 118729
 642860
 545729
 364436
 586274
 628734
 425446
 328134
 744200
 198045
 513204
 612482
 1074862
 1096477
 695083
 473689
 950878
 563363
 366973
 417966
 299034
 434292
 217146
 553703
 245180
 451052
 610600
 580596
 510855
 16313
 493565
 904700
 650734
 1050814
 753419
 960998
 566029
 294539
 241232
 369590
 264424
 350422
 295026
 195084
 1075453
 862804
 156373
 137360
 905600
 27460
 454891
 494312
 1009519
 883048
 1087021
 76947
 405794
 954147
 805394
 899777
 983783
 552906
 255120
 789436
 1022827
 222619
 356428
 565341
 438138
 357087
 18494
 427228
 847795
 775992
 479646
 580104
 194226
 694545
 947262
 367179
 612281
 897162
 944980
 291013
 383916
 764168
 970790
 558259
 774494
 175154
 260458
 178048
 571420
 812432
 333457
 563582
 263599
 145924
 1004650
 678211
 414762
 365572
 337113
 264097
 242557
 181096
 321533
 340592
 757388
 20533
 224554
 668441
 819961
 150456
 881185
 389066
 908237
 339495
 893311
 661125
 185756
 363256
 506128
 69561
 1079010
 409717
 969935
 368574
 201943
 201506
 529034
 1097242
 206083
 490392
 971830
 990924
 509704
 105691
 644507
 347492
 577359
 1091385
 83989
 408043
 225868
 20142
 970444
 309506
 202467
 730109
 518010
 817924
 1094103
 171357
 875829
 919481
 711470
 1041657
 505683
 449715
 613913
 400804
 744809
 56256
 426263
 1007004
 1096319
 692139
 645629
 393879
 466396
 971971
 548181
 910719
 241459
 332480
 295445
 984943
 911495
 464113
 203239
 138812
 481026
 463570
 437967
 779798
 1089369
 616116
 589668
 84758
 858098
 785694
 951293
 297897
 919466
 682135
 104893
 164049
 866838
 1013233
 404476
 697696
 437631
 308200
 201887
 75349
 97270
 902562
 857588
 862312
 47560
 115565
 70326
 710538
 552330
 107305
 963333
 1083735
 221054
 530058
 163238
 344664
 935259
 933562
 86743
 625945
 385417
 474728
 1068241
 676827
 607024
 1086109
 323579
 269125
 166870
 44874
 581147
 33640
 19539
 845069
 397866
 442154
 28739
 954692
 640606
 1095133
 987843
 1054061
 682129
 622893
 171295
 455852
 41021
 597957
 350380
 275282
 804952
 244461
 403604
 21950
 480721
 344017
 567387
 723195
 569125
 384905
 140106
 1029579
 899262
 264844
 645291
 614914
 390667
 387963
 56274
 111223
 435948
 307378
 1001323
 481261
 1082954
 846198
 379170
 388650
 487016
 195117
 138039
 836092
 99938
 150403
 16452
 203245
 114210
 310370
 351120
 917223
 155620
 754141
 882036
 1003889
 361350
 79637
 557913
 801573
 1009484
 529835
 933724
 342054
 1014545
 860074
 713848
 239668
 1019720
 890892
 55979
 685327
 179554
 422566
 737527
 729739
 615951
 764294
 311787
 185296
 244028
 509085
 266339
 164431
 1003045
 418263
 255162
 959396
 1095222
 36340
 135830
 167043
 293793
 363409
 706025
 283652
 830742
 416212
 873864
 161638
 244180
 969716
 118217
 580776
 614435
 1090431
 673036
 6691
 24716
 635195
 923382
 782532
 177248
 576600
 853113
 825303
 174355
 1080055
 829950
 51450
 873564
 947318
 710585
 609415
 861467
 1061001
 940711
 746686
 266311
 872703
 852083
 984671
 660749
 20279
 132435
 642586
 556657
 1040988
 1016125
 872801
 20812
 245559
 865904
 677736
 1091877
 93724
 725766
 650367
 726506
 841744
 339529
 971370
 758904
 416492
 853943
 228556
 330955
 287232
 148835
 642175
 115180
 952684
 720336
 735820
 7362
 333090
 230787
 154223
 12544
 673538
 790757
 15339
 710313
 441045
 593808
 610780
 532916
 736632
 946621
 405659
 274852
 525661
