100670
 22703
 82657
 475856
 406558
 183434
 892215
 962128
 859325
 750733
 452960
 291612
 826522
 396213
 555206
 541010
 423895
 188393
 757096
 860969
 727722
 487896
 498959
 472823
 395437
 611503
 906679
 70656
 652526
 20930
 899835
 1032664
 507443
 414272
 463282
 193294
 397187
 460174
 633704
 556965
 410994
 678977
 8426
 92062
 156253
 194379
 312676
 968997
 321091
 982164
 717943
 695219
 559766
 274961
 13160
 694000
 533645
 655587
 243284
 680444
 561320
 914424
 563669
 638991
 1031813
 453251
 342153
 197038
 719168
 683906
 925809
 450771
 507726
 234564
 508827
 1056145
 555671
 4727
 1070865
 170610
 755211
 296367
 45442
 1084030
 263267
 183880
 848437
 295803
 682092
 307687
 528182
 1055453
 161414
 618909
 67540
 15427
 1005915
 228214
 609964
 373786
 1057532
 514236
 224094
 398569
 909061
 965154
 901581
 798689
 733873
 260628
 54419
 18780
 753019
 87836
 758651
 144734
 591128
 357371
 528283
 346212
 765819
 903960
 283206
 514143
 1020153
 94591
 534669
 752486
 112736
 778656
 397933
 573893
 809280
 927212
 66241
 893475
 736835
 523252
 1057742
 449118
 311850
 332201
 203364
 447763
 135614
 401576
 724249
 24526
 864966
 311972
 372820
 377935
 54980
 988921
 742103
 825230
 305819
 1031994
 7392
 647085
 901049
 58578
 271845
 651651
 1089115
 606972
 179191
 723872
 1019109
 465597
 309879
 384802
 682388
 723913
 567872
 331519
 209768
 949210
 622815
 724121
 724193
 111944
 674029
 304000
 497887
 977854
 317762
 1064340
 696876
 1093153
 578798
 57198
 1093397
 472578
 475360
 780743
 357350
 804950
 86663
 742815
 410569
 63549
 1001330
 947280
 659486
 263749
 656844
 545238
 255612
 17572
 6852
 509803
 764188
 428252
 403335
 692710
 53638
 1093571
 705970
 1059056
 49916
 525879
 111241
 597151
 332603
 937338
 1008663
 46739
 388415
 371427
 662893
 762548
 730419
 958732
 302086
 398423
 709455
 402902
 305676
 869145
 678004
 967823
 716273
 112255
 502883
 271212
 40819
 441264
 45106
 240128
 209061
 615935
 114906
 793238
 543950
 206599
 111388
 794742
 485866
 580373
 621266
 983448
 369494
 296711
 747511
 128004
 74531
 1068097
 350561
 258749
 627632
 129245
 861462
 967967
 358538
 978870
 237049
 420505
 668251
 111008
 126964
 778192
 691360
 450981
 905577
 548209
 30879
 228748
 396934
 715528
 723142
 475038
 469340
 118123
 181100
 785855
 924158
 134058
 939083
 307916
 788201
 895977
 557847
 892918
 534131
 11111
 131014
 844046
 157840
 1063182
 708598
 301822
 926776
 615109
 151053
 13223
 502042
 873611
 6309
 651424
 117986
 832277
 784971
 568659
 560210
 698416
 1009087
 6374
 100300
 778655
 1087858
 672619
 456006
 964949
 934709
 902853
 217530
 294009
 68254
 897528
 762478
 879045
 241499
 254613
 112461
 252477
 832124
 37895
 505558
 841513
 733950
 1067521
 789758
 835309
 1087449
 718964
 799647
 493096
 920193
 627038
 790986
 812590
 1034011
 311083
 467939
 119255
 842506
 1064123
 212153
 493095
 1011444
 64608
 506839
 716216
 880017
 847586
 484842
 488399
 1008756
 418250
 31673
 379199
 1021086
 1369
 572403
 986994
 761846
 1018398
 1079580
 388652
 862829
 926715
 1013671
 879644
 219974
 945564
 810228
 952379
 803095
 770193
 185966
 239585
 547848
 165027
 798898
 1019668
 320192
 628558
 101997
 823109
 773215
 277629
 159531
 238075
 682748
 170829
 658393
 77507
 997592
 698042
 1067510
 156206
 611283
 243134
 840276
 589111
 520715
 590845
 289776
 357298
 349511
 310901
 52738
 314301
 760130
 483434
 915930
 324304
 869031
 210850
 1081093
 551084
 742107
 51798
 380255
 58436
 728465
 916465
 142550
 140366
 917897
 539478
 491542
 1976
 467520
 835523
 896263
 742755
 581638
 608284
 831077
 460522
 236274
 54879
 529446
 1012363
 587192
 157061
 173915
 405207
 165835
 90344
 260656
 883053
 848708
 953413
 1099838
 947714
 642321
 227575
 883568
 17829
 1017955
 351143
 601363
 579584
 877665
 575548
 237945
 784416
 610592
 856044
 878066
 66601
 703771
 715286
 244775
 945285
 641819
 938030
 239915
 873657
 717986
 15127
 916012
 402820
 364780
 180359
 575191
 306116
 249672
 979352
 827698
 188063
 1012176
 919336
 1030917
 560072
 178478
 729067
 260599
 694174
 816384
 390374
 624059
 949724
 816407
 950481
 104850
 476010
 663860
 101296
 565029
 516196
 1078241
 137210
 10084
 959072
 545579
 511827
 876124
 714202
 972838
 299113
 560255
 737935
 422765
 976591
 387612
 634069
 758454
 25209
 816284
 221083
 214345
 105201
 12409
 1054745
 6861
 560476
 3535
 677507
 801766
 1080096
 12473
 473718
 995363
 390883
 790605
 511057
 445959
 231524
 608224
 547435
 172440
 1048523
 1075661
 148490
 434195
 691084
 14856
 892362
 438344
 334958
 164461
 615634
 679582
 340762
 234100
 370383
 632577
 1075439
 599271
 1058462
 94122
 215717
 150586
 540199
 125196
 888273
 321753
 497553
 557403
 493483
 71356
 662831
 192869
 1044490
 78180
 84115
 165749
 1057060
 480391
 1040958
 558237
 601973
 894516
 396033
 82399
 37522
 780188
 145227
 670006
 512940
 524468
 725419
 465727
 24502
 1096507
 265430
 400643
 48447
 806477
 570748
 620084
 479507
 661361
 599881
 389981
 315507
 356045
 1050857
 474092
 1035886
 463606
 735551
 595695
 840926
 938434
 115981
 439191
 11241
 906673
 766060
 917403
 823590
 1010065
 564459
 362075
 282514
 709301
 987347
 76625
 842207
 288567
 541683
 846983
 406888
 771838
 603964
 71800
 338967
 786884
 350424
 429408
 878944
 256386
 331292
 351050
 419871
 437505
 401316
 928062
 2890
 366328
 392188
 745823
 94675
 408856
 1036329
 144724
 755775
 32876
 1736
 517598
 445177
 409759
 760633
 998270
 397443
 744167
 563463
 851921
 815508
 578470
 488797
 553509
 1013993
 1024527
 603053
 764860
 262919
 632965
 436352
 967249
 735363
 337043
 864833
 26320
 1000581
 51221
 673213
 889343
 887992
 1032727
 764770
 856114
 657850
 476786
 211058
 910025
 842567
 498987
 713627
 817784
 816886
 169823
 895149
 835465
 627429
 642273
 494441
 656330
 267301
 14577
 180743
 21586
 583225
 362016
 724579
 371492
 658605
 543538
 243606
 585069
 716814
 471633
 894114
 542508
 700343
 866664
 22669
 179786
 917774
 255694
 328357
 113781
 28118
 7458
 285820
 177420
 313254
 691283
 768171
 947219
 255397
 196501
 537568
 900419
 1029949
 305123
 398329
 1049493
 166455
 402497
 213557
 55693
 547040
 425321
 14698
 874434
 294783
 1066640
 460890
 905788
 119214
 175106
 861596
 1034732
 552319
 11592
 71366
 368509
 88968
 1080952
 31745
 59402
 63066
 690824
 1090125
 247432
 2063
 941053
 849302
 853127
 263345
 20342
 433447
 181782
 507154
 784646
 418263
 37004
 63749
 431267
 1025969
 490658
 291903
 796112
 437621
 329549
 252942
 636505
 940801
 779599
 326437
 338229
 392896
 403442
 820296
 89271
 21346
 366030
 1066125
 614947
 900868
 51924
 545009
 223309
 1011137
 1097104
 943818
 585379
 956780
 511791
 351708
 640224
 674587
 824604
 1035143
 376144
 751654
 171738
 529648
 419076
 617340
 921431
 73895
 313613
 300274
 236793
 494838
 341513
 148238
 143153
 252543
 826263
 893292
 108855
 518622
 760253
 1025212
 509797
 938881
 885730
 545486
 284036
 54425
 534204
 72302
 850275
 284727
 600520
 546514
 474678
 587576
 1021188
 1018286
 312364
 330080
 788140
 70357
 809028
 483395
 822133
 617511
 554631
 438685
 740079
 753418
 332725
 920224
 942647
 543108
 578949
 110716
 51161
 24654
 896262
 185317
 448661
 213068
 126909
 1027576
 750789
 1055893
 195816
 181854
 373432
 433263
 391991
 407472
 943258
 851033
 505143
 367026
 856579
 706794
 845127
 645529
 390172
 648003
 746186
 996148
 895799
 311240
 593699
 943728
 634955
 1010802
 650265
 251217
 1079194
 133811
 524778
 41520
 284008
 850065
 982903
 1008777
 16554
 834961
 547204
 839097
 870837
 225305
 679548
 1097862
 53512
 719657
 1040079
 103455
 1049073
 333338
 981630
 215529
 735578
 1056343
 285662
 502128
 298448
 927950
 479323
 50609
 1045991
 581097
 974547
 278106
 832953
 984395
 68634
 800958
 505717
 1088422
 511999
 245074
 1069538
 424980
 175877
 829906
 105018
 412516
 101496
 278996
 415604
 924864
 783328
 803810
 648448
 849994
 723133
 275931
 894504
 395651
 378299
 17885
 741620
 873625
 642655
 1086212
 676040
 206128
 869820
 963075
 1089235
 67722
 66992
 974271
 546345
 434918
 162088
 933867
 103189
 534015
 828398
 588483
 518432
 429417
 453964
 798271
 695060
 987079
 1033142
 374501
 561551
 1048559
 222975
 134966
 959129
 2927
 192399
 216921
 121728
 670902
 899542
 278100
 1086639
 897240
 1024162
 703101
 715954
 419061
 727033
 1012069
 366755
 714341
 81139
 896574
 218497
 22235
 412384
 323520
 28801
 948130
 356029
 663967
 84823
 633296
 914202
 583215
 691029
 366998
 634942
 266378
 329983
 394833
 793952
 984149
 159198
 232024
 506635
 546220
 389862
 573586
 903890
 260240
 1019388
 223420
 426135
 701260
 841048
 501925
 640644
 549172
 362024
 183819
 328402
 865119
 20879
 484712
 1009692
 149306
 345016
 564075
 802942
 650726
 560171
 790335
 454758
 838718
 370795
 120867
 218020
 403778
 55967
 223712
 435067
 878820
 11246
 831706
 294370
 89298
 715243
 888066
 576786
 564485
 755296
 53966
 132
 707558
 1076449
 290302
 600498
 136620
 581759
 1002434
 1030810
 1080225
 381741
 640734
 266223
 479797
 834278
 539816
 967150
 394689
 565983
 964556
 635724
 739754
 664770
 1067469
 738501
 68044
 421810
 459536
 565633
 28322
 754896
 702017
 565041
 987074
 389883
 850576
 368776
 911141
 591136
 406880
 779756
 347453
 710326
 516341
 380158
 459306
 955032
 199956
 1089481
 894397
 505167
 1042862
 127212
 1052245
 167101
 1013168
 583545
 52869
 1034502
 447833
 190240
 573333
 332218
 630868
 659289
 1089356
 344782
 787225
 862821
 239948
 869096
 433199
 814107
 1036387
 722468
 439906
 789007
 154900
 91659
 769564
 69940
 813398
 748444
 299494
 413936
 279383
 1053155
 448702
 371278
 150518
 105856
 468792
 207147
 1019896
 297177
 3760
 227643
 85633
 509627
 1037102
 560093
 990350
 255789
 34338
 357977
 577321
 1060031
 495762
 331275
 643193
 89294
 897923
 1021790
 1039386
 333445
 1049524
 998549
 432945
 568177
 638448
 494404
 717709
 910598
 1099798
 162049
 796801
 131840
 536099
 271574
 314463
 124674
 757862
 507417
 949254
 634765
 732468
 885760
 531386
 690440
 543059
 612791
 949390
 1094946
 692308
 778253
 944773
 648
 130516
 68681
 815146
 545565
 1000448
 808488
 513521
 323416
 429772
 629074
 841850
 385279
 336858
 967993
 161021
 387699
 530302
 648360
 665421
 551371
 423594
 293321
 378791
 627649
 336842
 1041518
 950726
 638898
 1006606
 731680
 581079
 697018
 929705
 1039142
 974448
 427573
 9172
 1074139
 793621
 1020278
 242871
 32704
 299558
 310004
 1035557
 497267
 593473
 703747
 907312
 993751
 532628
 601657
 703725
 247367
 313565
 613620
 954683
 303276
 582254
 549913
 781046
 602576
 686107
 982661
 91561
 637494
 911371
 128701
 978494
 467399
 931279
 766188
 559636
 238880
 844964
 699039
 29142
 571607
 702031
 777439
 877520
 593882
 927473
 460361
 475305
 923527
 865456
 102778
 25954
 857172
 680978
 586790
 8425
 114650
 51797
 660997
 980985
 984971
 1095638
 343395
 936740
 614019
 612206
 923586
 258468
 131272
 778074
 237922
 502148
 835080
 868443
 375175
 254229
 547860
 316826
 263097
 716470
 13584
 4205
 845830
 795945
 966065
 129062
 814588
 12341
 894419
 178043
 84936
 625774
 766531
 567380
 554349
 487395
 988604
 71334
 57071
 186045
 369313
 747705
 851019
 969757
 180146
 1037239
 1061676
 125477
 845832
 1031117
 371966
 1064692
 171024
 106666
 392197
 387366
 828636
 505127
 1013248
 113850
 578300
 1001061
 652643
 1069192
 757596
 794649
 393294
 150207
 542207
 1023872
 384815
 931520
 174207
 108947
 157193
 486014
 935023
 979247
 382857
 948252
 997353
 934482
 711226
 420261
 600946
 197192
 545936
 645306
 55232
 167246
 340441
 817065
 223107
 932400
 1026478
 560494
 1088391
 331522
 126006
 254288
 430404
 812859
 208808
 258844
 1085192
 95080
 856118
 843455
 409707
 509596
 17115
 666862
 832182
 1005319
 444926
 776841
 932620
 672685
 115521
 816392
 498989
 142688
 1051839
 396595
 997867
 190955
 425677
 606619
 1001608
 997789
 440469
 357049
 346971
 682239
 725956
 500525
 23054
 6649
 1035651
 512748
 43791
 160345
 348300
 1000869
 915540
 676563
 1047462
 331925
 352109
 184450
 843271
 608969
 650966
 934274
 752573
 929394
 671370
 82452
 845554
 772148
 1099778
 994187
 716199
 50938
 35103
 750478
 538200
 128845
 30369
 788212
 390894
 660108
 163829
 608257
 845979
 353889
 1045411
 470224
 1064580
 628549
 799512
 756273
 761252
 103191
 41276
 500222
 632134
 340159
 379317
 1040271
 241932
 161633
 554874
 5022
 225763
 454706
 993232
 425651
 264538
 497893
 246819
 1091912
 442672
 806508
 54750
 325581
 799586
 1056665
 404551
 272063
 1075153
 552877
 846684
 679839
 202272
 186208
 907582
 1021208
 939750
 392943
 54282
 209475
 154261
 634694
 713040
 694046
 416345
 82806
 226228
 761891
 863704
 852522
 72273
 561341
 843197
 887578
 257882
 383186
 207590
 967792
 173815
 1098502
 633104
 251187
 898092
 318734
 34782
 358333
 576325
 280795
 670219
 519830
 974752
 635296
 1013392
 908521
 883955
 572944
 915897
 1091758
 981990
 286172
 96120
 316426
 97153
 979797
 519618
 95201
 1058443
 245044
 633556
 1038810
 1015585
 1093865
 131965
 546963
 1004704
 889293
 507028
 563460
 10165
 524338
 106012
 498016
 344988
 666262
 388342
 407257
 217972
 72792
 331012
 1030971
 891865
 133306
 36201
 752773
 1027731
 450765
 790515
 936916
 602902
 968504
 813734
 401488
 463659
 75554
 333379
 301398
 741817
 638989
 764386
 668202
 391530
 859860
 711147
 126020
 976573
 803422
 591923
 782554
 611121
 947755
 116628
 874925
 395791
 577262
 956929
 382748
 922811
 787624
 926236
 721242
 172143
 659532
 277233
 56648
 247416
 35038
 151151
 539836
 361611
 902945
 640660
 723756
 599957
 380240
 1070909
 795029
 1043687
 634776
 932768
 1022652
 397106
 410764
 490839
 53566
 138767
 881672
 454511
 840860
 208335
 960345
 318181
 459025
 905265
 1055093
 277558
 1073561
 757103
 45191
 221932
 944750
 711865
 1035887
 768374
 426824
 208381
 536941
 393803
 236177
 167068
 892190
 367368
 632198
 317166
 185268
 64826
 987487
 757154
 927150
 158074
 187226
 1021942
 43734
 790958
 510426
 438454
 334036
 704742
 423540
 299
 895935
 1053523
 669898
 192268
 94522
 37138
 641035
 386889
 731665
 631930
 1038181
 483209
 346263
 404302
 187246
 7939
 209944
 884225
 85307
 588724
 19161
 779826
 378317
 87684
 233482
 623051
 892717
 916810
 551097
 964143
 827946
 1052639
 566943
 525407
 565485
 379576
 988274
 915505
 486287
 1038844
 919525
 1092114
 8823
 398817
 859725
 59560
 475280
 291679
 685999
 933139
 318641
 562772
 569529
 672694
 914005
 1035362
 957023
 1053187
 258047
 269983
 1086894
 416694
 930916
 725162
 208970
 625609
 328949
 589252
 683217
 607405
 368419
 162223
 489687
 507565
 334001
 883310
 779735
 490693
 238903
 756163
 311571
 990607
 532389
 35678
 1052720
 393580
 246014
 8344
 1076556
 191535
 533888
 342107
 301890
 398592
 976853
 315477
 936254
 297432
 652519
 495486
 443708
 690473
 507228
 211023
 378793
 408405
 823399
 551806
 941513
 150339
 448965
 446856
 825247
 747468
 797051
 18287
 529092
 739603
 924925
 559848
 719546
 1084156
 1059642
 633313
 1041107
 667893
 1000920
 1089976
 1052256
 183108
 999491
 927546
 534059
 1031242
 56882
 20919
 39515
 151300
 997599
 11908
 185617
 887142
 622452
 335358
 308107
 275139
 898253
 602821
 802996
 1075124
 113487
 631186
 346069
 189151
 980418
 842552
 810265
 271545
 827098
 467831
 228104
 637540
 603334
 738929
 199740
 597080
 829148
 1041698
 922101
 144888
 887099
 134163
 257672
 413422
 782291
 594910
 639343
 80006
 632089
 544281
 92177
 405863
 199426
 104589
 671018
 277434
 365743
 176727
 178702
 953550
 481233
 1013778
 225054
 213976
 800400
 746232
 275263
 892089
 265334
 167315
 892107
 395853
 870361
 462900
 588841
 246156
 1053449
 481629
 676621
 174315
 312310
 293949
 161273
 632293
 601034
 272929
 273973
 162087
 182486
 375109
 389354
 611568
 390375
 253948
 1094759
 261762
 666072
 307094
 16512
 578019
 591574
 660509
 996047
 328348
 676725
 119285
 784382
 149045
 1077100
 1050844
 563125
 802613
 990660
 907650
 776473
 301068
 889660
 16694
 1010948
 296508
 477698
 907039
 849038
 259755
 1006355
 336253
 824647
 227289
 528033
 26256
 678351
 651682
 677611
 209682
 244305
 57768
 1055431
 691215
 755546
 1073709
 335283
 788332
 376996
 1046502
 529948
 76476
 984900
 103111
 641800
 718292
 149137
 426779
 743114
 448831
 249309
 16575
 1006435
 61712
 930897
 78124
 871939
 854409
 409681
 839121
 1028987
 511152
 1013349
 483362
 1020640
 172232
 583000
 320461
 389902
 199791
 789083
 384082
 319875
 730319
 827482
 551275
 664217
 1081994
 363005
 731111
 702360
 1045001
 530142
 496929
 901488
 32225
 406009
 403738
 898705
 112274
 206572
 13343
 983267
 732864
 209360
 815169
 1029504
 583645
 717274
 18304
 1041093
 496055
 449029
 797276
 633416
 535598
 829030
 32110
 777458
 481793
 641995
 251903
 343372
 246238
 841589
 416640
 1005005
 517739
 686973
 650758
 21487
 970484
 220461
 699325
 865007
 514989
 628858
 759818
 512887
 927883
 398137
 359181
 607652
 1091031
 214351
 332956
 262223
 639847
 20427
 64397
 670672
 158975
 69695
 621015
 196252
 377080
 950087
 20006
 212578
 963428
 893047
 856467
 872479
 442468
 7746
 1012148
 276105
 864545
 566163
 716520
 536399
 471080
 999941
 843897
 875441
 610091
 801793
 534778
 304467
 127133
 739501
 920170
 662996
 739755
 591832
 210156
 439593
 873437
 193283
 1048420
 493348
 503886
 516596
 13278
 727208
 876662
 464973
 534254
 886736
 280562
 144727
 75095
 515067
 478781
 954309
 885179
 963876
 520553
 1053334
 120865
 649256
 918525
 625268
 791237
 268670
 538922
 969082
 974146
 229781
 20437
 154793
 309285
 753152
 1097950
 112103
 826517
 123280
 1019745
 167150
 1007713
 502638
 791734
 1099972
 285575
 180994
 736755
 1061622
 497415
 521122
 120916
 519125
 400698
 770532
 586126
 215611
 765592
 550790
 772644
 898351
 949979
 37699
 794430
 35663
 971274
 737010
 522827
 1044138
 1074933
 36197
 983999
 81472
 338055
 154911
 281547
 499500
 1086502
 849931
 612788
 258936
 60816
 655383
 823000
 347449
 702074
 645295
 209308
 673139
 483880
 722840
 350852
 778283
 747515
 614763
 338471
 905273
 9728
 79741
 595284
 560065
 198319
 128566
 202588
 762449
 940064
 602450
 542788
 220535
 126193
 1014441
 1081845
 263068
 897998
 277306
 841970
 557975
 642446
 985448
 511488
 471682
 486822
 117241
 652737
 358522
 715323
 975295
 1755
 722653
 989246
 142731
 707367
 884200
 1004777
 1018064
 1066231
 228111
 572039
 347139
 621603
 855685
 157964
 775004
 1095851
 891569
 395041
 146185
 52925
 331823
 315341
 80022
 313818
 241356
 375365
 891636
 434073
 129561
 454891
 365555
 337442
 252668
 259645
 422349
 314332
 23600
 506298
 510831
 878257
 376841
 627474
 1033461
 282234
 513539
 633280
 44202
 286334
 245048
 599762
 261896
 992552
 822906
 1015517
 1078270
 634681
 734985
 56038
 492821
 191767
 602947
 541489
 513623
 306535
 956139
 334471
 534248
 421941
 517936
 281012
 602748
 675644
 571347
 222469
 190132
 868138
 622542
 650879
 185780
 647967
 514130
 259736
 867962
 532517
 298045
 203790
 629111
 948480
 946575
 935079
 110606
 970268
 317272
 890053
 662
 807677
 903913
 630084
 440254
 398218
 755414
 901990
 893841
 569026
 624574
 786611
 625689
 469896
 562978
 874270
 242053
 177862
 847110
 1016781
 521618
 689686
 751386
 663162
 851103
 908459
 682895
 53620
 91366
 174521
 205953
 912060
 472907
 327401
 788583
 351645
 665842
 537366
 552511
 992520
 221705
 512851
 822464
 882520
 1062429
 890025
 402044
 1034805
 241508
 143721
 808416
 700707
 802303
 203981
 303863
 326695
 125709
 263692
 300839
 816027
 664422
 262825
 695776
 1036784
 857201
 893601
 717271
 390228
 1062124
 506979
 153910
 6302
 487568
 480269
 625184
 739698
 337390
 174558
 1057458
 195376
 926821
 260985
 339459
 859630
 79291
 603484
 36868
 1013814
 1025497
 934103
 238053
 955324
 491674
 376134
 983752
 590012
 437598
 1027098
 1071405
 401425
 913410
 31126
 449741
 861374
 823289
 232715
 802691
 315775
 550930
 635261
 79039
 744948
 221344
 237610
 757560
 729466
 644331
 73102
 832012
 461917
 700310
 538522
 772825
 19013
 352506
 1012181
 688708
 791848
 361626
 609971
 248932
 774808
 1036487
 291575
 500629
 205844
 299443
 527795
 412580
 611181
 526734
 540705
 260056
 152750
 527494
 78463
 592590
 80257
 670287
 727885
 334516
 237478
 754879
 100951
 436024
 387831
 911365
 64489
 307573
 239223
 424751
 726040
 802310
 357517
 369336
 1006446
 609892
 6587
 509680
 1059038
 573952
 968467
 92129
 137605
 966133
 289956
 971181
 523227
 221052
 856125
 415164
 477698
 554508
 1045939
 949252
 916997
 139600
 409599
 703704
 340700
 456706
 660538
 409895
 555833
 280536
 690683
 5356
 963980
 572174
 115260
 245398
 761815
 95982
 600149
 365493
 698710
 994061
 430150
 1062045
 311674
 472166
 960956
 586011
 30198
 313025
 870373
 1092233
 523059
 242964
 497941
 162714
 77767
 245935
 735577
 628554
 277876
 583324
 86667
 620367
 387257
 19614
 188231
 25443
 562793
 933945
 911302
 901466
 459152
 198672
 339994
 926847
 447690
 768080
 752662
 212962
 411438
 483624
 871187
 450622
 835668
 511354
 205843
 691790
 723727
 447690
 67228
 471584
 974487
 484895
 687799
 615164
 659714
 798053
 683966
 226147
 318575
 750478
 514830
 80469
 522453
 258261
 185574
 430536
 567572
 100167
 323867
 805923
 933082
 406100
 455556
 408738
 77411
 1009982
 23228
 235981
 656325
 267368
 1093144
 524303
 908948
 873736
 730338
 467980
 847877
 521900
 375314
 820139
 1032158
 629312
 1028197
 301985
 111772
 112207
 1047705
 455117
 24775
 282077
 272568
 992
 802398
 26776
 1029906
 755565
 85492
 828912
 53511
 148715
 469269
 583853
 767869
 425081
 328409
 132562
 817318
 484412
 524238
 565863
 459284
 465499
 918502
 821484
 782146
 148821
 337731
 156676
 347570
 879680
 543328
 906864
 390625
 1084893
 545805
 574759
 448190
 343980
 232824
 61862
 932479
 338106
 612384
 62800
 460611
 674518
 365939
 918641
 746926
 36109
 101712
 542014
 618722
 52564
 230319
 152359
 660169
 626260
 670014
 1074832
 982313
 30379
 289111
 479669
 922093
 372510
 472142
 911865
 986462
 450156
 53995
 349389
 40051
 539310
 607597
 101305
 983047
 501488
 25567
 101827
 830729
 139775
 23573
 368213
 819363
 375448
 303545
 548888
 202177
 882882
 628321
 388219
 208883
 506656
 540457
 459294
 125491
 1069676
 952455
 812097
 169044
 39657
 562753
 942105
 65828
 163824
 626249
 620670
 492838
 994188
 1052418
 282207
 566415
 732200
 784258
 533810
 72922
 1039801
 515462
 26175
 165409
 879533
 828428
 162581
 874149
 174967
 499458
 725504
 196408
 321441
 876001
 640441
 590866
 808440
 609935
 24936
 918929
 714254
 486466
 650579
 831773
 333151
 1075549
 668404
 111920
 523839
 661916
 253166
 216144
 844799
 337084
 725218
 111212
 623525
 817946
 710508
 774862
 84208
 159034
 889120
 1062108
 273664
 409247
 784072
 1065895
 172158
 464301
 1025895
 379675
 1002964
 105395
 607056
 628236
 985782
 37960
 328207
 258927
 994195
 232147
 533692
 665065
 166226
 363102
 422421
 487048
 803451
 670416
 805413
 766840
 103290
 407931
 570557
 95253
 904656
 866011
 521199
 903743
 5792
 607558
 179041
 148702
 552812
 648386
 617330
 1036108
 1065779
 161885
 948643
 295968
 562363
 669637
 908085
 516939
 1051163
 839327
 1071960
 143848
 327328
 946788
 314857
 62126
 380608
 742982
 342572
 632331
 433952
 127258
 766372
 534921
 1071697
 214673
 103049
 761675
 259012
 586826
 899292
 612620
 809402
 1024058
 887789
 13375
 711129
 717140
 422817
 1083914
 781700
 96140
 481442
 28840
 534124
 423608
 265592
 319115
 743996
 23703
 805476
 1067368
 218824
 81488
 361743
 136003
 71516
 411727
 912892
 364
 66039
 1052616
 437391
 911033
 280413
 838567
 386290
 522908
 291325
 227830
 27111
 176944
 726081
 397945
 965865
 181528
 1004468
 544261
 122245
 1059542
 141517
 95106
 94688
 671274
 405338
 712752
 516433
 807921
 1015280
 627257
 958780
 185196
 520828
 871437
 1054420
 275561
 389014
 485208
 343577
 544850
 676848
 752222
 484231
 1063983
 1037774
 965595
 723113
 873764
 989834
 480092
 369778
 1028905
 546805
 393519
 699447
 813619
 501721
 864413
 57459
 753047
 109231
 705292
 138889
 967770
 452325
 331242
 839773
 473176
 198790
 347318
 875417
 685828
 223399
 1075968
 685890
 173174
 906055
 257992
 45493
 523428
 692422
 777644
 571724
 1027318
 286055
 399658
 829126
 607642
 784132
 765655
 493144
 104982
 946402
 1061847
 936343
 832950
 807039
 238501
 389946
 772334
 157496
 546500
 988598
 336622
 566486
 633521
 278802
 1016170
 677147
 269569
 448274
 281498
 125092
 1087558
 1057622
 628353
 66184
 268886
 966205
 1080378
 930636
 1056514
 1088687
 989508
 1035393
 1087212
 255703
 167321
 305603
 757637
 198339
 529303
 372260
 95433
 682109
 1033340
 645702
 393271
 964499
 476555
 21593
 389237
 111703
 764946
 410085
 863169
 132908
 804076
 876063
 221956
 1040046
 708386
 391958
 370547
 744332
 779303
 966098
 103137
 695354
 275338
 723345
 776723
 503149
 963069
 909932
 502280
 167369
 302308
 503638
 29731
 417875
 549292
 501009
 288809
 243914
 85343
 110503
 575906
 1030844
 621923
 357232
 1027668
 1010637
 412156
 759165
 43572
 369848
 585200
 342733
 255434
 1088960
 1049717
 907569
 1065338
 679571
 46708
 817629
 1070031
 763022
 967109
 198433
 788992
 516069
 173769
 511603
 1066649
 1071054
 934557
 607702
 774714
 1087040
 69335
 526720
 678372
 884303
 900965
 545956
 748585
 744925
 809460
 300838
 862143
 561048
 499408
 800135
 520703
 980797
 688454
 778822
 816114
 15666
 449545
 460873
 37724
 450823
 937820
 756991
 1088567
 460774
 318563
 434261
 559200
 537569
 325447
 4179
 890344
 602076
 47774
 655927
 691818
 798741
 921243
 927101
 243932
 1029239
 191562
 897671
 302553
 78586
 957466
 1048478
 493704
 226046
 624333
 783170
 696944
 1092612
 991937
 1025971
 589885
 966896
 623408
 1054421
 527340
 95769
 495894
 227009
 1065957
 529660
 283063
 251329
 884988
 1003363
 916135
 459553
 713921
 45578
 508631
 467875
 572001
 610347
 225948
 268213
 401788
 409525
 90159
 736159
 165970
 882302
 469323
 525179
 851113
 595881
 50729
 901568
 497099
 857941
 177042
 218696
 1052238
 27464
 343424
 896867
 700866
 826948
 98197
 246570
 689199
 518544
 1021290
 739296
 128326
 865814
 910911
 431754
 935121
 203555
 637922
 749714
 200557
 707162
 202547
 998735
 144947
 922431
 124578
 899178
 1010857
 1069237
 1027108
 941245
 809000
 814364
 512849
 693107
 153053
 784071
 1030350
 591084
 2412
 711350
 964637
 100883
 129548
 698536
 349356
 377219
 710944
 349426
 403078
 20221
 439625
 157028
 1089560
 526891
 376921
 125179
 236850
 443626
 129870
 1018463
 182079
 1091046
 892803
 6869
 367095
 529201
 218127
 497702
 821676
 1052239
 501249
 649346
 600314
 846414
 729286
 903320
 367952
 283009
 551755
 1014143
 499343
 180554
 571571
 968919
 33731
 765492
 222284
 1035793
 1063371
 754842
 301344
 757295
 850051
 313032
 99889
 669501
 525837
 121792
 643648
 342313
 579449
 791999
 365318
 668289
 599983
 34358
 183486
 512610
 195112
 835718
 846696
 188905
 748751
 183667
 945069
 1051788
 82503
 625255
 387084
 200936
 469796
 823924
 608854
 209333
 1095580
 334294
 1022661
 535035
 1038664
 830909
 1039940
 424261
 250779
 717391
 165796
 143543
 608868
 1044267
 28633
 393723
 508148
 658412
 429228
 477613
 991664
 227627
 51997
 365065
 99094
 122930
 871275
 898852
 571063
 306485
 481663
 721613
 204211
 622061
 905230
 148268
 160197
 604849
 653242
 538555
 69324
 376239
 977352
 395039
 256784
 696000
 128344
 721359
 636780
 875254
 460179
 107606
 836367
 527870
 64977
 205814
 660218
 911434
 439903
 956001
 807270
 342639
 4820
 289360
 11481
 667363
 842503
 862949
 593828
 249264
 1077368
 322097
 390369
 341162
 1057447
 968654
 948898
 555627
 59620
 129486
 973165
 491347
 202465
 663619
 494100
 1072009
 57528
 543634
 892043
 74711
 1043810
 1079492
 551417
 541926
 207479
 174271
 902213
 829106
 1097734
 47606
 275190
 291282
 569653
 163128
 89290
 201466
 450513
 521312
 811617
 662336
 394078
 791413
 435345
 752182
 824062
 785385
 727778
 1097465
 12442
 1011127
 890980
 136270
 1012757
 833587
 358099
 27792
 812930
 1016985
 634312
 684906
 293449
 273128
 995436
 349760
 355858
 444447
 1007313
 1029531
 175429
 319372
 109499
 170463
 710536
 592919
 337420
 316694
 185251
 203423
 1093434
 1002832
 923555
 771733
 316152
 611250
 189255
 760166
 251974
 427921
 614287
 705222
 201502
 341520
 280495
 806230
 383189
 238765
 934120
 746105
 296485
 1014691
 148717
 266730
 596593
 123881
 182502
 209249
 262822
 373537
 478306
 1017465
 306390
 459937
 18239
 683956
 308981
 66698
 52861
 1081185
 317323
 411546
 927056
 643336
 627689
 231574
 474938
 817727
 892701
 211708
 764323
 162084
 442891
 792383
 947633
 136000
 64436
 450145
 915604
 703313
 210188
 1099618
 957570
 1049143
 171994
 308479
 1066003
 793381
 1062370
 695478
 73051
 2362
 240052
 955371
 606203
 262106
 194929
 387607
 161463
 767470
 945332
 257700
 584252
 987909
 798335
 76071
 696730
 455649
 128064
 261337
 729582
 127293
 1033401
 870197
 915222
 1001722
 911454
 832857
 694892
 42212
 314976
 455409
 621184
 10675
 227386
 290425
 54914
 872465
 631528
 246895
 444382
 984711
 498739
 748806
 968132
 438267
 776228
 1051844
 182937
 88491
 1052045
 912556
 401661
 148740
 527693
 514719
 1037856
 811522
 878262
 18510
 498716
 695936
 350544
 811992
 1067735
 825910
 540049
 1057949
 1031057
 210584
 205656
 1047736
 153328
 45679
 661776
 737748
 138253
 43634
 821779
 1012091
 1034254
 330755
 492948
 777934
 894871
 131468
 734636
 158197
 313148
 496336
 95294
 237051
 817069
 386016
 759578
 1013574
 84996
 431548
 151977
 452487
 493535
 493867
 334494
 764248
 354779
 293259
 647558
 1049707
 51619
 1083994
 862462
 300098
 931401
 943008
 1099463
 380731
 817737
 635079
 709502
 337819
 609121
 914510
 774535
 15002
 451223
 443143
 946763
 358211
 270752
 539567
 559993
 596397
 1027823
 92499
 1030034
 923678
 28423
 11997
 1097469
 220878
 1021410
 730204
 481428
 70041
 799237
 274860
 442234
 324203
 316116
 437089
 500311
 1081919
 440099
 374476
 510601
 719829
 845695
 1030995
 244244
 924435
 306015
 452515
 4950
 1015782
 916625
 611282
 830844
 901796
 751582
 910171
 520492
 669365
 387299
 854211
 1008957
 942561
 385981
 581437
 539787
 765141
 1085749
 184421
 592089
 1047483
 864126
 674712
 64005
 769420
 811533
 352907
 129697
 915512
 76824
 252047
 201470
 776811
 504623
 539384
 996567
 4049
 1044665
 813549
 568187
 76118
 604050
 384871
 496651
 567324
 850548
 46933
 627546
 1010099
 902829
 918574
 534310
 222656
 585822
 923758
 43158
 314203
 1037434
 924563
 37641
 271557
 619256
 1099832
 862272
 208398
 298792
 376344
 475762
 858307
 396203
 1042029
 364396
 141721
 514590
 487240
 530064
 547748
 125468
 942889
 570091
 704399
 165731
 90153
 750538
 761700
 752287
 547590
 630287
 353414
 857059
 946870
 436705
 595731
 386716
 293110
 211564
 916508
 104582
 952827
 797352
 589900
 569728
 1006351
 347899
 1025643
 654907
 742941
 678761
 668354
 593580
 685741
 564556
 183843
 50995
 858628
 641003
 745300
 623239
 1032119
 958135
 622986
 994009
 162516
 359482
 960190
 898497
 61605
 459977
 29567
 579610
 630601
 893652
 619005
 441691
 1050941
 515782
 134335
 907144
 364921
 381507
 162722
 649477
 802795
 1009707
 715923
 734323
 361111
 148687
 895383
 951936
 971396
 110703
 691326
 652372
 212760
 861778
 930081
 102183
 825604
 560493
 645033
 865863
 206632
 332975
 974386
 608389
 800080
 978010
 494639
 181925
 973479
 779061
 299794
 850513
 449062
 683668
 883119
 1052636
 722849
 89180
 30342
 1045350
 458631
 964630
 50205
 1031224
 1052277
 220170
 1020589
 673117
 75943
 483538
 793955
 964280
 705278
 720619
 354852
 1053056
 86171
 455544
 319077
 502755
 231393
 520068
 700108
 50260
 634970
 933619
 824249
 611144
 1080633
 737254
 851396
 561016
 558246
 503749
 1050366
 1094112
 837589
 850543
 361757
 606845
 877187
 827752
 87712
 1003478
 198832
 987534
 91701
 79926
 622999
 428025
 1053558
 121923
 593578
 520454
 494534
 1079280
 907347
 731704
 1031704
 110344
 87658
 335918
 511869
 755112
 296791
 784865
 884756
 182374
 521379
 51861
 172932
 153595
 521751
 1079597
 740922
 277131
 356152
 421213
 593619
 443689
 357277
 96166
 802347
 1097048
 444917
 900727
 609150
 67281
 697988
 366874
 817058
 240122
 806619
 382348
 605432
 606392
 432928
 1001987
 548543
 642099
 281531
 819125
 723351
 277400
 689162
 138706
 313463
 612331
 509876
 1022141
 57025
 650987
 742098
 778896
 606308
 204538
 698033
 778061
 838354
 357640
 1062753
 330107
 141997
 76047
 506269
 185956
 660261
 282926
 708391
 653898
 738249
 654848
 951868
 220516
 196383
 114461
 918404
 796834
 1019581
 13685
 120793
 43898
 848923
 626053
 822681
 667339
 184725
 815201
 177325
 15866
 201125
 369519
 665433
 628053
 348954
 260830
 72315
 82181
 735426
 370329
 570229
 389007
 587516
 190685
 450297
 161265
 96450
 726540
 197184
 513365
 763794
 700472
 9898
 124394
 695957
 864895
 647131
 931200
 422625
 982632
 286172
 846159
 410638
 756792
 202419
 94703
 1073190
 41671
 212728
 701042
 201214
 239873
 226916
 1092368
 631808
 518003
 546074
 289909
 766265
 580381
 1031924
 206669
 651772
 918480
 347377
 248345
 787596
 28275
 73821
 322482
 911224
 450718
 1099204
 198583
 1086811
 725611
 520659
 522867
 36003
 73294
 367596
 684612
 425617
 883620
 201966
 1026827
 895735
 730448
 276483
 955709
 1019783
 8090
 956995
 177670
 567561
 614737
 1024097
 92678
 8449
 973784
 1089685
 909447
 136192
 183505
 883683
 642242
 150503
 611949
 140747
 446884
 739152
 790102
 930552
 1048711
 506697
 327295
 905033
 774997
 328178
 32646
 138697
 793060
 699283
 852558
 705637
 642072
 1007027
 455543
 623478
 765661
 372903
 162225
 891604
 333998
 414363
 287968
 925666
 520654
 478265
 417051
 501380
 144930
 527604
 35458
 353515
 307037
 331539
 45669
 679002
 782184
 68676
 1001697
 616194
 981675
 268482
 570389
 24915
 305472
 11921
 484584
 442781
 931686
 640783
 791107
 218960
 295226
 97644
 79285
 1057857
 1099338
 78769
 637697
 229552
 616477
 358414
 897553
 969985
 1085502
 59205
 900839
 171764
 639168
 15687
 894808
 126908
 736378
 1072252
 379612
 408314
 785792
 243612
 605273
 645306
 3522
 31357
 289367
 735207
 802163
 428110
 478366
 331360
 563778
 1090157
 557193
 421306
 6842
 170963
 205871
 226014
 1020512
 481855
 595083
 323703
 359232
 560084
 984560
 154751
 6354
 309379
 459053
 118366
 471917
 519448
 126592
 828175
 498777
 1019403
 251861
 688636
 150366
 355889
 42640
 953233
 891985
 413515
 691491
 735297
 932330
 284275
 1086676
 428531
 828689
 766050
 994999
 195010
 918601
 988520
 966219
 142446
 165030
 672698
 278199
 23959
 735428
 1085570
 457309
 479432
 385956
 750938
 749099
 1057138
 780466
 993509
 378385
 426215
 688694
 604154
 524388
 578646
 546709
 634618
 26950
 273481
 512911
 1064388
 829362
 914940
 512754
 806306
 358291
 865512
 327160
 125044
 1042990
 1075244
 484823
 717559
 547561
 746439
 911875
 730600
 466318
 73803
 1062398
 3585
 936018
 631241
 889469
 245543
 323671
 395501
 444145
 695031
 666496
 513225
 306489
 76387
 870148
 305800
 715467
 92187
 533007
 538736
 318689
 124822
 668753
 976793
 664082
 126900
 713552
 313068
 149722
 144631
 61612
 628579
 1088256
 814408
 891337
 1093266
 765222
 523029
 329770
 197644
 161459
 325332
 4890
 253724
 21883
 571188
 552246
 674267
 467761
 72981
 339802
 409004
 959785
 80442
 180678
 903013
 955094
 80374
 206632
 480200
 951149
 999029
 642387
 560220
 957017
 61634
 687107
 438633
 21666
 879209
 96401
 968755
 15621
 52691
 516580
 795238
 868367
 425793
 55014
 649572
 1021392
 904445
 599213
 463080
 971153
 822616
 1063097
 1031286
 133213
 48340
 929750
 244944
 354132
 284395
 262258
 917437
 451220
 856555
 650168
 411268
 755769
 162926
 389561
 253716
 915342
 560209
 150945
 250765
 254670
 728353
 473048
 897043
 1094673
 575823
 795693
 769312
 425977
 864633
 441206
 1047249
 962027
 1058154
 694711
 1038156
 839885
 826109
 386008
 134252
 784781
 981027
 653799
 553363
 423572
 11780
 442935
 303784
 459532
 486544
 417704
 576375
 554637
 1054455
 144021
 70345
 528449
 31317
 110560
 834386
 429954
 601738
 884110
 945547
 57329
 19571
 436816
 1040498
 738918
 596553
 41973
 321029
 610914
 811052
 841410
 953515
 441958
 186048
 39721
 450400
 939916
 431403
 622991
 636328
 908469
 705809
 595544
 982146
 782850
 140351
 156779
 33552
 693632
 443630
 906779
 864757
 924191
 672871
 775541
 868968
 235383
 49475
 58121
 388904
 553520
 183241
 712492
 811449
 735803
 197381
 302404
 264306
 150250
 881426
 684047
 251877
 962574
 263253
 451946
 546208
 787660
 939121
 281170
 109816
 1016497
 73540
 523233
 703373
 322422
 667701
 341270
 354781
 439162
 33407
 434093
 868810
 406504
 566986
 942122
 113957
 452874
 1071462
 248846
 1055945
 306694
 590498
 725355
 472903
 805575
 357921
 759524
 494708
 272776
 92334
 95787
 231655
 235783
 766550
 931555
 1080049
 110386
 1036786
 217070
 181473
 961570
 846425
 1024296
 720758
 171207
 595733
 330694
 879589
 109150
 969897
 79670
 686449
 382896
 347923
 681907
 1052781
 92623
 826444
 34881
 954178
 77584
 493676
 680030
 134012
 699180
 33011
 748273
 968702
 892095
 276466
 227097
 689925
 383922
 734697
 565928
 1046489
 607604
 747623
 924764
 56367
 751493
 33103
 125173
 740385
 363632
 15477
 392326
 197844
 463558
 1031923
 611345
 131576
 143925
 99769
 390622
 503634
 824770
 635133
 83187
 273720
 55204
 844156
 511088
 645319
 649816
 546079
 827122
 1086761
 457087
 524592
 692449
 1073616
 1034869
 817861
 653841
 1058099
 835583
 25662
 259588
 863118
 240504
 734211
 485922
 212119
 752802
 494895
 249422
 32526
 436610
 1075246
 276156
 529597
 856406
 470933
 1030714
 7274
 345282
 355879
 317813
 883867
 902036
 1055231
 1097366
 354900
 711904
 207259
 1088159
 327907
 418597
 129607
 54217
 134442
 830150
 717857
 442066
 110220
 205737
 802813
 214247
 801671
 993617
 830446
 729479
 646130
 85364
 358778
 968810
 935332
 42258
 644548
 1006708
 329482
 1080944
 266296
 107171
 400196
 893431
 97279
 1041842
 754916
 119225
 524510
 1041001
 136506
 117254
 431169
 353927
 199389
 47324
 359029
 924705
 979257
 832058
 225256
 166323
 715373
 89014
 1066200
 78270
 374322
 952367
 782631
 965129
 681434
 967127
 353777
 485641
 344914
 650851
 551517
 98987
 300029
 315819
 189452
 529840
 393131
 956334
 803207
 920787
 319429
 252420
 563415
 103758
 134830
 792716
 392800
 442469
 736939
 7744
 774264
 977507
 991435
 982563
 358236
 747919
 258655
 786478
 745661
 625443
 255092
 1036067
 49884
 75173
 745823
 187890
 635865
 284293
 248145
 572253
 1088720
 236350
 89404
 362312
 762892
 967984
 318149
 593562
 921231
 373152
 383058
 181795
 274917
 541243
 578352
 607746
 375611
 900512
 1065991
 590865
 317090
 972756
 442206
 803243
 839410
 327709
 253498
 878803
 89144
 762862
 1079004
 617028
 105994
 316473
 951503
 834647
 784067
 983803
 987108
 993260
 572402
 905319
 933192
 843434
 817719
 910631
 289144
 418521
 74599
 401551
 206840
 949903
 973340
 104365
 1040938
 182119
 803884
 828537
 1042559
 148212
 862409
 182089
 121504
 173174
 328554
 672317
 861225
 1005162
 34317
 958088
 1049049
 62585
 803316
 629984
 843267
 182806
 293315
 516884
 1011561
 649771
 644097
 976997
 314453
 427021
 1023282
 1026137
 309397
 791134
 220303
 599386
 551793
 48757
 580222
 42796
 575554
 542556
 557234
 921759
 42617
 868210
 914701
 935544
 727155
 727608
 327230
 430271
 895231
 942549
 706087
 554547
 409480
 866229
 189289
 792347
 823429
 872238
 234186
 96509
 882204
 216082
 937658
 605017
 345953
 276093
 37498
 1015488
 1034817
 118840
 443032
 911814
 545971
 172333
 508081
 874462
 711729
 916249
 238126
 927148
 714464
 722063
 680787
 721949
 1075015
 476431
 820960
 881534
 13758
 384760
 589327
 420868
 693025
 559768
 353250
 453211
 1016256
 782444
 636597
 4485
 105731
 843250
 1093867
 200072
 320365
 393906
 858565
 407900
 66483
 669735
 516142
 1004616
 675747
 277559
 451615
 444853
 151972
 984360
 139010
 812515
 949980
 336372
 278910
 762528
 807304
 807499
 1061617
 973260
 423878
 416810
 817095
 436284
 200713
 1037834
 181142
 1099686
 107959
 772218
 339197
 52930
 272906
 621248
 274615
 104812
 899816
 66751
 734111
 813728
 746246
 857822
 857328
 735979
 659795
 485958
 238344
 722811
 70040
 940363
 128263
 725086
 437357
 67322
 158393
 235317
 794515
 949136
 686436
 276685
 809498
 37987
 691096
 373466
 1098429
 195831
 302375
 1010781
 420673
 400063
 832614
 235815
 602056
 191844
 856629
 975935
 805288
 406096
 11203
 1021432
 447181
 423738
 1047697
 517262
 514155
 666683
 82236
 665390
 440019
 462156
 428096
 538620
 169068
 1095982
 410808
 233519
 1092723
 803840
 1012213
 253541
 458515
 329889
 587933
 736709
 58871
 875719
 177620
 758603
 730739
 250339
 131530
 310270
 535357
 662381
 1099931
 704099
 860006
 493954
 1059358
 912409
 864535
 494671
 1016732
 1028490
 168939
 88674
 84963
 455083
 676193
 151760
 22103
 373938
 977282
 1034304
 857651
 370193
 703052
 871153
 274059
 424258
 470756
 636962
 830584
 248250
 77836
 419220
 845581
 552743
 1081858
 1003563
 731988
 811011
 830614
 226622
 863461
 1067871
 556682
 611769
 329395
 300558
 390389
 46824
 21910
 810915
 237122
 541444
 925673
 810630
 520503
 344353
 282637
 562627
 264365
 110516
 316762
 408554
 137070
 1090709
 266613
 342512
 498836
 852524
 893949
 135706
 249457
 470140
 551073
 654245
 935826
 491248
 76445
 880126
 1051856
 1064582
 1049481
 385618
 195739
 885649
 728972
 643042
 114195
 646353
 1077148
 524027
 641236
 58996
 299390
 730530
 371060
 40517
 594749
 289722
 432718
 1055144
 1092373
 785967
 6548
 923776
 11377
 157351
 946518
 638560
 635376
 767486
 194528
 627312
 659613
 1077608
 17220
 477289
 128058
 430029
 737410
 770211
 1048191
 269085
 208421
 565413
 13271
 937597
 732680
 749250
 55129
 459152
 328534
 757479
 732978
 397508
 950590
 192553
 916667
 799399
 9907
 917066
 740176
 1037922
 55228
 186970
 567502
 437177
 631140
 585651
 996890
 458200
 34173
 851987
 1002949
 546678
 159154
 399499
 808097
 1069767
 828542
 732272
 20898
 795774
 564150
 224482
 857745
 82031
 487268
 482782
 925365
 755716
 749587
 804440
 713426
 833522
 757720
 505012
 324602
 409720
 21191
 606309
 62842
 649619
 239145
 73893
 924422
 523120
 762366
 671452
 365994
 192354
 222432
 222675
 144376
 224274
 637167
 976058
 109242
 684015
 411500
 312221
 694838
 274657
 139868
 251703
 1088028
 379740
 326369
 970434
 217627
 1047427
 460840
 160522
 752636
 795246
 947033
 386401
 837004
 24811
 795242
 744579
 961015
 650089
 851860
 760771
 756336
 662235
 572672
 939385
 682104
 802114
 4605
 179043
 948925
 430644
 62151
 771447
 404294
 94055
 839651
 743931
 25923
 59545
 45648
 838297
 154880
 309026
 628875
 321893
 980979
 999642
 361328
 1032977
 843044
 1060222
 511994
 768247
 762286
 718808
 950616
 133881
 156521
 748965
 424754
 558939
 391670
 180185
 159162
 451954
 652122
 923763
 638473
 523456
 969578
 600759
 493291
 254437
 228379
 655533
 159645
 243638
 487136
 1323
 469052
 989747
 248144
 666650
 360530
 1002782
 885498
 761920
 449006
 907091
 424440
 230510
 476530
 88543
 542191
 35091
 825604
 263963
 372186
 164238
 537633
 98206
 1083899
 261192
 846966
 299469
 116702
 474866
 152104
 870728
 213229
 604788
 471024
 87143
 550330
 98657
 263088
 107076
 147311
 512073
 94563
 496414
 26041
 119375
 391288
 50331
 840936
 821098
 465136
 45938
 108096
 841316
 347780
 242943
 817979
 741436
 361923
 940770
 411360
 1014658
 613759
 750304
 7916
 1099665
 238393
 736817
 843755
 69290
 350904
 951909
 234679
 943666
 489146
 208761
 138386
 304463
 702895
 528845
 618680
 216366
 575664
 130666
 130362
 973222
 431453
 854471
 143638
 637316
 512087
 324634
 607414
 319814
 571322
 102819
 284959
 1087370
 732051
 888019
 205635
 983395
 1014452
 1094849
 599769
 154480
 720635
 243830
 301230
 773817
 79064
 582300
 676450
 1083591
 524219
 795850
 991484
 571742
 925137
 145698
 629813
 1006057
 553934
 511949
 398031
 387156
 180027
 953810
 505185
 455033
 1078226
 221683
 609520
 792291
 733615
 478992
 792592
 244525
 1066486
 241186
 52789
 712828
 679851
 338059
 539695
 103047
 437855
 110739
 759842
 765908
 986189
 924799
 586786
 81960
 301261
 408435
 452315
 987128
 1034780
 936637
 60393
 872551
 620050
 944128
 1063005
 1082869
 209397
 1002827
 1044542
 992371
 681396
 648207
 329908
 254677
 228555
 325888
 8854
 106533
 245651
 347229
 631621
 972328
 530448
 987878
 229306
 584295
 615134
 24745
 880880
 1058463
 981734
 583626
 589191
 999851
 902453
 869849
 886551
 215226
 377570
 527852
 708267
 372451
 330706
 743622
 196541
 566301
 390643
 612287
 894259
 747536
 665526
 1079521
 135200
 738680
 864513
 853645
 167313
 1030460
 216512
 658371
 369339
 328201
 137579
 284444
 490445
 537408
 759536
 286699
 370360
 589120
 798225
 120541
 248219
 679509
 199465
 752328
 27650
 519138
 418861
 578516
 995230
 177300
 279967
 662417
 324890
 688890
 149802
 47499
 619480
 146589
 107757
 822552
 601503
 509548
 62779
 13610
 338492
 275818
 136775
 929538
 521726
 529165
 840259
 930169
 903977
 814505
 899677
 714209
 91521
 617335
 897792
 993792
 837685
 364039
 107278
 355734
 825107
 838845
 840712
 869501
 631074
 593760
 866408
 989084
 974856
 373566
 717672
 32200
 947402
 1013308
 676462
 322815
 780891
 975849
 806927
 294359
 762001
 610182
 520643
 614578
 117996
 906181
 548093
 786026
 347102
 917191
 898119
 629878
 489072
 225318
 685887
 407609
 594784
 300464
 672054
 699898
 737103
 507372
 753743
 206101
 120748
 158145
 135046
 142281
 77807
 823645
 279407
 968954
 619809
 218141
 266713
 207134
 655168
 594988
 723944
 862649
 863595
 226201
 153411
 926635
 333133
 806026
 733354
 738398
 1034984
 969730
 143842
 799544
 120840
 2192
 452439
 407003
 503859
 425660
 823946
 372333
 445526
 189058
 641576
 58575
 645630
 164899
 845211
 580838
 340474
 407291
 773092
 58451
 79163
 926412
 296855
 303716
 104919
 754505
 347969
 753725
 833697
 316774
 118042
 625236
 596753
 395714
 179696
 490588
 1058347
 306598
 1087460
 622756
 440190
 579046
 244080
 397784
 118332
 955067
 693432
 743846
 260345
 842255
 239510
 6535
 194603
 716345
 370991
 471019
 130248
 1032584
 1036362
 1064477
 1089737
 996046
 611117
 897502
 506635
 1062629
 313488
 965766
 514167
 831950
 292472
 219670
 902543
 434239
 970318
 303842
 105715
 363565
 725345
 477154
 328223
 414084
 1010518
 896881
 846857
 219709
 593886
 439632
 341619
 754922
 94950
 127696
 485403
 919891
 179366
 275360
 86940
 727455
 251880
 393842
 606371
 625923
 774628
 243533
 383985
 337536
 190543
 20741
 4971
 395928
 311294
 131512
 817211
 650889
 879606
 914371
 382059
 43861
 753384
 722229
 97329
 983503
 262970
 652362
 532411
 7273
 179925
 264561
 392130
 200464
 882037
 637760
 628685
 637652
 966571
 768576
 998397
 880925
 155307
 875142
 124975
 1000046
 127336
 511121
 355323
 688870
 185221
 27621
 1074130
 459711
 495579
 321376
 174904
 522184
 898456
 937505
 736105
 818994
 285170
 995775
 735704
 233972
 137897
 862714
 887774
 410336
 421543
 869213
 641974
 1020707
 698048
 396608
 566227
 141900
 585124
 959105
 1013657
 424378
 107221
 335964
 814811
 178773
 1021088
 535645
 950090
 358144
 1089229
 232319
 511005
 472290
 430795
 363825
 860755
 156049
 148566
 277476
 490343
 162871
 292090
 1048055
 324817
 313165
 239047
 890787
 717969
 453435
 273871
 825637
 217060
 181302
 469029
 417528
 41287
 648176
 700100
 581893
 33407
 567067
 1005902
 241265
 1093831
 505550
 866820
 509121
 487344
 435276
 293608
 880418
 393067
 465063
 1025831
 388597
 1000103
 582100
 633493
 926547
 756635
 532669
 156448
 471106
 138050
 26346
 1047335
 307937
 20675
 618689
 576461
 627172
 962985
 380761
 725391
 970757
 835237
 915164
 485969
 299879
 328471
 88024
 275883
 937655
 665156
 507119
 691461
 548984
 291102
 433470
 351113
 846224
 703576
 860919
 698581
 520830
 661193
 188079
 103655
 881049
 790816
 799244
 446663
 246079
 941315
 474000
 17066
 265860
 304068
 1039031
 977087
 329123
 640930
 946902
 408027
 862054
 872818
 403574
 848473
 425446
 998146
 361310
 704746
 839667
 300317
 313069
 174212
 1024659
 451902
 737900
 790342
 791640
 664398
 200317
 791647
 318380
 553185
 282791
 1017988
 745584
 237482
 865654
 264869
 312013
 286806
 214804
 680015
 930532
 488037
 951924
 253303
 739762
 1029874
 11906
 1026242
 588125
 417770
 44547
 916173
 1022424
 957118
 888464
 840627
 677613
 933687
 485682
 360848
 601798
 421956
 110050
 236825
 827609
 690864
 735107
 933029
 113208
 222690
 892894
 961827
 936746
 763512
 328372
 222502
 531638
 739213
 573965
 100368
 419424
 940509
 741021
 776616
 441615
 184917
 6150
 690437
 7262
 778359
 538918
 683357
 1058369
 806580
 344162
 175811
 407905
 643697
 1061968
 517362
 947129
 1056595
 885181
 4752
 1099718
 617015
 1064052
 436077
 450185
 53186
 24747
 707145
 33422
 499731
 495467
 1026056
 1036832
 471708
 1086156
 477517
 921974
 364474
 581285
 1059877
 573232
 882777
 635565
 265348
 267019
 248034
 847633
 946502
 489796
 548018
 152217
 761082
 294621
 733744
 1013175
 1068722
 1036175
 1039601
 605573
 339538
 809379
 754796
 730113
 648726
 903183
 816342
 543217
 288883
 363876
 390459
 967122
 395129
 543330
 677335
 1007437
 28060
 387398
 173658
 191736
 42368
 492095
 35037
 290631
 232733
 506254
 200117
 642410
 411157
 277308
 282867
 470640
 94009
 799765
 918431
 655593
 371761
 1052184
 194991
 1016849
 164349
 285777
 983173
 153975
 62963
 704496
 963982
 82771
 511137
 989177
 241637
 112492
 917281
 851194
 1020504
 163913
 696498
 505462
 788635
 970635
 575074
 415723
 740927
 1079542
 807039
 780490
 1080336
 817000
 604263
 183425
 336908
 258232
 694537
 160804
 240180
 422312
 936108
 264018
 838215
 1039979
 138829
 436680
 576708
 866204
 563069
 45265
 1070791
 526170
 332199
 1046752
 767092
 352206
 221544
 309949
 579505
 451229
 656011
 1047532
 842975
 795923
 67215
 1005604
 217109
 1068633
 924357
 1052767
 982132
 151473
 692219
 313686
 741023
 612310
 33373
 802297
 835321
 630331
 169275
 175266
 235473
 763357
 319152
 709063
 588520
 297093
 659560
 127278
 878558
 226049
 15193
 930996
 461071
 1023327
 928115
 785409
 888618
 862785
 184146
 747326
 35694
 603632
 220460
 722507
 985962
 478178
 16407
 182217
 787732
 268450
 889386
 438167
 136388
 896163
 128064
 302067
 516962
 626827
 350663
 932699
 595591
 71344
 249832
 373060
 1001649
 780759
 539141
 181721
 902329
 520253
 288260
 822550
 580293
 702753
 770040
 33865
 633761
 101423
 789884
 534443
 830046
 1065631
 379599
 317328
 143915
 182698
 925042
 895168
 362619
 517081
 640440
 251487
 405985
 478714
 292020
 193087
 777487
 28154
 136679
 572448
 885768
 12067
 743443
 684978
 318391
 534417
 70286
 753161
 287549
 631454
 1083603
 448349
 821160
 987839
 503918
 584269
 602301
 780717
 283381
 450618
 957384
 784920
 122940
 500256
 647685
 978666
 66617
 580241
 985722
 588299
 901568
 20520
 507090
 81133
 91153
 508785
 337083
 459083
 277196
 797441
 547448
 921710
 632962
 448267
 264952
 655317
 506048
 265287
 649865
 744545
 97912
 147306
 675823
 446237
 336552
 246958
 705714
 301937
 827430
 370096
 61838
 370940
 283344
 190327
 462001
 197755
 942347
 328477
 439493
 710841
 279943
 668449
 358363
 1074871
 978366
 823244
 614048
 1033281
 730293
 378538
 715088
 211122
 406322
 506717
 641586
 591831
 952708
 639723
 9058
 239028
 247325
 106847
 218038
 70993
 252777
 845175
 724114
 658674
 207283
 1004036
 708983
 587359
 563270
 822781
 1050001
 880050
 1026491
 752954
 192869
 60127
 80280
 207829
 570587
 166984
 895638
 675305
 868218
 451684
 6008
 614972
 515000
 164240
 846975
 863037
 797271
 206584
 696726
 141718
 237411
 927374
 536016
 1028785
 571961
 229
 438424
 708719
 696225
 250518
 213432
 447457
 278883
 51400
 95279
 1008490
 820904
 376318
 673577
 618286
 570479
 856698
 831082
 869370
 851808
 925600
 1011918
 320967
 983995
 651624
 675749
 337617
 301252
 1081744
 516818
 455058
 507133
 441331
 814958
 54967
 216955
 910708
 929352
 62595
 423754
 863835
 837352
 364359
 1031513
 850156
 155945
 968890
 968600
 206789
 966585
 244696
 465788
 1024158
 508840
 187224
 498560
 182740
 461085
 1020660
 179021
 992456
 275197
 485294
 949519
 428521
 53160
 925593
 876353
 228370
 759357
 256136
 337191
 926788
 996795
 540132
 511692
 564456
 267827
 139806
 123405
 426564
 927059
 78906
 347385
 480148
 214235
 695767
 855988
 726840
 1052026
 462632
 1053222
 332702
 650589
 953415
 185994
 452786
 256360
 393247
 473265
 452717
 1082449
 727595
 565141
 723945
 934154
 169742
 393823
 1056908
 698537
 516732
 269180
 59527
 991900
 644930
 1031258
 1015577
 278290
 695055
 433551
 764558
 173313
 593259
 546181
 695153
 269811
 577617
 907211
 363127
 607318
 91063
 152390
 895870
 1049845
 303290
 541115
 143190
 950079
 484180
 448713
 656807
 843890
 615286
 88572
 1049353
 628967
 690446
 1037210
 15583
 47595
 52777
 1090680
 777449
 837054
 771842
 76269
 501554
 70599
 482880
 20478
 471495
 498409
 805028
 641949
 170342
 418798
 737749
 74085
 530243
 852930
 330955
 41783
 772277
 637340
 1003051
 606796
 894106
 989516
 1016556
 357925
 775184
 503702
 844873
 214601
 585355
 543197
 140793
 874170
 990502
 275354
 564055
 289026
 785805
 18608
 330704
 471906
 439682
 39979
 764586
 653628
 199125
 704492
 443979
 112682
 1048196
 219451
 675162
 249270
 338897
 301334
 188331
 121924
 1064827
 976998
 957206
 1093590
 589528
 150089
 863883
 713373
 740778
 722685
 942766
 653238
 247832
 922368
 301842
 996552
 734079
 485226
 372799
 858385
 822046
 155914
 372092
 599245
 445529
 432510
 590662
 96533
 392339
 471634
 56597
 11329
 975890
 285862
 633070
 135931
 147483
 542465
 665333
 1059400
 1034248
 486413
 809902
 544080
 601746
 745476
 100727
 518726
 542242
 1017457
 403448
 818400
 903014
 1026562
 473281
 539217
 47375
 977644
 888595
 270271
 968041
 212180
 698773
 802190
 447011
 588082
 517469
 623835
 441816
 311488
 239026
 315341
 335929
 546787
 925716
 989320
 629440
 850379
 245602
 670260
 699693
 991175
 875916
 454464
 885963
 338345
 807737
 627442
 79923
 318383
 539418
 47066
 221380
 9670
 815742
 861672
 818435
 282501
 65570
 873335
 645049
 9857
 340311
 827832
 546804
 658499
 353043
 985659
 681138
 864861
 836807
 1019814
 340820
 476465
 1098253
 566568
 1065431
 960328
 173839
 943109
 911164
 1009565
 871749
 883992
 26274
 968378
 552350
 401263
 961088
 746040
 723779
 173965
 853922
 733560
 649607
 84684
 752853
 312362
 188861
 1011005
 357151
 496936
 211549
 431114
 614424
 116569
 181610
 841583
 1041130
 255171
 274309
 96041
 357234
 850845
 643485
 1049424
 441189
 699186
 939408
 27920
 698921
 959795
 760870
 713132
 1030212
 760009
 523918
 196424
 965939
 776215
 989487
 247645
 171095
 458732
 938273
 273206
 892476
 400485
 267679
 1038894
 129139
 136167
 236871
 692092
 131039
 246631
 284122
 882246
 644149
 562665
 555702
 648100
 171385
 684820
 310650
 111181
 880924
 142232
 47718
 454598
 362955
 680570
 87712
 469942
 210966
 997015
 919493
 292001
 337427
 1015926
 161776
 59815
 727940
 1024161
 1027113
 311958
 436729
 26801
 1088938
 939838
 195755
 238829
 388171
 657757
 308675
 146125
 1002675
 4622
 940886
 650832
 10167
 442689
 32698
 525394
 528757
 280394
 87326
 55876
 61159
 415969
 877326
 653894
 23820
 1092803
 866255
 615004
 891958
 940623
 737294
 463441
 936208
 207424
 77792
 761027
 673433
 184237
 1040604
 241641
 35513
 983872
 406310
 689083
 354005
 199782
 118484
 862951
 394475
 637767
 883444
 292526
 49228
 336659
 121260
 560700
 135828
 213329
 1035056
 412091
 653027
 398313
 825231
 20555
 310802
 432083
 246449
 339548
 840179
 744775
 48445
 718152
 889684
 155598
 954313
 887865
 331796
 381444
 72237
 338890
 696402
 1026651
 335305
 255317
 604658
 644240
 395129
 278927
 111784
 147205
 836434
 294430
 828761
 708653
 332690
 446290
 426198
 763426
 512579
 456310
 49099
 502164
 241149
 873680
 48734
 871796
 418534
 1006422
 1025326
 30626
 613823
 60645
 18423
 798686
 1064730
 265976
 581343
 1019452
 686851
 121913
 944615
 721281
 516888
 502877
 114564
 342408
 169595
 4808
 697783
 836256
 40344
 796252
 738340
 758621
 799410
 482818
 845606
 553994
 759584
 146218
 421493
 746638
 81757
 511420
 586139
 100513
 322367
 165138
 993998
 563907
 400445
 1038735
 16142
 419307
 938443
 645556
 355239
 721346
 1022877
 1089509
 746639
 52195
 866077
 329474
 514262
 317538
 685212
 307066
 221684
 63197
 762878
 872936
 699885
 831618
 1066718
 749565
 328640
 366766
 1040846
 193042
 955851
 842591
 319510
 89613
 120289
 567405
 850570
 646322
 957797
 892838
 913808
 407245
 1072317
 465970
 122427
 708256
 178876
 690975
 98616
 684801
 398871
 700930
 283000
 16
 72917
 498997
 998090
 328048
 738075
 915973
 285412
 318016
 413034
 740708
 953226
 548631
 344252
 1042279
 621941
 164716
 974433
 629564
 141754
 931824
 753964
 102245
 187590
 370848
 407031
 619457
 810183
 823960
 238794
 744294
 49273
 842872
 749773
 176353
 428402
 470823
 1080217
 1060713
 242682
 1021517
 673558
 1095360
 1014948
 589622
 440545
 547369
 238966
 285748
 415555
 484365
 689734
 133937
 173805
 964288
 797490
 1051922
 207979
 506830
 691949
 340373
 847666
 824297
 280336
 34579
 631155
 615755
 979411
 187696
 315483
 130647
 23649
 67554
 886968
 764950
 109199
 104762
 714546
 2771
 488805
 1010312
 528059
 764786
 492262
 748159
 925239
 1099324
 273051
 80451
 1009788
 313498
 362899
 64825
 1036459
 957812
 858422
 543173
 711625
 42982
 638552
 872770
 935178
 802406
 649516
 44553
 1067818
 947364
 112549
 424770
 831788
 384828
 518872
 686795
 772322
 1064277
 1043656
 420473
 589291
 535685
 856096
 136375
 632309
 841288
 529843
 1055153
 126560
 635278
 136462
 1001772
 306466
 1090044
 316506
 462003
 395714
 89623
 342844
 848638
 70464
 296273
 493566
 531515
 162361
 587373
 375788
 260260
 156362
 891215
 847652
 911965
 498913
 91903
 299165
 975241
 1020877
 317699
 897394
 908921
 248839
 273369
 228582
 638818
 387765
 619190
 804224
 210211
 5950
 230907
 760594
 582606
 738934
 900073
 578995
 23890
 866414
 342320
 867567
 504638
 681769
 100808
 913083
 331880
 373535
 535813
 3709
 338859
 133729
 327752
 1065112
 475865
 642630
 572552
 903014
 430159
 113298
 835444
 128544
 131651
 935544
 1084997
 460346
 193445
 799680
 273607
 1012277
 505609
 839047
 642375
 416328
 980525
 620503
 363251
 363611
 296849
 959476
 372034
 15929
 942428
 523678
 998093
 585824
 833635
 687968
 987809
 971342
 836985
 766579
 501230
 998619
 306588
 677073
 259533
 723653
 1052429
 821853
 604599
 289682
 1038390
 232669
 163439
 80338
 910425
 461486
 584300
 649697
 493954
 642041
 858670
 670168
 1009672
 1010041
 247568
 928322
 783531
 170869
 200261
 798294
 664546
 1011355
 872276
 771516
 569072
 542421
 188411
 375275
 298185
 87499
 626929
 649409
 192429
 654368
 663505
 647545
 188762
 983033
 223048
 1077958
 45845
 1070637
 687267
 533523
 490554
 687730
 828345
 756843
 51634
 514229
 833523
 680406
 28727
 496026
 1090666
 529746
 784146
 509389
 210458
 866575
 546611
 55508
 246992
 404545
 8528
 575768
 690049
 472757
 995315
 926682
 813713
 819689
 245540
 285985
 584387
 1099052
 205639
 775452
 1027239
 816117
 182961
 1089071
 674695
 915722
 541494
 32430
 56085
 945368
 1035686
 106889
 902639
 294838
 777951
 742212
 1009492
 746571
 211261
 60212
 852813
 406332
 393253
 542022
 444722
 523568
 1019604
 128452
 938642
 451883
 365076
 625338
 92528
 198091
 426918
 752709
 525716
 569924
 431824
 717465
 711632
 543282
 88326
 853739
 719255
 459981
 510796
 513978
 219562
 564834
 562256
 210140
 416042
 591218
 889835
 238295
 97404
 859226
 369130
 55546
 393840
 70294
 1026566
 388690
 200393
 790765
 884182
 776683
 26157
 758827
 203237
 120261
 765151
 935256
 1077472
 267119
 693711
 728321
 478545
 734524
 638762
 196909
 569471
 924759
 978492
 573309
 222372
 905873
 333619
 66285
 33174
 803582
 853744
 368157
 632850
 649578
 1014088
 475000
 810879
 714009
 446714
 221273
 966204
 31860
 486141
 689680
 757523
 204629
 186880
 581978
 470150
 779521
 623614
 217904
 390304
 699977
 660370
 173087
 127356
 457028
 584970
 316655
 110841
 398597
 116913
 807864
 497203
 1088661
 418953
 964937
 234072
 438817
 687463
 722863
 910509
 211629
 568293
 241335
 846060
 450010
 46456
 1029134
 947209
 917731
 627637
 92963
 956370
 901777
 397671
 771672
 589582
 878339
 440367
 922680
 16565
 73826
 664456
 1052579
 768650
 284762
 221441
 949168
 917294
 914137
 354537
 739397
 922373
 72828
 599256
 747804
 71025
 205225
 569494
 471810
 863938
 904793
 485426
 303614
 472107
 249461
 1028138
 262777
 1005536
 337329
 659004
 750590
 116774
 918594
 380691
 425068
 187991
 742857
 845745
 388861
 603184
 245433
 692966
 467813
 761877
 465058
 543378
 405563
 322767
 462805
 664468
 448121
 38035
 61630
 443068
 328605
 831077
 145083
 991473
 19438
 897048
 168296
 578741
 656362
 1008485
 418681
 388967
 579729
 1089108
 731637
 873634
 645948
 972712
 214582
 999085
 405828
 337314
 56878
 427016
 928803
 1069674
 564416
 960014
 594059
 349531
 859695
 570173
 112144
 858987
 4627
 808907
 585061
 472744
 757625
 351693
 1012392
 719022
 42112
 937001
 873938
 718729
 505194
 145673
 185477
 588641
 334296
 200573
 116856
 638551
 167994
 360501
 845308
 943002
 98245
 442325
 825658
 301498
 109100
 49235
 292042
 76458
 362363
 402213
 1000147
 289377
 157987
 327032
 517761
 302432
 386515
 298157
 570000
 82764
 874488
 260029
 679073
 321251
 574426
 563092
 569130
 337592
 78192
 675767
 773655
 378601
 305944
 1060226
 145885
 244184
 1020423
 1056884
 931594
 1026091
 736732
 653146
 820917
 456916
 444120
 577492
 912378
 544735
 989626
 918757
 794647
 1027505
 1007210
 421431
 679180
 434512
 990702
 1011253
 113195
 434806
 63583
 237313
 88415
 915836
 634751
 57750
 854168
 917850
 380352
 796682
 375129
 178223
 171945
 184770
 665236
 403193
 358426
 71253
 549073
 1052248
 288329
 1088616
 164787
 443434
 777391
 106194
 249064
 479375
 397997
 1074429
 607480
 395734
 1015937
 579567
 668546
 108896
 295707
 450960
 391355
 922771
 664893
 840150
 419752
 892891
 1005078
 829106
 360062
 942304
 543915
 672138
 69194
 153759
 1039404
 100487
 558041
 101964
 758633
 947346
 402923
 1024896
 164845
 662278
 1082341
 167872
 884255
 169635
 530421
 629335
 32357
 820975
 601924
 642003
 503578
 470327
 75192
 316889
 610032
 182027
 947859
 417960
 298459
 106692
 283809
 454141
 113460
 712409
 527800
 765221
 319774
 69117
 288691
 296396
 231099
 140617
 640923
 850675
 555749
 400010
 617591
 84065
 966420
 176697
 548486
 34614
 190361
 948453
 330136
 433173
 939170
 311435
 663255
 499451
 94420
 688850
 627874
 384197
 1031124
 61068
 725776
 870661
 147511
 909285
 371385
 315198
 1088050
 165432
 229540
 932824
 703264
 225220
 390486
 1044128
 24263
 324859
 799301
 974301
 517711
 4088
 259232
 622807
 305754
 766107
 624713
 547535
 900011
 102126
 276079
 513457
 321073
 869527
 399468
 1021064
 643272
 479049
 797736
 266076
 491780
 520991
 969336
 656272
 237722
 271970
 504229
 746561
 12292
 506290
 636313
 612091
 890504
 611705
 498450
 175507
 37514
 12191
 764907
 363058
 146733
 581409
 92502
 473161
 532276
 880791
 398332
 296660
 306731
 226558
 935907
 1012831
 849115
 543301
 751911
 481315
 47576
 8624
 554844
 105316
 233145
 764268
 497404
 437405
 55258
 255406
 185951
 452809
 1038832
 863919
 390871
 539621
 1055171
 686986
 881637
 1069622
 221519
 611315
 293248
 173732
 715997
 614677
 751555
 502096
 1059584
 270220
 636565
 745290
 1071424
 377383
 945960
 309669
 546990
 415878
 970035
 1023888
 261104
 574066
 241658
 935748
 1050466
 93135
 398599
 537785
 108226
 736487
 170965
 434009
 316698
 21180
 470220
 512977
 111433
 205299
 548777
 1023173
 939932
 1095250
 553140
 432944
 962093
 112596
 937929
 264963
 61702
 182612
 43224
 72533
 386526
 713028
 187816
 799545
 576112
 1087479
 756438
 176893
 608496
 725566
 300991
 740164
 112146
 402249
 1031248
 425203
 776841
 951942
 419553
 201967
 635348
 387526
 966885
 280525
 500082
 438224
 15884
 281246
 1089598
 261390
 449573
 426773
 1030307
 1044042
 833240
 866752
 209633
 735537
 482554
 182660
 95163
 195108
 384082
 683332
 1012111
 503491
 863870
 548828
 666603
 101071
 143881
 850146
 800584
 575879
 1018084
 184385
 655280
 762610
 661844
 769062
 1013317
 1001363
 368942
 50176
 110854
 587420
 1007187
 671105
 259794
 242258
 392177
 712676
 856250
 220900
 864119
 615287
 424671
 1098473
 972433
 821356
 987218
 335685
 77537
 887110
 947172
 470564
 1024563
 626656
 930732
 1086152
 593257
 13651
 878435
 238599
 1001553
 918431
 955230
 46495
 326015
 415207
 987012
 795142
 646967
 113612
 836422
 437683
 669950
 107446
