1057350
 887512
 313906
 67718
 446758
 196087
 806916
 272946
 754259
 450558
 220970
 245685
 235157
 711995
 453752
 1090053
 309342
 117329
 295217
 79951
 236916
 385610
 737787
 483409
 43801
 60642
 872279
 589539
 1014759
 1067394
 1059917
 626164
 1035086
 1020314
 496080
 568205
 896936
 686353
 990048
 955174
 262620
 1025854
 782761
 950312
 740312
 804377
 195940
 984372
 89735
 141091
 604239
 1079521
 180452
 144454
 1024385
 566340
 348399
 996369
 570992
 602575
 4366
 64267
 710274
 95252
 70597
 1059938
 4769
 146624
 878214
 707530
 638225
 329931
 655806
 403993
 385298
 1185
 1094358
 760147
 852052
 866220
 70159
 115022
 78688
 277495
 42796
 583920
 189399
 578559
 348325
 671394
 5718
 795702
 437495
 953411
 552125
 857056
 607991
 123504
 682535
 937905
 739293
 881125
 976387
 799030
 441836
 725252
 6536
 1012932
 358609
 890376
 801825
 789570
 397312
 793284
 118334
 407310
 646476
 253781
 827874
 790798
 489783
 677295
 178830
 20435
 444909
 891981
 779716
 959651
 132480
 95199
 348818
 437031
 100505
 328714
 1064625
 875430
 270096
 869289
 405404
 787100
 393646
 980694
 812201
 1000288
 53644
 463677
 560401
 866714
 328719
 968876
 16138
 67258
 867111
 786345
 614076
 66049
 1062531
 866370
 742373
 921041
 265070
 13673
 806836
 1095044
 82206
 152006
 798680
 315515
 784557
 607843
 976613
 58312
 512209
 62924
 361751
 8440
 81929
 450520
 952932
 944291
 880953
 346296
 464648
 223060
 1004012
 466243
 516111
 354489
 899911
 324872
 446052
 15614
 109158
 441745
 749200
 741354
 717183
 393480
 786727
 395143
 86170
 183109
 128752
 405355
 814645
 760671
 315043
 1060041
 371848
 971064
 739735
 321639
 402957
 748819
 563942
 1060313
 817743
 451121
 31822
 7192
 202676
 649623
 935436
 1009609
 338026
 602892
 250192
 883220
 881599
 860929
 762803
 369192
 1066648
 836205
 778545
 380806
 894774
 51721
 702671
 177794
 470123
 176050
 604498
 184238
 605595
 1038100
 757986
 457233
 116009
 846717
 729845
 441921
 605350
 596633
 299489
 948627
 291891
 339008
 925953
 15816
 267348
 67404
 567155
 129557
 659836
 751449
 734402
 637453
 368110
 1054680
 563923
 729145
 15237
 291041
 284983
 15314
 77456
 654917
 768533
 675937
 22144
 815735
 614105
 491445
 402798
 847953
 400999
 793226
 108415
 494937
 749258
 432945
 408846
 30029
 132609
 774323
 353712
 988331
 365564
 732102
 718289
 459314
 906387
 969134
 1099007
 797621
 186358
 576567
 575417
 168511
 61629
 320737
 752767
 235116
 731008
 481982
 854468
 1028196
 52052
 153975
 1048279
 329030
 34626
 379748
 994618
 62260
 401080
 537971
 737777
 5662
 578539
 615162
 726093
 885847
 694589
 322506
 9787
 230568
 1043234
 823530
 974231
 383312
 978770
 1045206
 1071383
 334602
 889801
 544387
 760841
 541548
 809254
 637684
 338211
 254295
 875489
 1075341
 1068875
 349784
 850672
 447168
 800290
 1089954
 161544
 371079
 1058185
 49995
 536025
 761234
 458959
 648093
 603184
 67191
 1044573
 6062
 353116
 576854
 34709
 782477
 145340
 124515
 297310
 311931
 561523
 1052994
 289220
 279656
 255906
 1026814
 831823
 1612
 1041205
 62993
 564074
 739251
 527031
 256343
 338859
 499702
 805100
 529774
 866030
 909548
 1084373
 780999
 221281
 501363
 748944
 880389
 193032
 968393
 855186
 551903
 644653
 1025582
 960393
 378036
 767075
 555285
 899826
 686809
 420735
 477280
 907185
 192461
 239202
 956783
 377520
 480894
 809837
 745637
 729790
 762838
 331864
 520017
 133346
 143142
 1017122
 804526
 509284
 930501
 183356
 246811
 148024
 5902
 428225
 345907
 1042317
 46814
 982812
 316714
 871293
 993063
 200502
 160927
 426162
 833835
 1081361
 455615
 518968
 882453
 818419
 1027201
 670702
 224698
 417282
 1025331
 781328
 452002
 1033475
 142347
 881257
 32327
 533944
 456516
 590385
 822016
 392113
 8571
 28360
 1026917
 533864
 93324
 554257
 858934
 149349
 83852
 551646
 60046
 310479
 871497
 1080574
 19512
 733842
 94951
 576901
 793614
 28256
 128441
 374008
 336497
 916558
 929388
 449266
 380384
 947868
 626626
 465178
 351603
 821534
 1000620
 757832
 417394
 11515
 909484
 719888
 56284
 225326
 250985
 285913
 818284
 424716
 118747
 782209
 676339
 207706
 1004964
 169870
 42461
 810127
 631663
 874734
 937609
 567065
 352849
 717271
 180472
 303858
 545726
 897220
 951572
 772964
 175779
 878431
 44027
 922997
 318939
 320625
 284145
 610976
 261455
 216550
 566097
 893384
 838956
 840981
 645721
 100564
 219895
 311785
 450415
 275812
 41112
 696142
 305509
 286778
 848670
 793289
 66559
 328614
 181284
 937387
 792787
 190527
 830818
 1083597
 718452
 275406
 858890
 135404
 975692
 475764
 1075501
 203519
 645018
 661484
 121322
 793381
 701223
 548250
 412120
 738434
 635986
 357539
 601183
 328491
 359869
 761289
 408358
 752691
 972964
 822411
 965689
 554947
 309547
 984302
 1054225
 310339
 658371
 12880
 454764
 994013
 823603
 336949
 919309
 557660
 483581
 967888
 1078191
 867997
 248279
 638548
 1062511
 378446
 93038
 208562
 629954
 144839
 19073
 821845
 958521
 651620
 129139
 21032
 416477
 828273
 700020
 244017
 705378
 803321
 711802
 38323
 1095544
 918251
 386303
 1080952
 703864
 430884
 481619
 1023161
 374295
 1036490
 161038
 71596
 1060317
 144965
 384655
 805873
 85424
 686333
 623455
 1089574
 758194
 796722
 748069
 1061061
 1029408
 368116
 97718
 700862
 748840
 41035
 221949
 123111
 833092
 418464
 188364
 867703
 1057032
 296597
 908037
 246529
 271881
 922332
 546601
 744885
 813172
 997907
 690839
 940510
 255157
 979367
 361584
 270498
 634451
 1042241
 758498
 578375
 877310
 246311
 958306
 791555
 828754
 662911
 508045
 748162
 896514
 162238
 857799
 714460
 787697
 116160
 294454
 1081485
 832998
 378844
 979904
 213956
 57390
 513287
 364864
 600217
 955915
 696785
 824597
 409463
 469185
 130471
 590180
 8296
 391061
 94012
 754288
 539264
 975398
 413695
 678962
 818338
 166918
 72657
 485483
 233699
 694802
 186860
 137223
 76076
 484276
 27939
 689100
 467283
 567355
 1069160
 528580
 522836
 333948
 828759
 14183
 586121
 397201
 549185
 1055046
 36030
 256075
 494903
 209700
 827242
 471665
 10670
 888411
 1069152
 520246
 764166
 803287
 274106
 859925
 760440
 264706
 960017
 185511
 238797
 35469
 666232
 1062914
 759399
 819496
 996158
 899145
 569834
 90572
 453766
 640047
 718448
 556514
 1039617
 542474
 497138
 258494
 475214
 649107
 545145
 426214
 382832
 1038755
 1073085
 173291
 908565
 960051
 503943
 818613
 206922
 1051503
 899824
 441814
 436169
 979421
 26487
 908132
 681452
 670450
 970478
 1006577
 468453
 935186
 349589
 642655
 1061729
 111576
 358082
 953765
 645516
 733142
 703877
 808845
 375957
 492491
 301051
 657300
 384113
 98374
 175865
 368745
 682643
 232323
 571695
 848945
 517702
 408692
 769291
 260744
 543476
 520907
 389584
 808329
 360562
 96660
 656925
 623729
 235104
 131011
 81144
 525979
 959790
 1022295
 392493
 676778
 503949
 534878
 562653
 595708
 772255
 971303
 140668
 764113
 157772
 573728
 443835
 121851
 458788
 159171
 346293
 421383
 236663
 68127
 1033556
 240563
 1048527
 958159
 441425
 841958
 45333
 576617
 330255
 79689
 1000814
 1815
 27617
 90294
 250799
 198740
 454811
 281484
 505395
 669136
 538477
 1028856
 928880
 602261
 665378
 271688
 378809
 53263
 908554
 34170
 448061
 554208
 928524
 158578
 83539
 1720
 741563
 680885
 168622
 423533
 647940
 104691
 580560
 271190
 604706
 322645
 510963
 125157
 292990
 194065
 461935
 919555
 189180
 1051614
 917054
 154971
 523437
 475003
 518097
 888090
 427264
 889123
 577859
 15320
 616022
 714277
 103445
 672091
 74507
 746675
 188404
 642286
 314122
 1003864
 161629
 707330
 962834
 1062734
 907429
 787766
 600144
 588806
 657989
 571855
 241940
 505487
 749104
 799322
 195517
 1009330
 1052705
 116953
 141458
 272974
 865047
 816524
 90390
 687022
 373873
 694464
 280609
 961139
 920993
 352732
 928951
 1003528
 871331
 431964
 300994
 1045642
 703077
 28589
 658814
 789267
 756825
 1024499
 992690
 532954
 894580
 847807
 65810
 408345
 130808
 995492
 845148
 372633
 556915
 633059
 428312
 726555
 206554
 704470
 688325
 900033
 383686
 269839
 64606
 90899
 414955
 1056539
 519790
 649086
 976679
 143613
 676179
 740839
 250434
 835932
 1004478
 410213
 699687
 916191
 84539
 376652
 1033555
 657853
 482993
 119711
 829050
 1003961
 589422
 455334
 1000404
 306899
 878791
 777360
 1092804
 449304
 953740
 1090218
 653649
 161280
 28989
 61452
 79997
 931052
 155876
 728957
 509198
 179080
 588153
 382007
 71154
 242797
 124119
 855460
 758234
 413368
 1097295
 293263
 101108
 351723
 26570
 765697
 623889
 755612
 474439
 79674
 234452
 245288
 807196
 218863
 427851
 882384
 102086
 318610
 422833
 964105
 844512
 25019
 658590
 262238
 866968
 700086
 512934
 59702
 834645
 527807
 721398
 1078190
 876950
 126252
 684394
 202564
 364194
 791601
 374662
 470574
 675006
 807911
 179140
 863657
 391727
 25321
 768845
 534373
 758330
 398601
 117959
 261300
 540337
 836212
 19809
 604273
 12115
 296394
 922835
 135525
 97537
 1057461
 348314
 660736
 822586
 1094243
 1064484
 1052969
 894458
 890995
 949854
 1047598
 741961
 61467
 18280
 37201
 659343
 371421
 12171
 915646
 310238
 532519
 1089887
 837516
 818038
 186931
 274707
 565027
 272670
 944996
 669602
 161720
 24338
 938426
 283515
 305146
 18298
 984256
 422248
 931660
 1062347
 521074
 219976
 822714
 436277
 448860
 337533
 293701
 855435
 333654
 1001503
 379968
 733638
 393291
 151377
 70803
 682871
 337176
 1057535
 1095451
 458392
 139237
 1037395
 569900
 584291
 28678
 731916
 360038
 551432
 3543
 798580
 142198
 104043
 627647
 134442
 1090315
 285351
 248215
 242124
 431423
 310603
 120095
 922266
 687568
 295022
 948477
 422911
 340196
 1035129
 478712
 970159
 185226
 150312
 943415
 1076836
 996179
 824450
 403981
 478551
 343071
 284442
 862329
 679549
 790328
 146224
 429373
 645311
 201646
 436734
 813430
 417024
 79087
 780949
 454606
 591700
 1066735
 1076836
 834172
 520115
 337447
 160567
 557714
 36604
 772474
 919344
 218696
 388481
 530360
 10841
 1056637
 1088405
 408491
 837488
 28217
 692956
 556725
 500899
 330480
 760831
 194193
 670080
 162593
 386389
 346813
 357788
 215495
 48668
 76555
 442164
 527467
 243628
 24909
 598369
 1061428
 864422
 545636
 396125
 631904
 394222
 5055
 924019
 193434
 93102
 622126
 800248
 13071
 1091278
 764335
 472914
 709958
 862688
 864761
 303499
 669296
 1028187
 114379
 997722
 437501
 17742
 274204
 418779
 780706
 397933
 979728
 46585
 422903
 81766
 321291
 326932
 650010
 856480
 976832
 895437
 25669
 895872
 743445
 592442
 247561
 1014352
 968057
 591580
 1013333
 344407
 72312
 78873
 774049
 109031
 783768
 621319
 951096
 764052
 694251
 224377
 392333
 625868
 466150
 839730
 996498
 1010998
 146077
 507893
 507298
 905103
 855553
 194146
 1002144
 895127
 1087253
 737001
 945713
 121380
 5372
 840929
 1096649
 543589
 694082
 285230
 811655
 714660
 515967
 110555
 439512
 729059
 906211
 617789
 69701
 147848
 707852
 417250
 158003
 385375
 3915
 801550
 1078698
 317785
 827243
 749523
 340120
 563975
 551078
 727704
 435252
 1047497
 697584
 1059805
 889751
 114683
 265415
 616654
 340265
 419078
 7444
 187001
 1050580
 996500
 681754
 566571
 596813
 611273
 424318
 390600
 492703
 176051
 140498
 897367
 638967
 509331
 934646
 510921
 54376
 312300
 553464
 1012764
 978250
 421957
 861593
 344132
 325969
 1076452
 317407
 344674
 781734
 12825
 675224
 226239
 856629
 954006
 163030
 1010996
 98963
 258571
 488927
 753464
 135125
 528051
 1099708
 997066
 868207
 1012389
 138171
 770694
 246830
 108473
 235270
 1030177
 308048
 586216
 62427
 175532
 571473
 40859
 976556
 687283
 830582
 112659
 452645
 293460
 312672
 1021589
 226283
 679538
 5215
 396831
 871042
 814853
 828353
 938551
 893690
 870290
 589671
 1058487
 77862
 292584
 369615
 1030094
 911390
 451049
 147352
 29068
 845180
 821623
 58252
 273515
 679563
 972036
 1001886
 448838
 619702
 465022
 128838
 47442
 638770
 540106
 505427
 800082
 521887
 807821
 932192
 226116
 101822
 547579
 467571
 7828
 117246
 112252
 216460
 1008856
 800236
 217715
 1002979
 867555
 353209
 49094
 1016235
 508950
 453153
 1014360
 199664
 728275
 720420
 131193
 350743
 16647
 601631
 272981
 260051
 284008
 393398
 50691
 478932
 985073
 229906
 392565
 806061
 432029
 250790
 295568
 462749
 835129
 123753
 382192
 947204
 828882
 518761
 2173
 70363
 969003
 802687
 980778
 435205
 749395
 601603
 280877
 172394
 509808
 146267
 97056
 16798
 445028
 381839
 881067
 916872
 427944
 799120
 807914
 631461
 958928
 137841
 423893
 1056266
 127082
 1061832
 1040638
 467603
 1063700
 818355
 22411
 125801
 917781
 102712
 867197
 938167
 463302
 926417
 609540
 842007
 965960
 358207
 667940
 1091204
 198551
 251189
 50970
 904836
 544393
 220762
 631785
 572831
 43940
 1097920
 109409
 952485
 506494
 413643
 360137
 742631
 365856
 951228
 874224
 527298
 332815
 602265
 1076228
 430016
 275001
 660728
 607718
 256109
 221879
 717484
 783387
 197246
 90280
 305122
 623248
 326765
 855570
 906079
 364585
 236355
 752341
 224907
 420976
 548591
 291876
 13279
 592232
 760170
 761706
 792358
 850224
 1082820
 460598
 599081
 303854
 717170
 1075206
 332201
 459985
 846282
 307771
 458906
 1004496
 600969
 706684
 256037
 340757
 609654
 400672
 1020227
 675156
 414526
 665763
 140448
 98138
 501951
 703691
 216464
 339881
 76937
 762204
 94703
 121054
 743498
 104700
 400830
 366572
 685050
 451236
 364175
 102961
 924891
 998583
 869797
 745138
 808151
 632119
 479600
 928057
 958614
 932991
 249623
 525204
 86006
 25844
 205604
 316743
 508552
 121553
 717349
 1037913
 285832
 514871
 375838
 661522
 715251
 96948
 97099
 1099113
 124366
 27792
 320525
 624616
 1099791
 55609
 433479
 64231
 383097
 1031902
 76882
 245029
 824060
 235842
 1041817
 946140
 733564
 75282
 288489
 835987
 21641
 199204
 1020615
 570641
 385083
 703673
 17114
 215628
 672206
 770657
 858429
 871536
 543375
 736112
 507002
 450463
 40766
 671044
 477281
 886335
 980889
 119267
 274655
 1094846
 57633
 551486
 1062667
 979450
 812923
 470086
 115374
 1094170
 608356
 97664
 689840
 513193
 77305
 662004
 1084990
 264337
 142296
 927777
 587754
 724506
 49439
 606600
 374010
 198295
 1081083
 680667
 257685
 881288
 933910
 654863
 254893
 213503
 369092
 146649
 1061096
 825140
 1057673
 694697
 46537
 605989
 931653
 269838
 382458
 527204
 679100
 1036861
 455795
 141689
 628889
 1026241
 799564
 857806
 882561
 551495
 1048391
 642444
 133075
 594780
 351317
 165722
 295612
 59991
 233983
 506080
 724672
 570523
 4173
 943681
 753663
 676164
 23571
 824455
 297784
 303190
 228727
 45976
 941323
 205201
 450810
 858776
 1011675
 203273
 14330
 262242
 302435
 981431
 332914
 277421
 480463
 134328
 732422
 1003644
 918172
 145632
 762360
 362580
 14990
 654877
 698943
 348674
 241735
 875756
 758861
 504910
 876318
 226490
 1015213
 118762
 1582
 816592
 806796
 267463
 1035570
 140219
 717145
 336847
 486715
 1049990
 723053
 243767
 380413
 480652
 461547
 231345
 806017
 310247
 1093768
 743129
 169907
 838539
 620674
 408707
 434033
 147050
 106466
 526920
 361639
 173852
 40352
 555695
 586434
 919462
 503380
 973643
 416554
 249152
 588017
 920852
 839741
 761148
 925884
 327524
 808459
 35967
 137227
 851523
 315068
 65788
 847825
 276041
 193392
 1051983
 307536
 899961
 324123
 786723
 351178
 895618
 2964
 953119
 650425
 226546
 160645
 919226
 420792
 943794
 457334
 241404
 82016
 121307
 772199
 322288
 732659
 638731
 461946
 87546
 1842
 523761
 6370
 175150
 540297
 922301
 22472
 177141
 783817
 668240
 821197
 49591
 180157
 850357
 894730
 1049092
 569536
 810512
 693889
 603274
 905475
 1059987
 904456
 666425
 768005
 809636
 84258
 693755
 1045857
 1051861
 270835
 442336
 742582
 473832
 951799
 341839
 574073
 621497
 1096757
 173827
 379414
 860480
 89185
 1910
 358209
 298060
 661095
 156248
 777043
 475570
 348104
 964887
 5930
 220581
 973075
 286586
 189313
 240208
 686602
 625117
 1013115
 761320
 686249
 881864
 197103
 749126
 143459
 651518
 523689
 22351
 1023522
 58430
 1069428
 270786
 118340
 733684
 185155
 528058
 1099662
 739344
 840251
 1089248
 150662
 409199
 1005473
 648170
 655455
 337000
 212166
 1096264
 725730
 695136
 117556
 315756
 797029
 775035
 325030
 385514
 1076661
 777128
 802188
 463423
 823518
 172665
 555319
 951294
 979134
 305261
 889869
 53912
 711654
 290306
 423665
 1038436
 890550
 551948
 653656
 153103
 980267
 602696
 814120
 31627
 715269
 756984
 358459
 300304
 376202
 296228
 453817
 193715
 992308
 333134
 92615
 786564
 311062
 480684
 271311
 823800
 1040304
 682503
 218062
 517629
 1037659
 198125
 41965
 153016
 640500
 263234
 574742
 409095
 733882
 701702
 384358
 13221
 371136
 678513
 977779
 267928
 140240
 93431
 669212
 288197
 532196
 527534
 616858
 773941
 112173
 382931
 409306
 418579
 385024
 735584
 284098
 252622
 146308
 836272
 556112
 23502
 569910
 395192
 620487
 253024
 903119
 427363
 65505
 744179
 461265
 862749
 483688
 198335
 919373
 784429
 25160
 912724
 475997
 316166
 500329
 930102
 1090895
 1087066
 884204
 129123
 766064
 639637
 751996
 594749
 266404
 220238
 407485
 1063820
 224527
 727523
 277768
 379345
 878407
 941119
 396859
 1073101
 990079
 42167
 627878
 614242
 1072012
 1071241
 800603
 899898
 925651
 590336
 1093607
 156669
 324281
 92893
 629696
 565707
 896406
 325456
 1038913
 346844
 440183
 1044550
 787050
 245238
 30325
 415832
 984902
 1034055
 868674
 437845
 1029161
 820822
 250324
 1066028
 227662
 303627
 647115
 825460
 585135
 94669
 796340
 540864
 548152
 687785
 150650
 597740
 374187
 841829
 160822
 1039429
 156897
 151127
 572095
 213313
 936765
 434920
 445633
 166359
 701699
 654788
 578835
 567435
 404987
 776916
 567477
 655440
 867924
 395071
 42354
 854585
 633909
 486837
 572805
 481745
 662280
 895482
 751078
 33820
 347245
 172139
 670781
 262797
 397971
 398927
 1042699
 388330
 94257
 599326
 250659
 429945
 1027215
 257022
 258694
 518865
 432196
 1032582
 771240
 372534
 268611
 1019531
 99102
 53943
 280903
 347202
 224766
 481826
 478630
 99564
 812452
 972251
 615952
 506260
 368211
 802402
 774367
 11607
 810143
 728361
 458406
 548662
 182565
 555570
 1095270
 618461
 371543
 1001033
 554795
 703615
 151676
 73332
 883015
 22489
 902003
 647160
 122451
 1020873
 1058730
 271585
 326804
 159050
 643363
 833263
 505019
 170285
 1050555
 700543
 661829
 837561
 233009
 466425
 346183
 470634
 782861
 90901
 851739
 769057
 221351
 14109
 361435
 223060
 854584
 374336
 515012
 154500
 162227
 467956
 1088523
 635445
 600447
 168807
 390080
 584716
 343170
 843025
 480890
 873401
 420892
 481035
 542733
 1004076
 168150
 277219
 183597
 352172
 1085940
 810591
 181112
 664871
 271042
 229808
 874568
 310854
 14069
 72355
 923821
 939095
 863863
 230175
 342634
 516651
 836516
 1047824
 12304
 598147
 475072
 639846
 851436
 1087241
 705448
 829154
 1070295
 1091067
 283413
 53091
 597071
 918503
 269373
 80663
 656030
 616417
 910632
 921260
 285369
 949069
 735107
 226495
 932650
 1079773
 77669
 300814
 824830
 659377
 767937
 386216
 46568
 294394
 453199
 414895
 340162
 138330
 640134
 819990
 370556
 677070
 445383
 30900
 365697
 467592
 1040130
 930861
 852546
 203647
 164830
 420185
 1054889
 25203
 142161
 394418
 1087744
 313764
 718601
 182488
 477604
 396255
 415217
 756198
 1065494
 206359
 230272
 565606
 971692
 955911
 47429
 168225
 716623
 631015
 901629
 318731
 1039354
 683726
 152091
 242404
 241992
 132756
 1067761
 415122
 1080251
 103698
 256866
 933698
 315005
 1016826
 459580
 756488
 368735
 703116
 998542
 410955
 865356
 875540
 152935
 1018618
 905237
 107571
 1003733
 449411
 1045868
 531257
 17638
 822922
 708883
 742807
 175647
 447221
 314616
 901407
 511854
 499301
 305288
 1038204
 287723
 698999
 257222
 108062
 635134
 926001
 789463
 648164
 382251
 648235
 118128
 1080183
 388143
 817959
 685998
 579821
 1081874
 73668
 637635
 527766
 363575
 490365
 1048294
 146620
 535271
 806201
 773845
 149839
 463309
 174408
 764385
 983213
 272269
 224681
 482217
 1067323
 606265
 313537
 122315
 84787
 472628
 863514
 1035412
 710374
 1030223
 623820
 63204
 209429
 1065901
 799553
 372226
 1024703
 417720
 218563
 614715
 617341
 183680
 686651
 755087
 607292
 28774
 397131
 872737
 242037
 546648
 950176
 635658
 819621
 853883
 1012785
 822197
 202171
 349545
 999385
 222121
 785600
 555923
 853252
 368020
 841994
 582430
 1035282
 167702
 700649
 214399
 926081
 1053087
 920522
 1088485
 313139
 537142
 677368
 312437
 5651
 291434
 960835
 138399
 373110
 203874
 218252
 249941
 764286
 432987
 943856
 364294
 63092
 421705
 818107
 158461
 687184
 532559
 581824
 1026641
 834126
 411226
 350385
 322198
 205569
 32834
 939547
 541981
 7324
 353205
 47892
 562733
 194129
 556251
 792781
 918249
 515653
 582257
 899851
 520996
 158173
 23642
 681260
 212382
 722502
 81013
 616853
 376663
 1058547
 9019
 1081757
 894774
 981844
 168845
 1044512
 568414
 369892
 866106
 159911
 906539
 25291
 676428
 43225
 295380
 749014
 689657
 742402
 924676
 485941
 971828
 476124
 404516
 284035
 7252
 945817
 295083
 972298
 461109
 679189
 108489
 1076134
 376243
 185997
 649922
 240306
 29123
 48269
 501625
 347892
 851601
 110808
 285307
 274425
 745977
 824718
 468425
 985471
 556111
 967689
 475195
 261528
 128400
 256688
 787524
 1048873
 286701
 1087916
 902174
 1049483
 18965
 799871
 838733
 120876
 75423
 1028356
 425982
 624559
 433643
 464723
 530607
 767534
 588088
 480715
 1048012
 878229
 558691
 232170
 1024400
 91334
 920691
 1006846
 303586
 222932
 289586
 529407
 483606
 541824
 183731
 207091
 1082455
 690767
 661267
 1098014
 733890
 518744
 969168
 1094144
 205294
 1031265
 985673
 721777
 884391
 142574
 129728
 285462
 915086
 566359
 577911
 286938
 168472
 440300
 685488
 922749
 323457
 290664
 69760
 1083774
 223216
 168586
 345257
 370650
 680483
 153287
 615833
 349344
 91333
 316523
 709396
 753434
 272423
 59559
 507064
 33244
 514529
 998589
 1057065
 463356
 852258
 243215
 268874
 706942
 1034688
 270070
 12433
 833905
 874151
 670976
 61766
 360983
 1099470
 464623
 568724
 587794
 383523
 231903
 559429
 675025
 794468
 553284
 137141
 346758
 845977
 486293
 731554
 227139
 757704
 536612
 641283
 427640
 61688
 199277
 355833
 472744
 1082298
 329168
 40998
 741082
 242859
 508818
 194976
 430298
 74211
 776906
 533297
 941485
 492922
 564928
 474856
 958599
 841094
 506971
 604148
 160959
 200230
 596760
 523627
 785515
 952016
 41739
 414105
 1054072
 485956
 642687
 818814
 523468
 776186
 283780
 1012881
 587643
 103283
 4499
 127829
 293087
 521373
 1079904
 797209
 961766
 401665
 138527
 603831
 824064
 1044077
 712368
 264806
 853457
 156730
 1050205
 84973
 528139
 156306
 758689
 935584
 579053
 1013128
 585970
 982674
 610728
 234716
 71415
 928465
 490258
 904627
 324601
 431318
 835065
 780301
 928969
 954949
 446108
 705564
 242494
 324555
 514586
 682843
 668110
 20178
 78393
 1035162
 420432
 14186
 524177
 205497
 923002
 791670
 942343
 564361
 150336
 465618
 557154
 961355
 423306
 807429
 150091
 304636
 340982
 709
 693816
 714473
 666502
 65090
 587523
 204567
 580045
 276128
 473145
 376713
 987248
 111159
 104783
 529020
 696063
 1019744
 386104
 140497
 714645
 1039423
 976453
 409269
 179539
 171068
 642169
 654428
 279398
 953503
 424699
 102606
 640319
 164327
 185073
 1035277
 249497
 513056
 1071892
 1022128
 406758
 181760
 787618
 363876
 943081
 478986
 879937
 423195
 1020541
 612466
 533329
 579142
 35336
 1095751
 69064
 242108
 481819
 980883
 131600
 525528
 944061
 589026
 385921
 58749
 654766
 925248
 444981
 544867
 94263
 553474
 880953
 364031
 305186
 318136
 329935
 968355
 475891
 16426
 476158
 1008211
 841040
 403940
 332704
 487672
 721273
 222012
 691686
 745968
 785021
 750065
 747443
 519084
 386182
 129461
 606191
 263814
 308601
 56635
 962792
 602223
 981379
 151933
 159970
 374768
 414100
 1054627
 805125
 410364
 228445
 335639
 93929
 782398
 152025
 319539
 766730
 170658
 664241
 491566
 891212
 328971
 330431
 624414
 1020951
 14273
 441134
 1054374
 57495
 365740
 173913
 397047
 47855
 103592
 238669
 1038016
 121011
 721235
 542651
 532507
 773093
 1057420
 652466
 1023408
 950970
 251131
 58027
 480467
 591123
 40072
 518407
 380351
 428857
 994169
 524815
 358327
 912946
 898364
 952400
 489181
 950873
 161869
 984473
 1098641
 18164
 415173
 469888
 103070
 841109
 758135
 846961
 410949
 788015
 1093459
 973009
 246116
 827495
 966095
 925535
 887681
 47451
 406526
 193364
 877157
 366080
 143182
 1065622
 1030334
 499579
 430972
 395804
 262891
 212157
 921568
 594232
 985770
 56711
 260750
 376063
 329403
 1005975
 271298
 237919
 903376
 270820
 589651
 865588
 441395
 343762
 750960
 832502
 866647
 74950
 77865
 697505
 732080
 162723
 903945
 1064547
 120251
 727528
 164611
 469041
 915685
 1095307
 981093
 392533
 421916
 1053415
 438805
 342983
 238828
 476260
 237126
 180566
 779654
 1043542
 570312
 145223
 100635
 969660
 1055535
 938712
 607540
 602064
 457903
 742198
 473598
 109782
 815403
 232274
 732828
 182232
 882745
 87951
 539218
 48286
 888242
 1084895
 490609
 762935
 164965
 724932
 521414
 710199
 276659
 1099350
 364558
 846308
 10006
 650429
 93812
 210984
 133876
 144869
 872417
 130405
 463968
 952704
 205561
 160120
 141214
 618305
 226394
 697599
 421878
 910996
 699565
 235522
 355803
 80637
 998390
 100350
 27267
 852595
 559002
 923079
 1024581
 957011
 558900
 739974
 876549
 542352
 301164
 781104
 574141
 17863
 262566
 986697
 822500
 103342
 954909
 170854
 910060
 990078
 905864
 618387
 557357
 1069569
 144934
 366213
 825816
 516809
 619228
 1069638
 193940
 278946
 977036
 36609
 421851
 72196
 182545
 313429
 119504
 355936
 477555
 19624
 882196
 55179
 740844
 655386
 233680
 54666
 899864
 528548
 887971
 50400
 867298
 433776
 586920
 456706
 568864
 821278
 301176
 598714
 314917
 203932
 975521
 925339
 113693
 428760
 410231
 38570
 970948
 626361
 491882
 25109
 617790
 842410
 883820
 337893
 505141
 444218
 54615
 322091
 450675
 1011944
 408816
 705959
 751047
 197082
 52081
 201467
 670591
 650657
 235097
 868850
 263363
 861099
 906725
 915553
 159660
 497834
 224923
 362665
 69281
 356391
 232514
 717149
 1092182
 713805
 973050
 488233
 104653
 127276
 771907
 681871
 791201
 249586
 194850
 912023
 818797
 504749
 926253
 623165
 1080070
 156663
 54850
 890140
 1053585
 996107
 975303
 38122
 498778
 786309
 1068094
 458484
 194033
 312256
 743978
 3778
 18906
 534464
 1028868
 839908
 977610
 511801
 925429
 227413
 415338
 192651
 825732
 573173
 1088858
 336887
 976599
 301698
 1092139
 95887
 1066360
 430061
 391666
 910522
 115712
 631263
 1089467
 658517
 610519
 75956
 971169
 809733
 311147
 759377
 701715
 930545
 12920
 1022788
 763741
 285279
 1019711
 745549
 415414
 825958
 444896
 331420
 538974
 280604
 947873
 304614
 328208
 219052
 737647
 537054
 138480
 880539
 191773
 707757
 120996
 747402
 44872
 621450
 916603
 218421
 764946
 119051
 571097
 513798
 366450
 1034038
 491349
 386441
 410286
 750682
 984696
 154223
 801414
 18344
 163306
 283744
 659573
 527869
 1024964
 398850
 780107
 311757
 376044
 641717
 371016
 388220
 196656
 738079
 341576
 684451
 1023217
 867603
 890935
 353742
 352747
 789212
 376519
 190744
 335681
 434638
 483537
 214249
 868204
 936695
 679224
 659466
 1015325
 765422
 826381
 1069692
 897867
 339961
 586419
 589538
 295796
 1075885
 992998
 742028
 765065
 313466
 368492
 1031144
 522351
 826296
 378151
 222852
 1069134
 391448
 1016070
 100361
 532005
 275385
 800607
 319916
 356773
 683341
 699738
 129045
 891136
 929626
 159623
 527940
 837633
 488553
 51799
 664293
 788439
 520880
 365887
 800238
 126959
 28227
 65630
 318540
 957336
 819032
 1080720
 830401
 972466
 816219
 616756
 917487
 448441
 47285
 861657
 877595
 266060
 234978
 698129
 468020
 309271
 487292
 251886
 285081
 835322
 203587
 907032
 713431
 186576
 818028
 1032852
 6864
 626251
 558166
 99946
 976434
 173327
 295851
 150823
 325810
 1049888
 495756
 789646
 653491
 485943
 370709
 631657
 1062016
 1067729
 414786
 19610
 445189
 582829
 398997
 488522
 203894
 552235
 130023
 483173
 319861
 416852
 979786
 488142
 595049
 847108
 622549
 698991
 92854
 892257
 134547
 662559
 776611
 383928
 467260
 794563
 797071
 18585
 886826
 503138
 898883
 933480
 1077593
 357826
 486839
 74204
 863327
 420133
 610628
 549518
 955053
 111797
 1087369
 968225
 707425
 992840
 1048975
 356983
 209448
 256885
 1001618
 1087787
 748585
 1096056
 1091850
 836741
 493151
 239194
 660943
 631764
 374405
 205306
 232603
 775018
 983427
 467088
 891048
 790817
 533956
 178121
 790575
 676489
 515895
 259038
 752728
 843352
 788502
 725421
 589876
 184634
 138951
 675511
 117505
 564965
 408733
 97859
 298400
 1001785
 679866
 624698
 1027357
 1086220
 815997
 245036
 628286
 343880
 696612
 314290
 410212
 305690
 903081
 378995
 811906
 269488
 257587
 1095783
 192217
 482948
 993658
 1058000
 294444
 748861
 1091286
 560368
 83228
 978732
 873483
 31572
 756248
 132534
 921537
 87380
 336218
 159887
 331274
 844863
 958219
 1068273
 660932
 8758
 1011019
 870027
 70035
 838180
 266367
 236105
 835450
 368578
 799884
 1022068
 1045923
 414847
 547334
 70602
 412702
 454727
 395594
 47754
 1017055
 984428
 658558
 558145
 875084
 708805
 611064
 893312
 1038507
 697215
 320848
 720998
 865484
 160856
 536146
 802665
 646516
 467303
 1068903
 611622
 368107
 349800
 857786
 365186
 267401
 114201
 1089190
 905106
 872105
 1013149
 607962
 484752
 1044682
 948980
 857851
 413377
 382682
 69973
 520607
 958999
 907754
 270454
 230236
 1076538
 89889
 716520
 341006
 912921
 956267
 550525
 793048
 649260
 186530
 690308
 682653
 637032
 1009291
 457858
 108996
 280701
 1009055
 388530
 431527
 527964
 547177
 693033
 130552
 1056529
 35262
 385717
 368719
 970491
 465394
 422417
 819426
 942940
 905264
 64084
 354393
 223840
 93807
 589544
 355369
 944367
 394381
 502939
 251323
 314333
 1683
 631370
 7956
 866642
 534436
 571726
 353543
 335480
 959102
 890108
 1084337
 287746
 329899
 269638
 115928
 516528
 282804
 180841
 275295
 24463
 401899
 954486
 748853
 1078571
 617059
 969565
 157811
 1055841
 775262
 443550
 223979
 362698
 498618
 630270
 112242
 367913
 314063
 266757
 517324
 328334
 635970
 340674
 853827
 1770
 446617
 297392
 617285
 976066
 632583
 741962
 497406
 924737
 974154
 558073
 115267
 904022
 21774
 596128
 100903
 799770
 185458
 784817
 928251
 692136
 24597
 997907
 225884
 67734
 454220
 811505
 848270
 1056662
 770682
 572194
 759593
 427501
 1027977
 42586
 12765
 282148
 335226
 459192
 508545
 373683
 629652
 693942
 185852
 1009193
 494122
 412605
 777000
 204852
 872808
 90286
 622565
 492535
 636210
 870752
 392468
 480829
 614207
 650981
 718593
 454023
 767866
 525468
 102088
 785820
 618700
 411303
 1056094
 221504
 579357
 815492
 14493
 657348
 375780
 1095683
 883967
 658338
 904574
 1059447
 331646
 471978
 299649
 490472
 958247
 309245
 851979
 615015
 289047
 27115
 495660
 813509
 559427
 499255
 42539
 803899
 542669
 194334
 918446
 325476
 377104
 968016
 993609
 635974
 459534
 110925
 403222
 66935
 699447
 40539
 656079
 606681
 280512
 11342
 444764
 825975
 380878
 302792
 741924
 808984
 345547
 765295
 524855
 703065
 51643
 555510
 949376
 830328
 471952
 231163
 932006
 299951
 725294
 354552
 1029347
 1094250
 874542
 624349
 56826
 3331
 913200
 890457
 237666
 788287
 1057920
 515528
 54144
 214823
 1016439
 649277
 1006276
 701410
 918532
 914852
 205232
 229235
 47674
 1028553
 931246
 1017617
 836268
 857142
 334492
 810166
 806152
 6281
 143147
 789341
 135103
 24936
 550747
 661260
 579799
 333769
 568160
 458078
 888219
 467873
 1082879
 290261
 753135
 607969
 996992
 490590
 162714
 802996
 313674
 181481
 993230
 2558
 759030
 798244
 696590
 633157
 63489
 749620
 893772
 260562
 22595
 473456
 203725
 10718
 1053852
 976510
 82191
 1074010
 647898
 263546
 643422
 284774
 933275
 531081
 298968
 574985
 117735
 425316
 428367
 351773
 488985
 821882
 216604
 293737
 256872
 67173
 11058
 256764
 1013129
 968009
 797611
 464125
 681189
 457620
 855413
 674602
 1049920
 198565
 776060
 135726
 1048486
 558546
 1037274
 674674
 589870
 670081
 1031262
 67606
 738972
 1068248
 588594
 81890
 110720
 736518
 20663
 369019
 529364
 329622
 519739
 383191
 1027956
 645726
 172113
 733979
 97196
 814587
 769075
 500526
 868915
 535475
 47096
 774170
 724675
 947125
 406194
 823019
 148410
 747014
 378443
 208702
 454950
 24578
 1052431
 306618
 23414
 528273
 500027
 638886
 644502
 467747
 477767
 788433
 321025
 1010594
 99537
 83285
 128532
 1066529
 397092
 294977
 1067725
 153672
 90847
 254407
 698530
 891992
 340764
 366856
 385335
 289817
 914951
 881897
 1092773
 87877
 787291
 365044
 155421
 345090
 77703
 44370
 248699
 511878
 31711
 511792
 854843
 199256
 200349
 1062468
 856033
 516720
 1067287
 851243
 880951
 542782
 761065
 756371
 246926
 582738
 374429
 24726
 89497
 374679
 632239
 762349
 64175
 107927
 845588
 9599
 849374
 241411
 133345
 1014396
 312621
 833736
 238485
 372435
 228801
 275067
 213813
 214072
 802021
 1033465
 829940
 430453
 465081
 807014
 800665
 116893
 763110
 819347
 545218
 881349
 218802
 564035
 894471
 299769
 198343
 75312
 349278
 355837
 123912
 268767
 886656
 688369
 758969
 569990
 246459
 829553
 1098033
 308311
 481601
 120120
 279604
 130632
 18866
 389695
 658066
 652280
 384693
 317701
 602565
 618751
 371798
 300604
 783418
 137799
 1069744
 618373
 555696
 496037
 877254
 861954
 191557
 817557
 603073
 707318
 589641
 883374
 231693
 47318
 87173
 826811
 851028
 749152
 119914
 673804
 122447
 162214
 643325
 18112
 562468
 97182
 738101
 1034765
 974239
 800075
 129675
 919516
 531857
 833219
 56202
 939757
 664448
 139111
 898397
 10492
 555752
 941322
 142169
 899119
 670752
 92751
 763934
 1091051
 515513
 435263
 349085
 116033
 560518
 67395
 3082
 764348
 601467
 1073852
 925937
 427228
 540570
 1049659
 96571
 903081
 493931
 21517
 246509
 159140
 222634
 1007846
 428808
 855311
 1020476
 877212
 104977
 801161
 904092
 25596
 280564
 853857
 503777
 503437
 800483
 962894
 391142
 710302
 896461
 432627
 423627
 79748
 660704
 583439
 603105
 561485
 717832
 1088403
 857213
 416598
 81171
 603237
 116554
 16933
 1021323
 32800
 604629
 805632
 159473
 491521
 137444
 148025
 674666
 511287
 577392
 454067
 371999
 414126
 1048069
 23415
 319844
 431627
 159115
 510464
 684519
 148181
 10754
 306375
 525574
 247129
 752981
 345786
 211543
 901843
 1086856
 613607
 939703
 331044
 350126
 384627
 730767
 936926
 52891
 677353
 936815
 647014
 31091
 683696
 822257
 752551
 761176
 877507
 197364
 413783
 668696
 429136
 806809
 186
 8505
 188605
 1087040
 548700
 299908
 539914
 543527
 373028
 711451
 367550
 1007510
 1069237
 440076
 556249
 641133
 477563
 689270
 155297
 867603
 937662
 176505
 645269
 585056
 813226
 1007330
 1043032
 1070434
 110338
 261849
 763724
 378924
 536642
 703119
 1076245
 461608
 560544
 665513
 834782
 460232
 490029
 662846
 111296
 1092407
 747742
 1046383
 225318
 50393
 664244
 621472
 848985
 999657
 872239
 185291
 430708
 43619
 490633
 668381
 239255
 928487
 148845
 606185
 96172
 980892
 1011995
 408471
 134986
 1039552
 319486
 246624
 636566
 592759
 498739
 295311
 622933
 661196
 981869
 122429
 361583
 736823
 85864
 620515
 124887
 704307
 139299
 527580
 556531
 978982
 829145
 952671
 1050643
 1038220
 877156
 749567
 163176
 337056
 645327
 737260
 50916
 1097043
 409578
 1003049
 168064
 669369
 404647
 135855
 635790
 300650
 1037883
 720062
 1061717
 504878
 226179
 125446
 1099133
 968008
 94037
 134950
 287942
 408315
 35593
 223456
 938184
 781466
 554618
 513069
 745162
 134083
 679846
 1065354
 528421
 273630
 372797
 428008
 420757
 627521
 443038
 843390
 480628
 183678
 81525
 508819
 12102
 1018195
 936499
 718407
 788423
 650561
 830222
 919382
 1053448
 530512
 195778
 1092175
 626937
 690378
 193575
 71076
 921344
 330209
 654325
 36348
 516744
 68211
 229623
 232029
 129144
 313345
 52381
 564355
 989241
 265141
 707802
 115014
 1003805
 210539
 988291
 621008
 490319
 970232
 143496
 34552
 105464
 761334
 165144
 80968
 671470
 1003738
 280786
 801712
 717580
 389440
 295735
 78890
 780101
 221370
 230197
 878041
 426310
 842631
 989686
 622217
 206212
 1006031
 10082
 1028866
 285354
 419331
 1054237
 243554
 370574
 218937
 858184
 392956
 277892
 1038573
 1082803
 1022024
 120655
 722960
 334655
 550983
 713293
 482634
 894309
 214797
 795619
 719976
 428227
 56386
 746084
 133485
 672033
 1082929
 492928
 992737
 741259
 513197
 724474
 290479
 408630
 919649
 904432
 639294
 195609
 614998
 684851
 37311
 831223
 650314
 668329
 736704
 277873
 5862
 887083
 85996
 200271
 235590
 801480
 377354
 993616
 654830
 1096051
 467117
 921685
 962787
 517670
 1060834
 413584
 1000521
 479176
 221860
 100191
 766956
 890642
 1023849
 342049
 364867
 944036
 885844
 769547
 739496
 787743
 702488
 5206
 379921
 630919
 699112
 396616
 266618
 823650
 420326
 294141
 535866
 225091
 735830
 216573
 497563
 263919
 385538
 1017762
 1025381
 322920
 608775
 525687
 356039
 976936
 745609
 146418
 27821
 203223
 261724
 384078
 405415
 271086
 239100
 643882
 740667
 312472
 942722
 629111
 740826
 452950
 269522
 162494
 1059209
 435647
 412477
 854813
 662371
 770602
 963068
 617325
 679860
 483066
 728809
 606252
 1011965
 217629
 854817
 349415
 814442
 1089711
 344954
 191385
 796530
 177091
 163568
 1049236
 351195
 257163
 387011
 94493
 593291
 476355
 490096
 573282
 1079349
 267843
 623176
 195374
 186504
 863622
 942653
 439397
 341712
 172600
 311607
 455755
 460348
 704403
 840674
 402157
 955244
 377075
 957024
 160210
 1003505
 385600
 1090687
 503950
 820685
 1021352
 759874
 1089557
 791283
 617117
 771452
 341125
 659309
 743372
 769354
 712229
 765956
 693409
 456880
 308568
 224563
 696709
 555228
 306259
 439665
 764840
 120665
 426357
 586066
 351871
 152919
 604777
 390934
 101795
 893075
 1052033
 288760
 832276
 932573
 1013090
 4159
 785901
 811339
 116024
 633410
 814781
 1053459
 480591
 535912
 1022552
 810879
 1046188
 256405
 319392
 567584
 522861
 105527
 781641
 978273
 180709
 994953
 1031025
 509040
 303841
 238583
 441922
 493707
 231034
 938600
 773033
 647486
 216409
 314983
 389179
 363561
 250202
 22670
 487497
 49706
 379287
 110307
 907494
 316536
 953167
 511745
 562468
 682946
 956907
 281299
 1017848
 177582
 267522
 305076
 661658
 347964
 572520
 954252
 7295
 807696
 984822
 166219
 337092
 749754
 456034
 945454
 54588
 625578
 228776
 507296
 503832
 786344
 1086832
 1028331
 474503
 561035
 589522
 1040484
 713894
 65730
 109891
 997918
 190771
 627081
 928534
 516258
 771197
 820517
 253603
 357887
 770989
 768673
 849095
 378299
 2722
 418609
 660374
 920962
 583116
 299560
 192931
 310025
 938816
 79417
 842975
 606610
 68994
 759816
 1044551
 533158
 913921
 11421
 502535
 1035499
 363862
 247538
 669901
 28158
 577737
 1099445
 387994
 459661
 990469
 346691
 345950
 396559
 170223
 553594
 238473
 152874
 19705
 165234
 549291
 170037
 449722
 88391
 23360
 528392
 442924
 758923
 614116
 212941
 391962
 784917
 204341
 987085
 178952
 609765
 117355
 96150
 910323
 95624
 1019281
 210165
 41570
 932834
 667282
 125196
 70417
 884846
 780572
 527601
 44077
 703769
 540932
 454038
 1034688
 193450
 627386
 369399
 348395
 719136
 1027079
 628369
 148207
 47688
 79929
 465530
 1048809
 46985
 919487
 565052
 896224
 316756
 797411
 313112
 610437
 538990
 42400
 564070
 1010228
 972187
 412575
 341318
 674478
 999304
 361724
 111225
 608296
 74331
 874430
 66295
 976347
 1043639
 716206
 702737
 284113
 666745
 189539
 481066
 419293
 1015340
 1086142
 96764
 217493
 248151
 765659
 8308
 724464
 72262
 349243
 388145
 760089
 307112
 114504
 153296
 830061
 281884
 35293
 917696
 90699
 1069924
 43254
 964616
 430031
 644566
 14863
 126774
 774950
 768892
 1060847
 471049
 728250
 909332
 615025
 52264
 301569
 413963
 420881
 780201
 532311
 186462
 958283
 98118
 309526
 742001
 174183
 254472
 420207
 158086
 868315
 1003176
 997300
 373173
 24991
 201916
 708762
 168452
 91070
 169416
 215759
 824113
 341746
 483813
 121508
 166696
 764165
 589290
 891814
 489198
 349537
 396527
 781489
 1072119
 774382
 788419
 33722
 211440
 526348
 654261
 988716
 1071190
 87402
 538653
 62943
 237581
 954657
 532020
 989476
 1069982
 881575
 67211
 1062541
 974355
 205184
 427343
 627473
 1013330
 494989
 356250
 130889
 963228
 274689
 1080827
 429588
 731776
 597482
 770380
 541710
 269750
 197469
 683412
 402379
 268025
 513650
 829743
 832991
 1031528
 813141
 560097
 955626
 484398
 127322
 335725
 79463
 335088
 428239
 971173
 1077712
 196879
 455873
 1066419
 252694
 926826
 821986
 1030793
 735225
 569141
 596431
 2490
 1098685
 984101
 505301
 557739
 98538
 726050
 748573
 1040303
 530606
 814401
 560190
 981616
 1038409
 534260
 590529
 795353
 367562
 819907
 950106
 722691
 133455
 729292
 23542
 402521
 89848
 166662
 578642
 310988
 538967
 745241
 197457
 106837
 338068
 848731
 425648
 159092
 982970
 933562
 490623
 937357
 722323
 152118
 202566
 642801
 241195
 1057224
 971812
 652835
 663150
 468730
 690504
 403636
 172204
 37476
 1028081
 16362
 319196
 510743
 197054
 938225
 993781
 891331
 284300
 388921
 110310
 655644
 249351
 905104
 968181
 117181
 934464
 690273
 812680
 797238
 1075615
 397017
 995816
 495389
 557586
 30665
 68374
 786055
 331488
 317286
 790818
 99879
 1057045
 984726
 88960
 1009310
 755911
 772545
 539932
 354360
 817345
 137107
 1009283
 444939
 879531
 1014255
 1090477
 753890
 259512
 752807
 197584
 1084876
 662417
 921240
 570550
 856985
 810272
 586660
 661889
 701927
 715148
 624736
 1079890
 319740
 309999
 606080
 830460
 766473
 735207
 269742
 971876
 409206
 603190
 580416
 680402
 588606
 864443
 314022
 938574
 12934
 1078886
 134720
 887099
 562466
 1017270
 839563
 350004
 921132
 648700
 814524
 488601
 148692
 165657
 983569
 847369
 915948
 690172
 757910
 125788
 983788
 151987
 402958
 876363
 281074
 947354
 252924
 686526
 174117
 948604
 732929
 863382
 181222
 1033068
 84074
 247002
 778799
 957947
 522842
 156871
 572686
 554956
 157373
 715240
 169028
 202609
 697930
 426032
 356409
 1025013
 425386
 21898
 588304
 708533
 777607
 34209
 856005
 243090
 40447
 318129
 1095528
 208228
 171663
 417451
 258470
 230401
 685551
 283934
 570656
 1017513
 259097
 295107
 812486
 257778
 254660
 97100
 364862
 768454
 700185
 99447
 109382
 644847
 965253
 90951
 865479
 707542
 588688
 941524
 853541
 625866
 89438
 656982
 1095125
 841273
 64754
 323084
 48370
 606406
 596659
 617901
 750340
 651491
 578481
 468758
 494059
 740912
 679290
 458939
 807602
 156529
 569140
 865754
 486441
 37831
 383264
 191615
 868264
 69225
 1015154
 633502
 91063
 152078
 69633
 433685
 1073051
 403400
 69424
 1029199
 235167
 668750
 999027
 602480
 709328
 590481
 793761
 329141
 365736
 26181
 14398
 769743
 947917
 1050338
 292433
 771130
 1047438
 383958
 564779
 843915
 94715
 623156
 80260
 817838
 190700
 404045
 675313
 628697
 1017960
 657819
 420684
 296502
 646345
 483642
 593039
 652117
 75015
 465633
 963121
 740197
 975163
 378830
 172054
 1063277
 171458
 59218
 610186
 396220
 416754
 692297
 254649
 272834
 29051
 970312
 990703
 599477
 829394
 690678
 260095
 361230
 806669
 655651
 462730
 1002430
 375389
 674488
 39963
 8272
 708615
 118686
 829988
 572923
 1039212
 209739
 267746
 79632
 150401
 888973
 360493
 118229
 454001
 97404
 779660
 200169
 1087816
 391275
 392492
 699754
 906637
 455324
 359451
 749745
 498573
 951554
 158317
 617184
 1011342
 38712
 224272
 935267
 998859
 826010
 273294
 93016
 866232
 995810
 1073125
 601034
 230587
 762488
 305094
 93998
 367794
 338244
 660177
 103902
 708962
 271395
 980257
 205033
 919860
 150635
 391050
 480061
 400009
 133685
 6304
 37096
 599794
 484832
 764918
 194480
 681990
 840699
 456394
 866928
 419865
 482151
 465607
 145203
 79004
 411905
 1092653
 392831
 946729
 480392
 719585
 546769
 904979
 60414
 884461
 992100
 202538
 477785
 664285
 752660
 292477
 839288
 776208
 862028
 201763
 281305
 28801
 164501
 183940
 486060
 1005203
 836904
 193621
 815288
 1043161
 582744
 612367
 553343
 239846
 396378
 1016775
 86550
 697750
 318538
 701339
 53657
 930588
 804827
 160081
 354759
 957387
 430301
 395375
 645829
 897649
 153153
 977647
 143094
 289936
 787726
 817052
 288525
 696159
 975591
 947045
 1011244
 166067
 161972
 224805
 382759
 554972
 189781
 134266
 726019
 224433
 108221
 740314
 834976
 149713
 962654
 455151
 1076411
 945338
 1007990
 716922
 21572
 47960
 242979
 711878
 908446
 798279
 190671
 609311
 427134
 1062442
 38819
 32327
 170933
 768833
 857882
 357229
 842219
 601960
 174932
 39960
 778943
 373336
 710213
 77379
 223278
 724045
 911916
 24000
 384450
 388040
 10042
 1080279
 573014
 230128
 48778
 6408
 205906
 97487
 403350
 376210
 701265
 773580
 449788
 362958
 678251
 143268
 54669
 45668
 194810
 783490
 67068
 61244
 1048994
 264699
 800226
 247973
 363666
 220571
 844218
 1024012
 654863
 72076
 923999
 769736
 398783
 500121
 472603
 237123
 60854
 903133
 642378
 495665
 609136
 862382
 209185
 850909
 384502
 204176
 871850
 798671
 298656
 444211
 1003934
 330095
 178998
 384515
 349862
 439388
 1085609
 459160
 303911
 550008
 452936
 926221
 376215
 771944
 797009
 101830
 1051934
 598626
 384250
 789205
 195198
 272099
 1007106
 820022
 700379
 425839
 354354
 589442
 870329
 151009
 834142
 201344
 19187
 200501
 786061
 325000
 704833
 952446
 121998
 318045
 307744
 871857
 826697
 15555
 303243
 156477
 874473
 110125
 920232
 141564
 269902
 251526
 497631
 856778
 767165
 79176
 200744
 353593
 672250
 908806
 59418
 397335
 236236
 327419
 587501
 501576
 73624
 194191
 305126
 1009925
 572028
 936011
 481904
 431622
 447951
 39237
 226177
 510221
 618743
 670565
 483744
 90458
 739665
 1047951
 510660
 204317
 179948
 636541
 174484
 98778
 685703
 60381
 236029
 307579
 1058997
 1013619
 323034
 1055228
 242908
 1057020
 949897
 177862
 797470
 694832
 56051
 1074943
 182151
 685460
 951024
 504847
 1056303
 287676
 131315
 212524
 748709
 1031053
 517374
 288139
 504649
 178321
 276572
 584597
 793346
 355325
 68065
 109104
 370630
 937650
 277083
 108866
 595691
 103013
 613977
 226875
 1011677
 930770
 1096489
 187793
 194156
 551362
 87425
 619442
 536060
 512986
 346315
 633205
 1070106
 989466
 835686
 638993
 560267
 809814
 163991
 819464
 256454
 70778
 169150
 352480
 451017
 803029
 70374
 404013
 986302
 669551
 116573
 593480
 410991
 683294
 346699
 313878
 998988
 935549
 164284
 1093077
 366717
 308214
 835356
 304834
 86162
 593477
 122413
 451303
 166431
 598021
 569697
 694213
 187641
 793178
 400522
 462178
 172648
 975399
 773848
 133378
 8343
 763360
 70945
 596051
 804778
 267469
 369854
 943191
 122765
 816583
 101877
 739519
 425469
 602330
 694408
 424901
 459657
 454059
 639493
 508096
 968435
 770538
 587097
 1022965
 807177
 626334
 682246
 567351
 897173
 792546
 915108
 1078717
 842650
 222187
 768029
 702613
 708588
 751742
 559271
 834296
 1052887
 937419
 167984
 92794
 173399
 369251
 268708
 1051051
 872458
 814124
 912102
 847515
 820627
 705707
 23425
 723578
 339275
 887450
 237219
 613440
 85867
 302077
 832672
 695962
 697853
 157048
 208066
 58207
 805731
 744720
 835549
 575575
 789567
 699688
 713139
 993308
 510551
 975059
 243056
 482890
 725222
 41129
 94957
 261517
 937849
 948870
 297617
 99407
 741660
 680816
 1096954
 264492
 696873
 551895
 583228
 408478
 650634
 537946
 400908
 972865
 256360
 938423
 544001
 766081
 349603
 472950
 552351
 388511
 468829
 177708
 218292
 795857
 532688
 333424
 811442
 775482
 57082
 503725
 566610
 1023727
 302806
 993403
 94289
 557871
 897288
 681664
 993483
 822808
 65159
 829957
 38123
 498216
 420281
 724636
 31655
 910515
 90029
 267547
 416023
 659345
 86565
 132860
 495333
 997645
 567477
 832668
 98675
 708869
 338497
 653861
 548954
 355610
 602905
 929281
 106932
 346111
 519988
 448331
 1016829
 904384
 918557
 946890
 23793
 963883
 1054473
 168502
 804656
 874509
 607821
 402981
 1009141
 995590
 552171
 279756
 116936
 117659
 871859
 492881
 675682
 245673
 961682
 1063504
 514191
 328544
 290739
 353411
 229521
 533235
 760088
 536658
 280902
 963072
 309098
 231655
 410346
 396679
 852449
 814209
 983813
 90173
 48191
 527608
 351892
 148137
 304398
 875632
 423178
 75225
 590019
 631744
 524587
 150127
 289317
 462677
 966200
 147300
 894709
 484038
 1011043
 416593
 710858
 883236
 965835
 630833
 885271
 512608
 531359
 937471
 473228
 627916
 821557
 284852
 252237
 505845
 779994
 606991
 1041876
 273294
 853653
 321486
 965418
 253878
 714267
 158570
 133531
 194443
 3971
 265892
 858782
 536222
 961765
 608756
 630183
 252024
 1027786
 439723
 968400
 747740
 199650
 187125
 119010
 138612
 972134
 274329
 771222
 4385
 597706
 835719
 963443
 84781
 390935
 183204
 898025
 1037182
 640880
 842412
 559391
 361863
 490858
 834090
 187105
 415493
 1052450
 681081
 563071
 556835
 721313
 468522
 532934
 50982
 360363
 172478
 1042803
 855594
 253767
 1014673
 629699
 257491
 56301
 50967
 55972
 1057614
 636452
 669020
 630226
 407299
 967757
 294677
 250750
 1099304
 925379
 743068
 733388
 232737
 406538
 662288
 731675
 700530
 366901
 270082
 187959
 20009
 348853
 372419
 758551
 1022644
 122945
 970165
 628917
 539607
 278572
 159155
 84549
 748699
 475945
 263772
 552310
 471592
 1026181
 981668
 1057609
 789432
 491499
 834424
 1051453
 1078730
 534872
 196121
 434842
 478438
 255204
 420323
 60869
 886061
 357401
 418287
 273724
 80445
 143393
 275363
 413024
 933128
 432044
 174020
 1091089
 199813
 1097998
 155660
 790927
 570494
 38707
 700069
 166691
 328402
 54165
 160152
 79693
 818196
 20105
 87003
 618944
 115626
 650865
 99335
 161872
 117949
 287307
 300520
 267877
 857533
 398013
 486930
 500030
 456098
 131760
 671537
 1034546
 131716
 436470
 183506
 474790
 761131
 830316
 805924
 214456
 1050724
 716287
 332084
 855699
 1038434
 589604
 762970
 466173
 238389
 777829
 981213
 433925
 1055817
 1036321
 771602
 334764
 855101
 6847
 949693
 674825
 236717
 964726
 1048876
 731682
 523496
 923829
 535072
 1035403
 47695
 33744
 399361
 1078162
 1025219
 752975
 72077
 615086
 317336
 906655
 780612
 924141
 678013
 915249
 441011
 534169
 114282
 232275
 889082
 55823
 579727
 56027
 290992
 814891
 1094181
 41807
 590203
 325193
 643036
 1052118
 220501
 734388
 388992
 570273
 657474
 157847
 727793
 758574
 674734
 692819
 1022873
 247181
 454267
 249733
 54878
 5753
 720606
 314551
 116998
 793517
 430677
 543510
 327126
 270426
 621827
 857250
 486035
 108703
 1003227
 327463
 1044527
 359856
 814572
 367541
 957936
 181393
 563741
 1029008
 141925
 1019993
 658180
 11394
 484557
 1089040
 384393
 441832
 1084383
 365994
 154505
 654994
 274210
 529159
 636049
 351573
 1091170
 993612
 37511
 312894
 739705
 224107
 836104
 325416
 304003
 842502
 303253
 568364
 555671
 290664
 830401
 231389
 483821
 835778
 647787
 352701
 3596
 682664
 29175
 569700
 735188
 530174
 647283
 791760
 292913
 819159
 374242
 687483
 305792
 613724
 426633
 741341
 568430
 937742
 151751
 214115
 125970
 242934
 947471
 15473
 1086030
 580549
 353586
 805920
 265431
 154879
 493242
 52599
 906786
 1043876
 257418
 280992
 826191
 512569
 720477
 175153
 839634
 702606
 222091
 5955
 462873
 820114
 1068235
 44687
 565268
 357294
 1001075
 526176
 138872
 552363
 87811
 857820
 732764
 848164
 27762
 175444
 129511
 814612
 1031209
 917365
 516661
 670594
 504846
 535466
 658467
 628716
 1006801
 359684
 121068
 634898
 891739
 1012187
 86778
 644734
 374925
 1018334
 500574
 899384
 15504
 833910
 1082403
 200546
 210434
 826832
 734839
 1046803
 1046593
 344886
 252612
 208858
 889785
 498317
 1089057
 992177
 526
 642421
 1007965
 1009787
 306911
 178245
 458245
 335860
 1094167
 533376
 162225
 281448
 510002
 248622
 226113
 996537
 378843
 1076420
 406403
 946119
 833888
 800365
 186759
 974823
 169767
 181439
 43321
 233313
 616817
 306636
 719927
 1095130
 151100
 818494
 451677
 1063056
 22902
 13304
 26203
 258576
 1061979
 83392
 41672
 941855
 937235
 538197
 465416
 823268
 1086611
 133327
 45352
 259491
 127365
 970252
 705691
 1042789
 489788
 1051715
 507325
 250000
 955622
 954167
 792679
 155508
 913667
 344001
 772143
 846429
 1056076
 944517
 111905
 709517
 912467
 945176
 957342
 116565
 1041431
 134618
 693969
 772941
 1093953
 999072
 420645
 320243
 536414
 194178
 683614
 679656
 199926
 287636
 753457
 764880
 217689
 75048
 597973
 224460
 324571
 961511
 638092
 129572
 632501
 859239
 427276
 816700
 938105
 973746
 621332
 737222
 915294
 263574
 731540
 334301
 194682
 1069132
 1058708
 672197
 412657
 982026
 525927
 388357
 477221
 214109
 58469
 25302
 267489
 1080543
 928732
 940506
 1036097
 671722
 877445
 649654
 932307
 448818
 1000343
 143269
 725027
 353205
 326649
 297143
 371381
 891442
 642247
 349144
 116670
 176995
 137238
 42285
 565239
 134492
 836322
 365768
 1081355
 53054
 106319
 767613
 604225
 532962
 733566
 669538
 122641
 127158
 29089
 1080473
 191634
 623583
 423571
 166746
 593512
 285187
 949283
 225261
 561135
 555572
 64792
 853145
 951057
 733644
 76269
 858296
 977857
 32464
 415528
 175245
 951794
 667263
 771328
 451435
 73003
 831869
 569248
 553879
 953069
 613225
 772638
 166641
 477760
 78224
 1005265
 965300
 441314
 440043
 1084536
 937842
 344862
 77931
 657788
 427586
 543406
 780252
 199239
 21264
 355127
 104262
 724502
 9379
 316246
 140999
 36834
 1054264
 435992
 753749
 1075068
 454594
 50245
 432768
 151212
 298327
 745244
 67571
 771998
 176213
 1007007
 739702
 641052
 986879
 724775
 967750
 229803
 853255
 624762
 531913
 609259
 715691
 860855
 156603
 113029
 804859
 595782
 484181
 1085459
 640894
 135536
 324377
 673412
 308692
 278559
 759093
 402630
 573106
 279083
 429115
 1004752
 956727
 163071
 181161
 135451
 43643
 339375
 284582
 263771
 813037
 1037471
 799824
 867732
 65708
 228026
 576594
 676994
 715549
 457251
 106436
 413653
 281161
 299830
 886918
 267691
 92876
 526784
 755451
 813605
 716783
 831035
 924733
 55438
 449022
 344660
 644072
 158632
 676554
 2858
 1013968
 174800
 447920
 386755
 483412
 847749
 154645
 713095
 491670
 967623
 67453
 1030021
 1007010
 171374
 542148
 452797
 837837
 745493
 200666
 953683
 796517
 366168
 17465
 362356
 16262
 990169
 1098428
 302855
 43674
 448401
 1066485
 739505
 729800
 1046147
 668176
 208605
 482898
 96569
 830068
 860744
 707673
 371567
 31632
 208066
 240804
 653279
 393813
 655629
 161191
 1088181
 592683
 387388
 596890
 50358
 725381
 343357
 241928
 325483
 771410
 143788
 443074
 463377
 342803
 373964
 915092
 573671
 504964
 945568
 487702
 461683
 978248
 49260
 1044209
 810730
 104730
 255372
 393022
 919999
 217840
 421365
 277428
 66433
 134685
 1039326
 761167
 1076845
 699696
 190377
 242667
 345568
 553273
 967844
 412689
 16470
 99666
 748580
 795760
 694297
 975510
 449804
 894128
 75080
 179536
 998399
 962339
 799321
 757429
 498848
 928827
 1016040
 101724
 13051
 987305
 30178
 63708
 649428
 359740
 507085
 89875
 465125
 620904
 982442
 100200
 694991
 805832
 1081992
 261876
 321415
 1059925
 842310
 53418
 219127
 645380
 1045980
 215947
 179678
 1065777
 481301
 649936
 156982
 762784
 364167
 1024086
 255868
 746771
 615800
 828441
 666939
 1097994
 93269
 940436
 272776
 944952
 1002340
 4969
 878628
 710485
 320487
 98475
 329786
 582682
 1005335
 352231
 740610
 841366
 251896
 204261
 893632
 1041765
 761475
 663712
 40598
 851865
 960029
 1049366
 220354
 993038
 856419
 568752
 1012764
 422325
 377200
 528592
 1007257
 839539
 1001976
 131951
 625898
 460356
 676520
 881794
 166243
 496940
 275470
 739598
 315227
 408996
 1020247
 101219
 329413
 268630
 385936
 977626
 399334
 80754
 51694
 79729
 83090
 215349
 869621
 1080677
 75428
 920536
 561360
 622744
 958910
 1032097
 728874
 52713
 763308
 432127
 1056269
 1030833
 926304
 270188
 44892
 738188
 915762
 164657
 155868
 491778
 328861
 1083942
 187757
 886726
 889550
 886267
 590643
 925364
 660449
 707807
 487497
 903800
 667386
 571064
 561310
 268570
 1093807
 696916
 175403
 1056183
 397240
 59617
 768326
 642464
 267101
 561440
 271232
 541143
 443704
 288522
 986735
 573421
 849991
 26067
 672554
 210752
 43158
 806754
 146943
 746696
 1052677
 673482
 698197
 575974
 732626
 587446
 574162
 659791
 630555
 859523
 598793
 920118
 874188
 264273
 248414
 620747
 993999
 1032579
 708240
 590454
 557966
 647780
 903634
 158474
 419854
 1033953
 854615
 283950
 104563
 425439
 695328
 898729
 834492
 477085
 99486
 1060043
 170757
 866089
 539145
 195752
 405778
 607877
 174083
 65164
 1067861
 22776
 1005362
 793905
 784268
 634016
 842836
 749690
 939642
 392259
 716586
 491226
 447590
 846651
 830324
 637985
 774530
 1066954
 472972
 777061
 40886
 839363
 235662
 873915
 157116
 477620
 1327
 274711
 17979
 966158
 350875
 684397
 560458
 922974
 409591
 592391
 632760
 838915
 320705
 904785
 393720
 214573
 453880
 760103
 1028197
 536316
 816335
 621045
 966194
 903264
 1042366
 230743
 201784
 374817
 733480
 596270
 387631
 704520
 877439
 139350
 1084491
 714446
 560418
 305776
 901842
 597258
 119603
 800976
 966758
 1024022
 409968
 611049
 575784
 861760
 589035
 120232
 966140
 6307
 1003448
 661787
 24440
 985732
 170392
 696201
 200527
 544570
 788559
 260159
 744887
 648858
 167884
 435607
 362986
 631011
 278945
 207755
 829919
 242296
 377803
 107025
 536610
 300739
 1092124
 1021333
 833696
 1080020
 131263
 142896
 55920
 751486
 706017
 841020
 542586
 34367
 886210
 80989
 574953
 306396
 400798
 383215
 637705
 935256
 983762
 801475
 993567
 882721
 1559
 662987
 851059
 118954
 1010647
 1086579
 178619
 194623
 156669
 864702
 875243
 100754
 188775
 1079990
 839965
 498671
 632408
 1018834
 210138
 565638
 62941
 353488
 157217
 100080
 312994
 474517
 558487
 604760
 652429
 1007100
 636604
 70923
 355015
 887962
 239233
 622659
 152960
 141326
 472384
 766489
 360444
 796794
 551125
 382803
 455282
 937002
 76001
 635914
 555905
 225272
 205557
 1065781
 589681
 413022
 901644
 1036104
 906961
 456313
 416823
 621794
 892752
 330594
 629994
 1044445
 80840
 331644
 727927
 577292
 575680
 682190
 480371
 801753
 577542
 378907
 872119
 980909
 1059244
 952370
 1097173
 82453
 938832
 872701
 342200
 228071
 695512
 1049211
 913872
 566994
 357341
 822025
 459347
 55173
 1065082
 605537
 963412
 670890
 75734
 376289
 161230
 696815
 204813
 781237
 11264
 1073734
 10594
 558546
 896534
 244993
 214965
 868759
 653618
 564354
 854016
 146063
 425016
 819163
 995043
 45087
 631159
 541169
 629895
 1095872
 795554
 62514
 841966
 869817
 31058
 382435
 205939
 340131
 131261
 247720
 155225
 503038
 148434
 391821
 594224
 292991
 1091588
 938850
 372901
 465651
 507475
 1039697
 231780
 917162
 561907
 185864
 676674
 769357
 62405
 73511
 472448
 1076
 210642
 757608
 642071
 386615
 334523
 78622
 298506
 714494
 124293
 366640
 868696
 134922
 164580
 472551
 744866
 711083
 881490
 894424
 423590
 604806
 868297
 776250
 978655
 384151
 670539
 688370
 755194
 43828
 1008086
 747053
 529953
 418703
 442131
 399726
 478690
 788125
 170319
 1032314
 696144
 458860
 394496
 1057347
 246899
 399361
 487697
 401607
 429624
 849663
 992013
 623044
 124962
 89895
 102179
 852186
 432719
 468879
 917317
 455118
 356072
 930218
 1034865
 957729
 564024
 787709
 1012865
 1002382
 66351
 431661
 996779
 1007726
 1072147
 774158
 940222
 84257
 57196
 710217
 407677
 326362
 30899
 279433
 548896
 704338
 675500
 447281
 419679
 440856
 193787
 462220
 730785
 165349
 734220
 863919
 916064
 133512
 73394
 67150
 503375
 169058
 1309
 995458
 836674
 858795
 906894
 109116
 17897
 894047
 456433
 1008463
 460893
 969506
 788122
 176228
 682616
 626031
 340431
 1075345
 1069514
 948364
 468005
 501592
 357606
 266686
 891234
 219445
 120670
 616602
 250659
 106313
 895405
 916967
 358430
 713124
 555601
 445123
 34052
 590083
 901141
 69209
 1032698
 440821
 145878
 670431
 1068909
 638238
 700874
 172544
 718672
 19846
 290363
 1040165
 861592
 959963
 1077676
 236328
 939051
 585262
 797959
 1027686
 313734
 857292
 1084633
 556684
 567864
 960235
 142923
 704747
 206624
 807471
 13653
 405567
 111766
 806206
 581241
 1042878
 1026990
 426157
 713286
 917575
 298573
 702961
 946254
 40055
 222179
 188825
 671425
 551190
 581106
 487669
 1053979
 923858
 313302
 209577
 722941
 961088
 75362
 874665
 391806
 508167
 477853
 1001547
 843304
 468703
 283747
 697076
 693826
 340
 130148
 776349
 848032
 14642
 647063
 376275
 188768
 7621
 957696
 140564
 682425
 805196
 582525
 226343
 846939
 66661
 718478
 595459
 1065266
 430644
 315934
 1082335
 260520
 757902
 381242
 431663
 558915
 421620
 81580
 525157
 719702
 796177
 638799
 405254
 303011
 288223
 389424
 315701
 858813
 242065
 380734
 624
 325575
 851514
 56549
 733294
 902202
 149817
 126385
 677067
 402020
 122181
 91637
 920384
 179148
 484724
 738293
 125025
 161622
 659910
 1032951
 902887
 988501
 496023
 811604
 469869
 697965
 1039036
 74468
 62034
 437844
 282685
 102165
 11165
 569906
 181009
 246485
 700363
 970234
 46050
 771989
 1079675
 172887
 62134
 793990
 669918
 177438
 283297
 938036
 1002314
 281015
 702613
 604122
 992440
 665122
 261133
 429713
 1030475
 977323
 168038
 815211
 797679
 967916
 655144
 982072
 501369
 915628
 772738
 538172
 759154
 767930
 7004
 267128
 399318
 737488
 78495
 1057829
 106122
 379542
 1055713
 229850
 206545
 288175
 1053094
 1051858
 558873
 245951
 36659
 705318
 700979
 704366
 1083443
 804441
 425631
 980036
 393103
 400270
 96764
 1006642
 653118
 778279
 617583
 320421
 451741
 126623
 876589
 627709
 868305
 559074
 848587
 984763
 308560
 259523
 207498
 809398
 179318
 155950
 715150
 526159
 1007605
 1024826
 1044811
 750901
 695484
 54438
 712701
 991487
 786932
 202744
 903180
 723956
 480988
 443768
 265057
 601769
 281839
 841895
 233862
 956502
 664580
 31752
 498928
 215984
 453296
 615281
 1000618
 120420
 970294
 944314
 1064792
 947669
 983684
 817139
 1057581
 880898
 872107
 761944
 611686
 1000006
 730795
 609341
 200858
 366210
 213373
 961726
 783558
 965722
 808673
 791614
 246101
 147392
 796894
 1067372
 1034642
 238985
 766685
 80348
 716831
 310064
 553537
 976109
 405728
 563031
 1037765
 824744
 212270
 100665
 794019
 975785
 261326
 19714
 59581
 1090703
 1055573
 608754
 730547
 228964
 151962
 245518
 492043
 968523
 249433
 122432
 26903
 522208
 100753
 655445
 883104
 264164
 996483
 910459
 496219
 657731
 706737
 689715
 1033955
 105245
 507617
 1096567
 468034
 694906
 1029849
 764194
 935283
 39689
 425309
 288835
 692744
 678946
 875714
 615330
 857515
 668110
 976300
 921452
 498605
 599918
 764584
 999159
 1086021
 921082
 352881
 286119
 913751
 884410
 775507
 473557
 75643
 271303
 252759
 166035
 533639
 528511
 581781
 377959
 885289
 900298
 125231
 112091
 598525
 324774
 785290
 801896
 851980
 44115
 29835
 39278
 382438
 576509
 66727
 939036
 1041592
 276298
 564241
 705936
 35783
 181807
 519049
 53804
 263560
 363863
 564740
 123253
 663781
 2350
 649932
 946913
 813794
 836437
 533137
 296848
 350616
 1024727
 135978
 833752
 180825
 803387
 472146
 895881
 678288
 145070
 929055
 715001
 664320
 435550
 580226
 487014
 314706
 915059
 399222
 259353
 246987
 418169
 807184
 86991
 165692
 496589
 1091258
 954635
 677552
 949386
 655065
 93577
 750670
 337112
 826070
 1060475
 803264
 504240
 13747
 874897
 355927
 891609
 1041562
 1090395
 54839
 543174
 424759
 972245
 805007
 709267
 867391
 735972
 158112
 900663
 515093
 1027022
 258210
 1065485
 880644
 1007786
 718464
 946444
 1060318
 1043589
 779135
 474812
 459421
 100793
 813337
 984358
 509284
 425152
 554887
 328523
 556668
 251189
 201194
 711195
 5741
 721558
 406985
 506546
 590782
 973959
 492155
 516277
 98873
 688504
 1087675
 745116
 311759
 738558
 144440
 644374
 754910
 148247
 396450
 396815
 5432
 930746
 280927
 632925
 43173
 984092
 937604
 16353
 1001449
 962080
 471311
 41785
 338475
 928908
 769412
 777121
 471781
 450205
 1050366
 243842
 39822
 854684
 62299
 1092836
 384844
 512553
 48793
 725914
 15873
 702645
 475685
 990445
 1059379
 575795
 533146
 930102
 508233
 522814
 276165
 575598
 358234
 403359
 51696
 311927
 273650
 640973
 210149
 148437
 437078
 125393
 610324
 277215
 238735
 1082290
 906321
 622335
 614302
 297099
 360963
 917722
 1070274
 353755
 533839
 952470
 114967
 450636
 624667
 282261
 476728
 676954
 750212
 564422
 185264
 979126
 1094674
 582871
 257611
 945782
 55985
 761280
 248975
 446354
 1017368
 619603
 79369
 384079
 38676
 207960
 736222
 982456
 170975
 893350
 1064632
 1026108
 575293
 45141
 383378
 922333
 146463
 1011079
 305294
 111871
 986887
 761400
 100830
 949541
 229155
 878225
 103710
 1030914
 163248
 137500
 914012
 468124
 546161
 112508
 1097232
 723901
 675615
 1085860
 479322
 871960
 646136
 402290
 198392
 259580
 34119
 51493
 572446
 749804
 563043
