611897
 1059973
 975709
 1029776
 1023785
 885003
 665095
 1079302
 497798
 1042918
 88091
 878473
 288995
 252344
 839861
 576341
 559524
 15395
 835859
 140675
 738794
 587091
 934822
 434620
 978581
 154561
 4732
 789011
 621996
 107309
 664251
 1058366
 862105
 894003
 1032102
 177264
 579063
 53161
 836088
 151431
 286173
 678181
 839754
 971719
 17172
 927272
 428842
 169243
 436748
 241820
 486027
 626705
 893586
 7599
 990671
 110061
 221005
 277057
 694327
 427486
 844966
 528783
 710698
 307420
 762212
 972968
 996154
 828157
 481843
 643181
 959226
 1026477
 506438
 359111
 888701
 611660
 352775
 776799
 377870
 978602
 480248
 247042
 59201
 537700
 487322
 327021
 567242
 772023
 168240
 262805
 464248
 430469
 91972
 1038122
 999203
 450800
 985215
 865944
 1071442
 480392
 298804
 358013
 240143
 531287
 250449
 897654
 915928
 311422
 859070
 93361
 296244
 104683
 990175
 100709
 3269
 837903
 145632
 596475
 570944
 306691
 251554
 152074
 439455
 1053335
 464978
 1030217
 704058
 156001
 504328
 321827
 205629
 792243
 943874
 794119
 931038
 280740
 365981
 845694
 555139
 194338
 565836
 261929
 726842
 11006
 274915
 920633
 852819
 407119
 46816
 900716
 551496
 1009608
 203825
 269303
 529189
 884448
 884200
 667099
 134355
 788721
 678422
 331411
 690141
 215446
 728860
 241792
 842782
 254602
 378228
 57685
 642629
 787803
 915208
 627639
 570552
 280121
 81528
 1002198
 875821
 270768
 492667
 952949
 737018
 449674
 363660
 814753
 224868
 7225
 213866
 566329
 906770
 787160
 952096
 687299
 663889
 597807
 738180
 665370
 1021586
 427312
 205
 352640
 91293
 742909
 904327
 706164
 982884
 1035817
 589574
 18273
 783347
 223855
 574747
 12691
 902643
 364548
 848515
 674353
 290309
 343726
 490916
 180357
 274188
 1015816
 608423
 930348
 203425
 943354
 784837
 381489
 983842
 264558
 28640
 798410
 819119
 745808
 814865
 219483
 441027
 879158
 471534
 240608
 396237
 664160
 998763
 41113
 615245
 395003
 429315
 810895
 103002
 313204
 902619
 870863
 957736
 465540
 844661
 473256
 1066261
 170006
 381661
 1046651
 547148
 226070
 422477
 681544
 60723
 437740
 633761
 289816
 782224
 29528
 321029
 888534
 556323
 258634
 1082012
 533984
 105650
 43446
 157896
 959369
 139107
 677960
 164826
 818930
 215431
 555359
 54868
 612976
 181508
 152
 198310
 900396
 270338
 221612
 845733
 442762
 986517
 818878
 526900
 726654
 881352
 958285
 173400
 105540
 752417
 987159
 638974
 498827
 214848
 897793
 657869
 458517
 812806
 1020242
 1055264
 1087147
 358347
 437062
 20099
 367107
 967451
 94098
 108107
 359605
 885402
 107597
 353297
 532877
 184806
 360487
 863949
 285953
 659375
 402472
 4537
 548987
 129788
 216320
 16272
 1006704
 763154
 843454
 1038276
 912762
 1080298
 745755
 336934
 585160
 1055141
 433714
 775604
 89770
 1091133
 499545
 37451
 967671
 1098811
 428370
 652194
 310414
 574678
 64482
 942773
 110485
 678990
 223511
 181406
 642477
 525925
 612216
 252910
 587556
 143770
 380605
 35513
 731281
 133154
 38715
 1416
 425742
 274352
 6909
 1049602
 836528
 439489
 531373
 785192
 72858
 738174
 656664
 771987
 31904
 25607
 4798
 814525
 30323
 464395
 655470
 936936
 223327
 58040
 954302
 105284
 415790
 740541
 457980
 275537
 786755
 79518
 768760
 528691
 391355
 72168
 1041865
 683257
 990843
 707515
 913216
 228140
 134289
 210237
 786262
 461122
 808860
 37947
 260316
 208182
 204744
 297744
 958719
 477718
 573611
 1059144
 48488
 1006332
 1065389
 129303
 1063109
 584599
 995884
 935269
 653580
 1025419
 1041627
 200420
 70127
 408668
 170985
 262466
 150942
 46245
 824923
 846161
 316140
 537575
 1062146
 598871
 258978
 299650
 914177
 26260
 701728
 725586
 1026943
 809884
 731228
 682210
 380210
 710183
 262225
 829700
 143895
 827826
 17737
 453752
 175535
 227892
 641163
 359069
 628120
 1091648
 883198
 394714
 1066311
 581751
 1089826
 215926
 998236
 659722
 155220
 367782
 576945
 498729
 216869
 590730
 1054370
 17771
 1034664
 211735
 742042
 126120
 433440
 500626
 928247
 886295
 414556
 919998
 661182
 31947
 578824
 205608
 296289
 466610
 310076
 771401
 701152
 506203
 935777
 945554
 908209
 1064803
 230187
 569080
 276972
 173657
 820566
 222461
 819950
 971695
 90853
 257659
 856064
 787386
 520279
 931954
 1028476
 828011
 258330
 960045
 923547
 264039
 119834
 739112
 1029720
 158827
 15422
 597112
 605544
 852283
 499468
 1015581
 1081089
 601935
 268344
 324134
 647885
 1003182
 80301
 506847
 14973
 669773
 482331
 214526
 284766
 395838
 523212
 650345
 667566
 584999
 61988
 23926
 972970
 146717
 963591
 666879
 299272
 687495
 193805
 786824
 327678
 219249
 672439
 38154
 777500
 838153
 331809
 709442
 529352
 819719
 798312
 685671
 81867
 649819
 333267
 262470
 820312
 343341
 18991
 694090
 1067334
 706145
 995510
 258538
 694626
 103870
 667348
 938326
 186047
 586825
 226454
 416948
 126161
 1046215
 777507
 252855
 342492
 706989
 392484
 178750
 468553
 837152
 84225
 576819
 1907
 889109
 187208
 420513
 422160
 647975
 176121
 835614
 949819
 590786
 60113
 278595
 595840
 1027009
 661838
 700429
 515977
 627690
 539782
 824942
 99863
 859815
 840669
 202395
 750729
 327775
 687176
 223706
 846102
 356564
 326386
 719903
 488692
 883060
 742655
 557185
 991932
 855174
 845161
 461286
 395844
 879922
 340593
 971055
 915789
 754931
 67868
 867975
 35093
 459722
 806706
 515971
 237265
 782784
 354127
 888643
 937649
 271800
 748922
 779062
 971930
 108459
 185753
 954199
 625241
 73929
 662554
 239025
 499528
 506337
 1061061
 201420
 295881
 154512
 156430
 771529
 848664
 891683
 1037818
 84622
 950781
 466723
 119032
 961576
 961905
 606752
 967270
 286903
 627682
 825147
 659084
 1012015
 395334
 448591
 949932
 678706
 619910
 693227
 411080
 271467
 873447
 1049454
 459008
 536983
 374209
 334273
 464899
 166198
 116426
 653534
 230020
 412389
 552043
 1017132
 667759
 232954
 962608
 964047
 241652
 129940
 765964
 837745
 543347
 286072
 173092
 408749
 339188
 828298
 342601
 890445
 1032009
 185614
 783062
 576837
 916577
 568189
 472194
 235166
 323361
 774632
 764918
 127404
 381188
 625726
 15374
 297419
 126241
 685003
 73599
 914688
 569945
 596165
 380359
 740966
 106508
 401340
 5435
 733182
 341912
 782309
 965785
 924094
 853169
 680281
 283914
 815369
 1068311
 580466
 428106
 977997
 285705
 87897
 744825
 722014
 270211
 1060010
 239136
 1056825
 138397
 819653
 727272
 236020
 398741
 161613
 218071
 598282
 697012
 1042463
 902169
 411500
 767956
 882241
 48945
 302590
 126968
 434334
 70380
 44694
 844320
 309576
 956157
 128325
 459303
 852322
 767791
 997058
 496792
 1051627
 166844
 656460
 18658
 981189
 590582
 618274
 344272
 1043517
 487029
 685540
 937765
 946616
 915656
 369511
 774710
 5096
 680327
 773126
 774907
 771377
 897513
 652881
 1000112
 926289
 446383
 205776
 823626
 967041
 354237
 250228
 285781
 676020
 344124
 936066
 903980
 814869
 1079696
 13190
 368341
 915621
 1070891
 482291
 272132
 249316
 723303
 336306
 888469
 169732
 109411
 732371
 606
 592518
 544750
 857986
 356649
 748618
 1016308
 855021
 553567
 701562
 943167
 803743
 384566
 25402
 883627
 880560
 929446
 797502
 280844
 276274
 916844
 1036546
 470828
 392457
 516304
 1040
 778214
 356225
 970136
 889571
 682726
 736838
 562120
 589155
 723259
 1053161
 1042143
 917687
 416187
 864508
 874381
 1021422
 935791
 366983
 752226
 1018255
 640281
 546521
 108739
 925372
 553073
 641448
 253641
 1046413
 950536
 302234
 1077246
 55841
 525209
 591538
 76442
 65723
 1081799
 189893
 423924
 563655
 61667
 978599
 807306
 1093489
 91309
 1068288
 327190
 421292
 593917
 795491
 66402
 213420
 696505
 18743
 806588
 782476
 708789
 782719
 720490
 753705
 85412
 54744
 18398
 802455
 255369
 904800
 366201
 376693
 930650
 399630
 404040
 67632
 1062607
 400921
 1084345
 383173
 616878
 1073857
 197101
 862867
 448777
 936141
 602339
 576542
 714928
 379637
 225931
 276269
 97947
 684162
 886403
 683770
 771419
 698265
 959495
 287633
 525905
 247692
 980134
 511021
 747708
 442284
 463345
 137793
 277867
 43446
 820155
 844301
 565614
 512789
 312888
 166785
 798063
 115585
 252767
 477951
 143550
 604852
 602952
 599076
 561766
 733798
 307280
 968548
 178893
 1000060
 546130
 266264
 1024445
 797984
 633858
 865437
 215678
 431533
 923263
 532908
 534180
 589357
 1019808
 687082
 891959
 682653
 410148
 1008965
 384322
 311861
 1004767
 1097608
 480275
 26584
 865037
 151074
 1042357
 848977
 362440
 66766
 313481
 288162
 197654
 480277
 296373
 247264
 792837
 269658
 585399
 106246
 193425
 196831
 527782
 882791
 101057
 350273
 8814
 689756
 909211
 370580
 438888
 1008890
 45055
 353497
 817586
 992881
 337812
 157151
 425632
 1079966
 1072316
 933729
 577671
 425520
 567321
 915506
 968797
 913125
 1035161
 195628
 964873
 333591
 151098
 23606
 587202
 376592
 272598
 353825
 409811
 547842
 372372
 1057577
 766717
 315496
 227234
 71947
 443827
 348532
 394040
 1066524
 231716
 598805
 19245
 192295
 202567
 605434
 941164
 907735
 747330
 220900
 413000
 704476
 38255
 197921
 393517
 350607
 310300
 277133
 792758
 411725
 1099224
 47907
 104314
 471489
 954348
 742327
 200477
 858144
 662595
 474895
 881839
 48869
 894149
 630057
 902823
 189581
 683186
 796091
 610485
 848252
 23344
 109734
 859060
 237090
 239200
 145796
 969293
 529116
 737672
 438429
 638041
 457944
 120421
 730511
 71570
 855626
 60308
 1079996
 25539
 833726
 771669
 498348
 887344
 1096322
 958956
 636969
 535142
 796742
 805217
 649368
 199872
 626497
 498654
 2561
 942284
 1014417
 742570
 658091
 166352
 792310
 590867
 608172
 963948
 848463
 190218
 778824
 523111
 501143
 967575
 914830
 1052635
 297039
 379743
 176537
 668634
 1070165
 1001162
 1024051
 566615
 496870
 635072
 1054584
 47734
 298752
 650467
 1096644
 250248
 143422
 453807
 656284
 302760
 877905
 952879
 302065
 1094054
 1065103
 204472
 10230
 203176
 871017
 421567
 384623
 858606
 359960
 825563
 733060
 39132
 312205
 382806
 244879
 876145
 1037444
 872449
 474964
 966993
 509819
 713206
 147661
 280041
 785342
 1076790
 612143
 629302
 762541
 379074
 117777
 896444
 608288
 1043611
 653829
 727006
 23995
 660971
 220095
 303320
 589928
 145065
 281931
 94762
 408455
 488452
 282255
 1091023
 557484
 390999
 878925
 119624
 773591
 738357
 156564
 102136
 538477
 768330
 19186
 837722
 68641
 60427
 756706
 783164
 22877
 496370
 9338
 749398
 702782
 430002
 570651
 602212
 75326
 1032670
 45709
 300664
 543868
 317549
 78165
 719130
 126005
 309685
 119384
 693485
 208775
 867330
 435249
 371098
 353826
 10677
 864006
 985228
 695303
 191728
 888383
 347798
 984316
 491798
 490846
 430300
 114606
 792383
 541016
 146951
 698858
 942452
 564101
 89671
 893177
 895123
 667262
 416535
 429421
 1024470
 950517
 142181
 643121
 485547
 577502
 867179
 10402
 112275
 970785
 838385
 714057
 512663
 579201
 862015
 463629
 23715
 486911
 988705
 805505
 398053
 728069
 585128
 866566
 388033
 382197
 720394
 257215
 692974
 347669
 138586
 335088
 493222
 1081944
 287441
 70167
 774457
 1087868
 192209
 372647
 915345
 423348
 88272
 91126
 960523
 116978
 840810
 147612
 407595
 352437
 505466
 497354
 1027485
 751821
 847541
 140136
 738359
 46231
 890630
 660288
 675152
 617061
 998123
 417075
 628849
 721127
 605021
 965329
 77429
 956279
 832508
 336754
 489583
 923403
 882134
 824259
 955957
 1000376
 369353
 797889
 753642
 404102
 697883
 975791
 9574
 665716
 387755
 401961
 497040
 352738
 760595
 218490
 825172
 958473
 500600
 1043833
 96929
 670190
 310555
 40446
 769855
 198975
 890864
 647554
 110044
 771705
 591069
 116560
 863762
 317954
 988605
 998832
 8097
 750820
 1037460
 55576
 370563
 171921
 352441
 222933
 578067
 83470
 247389
 462251
 606658
 459173
 67686
 327486
 29304
 829979
 922943
 817274
 145780
 96994
 179746
 97936
 414678
 924664
 355500
 1054613
 607458
 377593
 738869
 285379
 129632
 23566
 727693
 48528
 1090876
 12769
 889171
 307738
 512309
 1082602
 526990
 757801
 238812
 699613
 978944
 13654
 90202
 411701
 656407
 32812
 584172
 872953
 774532
 15914
 342373
 300849
 141868
 641654
 1050324
 937606
 1076117
 12125
 339459
 759165
 100911
 647594
 953197
 225199
 528474
 817060
 723589
 558086
 1077728
 265814
 1016249
 936499
 885644
 666460
 702448
 46556
 847515
 193230
 445014
 907824
 7797
 534564
 101833
 584339
 824902
 818224
 398350
 342364
 596451
 747088
 227632
 680264
 684768
 936000
 62373
 194089
 975508
 998054
 807780
 1000613
 817405
 861094
 285984
 292482
 837685
 92979
 527953
 469387
 221525
 838973
 45688
 882541
 707577
 667092
 26035
 108275
 713339
 1058097
 1099614
 453120
 719014
 725450
 265503
 671637
 1064271
 302567
 688540
 1094725
 716536
 482363
 230122
 1072014
 283451
 308419
 421867
 195726
 315086
 850772
 213272
 334405
 385889
 154197
 913192
 70264
 119532
 637571
 711259
 526553
 399553
 657307
 693036
 780984
 968933
 710095
 395882
 273393
 552211
 780213
 807947
 433771
 585117
 238496
 78688
 903897
 748365
 523206
 864911
 906552
 766435
 226116
 762587
 861271
 874989
 978341
 375275
 892321
 15659
 416436
 807467
 316183
 571835
 152246
 400593
 454374
 277112
 1044053
 446055
 261395
 318687
 116661
 807635
 180145
 299799
 2452
 339823
 713072
 217259
 624417
 927053
 8015
 1013908
 171381
 1076484
 600358
 559538
 178723
 262160
 887532
 850880
 604389
 631173
 911936
 109768
 700071
 930429
 605851
 828654
 670604
 1040367
 303119
 618654
 223301
 910074
 500740
 478284
 753205
 32860
 1054981
 278945
 950698
 71244
 469980
 476057
 337089
 108074
 765768
 1028016
 915857
 512602
 733968
 209055
 267387
 481671
 860917
 684978
 1032450
 780220
 514073
 1001957
 651645
 29440
 542911
 136544
 308544
 585235
 45578
 590748
 107419
 586921
 854394
 912966
 335697
 962328
 682056
 922634
 828544
 317131
 321225
 649943
 89302
 79164
 144940
 183341
 132276
 267198
 1080670
 490907
 655094
 551039
 396097
 1082698
 902728
 273185
 400110
 797020
 423718
 134556
 176992
 566230
 608051
 941603
 82563
 503364
 348904
 556829
 274350
 266033
 133058
 452066
 887630
 288750
 824896
 667033
 34448
 191450
 388328
 111569
 363286
 36522
 732144
 650082
 1097890
 571105
 467143
 134422
 456053
 589490
 769227
 987682
 164409
 270440
 601458
 633407
 994467
 629290
 594678
 344361
 404118
 859561
 705393
 1055434
 769751
 765363
 888268
 340102
 575959
 1007131
 1004344
 782172
 567611
 23425
 665784
 1036036
 1049105
 549621
 146168
 407136
 813016
 419326
 532957
 741824
 229689
 243065
 1021251
 514811
 868556
 581038
 352143
 204811
 1002270
 83993
 762945
 342030
 781358
 857063
 414392
 1054883
 258695
 494346
 929461
 783863
 206912
 256016
 271369
 194970
 1043312
 281389
 835055
 910746
 932853
 820120
 896120
 427058
 473391
 430107
 508332
 763153
 923480
 72666
 412941
 47087
 226379
 687509
 1043810
 396079
 462245
 501260
 369243
 453334
 597312
 76667
 595808
 817928
 865299
 735418
 850129
 1003236
 672379
 559624
 140325
 932992
 640474
 261996
 698757
 439696
 623518
 10967
 314769
 397653
 86571
 588870
 819219
 805092
 284288
 20914
 180547
 627431
 42273
 63205
 701142
 114201
 959857
 823485
 976136
 598654
 752730
 59626
 976240
 407065
 881283
 331738
 591987
 840517
 1044179
 737453
 24986
 817544
 1077397
 1086447
 765149
 273826
 667976
 1034477
 18364
 383346
 120805
 771936
 667805
 282310
 736930
 272219
 327625
 555536
 651519
 974637
 1077416
 254456
 190208
 558024
 1087105
 76558
 949336
 1013400
 72019
 931233
 751513
 247594
 863964
 9418
 839609
 354829
 182424
 315608
 688922
 19128
 209360
 443142
 717576
 583638
 519866
 679495
 436367
 313840
 855699
 55550
 808167
 956059
 788411
 303244
 901554
 528127
 948994
 976866
 322263
 487969
 56255
 213216
 527850
 680116
 1056021
 6797
 465746
 463143
 624643
 202204
 928478
 711460
 824154
 905904
 291591
 627402
 1098347
 173114
 660968
 982980
 959647
 834182
 363856
 920000
 778374
 672922
 216293
 668601
 83809
 633078
 976344
 985670
 495821
 83885
 325366
 785008
 344200
 85759
 836317
 349960
 869390
 338783
 767066
 248714
 78392
 392478
 192404
 43396
 823031
 950433
 1071676
 215059
 108810
 245011
 1072696
 187057
 251247
 830375
 939918
 694273
 647371
 875610
 899060
 615614
 340689
 718893
 712570
 993657
 211521
 1080064
 25581
 362678
 152566
 1094635
 52706
 569481
 958495
 858407
 699612
 891749
 126008
 79654
 299052
 560928
 36095
 260589
 271472
 213851
 340412
 585546
 579853
 536336
 735570
 795319
 732424
 518119
 943734
 737540
 134706
 313778
 240466
 308956
 789345
 723383
 78377
 354029
 999950
 153991
 1022312
 460421
 1010318
 819074
 153046
 884309
 193522
 659082
 265007
 330810
 489755
 322889
 137041
 227943
 266561
 1025353
 984426
 800389
 718219
 645086
 928005
 1025752
 433850
 412408
 651840
 541623
 657560
 376149
 862516
 489622
 747541
 1016450
 489049
 449858
 489654
 345205
 818947
 118720
 170899
 726424
 558978
 166179
 670455
 692127
 717872
 984304
 836415
 522990
 281763
 770427
 283173
 1056985
 683959
 497851
 204336
 573955
 1084010
 389127
 379577
 503758
 542374
 344018
 308947
 817829
 373545
 669297
 1068763
 89584
 769840
 96037
 205761
 47110
 752049
 901536
 841153
 368409
 180212
 1084219
 1019761
 806852
 880421
 67372
 466709
 679835
 45996
 631058
 277640
 536637
 651722
 1041007
 103781
 1046213
 883194
 705014
 1010688
 706937
 15122
 459453
 231786
 497549
 230286
 482026
 400190
 54327
 396221
 257862
 334205
 713941
 244886
 1027164
 493845
 850927
 916409
 744343
 968499
 258976
 505664
 554056
 182330
 1085123
 47620
 604064
 1092269
 702404
 478417
 993437
 954813
 185858
 700304
 1048341
 685710
 40950
 641724
 162862
 42317
 1019940
 201209
 303996
 74914
 274433
 980852
 930349
 668148
 771597
 203118
 441508
 324854
 897526
 434821
 328331
 82634
 178401
 373097
 918090
 858453
 99538
 1087332
 713561
 392406
 713573
 306958
 244771
 183627
 745519
 968643
 1020057
 567577
 62944
 966321
 225084
 552078
 270904
 1003468
 1001146
 400734
 59729
 317276
 137385
 524571
 735261
 109346
 867633
 1013552
 532728
 375481
 292881
 160998
 182598
 271035
 543729
 856058
 645037
 69987
 799495
 266395
 632007
 72019
 933999
 1023051
 950555
 440545
 442080
 27409
 666569
 566221
 139013
 12981
 640477
 26343
 279703
 439850
 434701
 1012294
 818437
 284794
 925685
 473554
 83265
 464361
 157584
 934954
 841376
 1067952
 248905
 676947
 723029
 869551
 103229
 447839
 71275
 966276
 357281
 100347
 911244
 721318
 115742
 367028
 1073809
 126301
 668436
 905882
 1032202
 453030
 156418
 222907
 417640
 30429
 839371
 789316
 452505
 1061489
 908411
 389118
 264661
 100689
 155284
 773551
 1054616
 147449
 967215
 490899
 523884
 62368
 766298
 520741
 709714
 383979
 553544
 213937
 205929
 655085
 150409
 926448
 763770
 359353
 795951
 724381
 84750
 119663
 36584
 824935
 9561
 964958
 840626
 908811
 419843
 918061
 258166
 1052959
 339300
 671922
 274093
 496840
 672808
 1088120
 758395
 896768
 339519
 357203
 698157
 1089755
 970111
 82411
 20095
 515193
 135205
 86059
 787390
 1037549
 708279
 38153
 898895
 202361
 995620
 77572
 563025
 924009
 305804
 144022
 902745
 1015023
 574663
 459848
 161904
 805532
 413380
 360211
 854702
 165754
 784638
 384254
 348625
 785528
 53091
 446997
 263497
 19657
 136510
 54171
 656061
 540123
 894618
 149519
 570146
 1073933
 902157
 521911
 535337
 269187
 1032254
 416741
 97542
 1019122
 914302
 391455
 193141
 846099
 292200
 257852
 311416
 18616
 288063
 554153
 288507
 445302
 986608
 359837
 347565
 410318
 666426
 155398
 356967
 147905
 197811
 156827
 868868
 787380
 306611
 531706
 437883
 604259
 1060765
 51891
 991630
 209302
 922015
 394259
 275011
 537228
 995654
 1040290
 65333
 115932
 64507
 737374
 234009
 1092660
 164485
 624813
 672174
 162609
 803317
 300747
 214132
 93721
 311971
 1045297
 1080941
 1054674
 275524
 734826
 1068263
 430930
 729142
 342280
 984083
 599853
 76287
 735014
 556935
 101155
 247162
 327880
 933595
 168198
 332631
 973700
 286143
 884876
 819058
 64228
 212526
 867609
 1043846
 16217
 231710
 331943
 552533
 709343
 899315
 556275
 847158
 1061195
 438410
 205635
 589760
 909114
 1012713
 819339
 785050
 908069
 35966
 339431
 229112
 771901
 541839
 93143
 321146
 238526
 289552
 508936
 204690
 730009
 1027947
 1086931
 486713
 513787
 533993
 549496
 745843
 129267
 540185
 2847
 851863
 509693
 824045
 548511
 858896
 597657
 237709
 511822
 302158
 300987
 623030
 286315
 1085463
 428679
 394663
 831494
 747658
 1090322
 452494
 952033
 653407
 945135
 1038708
 123075
 235596
 1004850
 160122
 202601
 1048386
 636429
 261099
 543137
 527417
 391525
 1010440
 164129
 119500
 836262
 907577
 459210
 900436
 1072294
 1057863
 897768
 708406
 161786
 921338
 152179
 492511
 807143
 230859
 333447
 908513
 444379
 648605
 583443
 588313
 391597
 873705
 565517
 1065130
 654705
 614048
 72406
 757014
 804976
 1013203
 452409
 82382
 892746
 38751
 653284
 902426
 2997
 387081
 872361
 459511
 113
 10272
 87163
 342783
 11189
 867872
 901463
 958742
 833069
 614656
 5906
 491456
 751580
 294661
 523064
 821364
 245682
 781376
 348328
 141705
 192294
 1044781
 173115
 687783
 511970
 1064253
 1080499
 855240
 1033376
 1001714
 907564
 923070
 983450
 693927
 695701
 381553
 714322
 536636
 1019925
 451139
 191917
 591478
 904441
 361158
 153574
 359427
 340940
 651181
 605857
 1040069
 129729
 15090
 706588
 764925
 841450
 182609
 173960
 2190
 662563
 207122
 844044
 38842
 1035154
 996764
 880212
 15337
 487655
 77137
 100635
 858215
 516098
 836151
 304660
 593829
 914089
 405799
 765390
 846211
 153872
 231729
 64248
 702558
 5353
 1044173
 1073835
 130671
 195647
 131673
 461019
 963837
 522357
 479625
 1025728
 187619
 475558
 326776
 160338
 246027
 998986
 737388
 841218
 747750
 904081
 554917
 39272
 741114
 146361
 155473
 526803
 10543
 908464
 364991
 273194
 733014
 463204
 680369
 636061
 320727
 8934
 301615
 752516
 802095
 945567
 719148
 290757
 1012847
 382085
 1012177
 1013590
 839927
 113283
 835840
 524144
 932148
 745452
 329985
 167961
 87118
 851696
 405970
 378542
 24446
 566675
 491080
 551961
 251018
 919628
 676410
 680544
 317390
 179002
 464052
 461309
 382187
 789071
 425451
 6436
 522118
 1020409
 857419
 224851
 824292
 707895
 1002286
 250114
 510008
 1047191
 850877
 627208
 341556
 799198
 1088734
 529241
 1026720
 325485
 322137
 813362
 383399
 53969
 9984
 167007
 1874
 318236
 313966
 483065
 629344
 495033
 218132
 8218
 595001
 311007
 150350
 544940
 826223
 524667
 419091
 932287
 465429
 544364
 3928
 144150
 20440
 398224
 226372
 1063816
 88936
 803839
 450306
 356774
 835200
 138454
 388207
 728304
 1080973
 684737
 1049785
 169331
 847038
 94463
 39509
 866881
 285564
 664182
 903195
 1049900
 407742
 421499
 521344
 1060407
 486708
 757557
 518626
 672062
 224127
 955974
 1098486
 630103
 326486
 25425
 570441
 553959
 439385
 15866
 164762
 19727
 266085
 815140
 816830
 957005
 185519
 523084
 1008906
 960640
 94618
 926356
 650188
 982537
 182941
 560250
 813460
 603365
 406074
 428944
 304565
 207940
 391478
 43353
 693025
 1055861
 672262
 460276
 138041
 461712
 853747
 214772
 636980
 961935
 470545
 319897
 282819
 501012
 367661
 691279
 731038
 1057075
 208562
 493807
 136196
 554970
 1048076
 1072855
 603482
 780852
 548055
 15882
 1006449
 8527
 573597
 100065
 128470
 1042336
 12277
 167088
 161468
 915914
 451111
 494909
 310220
 652910
 569408
 403378
 121659
 82053
 597287
 1077202
 279616
 672837
 913755
 71070
 799295
 149317
 985364
 600485
 693638
 683235
 95073
 112274
 759427
 666027
 141965
 101610
 689188
 759426
 1082122
 407834
 513228
 650772
 303678
 420133
 534767
 1098079
 67742
 324573
 329106
 164804
 719300
 920895
 169218
 819032
 87376
 912445
 85178
 863893
 119816
 419642
 314426
 101528
 319938
 1009959
 681643
 672781
 666949
 813128
 706629
 412158
 999546
 670443
 245149
 304863
 249614
 273835
 573425
 151899
 540827
 185724
 594727
 373833
 764422
 16760
 178100
 939124
 391173
 896478
 432109
 880300
 483374
 1086023
 867923
 867707
 305748
 543349
 230558
 920549
 843610
 146564
 1003491
 879884
 702782
 922117
 721904
 386717
 24855
 973646
 449701
 744972
 765376
 964190
 981736
 152828
 945185
 33355
 55506
 972865
 390234
 641849
 270634
 1030459
 135697
 598053
 343662
 959399
 594031
 32343
 126008
 225273
 235494
 932609
 1010586
 528632
 636190
 1019523
 755538
 675207
 531472
 43875
 967648
 1075166
 268095
 154691
 387494
 162175
 189181
 353831
 879334
 580317
 892132
 38453
 204144
 393676
 641199
 815274
 1013659
 127491
 516722
 314984
 964111
 196245
 792708
 168694
 810843
 750220
 111254
 1041583
 837913
 550293
 941203
 315701
 1028507
 276061
 218854
 1076955
 562782
 287923
 1066278
 197548
 34152
 299176
 84206
 356444
 762620
 4513
 624952
 305509
 694922
 881957
 345548
 24830
 861793
 971192
 125034
 1031560
 781902
 438035
 10997
 569210
 66486
 458087
 523332
 42089
 338890
 453141
 407516
 656289
 858883
 959390
 897333
 221748
 784356
 344487
 639258
 130926
 18293
 404138
 701867
 759638
 420620
 135406
 196684
 175776
 539417
 575410
 382582
 764538
 803161
 737414
 790572
 391576
 740833
 308820
 49557
 829036
 1021731
 1039094
 92320
 1031169
 917339
 414034
 1021905
 574705
 327432
 865382
 836044
 293851
 914140
 373006
 103484
 759649
 415281
 226242
 689295
 655143
 428505
 14856
 308466
 868966
 252362
 715146
 636726
 135206
 558359
 804357
 279907
 816692
 1058046
 769038
 671597
 859534
 370203
 539733
 1036587
 209302
 566428
 122329
 174103
 776219
 1002304
 623003
 311180
 515449
 745341
 1002168
 390658
 682376
 730421
 539203
 971378
 1002574
 948291
 288062
 469951
 664722
 806196
 718125
 606766
 780747
 1001664
 751739
 225006
 805385
 135342
 978473
 661802
 448545
 742212
 771978
 1093778
 1043689
 15509
 646248
 948273
 98826
 45837
 342323
 131442
 973340
 1000634
 573517
 901253
 581971
 784343
 1061058
 948956
 325160
 670423
 11385
 793915
 830314
 311316
 478857
 639357
 132045
 160959
 415464
 170111
 292393
 307288
 923412
 970771
 11740
 797424
 245699
 846268
 655428
 984810
 590677
 970891
 620032
 292479
 639427
 765622
 1087104
 845462
 323094
 1038582
 284989
 125279
 509343
 669867
 366815
 603977
 304985
 146797
 689135
 323603
 388931
 1087951
 471097
 760268
 885967
 291560
 475324
 718203
 594694
 611284
 518314
 993219
 991537
 701883
 1098489
 759573
 128793
 681159
 397125
 840932
 540845
 896432
 894659
 558673
 260757
 715190
 245020
 941145
 569432
 917568
 518436
 284037
 574230
 1081567
 696641
 562409
 141722
 911675
 55455
 631038
 158761
 523906
 167955
 96884
 972444
 1052414
 1071765
 302150
 649284
 838790
 9792
 34252
 119818
 701823
 100919
 71617
 797911
 229711
 379309
 10264
 672346
 678453
 611466
 365870
 656779
 1091758
 1058033
 541965
 605346
 108128
 1040100
 785971
 1029502
 662689
 825669
 14920
 446324
 710384
 46586
 664595
 547511
 878308
 534100
 844604
 1012016
 625001
 608398
 549152
 857527
 1029740
 955193
 1086005
 861239
 465681
 472981
 828748
 1032977
 1081133
 308375
 207970
 1065265
 323817
 705478
 640547
 495689
 314757
 437346
 1065333
 195010
 177146
 127833
 604547
 505668
 900263
 335694
 543503
 686492
 824059
 521541
 17663
 321161
 663570
 173022
 950412
 365037
 92432
 900920
 875544
 818533
 336989
 1055644
 266183
 979263
 908196
 710583
 646881
 605049
 790779
 509769
 508818
 23361
 14075
 529927
 106580
 838112
 1028434
 131074
 209949
 973994
 179997
 494415
 529855
 335468
 1084997
 369167
 618371
 840186
 435088
 13357
 513277
 1041331
 758988
 789910
 774176
 910645
 16786
 685339
 977931
 991242
 14146
 525850
 126146
 100318
 228619
 467097
 745931
 22394
 135994
 833306
 178145
 1025433
 123479
 1099148
 945788
 358118
 1079840
 810210
 324349
 814057
 300511
 993172
 294270
 81626
 268476
 159584
 839760
 28895
 1078903
 919930
 639403
 92178
 888703
 541685
 953030
 597338
 311060
 416480
 615885
 595676
 370148
 1062975
 217931
 170319
 859020
 1096477
 540537
 505300
 236927
 887162
 4277
 278450
 60757
 691568
 1084958
 148911
 255984
 937435
 556381
 166111
 126810
 641889
 289483
 160284
 809383
 199213
 299424
 638654
 646827
 128334
 269344
 402256
 84093
 53677
 327037
 822638
 281634
 877193
 724347
 364595
 205073
 31474
 118030
 536972
 226280
 126597
 361086
 676033
 494671
 228011
 743730
 159711
 407910
 804783
 651326
 704175
 691036
 880983
 361894
 767367
 822731
 166160
 14367
 584136
 109389
 318429
 514321
 208907
 357042
 736195
 853612
 250666
 287538
 96280
 841870
 913445
 400754
 321113
 1063580
 186721
 272537
 896203
 356375
 1028042
 927520
 1068858
 864059
 977242
 244958
 684732
 647781
 802539
 814869
 1057376
 584866
 183602
 1078741
 996732
 858912
 614248
 214605
 77918
 67258
 383569
 327868
 682877
 480786
 454643
 110643
 178944
 778297
 355673
 581118
 207121
 293850
 331991
 90664
 59445
 458255
 355544
 368050
 946930
 591167
 885858
 328677
 1082742
 108778
 1014288
 75909
 334462
 840576
 663892
 80683
 286118
 34861
 910805
 219103
 452000
 342523
 15618
 377968
 1076463
 364197
 552120
 529735
 197411
 1050748
 383816
 224480
 738312
 784088
 491473
 186835
 357397
 304460
 486392
 708416
 471318
 733022
 99860
 430236
 765093
 345757
 37047
 1052890
 500498
 110881
 360221
 808200
 497758
 709425
 937907
 589285
 935191
 993249
 835212
 1098201
 189577
 1076824
 789887
 964686
 932361
 314880
 726425
 161690
 1041136
 1027184
 911809
 289729
 76350
 202436
 322516
 875499
 742769
 875819
 69696
 905301
 576467
 902332
 745331
 66384
 99848
 598575
 250546
 533672
 139884
 586334
 203835
 1030508
 327376
 363832
 707747
 638179
 542891
 362504
 658824
 991094
 104457
 919432
 49398
 276046
 1079640
 262110
 1036832
 556481
 195893
 1014572
 692472
 984862
 928205
 544322
 742988
 926225
 932653
 467130
 741619
 467272
 509214
 823243
 661914
 440743
 132071
 632788
 149318
 702015
 785741
 275057
 248124
 338731
 491849
 440962
 274270
 331413
 1092496
 451460
 896842
 131060
 176065
 76817
 334668
 268962
 646493
 287781
 1023901
 366213
 976335
 884977
 568953
 1041579
 516867
 579773
 927728
 109021
 243677
 868888
 59227
 534411
 318036
 364977
 433066
 898591
 512111
 846743
 726671
 453085
 442593
 1026152
 1084275
 588913
 480495
 809062
 862535
 876004
 278150
 1041079
 17411
 746634
 542446
 392585
 730360
 774118
 324174
 298314
 704813
 972185
 1008508
 74476
 661929
 710937
 176335
 674378
 50174
 265251
 805549
 942003
 197586
 589173
 535375
 678938
 9242
 966327
 524673
 829474
 715367
 1067727
 34630
 524127
 875805
 769017
 53916
 337299
 975302
 191247
 788359
 255720
 1055062
 692876
 898145
 604586
 857940
 406910
 584996
 734016
 406261
 682787
 926930
 785001
 909328
 521559
 423837
 139568
 716510
 533770
 850548
 983516
 562314
 157711
 1081561
 813455
 161265
 733260
 533140
 514123
 793055
 100852
 1050680
 65104
 182799
 142701
 840861
 824793
 684548
 1041594
 121349
 569130
 850271
 374972
 239638
 365043
 20709
 228868
 76714
 330978
 918543
 721798
 789895
 136286
 411541
 195371
 805228
 888548
 662379
 523424
 564284
 995913
 847758
 69921
 949093
 931788
 624107
 1005521
 221612
 766394
 593046
 1031718
 494821
 948804
 887697
 108960
 259120
 433891
 352614
 1026212
 901853
 285355
 377363
 146779
 1092933
 759312
 209724
 754545
 712576
 182547
 845044
 788616
 883986
 681059
 707142
 133874
 403662
 727385
 120395
 1033220
 663715
 664737
 263223
 482002
 154626
 774559
 446721
 423419
 985440
 981000
 291822
 966837
 245041
 872549
 807638
 415071
 573748
 984366
 951963
 981067
 937326
 1069055
 1069211
 961245
 929274
 445293
 421836
 952320
 27439
 980535
 413012
 772530
 699260
 419686
 675575
 266358
 1010014
 406297
 155908
 280635
 568320
 303072
 742056
 683448
 47556
 392149
 306553
 531797
 330409
 837992
 559769
 9989
 1033736
 452090
 805151
 1023557
 1087554
 932834
 817154
 88706
 711758
 248855
 484237
 216234
 164023
 1036417
 696748
 1031751
 116719
 675201
 764254
 809319
 656890
 105294
 666907
 953389
 410363
 163025
 329360
 269807
 992423
 482412
 800240
 386472
 482278
 675320
 272279
 313359
 495563
 752006
 249885
 164159
 825884
 712232
 172559
 412834
 659693
 21615
 214619
 497025
 810177
 817417
 828477
 756167
 36804
 29598
 774545
 343500
 1029587
 644437
 58791
 751080
 303117
 276774
 238936
 672461
 389415
 206695
 536657
 366954
 863728
 583607
 76531
 66139
 813524
 993543
 941335
 301910
 51760
 528785
 744027
 115054
 739856
 73943
 514055
 218528
 186987
 418074
 785530
 1016287
 481461
 977086
 693335
 348427
 347673
 461155
 653064
 126373
 1072084
 360583
 359700
 309400
 112636
 311631
 853466
 172000
 334404
 935845
 804034
 419711
 109330
 408469
 41365
 25456
 1001462
 521028
 227712
 209838
 618347
 211216
 638913
 1060405
 419022
 347255
 168764
 499064
 294099
 1041413
 890501
 782203
 1069544
 1052173
 579160
 228437
 29637
 662272
 974382
 940927
 866960
 489771
 464397
 663681
 247091
 678019
 659769
 408550
 202721
 430148
 518843
 540342
 423551
 832216
 787918
 1080862
 717099
 470459
 9714
 273810
 591707
 96369
 827580
 425123
 880208
 548588
 254776
 502820
 638992
 762379
 54740
 994487
 132247
 349188
 510256
 1030544
 578493
 456611
 417279
 453683
 824811
 453344
 43217
 251325
 508225
 735848
 202872
 136296
 403131
 152583
 174753
 367
 440699
 630322
 463487
 631210
 379673
 398001
 890087
 786027
 448315
 149824
 888645
 673616
 493475
 62620
 176653
 903467
 299958
 266182
 591728
 4295
 656087
 196399
 947298
 853772
 699439
 207398
 502676
 625693
 818898
 324524
 220699
 624334
 490205
 629013
 398798
 335235
 52720
 840862
 635830
 750572
 911645
 536943
 642254
 124284
 53547
 851319
 321
 262686
 838704
 837051
 4647
 213889
 931710
 993352
 575122
 127735
 196821
 338912
 307288
 193973
 622629
 938633
 347501
 202173
 507140
 844132
 659370
 289269
 800236
 204938
 1009969
 890143
 642325
 599049
 361666
 904558
 925048
 405871
 138698
 697520
 190075
 1066502
 305637
 1043600
 377273
 421547
 375188
 787840
 568788
 1021170
 292891
 284612
 423609
 683691
 473286
 577377
 573799
 401287
 201323
 665826
 132649
 670226
 1059511
 838268
 149025
 494492
 642080
 377374
 192897
 547321
 499852
 621555
 693463
 14268
 240861
 77482
 27869
 419151
 477345
 760248
 637120
 1025842
 456631
 734762
 849716
 896593
 736962
 138650
 503213
 292680
 164292
 209482
 300473
 718001
 517376
 837165
 765518
 970614
 109664
 411390
 613543
 926595
 412749
 693098
 281452
 885250
 357179
 1079552
 51171
 589443
 21103
 640736
 738483
 834576
 833730
 737390
 1044656
 417745
 853452
 1024090
 802238
 124522
 302420
 956679
 500211
 184832
 79910
 874482
 988712
 529727
 639360
 522824
 289391
 169004
 749608
 465447
 788088
 275086
 203672
 134308
 704500
 498804
 753832
 452544
 596343
 1071132
 284891
 737502
 458239
 394223
 210099
 1007527
 73313
 915327
 933799
 705280
 1050700
 681793
 464478
 373196
 559033
 158668
 39995
 1006913
 867743
 1021352
 1021233
 82184
 387864
 707780
 885595
 700250
 398067
 105225
 278168
 303351
 977946
 1013739
 985818
 1072089
 350472
 984595
 946778
 524420
 406816
 34383
 621321
 1051947
 368496
 242847
 736651
 23150
 759620
 677940
 160807
 903151
 931603
 1012132
 274676
 737312
 939140
 718935
 148800
 613561
 753576
 315705
 816853
 1075866
 18791
 174220
 295331
 1086899
 207927
 177650
 838448
 171164
 491815
 1037624
 976507
 771073
 443326
 518411
 866353
 1051042
 889101
 412781
 645037
 429302
 861804
 789978
 533927
 516970
 1014182
 828738
 759423
 349714
 512779
 271487
 1005189
 774215
 993606
 150162
 834635
 824814
 62080
 333137
 599254
 896286
 310752
 286837
 446189
 968495
 102208
 794462
 488431
 973076
 653282
 174198
 915874
 293111
 40866
 967202
 308372
 400128
 728752
 50813
 269617
 1017144
 540402
 942791
 136108
 205565
 638394
 137484
 55172
 730152
 565732
 657728
 684697
 362830
 270884
 212239
 103432
 315010
 709387
 975959
 1059183
 761088
 228357
 372976
 162131
 789260
 262415
 27671
 609747
 47811
 706379
 1003736
 1042255
 804912
 204207
 579219
 855475
 229150
 13914
 176639
 193584
 130244
 842892
 460096
 1015441
 154312
 417798
 801117
 151604
 682425
 227853
 1068578
 91388
 143555
 739783
 415298
 270485
 824321
 240077
 696653
 1017940
 706943
 64702
 509065
 27222
 90428
 547845
 644565
 1030269
 1044816
 418502
 1034772
 131786
 414820
 478725
 913503
 581998
 85091
 775780
 402668
 653633
 837776
 321377
 272482
 601933
 809585
 1002751
 726683
 13525
 474864
 123810
 847409
 424285
 530762
 85351
 885128
 935704
 1076044
 808605
 471808
 472941
 556845
 591660
 608703
 1037326
 972152
 536346
 624433
 174572
 193796
 871374
 316110
 517147
 158585
 760900
 774798
 401633
 536421
 264407
 664653
 243669
 240038
 1064465
 83713
 975110
 864846
 808799
 1054689
 77006
 398750
 447038
 638750
 826207
 85694
 781148
 377400
 845435
 389630
 836462
 663849
 937257
 1044453
 350535
 462406
 335577
 1040834
 1055272
 339962
 355008
 819533
 921328
 672505
 140683
 364519
 450551
 494134
 994931
 334363
 43453
 459840
 1017738
 853131
 14916
 244158
 859604
 442372
 772823
 888147
 434187
 906223
 1032195
 654753
 191108
 971991
 64498
 201360
 283331
 223431
 869731
 1034200
 964684
 800072
 475894
 409929
 949703
 992559
 152793
 638077
 1067970
 513790
 72704
 436610
 712104
 421633
 634160
 988540
 259229
 1059619
 996826
 612075
 11551
 69990
 295885
 435037
 836695
 349557
 782396
 148854
 138948
 746600
 464647
 336107
 342473
 815997
 844508
 137261
 560294
 42044
 382826
 50363
 239554
 618483
 222929
 507053
 401520
 907160
 724196
 65108
 66654
 996586
 814570
 472595
 882152
 471464
 115558
 797089
 958236
 354680
 528220
 214721
 513177
 978082
 131274
 404956
 159255
 700896
 782839
 626469
 312866
 143438
 214297
 158533
 802044
 850098
 401008
 1078441
 906614
 777597
 829679
 834212
 875517
 250889
 761042
 208061
 383892
 418958
 325230
 150038
 328356
 1000235
 895912
 833841
 319091
 724636
 509866
 327203
 790791
 198780
 838214
 1025208
 964065
 798537
 1055081
 568999
 592950
 1090194
 966433
 249551
 642809
 348803
 780861
 572332
 556888
 256822
 959660
 476705
 358193
 655021
 792556
 88555
 1009112
 345783
 667309
 1057729
 390574
 149442
 167363
 395964
 376173
 7746
 224922
 529575
 988535
 78910
 109107
 268993
 590682
 80133
 313819
 793349
 140242
 1042264
 778656
 443058
 913151
 1024580
 1096232
 494190
 23099
 533462
 838211
 207478
 314929
 915982
 210349
 784559
 1085837
 26006
 729402
 648933
 988943
 801747
 489503
 557035
 800245
 80711
 238212
 990693
 710420
 428832
 383403
 1027388
 1018942
 496004
 583401
 418818
 921640
 973742
 675851
 287437
 396331
 1049519
 844952
 962580
 376603
 483841
 669621
 683061
 540378
 547304
 482001
 667677
 826570
 483939
 813135
 581030
 415469
 906318
 225233
 283661
 84266
 323488
 908445
 212579
 785248
 942906
 898928
 462421
 1042042
 251932
 142986
 564333
 49170
 1038851
 277970
 16533
 875090
 157869
 1001740
 536911
 304150
 278281
 285286
 327592
 271612
 387826
 1029545
 973740
 836028
 939086
 185732
 645730
 521390
 1041555
 814461
 581099
 382574
 629549
 372360
 515866
 568648
 1099726
 243118
 142319
 610528
 986923
 766770
 660166
 61734
 494052
 128377
 218487
 369883
 935802
 598616
 514608
 10498
 845857
 741795
 842768
 970051
 466589
 472591
 1040434
 1083185
 99493
 49100
 337766
 21324
 785182
 254832
 845279
 238816
 591447
 432960
 191004
 764608
 803404
 490155
 65868
 187360
 220327
 159674
 406185
 86132
 56872
 633691
 777097
 1095221
 838607
 971517
 73638
 519775
 472599
 615237
 804059
 415887
 570113
 13464
 1018788
 939498
 470116
 330441
 275749
 458524
 208580
 178754
 115240
 1001525
 349632
 494915
 157194
 11314
 959897
 712814
 187354
 817327
 594071
 232029
 100007
 427422
 779194
 793532
 1003448
 123022
 68152
 352429
 438249
 871455
 603087
 399811
 609815
 610681
 820097
 118626
 75235
 213905
 765383
 862371
 1007892
 249835
 486531
 512403
 731006
 400238
 867558
 953569
 660806
 8039
 324464
 7149
 1064786
 1057334
 558596
 595654
 818522
 742576
 512831
 95635
 544713
 378054
 836953
 93112
 107725
 739348
 440273
 817945
 225038
 620435
 1037899
 689137
 336023
 292922
 415265
 719564
 1076041
 900474
 471474
 573359
 399816
 949476
 914306
 979030
 832378
 966485
 457529
 854840
 449573
 1008909
 323962
 660773
 48996
 573305
 415714
 457461
 108257
 815714
 563862
 657943
 830464
 387471
 1014270
 933615
 154016
 647388
 353028
 138243
 914947
 343430
 461077
 279773
 975082
 899210
 169094
 1049997
 1066632
 489046
 443854
 548552
 1039914
 1080115
 629782
 652095
 312842
 215417
 987053
 762504
 704113
 114155
 792743
 67551
 991053
 336591
 541786
 992766
 1097979
 1011271
 532279
 57458
 50425
 1080746
 1074463
 915785
 1035892
 644773
 265191
 606661
 911679
 258857
 1047239
 578103
 654389
 816290
 130496
 807405
 506336
 169540
 503993
 1040244
 1025231
 913750
 423183
 31151
 5698
 593044
 186403
 1078645
 129473
 844253
 983169
 536923
 530070
 600471
 946352
 259543
 703045
 224003
 517878
 62846
 705916
 347980
 600491
 932666
 769983
 7820
 1005921
 867408
 567856
 716470
 319102
 544615
 626292
 116173
 942052
 931319
 219684
 404604
 733728
 482564
 118446
 975817
 694256
 927954
 808013
 448056
 271913
 1010786
 1099519
 721371
 552358
 910190
 29813
 1007641
 53178
 431719
 529905
 843168
 898358
 318123
 432628
 132155
 350252
 203467
 295395
 43357
 591507
 635030
 739415
 885779
 537272
 698736
 542983
 807812
 971326
 160063
 675925
 523743
 804502
 433257
 464476
 555888
 758622
 383758
 457050
 678974
 654724
 841503
 782292
 305298
 158665
 6615
 660378
 226048
 41006
 522112
 1029138
 742659
 178410
 335525
 1038993
 629211
 73066
 877090
 388491
 439098
 1046826
 31819
 752803
 414912
 406607
 269080
 766752
 421792
 317684
 1019720
 466064
 38661
 133171
 917058
 38041
 1000973
 529654
 890191
 440023
 23070
 1085745
 764464
 515589
 163338
 615667
 592524
 674682
 426765
 10320
 731761
 958274
 942514
 142902
 66188
 910256
 136074
 236124
 951826
 628423
 593898
 530557
 360055
 1067161
 893029
 464645
 17548
 601279
 1083005
 409968
 767483
 673508
 173873
 47910
 46446
 1082036
 2028
 522649
 1073202
 337650
 31171
 665425
 99583
 992365
 261293
 751131
 852052
 332014
 950956
 197261
 432508
 541289
 530708
 457748
 328876
 354583
 658998
 188791
 608986
 731729
 696118
 868512
 182903
 684642
 145642
 40706
 879607
 596822
 301005
 812921
 712878
 817195
 505421
 400528
 335190
 89173
 205417
 1050343
 238413
 251153
 231574
 605656
 897654
 1061504
 543053
 245022
 958320
 220082
 919710
 902611
 1074380
 625807
 539718
 970318
 810368
 893522
 625006
 37719
 910157
 229716
 931961
 794620
 803765
 509546
 908813
 818034
 693731
 951334
 535544
 870430
 57859
 259827
 147194
 280605
 783019
 150609
 902570
 1042782
 78029
 651925
 510143
 846623
 482216
 997402
 12208
 845129
 780239
 1025176
 449326
 136424
 906768
 115058
 837663
 45381
 252583
 432552
 800704
 883293
 790945
 227855
 325304
 137162
 563063
 88649
 300860
 170234
 322436
 362837
 934262
 924696
 954983
 740965
 853522
 453732
 866926
 408310
 1025953
 349890
 767502
 847534
 871269
 642323
 1029224
 959794
 954869
 720899
 820868
 271361
 571846
 58323
 964997
 850711
 261672
 54979
 13108
 694338
 118693
 566941
 259647
 308899
 84832
 739391
 413215
 501503
 636900
 93
 972127
 763861
 923551
 1008640
 386970
 581431
 1097155
 435382
 633896
 102800
 27093
 748932
 429839
 411875
 128899
 972692
 813478
 95059
 803369
 157134
 1055642
 506769
 820679
 1087310
 1002961
 316539
 114195
 515811
 772089
 123736
 746899
 873446
 775556
 543453
 526130
 944325
 908194
 405285
 91390
 220375
 528962
 664374
 72559
 832878
 213963
 973722
 1090644
 150018
 694543
 1052952
 545250
 969635
 918426
 538951
 277297
 496939
 297117
 274900
 58399
 736841
 623265
 916502
 624436
 53502
 55132
 61971
 406684
 386369
 658202
 273830
 614296
 362291
 211096
 315403
 18840
 411879
 252403
 750318
 204105
 842424
 1035299
 61346
 140787
 761298
 12772
 399611
 347930
 790401
 270475
 595448
 957118
 958639
 336401
 585800
 1049821
 814253
 348387
 1037350
 609728
 550774
 851932
 347715
 616400
 928773
 1000308
 459637
 35241
 870716
 705256
 1043352
 168746
 139091
 680746
 1082137
 442170
 167910
 608637
 329366
 312807
 754856
 544949
 1012769
 455540
 826684
 88930
 297834
 817973
 663710
 275255
 1056779
 184564
 812265
 432916
 1009550
 821933
 947887
 184798
 1092117
 541556
 1050505
 530402
 243260
 527746
 332978
 652233
 145232
 702095
 435403
 820484
 1065123
 523745
 1079139
 137490
 870349
 11217
 773653
 552702
 325962
 90314
 1040455
 440439
 514001
 29357
 856342
 459101
 905748
 1016797
 9347
 794718
 68302
 572907
 349384
 960695
 748728
 611458
 64589
 597952
 42117
 952684
 955941
 162319
 1004706
 553449
 301616
 320530
 344419
 303970
 123345
 62978
 767753
 592949
 312044
 18134
 241409
 596096
 294446
 1073847
 812701
 197213
 828147
 707996
 742332
 22243
 1020052
 768704
 508981
 204986
 709982
 468345
 778929
 235545
 92324
 992809
 606471
 294978
 986857
 928917
 594858
 288825
 1083335
 735529
 973572
 543244
 912295
 906999
 343733
 814734
 58266
 358471
 680836
 443312
 341849
 40815
 962861
 598844
 609349
 285951
 806441
 239615
 654984
 962211
 217072
 404993
 1010837
 576667
 456723
 443024
 202840
 507242
 1021396
 485309
 1098766
 1076529
 700252
 755317
 35576
 894067
 772212
 426268
 108545
 607626
 770563
 407616
 857213
 59499
 640402
 752366
 850099
 507187
 1036164
 683888
 71759
 198260
 755783
 415013
 130566
 828521
 899676
 287129
 773500
 772643
 914772
 1064070
 329531
 310772
 455142
 384355
 741146
 425589
 879228
 722417
 310796
 496916
 594433
 52759
 459199
 145149
 254467
 151300
 154210
 946415
 471265
 660717
 248121
 290306
 704046
 184859
 881713
 758462
 390051
 701829
 521734
 13901
 686246
 104413
 1006954
 473988
 614186
 321543
 456018
 405513
 855303
 617782
 375538
 960209
 900410
 263443
 556584
 406655
 173997
 138656
 899727
 309922
 1040523
 123113
 543503
 98312
 32878
 768021
 621477
 905449
 838163
 1021349
 371612
 753248
 520252
 651051
 37023
 887561
 117775
 331944
 178383
 215020
 291376
 741654
 148993
 534588
 448453
 1014911
 836947
 791581
 380046
 802204
 551404
 437914
 37012
 634513
 451767
 366896
 201357
 15313
 1039222
 454150
 884075
 439331
 65533
 1064820
 675650
 615159
 685876
 820970
 846982
 219232
 314726
 371603
 1055464
 751290
 168310
 1075608
 591098
 262737
 1088501
 1043312
 490736
 1077201
 798302
 786890
 262963
 504941
 330618
 840752
 477872
 646050
 183811
 237361
 99630
 296598
 959450
 632533
 408033
 625667
 242220
 765263
 218714
 141592
 926218
 695640
 763831
 579932
 754828
 726114
 623548
 134735
 525973
 392824
 147566
 27356
 645970
 693847
 492745
 370389
 632842
 700402
 713944
 830903
 348861
 938822
 206314
 1082765
 762001
 811031
 1096037
 858869
 82500
 754152
 927958
 299489
 811062
 20328
 666796
 185538
 996543
 874518
 699016
 866091
 542509
 123341
 830973
 478320
 598482
 507538
 753948
 495898
 33215
 657777
 42177
 551779
 1012593
 108091
 626004
 262898
 876643
 868757
 747907
 139475
 656176
 1089963
 21640
 516777
 165177
 892770
 822817
 961944
 651639
 522094
 762595
 339728
 396606
 899465
 1042472
 383853
 516960
 415620
 633079
 256183
 773491
 57334
 323399
 1076525
 835053
 1089668
 1014736
 800520
 208223
 557593
 4202
 198883
 744130
 813241
 290106
 578046
 682451
 237428
 76482
 360490
 642333
 1095229
 594209
 129040
 801373
 568757
 809939
 398169
 1043799
 1080298
 27577
 615236
 888557
 255741
 416937
 886421
 101160
 357656
 917217
 472627
 65868
 419277
 188325
 263436
 636718
 522038
 418417
 188418
 215969
 763761
 539377
 777973
 36040
 981605
 573200
 183981
 1019920
 793198
 442110
 1015131
 844020
 648680
 196460
 1087590
 1016527
 857695
 948248
 749481
 237836
 452394
 675199
 171336
 523547
 1044570
 450970
 967249
 547820
 870939
 390099
 614175
 423768
 1087463
 81563
 207625
 9989
 677924
 1029829
 94494
 242829
 953148
 786559
 658445
 206120
 1094948
 635617
 481491
 403594
 900673
 727003
 243142
 311573
 209514
 66064
 858053
 957613
 140487
 312472
 83340
 183563
 428992
 275606
 588906
 1078320
 193570
 869577
 314369
 117384
 27987
 539076
 691163
 1071869
 766590
 50011
 1088849
 427231
 572036
 31671
 466473
 904470
 1083197
 477452
 321353
 280025
 307059
 651676
 287363
 126040
 955860
 1079815
 613661
 1075382
 961591
 985700
 1024548
 784657
 1070042
 345281
 821700
 321994
 887490
 4956
 126158
 1028546
 673022
 462246
 864147
 783039
 852654
 332532
 125530
 914101
 374829
 419337
 818791
 26125
 176286
 697153
 205494
 806882
 593241
 899863
 964125
 847388
 57668
 446752
 291491
 391063
 873880
 1085590
 493516
 842177
 327290
 736425
 309744
 257349
 942425
 656527
 675755
 1030944
 1040887
 718321
 984161
 230368
 263453
 284403
 553763
 765689
 331052
 49400
 169783
 1081671
 613527
 234345
 109250
 773494
 731259
 573606
 759961
 792716
 148529
 1038757
 846859
 680508
 527266
 824438
 1042805
 59110
 83638
 516404
 668133
 355871
 1072170
 775707
 90623
 639253
 733801
 789248
 1011285
 715036
 257088
 359223
 146331
 619787
 656021
 226534
 808766
 371331
 857143
 869817
 146952
 888956
 94488
 818668
 844307
 932728
 243636
 903981
 729315
 606784
 136365
 476657
 1006304
 219553
 215809
 117125
 861016
 1025039
 36842
 502637
 883019
 1031096
 554404
 214081
 1058355
 539271
 1052637
 479440
 172034
 362732
 105328
 434723
 300541
 855037
 264145
 368638
 426470
 869823
 914750
 189090
 35070
 860900
 232163
 706973
 761799
 482168
 713977
 1068577
 290358
 209377
 1023697
 1020699
 202383
 538524
 51764
 657033
 169704
 51067
 916161
 209410
 1002848
 981455
 960586
 289660
 81689
 484011
 627562
 297762
 218614
 894239
 989197
 957376
 62675
 273846
 757707
 898179
 348517
 487548
 661960
 925995
 780935
 403970
 466989
 886022
 24102
 232729
 518071
 523810
 59527
 59360
 517495
 903764
 967213
 827129
 1021796
 2476
 151472
 181045
 403102
 768127
 226339
 167005
 397386
 733687
 298087
 224394
 71950
 1014316
 467853
 630079
 923999
 1075887
 994201
 491270
 68405
 216632
 97582
 231212
 1006248
 712398
 142888
 257260
 816534
 602458
 840518
 715745
 94953
 829115
 999311
 502477
 393763
 704255
 994533
 227446
 767051
 16928
 581380
 606526
 470514
 52649
 333853
 175175
 510773
 923784
 889775
 78152
 79274
 154316
 570683
 792133
 896167
 680868
 362929
 714900
 1051928
 1073501
 964992
 709801
 756684
 416337
 922629
 204221
 672442
 650212
 912835
 1050811
 952234
 534707
 816738
 371623
 1079533
 527961
 266178
 598670
 482774
 696775
 581995
 481544
 472702
 693365
 839889
 564334
 502096
 1004500
 85240
 1050594
 825468
 371591
 471756
 432478
 597777
 787252
 16513
 767667
 739792
 45239
 114396
 1090054
 445935
 217560
 513682
 461254
 779763
 141498
 564912
 587634
 862070
 692994
 448032
 1077489
 430124
 486259
 648909
 625549
 487820
 194602
 795648
 961220
 556109
 375206
 1087353
 770123
 312857
 1017436
 620295
 1082961
 537500
 164249
 712000
 518542
 936487
 69709
 930569
 207558
 136926
 740205
 786357
 729050
 356666
 868915
 405102
 374191
 1084724
 570121
 873228
 765257
 1058846
 951568
 874795
 541515
 30561
 856395
 361819
 555416
 342138
 134941
 205175
 886646
 114658
 46125
 693869
 815207
 133650
 191369
 297422
 984844
 624349
 433238
 246940
 536481
 287276
 997038
 443075
 551919
 23776
 356489
 315809
 690417
 270432
 277044
 60628
 797954
 279283
 598079
 982141
 692441
 263937
 82789
 174819
 514397
 176928
 134437
 327428
 447086
 639958
 438802
 990196
 155821
 504494
 93601
 6265
 529334
 224468
 840463
 1075819
 491136
 908576
 817686
 1088673
 1040898
 579916
 952354
 315092
 488720
 763215
 800322
 1004093
 46271
 577371
 1052849
 680606
 825146
 419855
 420313
 302913
 794939
 160383
 449100
 981896
 579519
 249103
 127661
 417896
 535459
 493268
 1069321
 302805
 966796
 29503
 1095290
 363656
 383020
 888980
 157377
 150068
 842188
 362416
 419399
 280746
 319750
 25404
 451275
 894883
 21276
 18219
 83055
 1013917
 909535
 476141
 592976
 36635
 245314
 821672
 889317
 988468
 498091
 1074721
 955951
 174611
 9118
 525344
 364371
 101700
 205215
 1046504
 965902
 485784
 25349
 628972
 123305
 164764
 406629
 315226
 491667
 253382
 235196
 111900
 572443
 750841
 428024
 723308
 651505
 771075
 625034
 963917
 19903
 894470
 406387
 567071
 476956
 46531
 490666
 253497
 1066116
 461268
 148218
 859573
 906084
 797242
 757372
 795680
 470397
 687084
 456023
 569536
 909969
 1018866
 963271
 664675
 1053263
 1062568
 33626
 1086794
 162265
 253589
 487787
 970497
 596340
 650781
 28424
 1056943
 895993
 286850
 782971
 715716
 521248
 873981
 684974
 978191
 183620
 200843
 167921
 1039933
 535762
 454886
 202214
 7343
 534540
 975557
 162236
 679859
 78626
 569409
 476403
 30708
 145310
 868181
 181642
 974246
 706539
 615711
 610362
 848628
 811946
 744010
 18818
 77600
 194495
 13237
 235765
 288208
 137657
 650486
 904909
 228033
 880717
 372469
 472935
 653572
 385598
 145828
 1015050
 221982
 705420
 1055433
 1077844
 845258
 877777
 687063
 397877
 259890
 491466
 111858
 187208
 141041
 780486
 585635
 962721
 949181
 601116
 306760
 541683
 99183
 731220
 221610
 768367
 701607
 1053806
 343714
 139709
 172621
 373281
 632909
 326558
 656396
 882576
 571458
 148391
 1085682
 421614
 845619
 659363
 782173
 381157
 870952
 6970
 502378
 651827
 379081
 848110
 617429
 281565
 146277
 356417
 617028
 144520
 171010
 244781
 1089908
 1022862
 628266
 944316
 804054
 264086
 856225
 13613
 656278
 792334
 590989
 446832
 905235
 814172
 961460
 13112
 726076
 179018
 547934
 1038045
 1009737
 1016013
 749204
 289618
 957591
 408423
 955400
 249146
 778534
 253434
 404042
 154640
 842165
 205278
 451432
 586372
 920700
 147277
 993649
 697716
 275370
 478803
 647506
 173419
 336090
 993021
 568437
 1064199
 368425
 458611
 775574
 141825
 258992
 847508
 657211
 813979
 1080200
 226302
 59815
 1011945
 447401
 802395
 369187
 895908
 581466
 991633
 789076
 808698
 461739
 1083497
 943612
 347809
 144774
 1035516
 475926
 1025253
 667797
 322500
 361306
 644095
 272852
 487265
 49130
 904953
 533058
 207906
 633499
 632476
 852922
 1082490
 996861
 545063
 988251
 720844
 423289
 576912
 273867
 987001
 260207
 713148
 249168
 654049
 1043566
 933274
 380075
 706057
 687903
 1049123
 858451
 1090298
 678770
 73268
 1046
 765984
 729475
 425231
 722069
 938772
 859157
 231354
 773150
 342545
 521803
 958986
 616492
 292367
 740919
 717187
 964164
 550125
 958157
 841385
 957916
 596333
 228107
 124473
 996617
 1089866
 183531
 311615
 536906
 903798
 299595
 569127
 533501
 674149
 756976
 101709
 388201
 804520
 667030
 267693
 20051
 552027
 304313
 64686
 224431
 400804
 920827
 899677
 12967
 960536
 651733
 749868
 686310
 578424
 136030
 1026610
 631458
 506190
 485952
 369705
 898013
 592918
 908863
 943895
 371131
 667728
 706594
 569480
 452712
 927209
 966711
 200714
 127948
 361145
 920666
 604839
 385362
 660079
 570980
 612498
 261983
 360701
 22070
 346100
 161404
 676049
 230347
 432464
 1038414
 290609
 261779
 36928
 863122
 418235
 699171
 579655
 62770
 328959
 465523
 370816
 914704
 845583
 703685
 501092
 626702
 218902
 790606
 139685
 175259
 900690
 1095002
 167292
 1077984
 851903
 106274
 612286
 573627
 150356
 416545
 302472
 862437
 659653
 601612
 934175
 1077695
 63876
 1034849
 890171
 539218
 92382
 94050
 777869
 119521
 485834
 452917
 103017
 508912
 572755
 187230
 500259
 691594
 878587
 739008
 199356
 359845
 780821
 19156
 360200
 436141
 513417
 95681
 180727
 320429
 664566
 703554
 50725
 140769
 981030
 268992
 4308
 314791
 978614
 998681
 416996
 157147
 935734
 152627
 218565
 336345
 812061
 717909
 1043611
 1070996
 67479
 1034781
 217095
 497074
 956876
 636218
 596581
 274835
 216859
 832231
 34086
 235659
 151375
 424913
 428273
 913429
 513986
 302323
 982626
 1038221
 599415
 1062524
 718837
 87501
 862057
 589360
 503496
 875078
 1051841
 665657
 800303
 216299
 36160
 290482
 901690
 197398
 465330
 435472
 749431
 120551
 953515
 659981
 699927
 793146
 853701
 353399
 1021763
 228678
 252415
 391139
 661764
 246567
 156140
 217002
 407069
 83761
 415658
 1015838
 907814
 336441
 846006
 884589
 468302
 1049268
 666652
 1003238
 432186
 958266
 374152
 2457
 887668
 876630
 765716
 337208
 964857
 579957
 543830
 487869
 184891
 3724
 681243
 244116
 539287
 210973
 33280
 610821
 825057
 618877
 81621
 477129
 688359
 384774
 695653
 75806
 989394
 195662
 687378
 634363
 772653
 669998
 1041530
 702598
 904887
 203620
 639619
 231169
 1025570
 494821
 824723
 1029742
 857323
 1061606
 826945
 143431
 89574
 92023
 654679
 13046
 357893
 928065
 681941
 443056
 877244
 640564
 1017559
 529082
 255852
 1046903
 314756
 340418
 967382
 808300
 1006465
 466592
 511115
 357549
 5421
 353123
 531806
 701915
 969989
 365196
 141955
 852532
 593589
 757770
 624639
 498004
 900992
 281171
 946830
 410569
 496009
 545471
 611622
 766708
 1035801
 213934
 537285
 240085
 422815
 462328
 401276
 602217
 952937
 486429
 542353
 1079073
 124131
 561570
 949947
 780703
 156048
 386605
 358193
 395749
 551690
 851039
 955933
 371037
 646340
 766942
 60036
 836354
 636875
 783316
 673539
 362808
 314383
 498788
 883789
 1078195
 510649
 518649
 737581
 439744
 1091654
 1021089
 1054347
 692848
 377043
 604133
 426368
 870173
 90
 740737
 97915
 1006725
 935209
 36227
 1064230
 16555
 818684
 701330
 884087
 185692
 486235
 806702
 722430
 948764
 1055457
 977877
 689505
 228172
 915150
 167605
 187093
 370078
 791385
 232537
 959502
 34214
 1025980
 977047
 903358
 6434
 703311
 784083
 923732
 1009354
 52531
 493757
 215604
 695192
 511981
 394267
 424003
 10206
 52343
 983415
 265763
 246844
 598808
 74900
 1083859
 797836
 161770
 860805
 214393
 126673
 246178
 812710
 604221
 798655
 1083398
 749403
 77153
 144047
 513962
 1091269
 274164
 338016
 597512
 285958
 813712
 556804
 1049502
 546977
 394661
 1007844
 435071
 1024968
 451376
 792084
 70313
 653575
 148294
 835654
 724729
 942753
 250244
 534819
 388740
 492479
 270598
 727414
 956130
 846969
 433564
 700438
 337901
 832878
 641384
 759524
 99132
 541241
 202133
 419480
 110637
 741493
 677472
 29691
 999674
 1073953
 179136
 710753
 972316
 691292
 185225
 456874
 488123
 887681
 115753
 897402
 316753
 1087701
 79692
 447449
 848543
 948019
 799428
 942830
 750414
 194765
 676799
 1016838
 653652
 889492
 955246
 364665
 717447
 1060697
 846091
 679442
 108190
 282951
 783759
 158690
 176448
 1081826
 760927
 756900
 703450
 190702
 646259
 347868
 222316
 773881
 572364
 685309
 267181
 541331
 840820
 710945
 455892
 224303
 547896
 950178
 395539
 439377
 1021443
 245554
 49612
 113517
 149965
 113708
 831181
 990783
 129152
 391542
 879834
 900358
 1063025
 263209
 193316
 466831
 1037277
 547027
 1053743
 573305
 692791
 164262
 168947
 863439
 491337
 686924
 703795
 1035585
 845961
 916428
 532051
 935980
 397933
 522227
 775947
 855213
 516294
 142700
 189768
 876744
 485129
 410413
 507314
 1035855
 894562
 851995
 327154
 341194
 911453
 1578
 527233
 151858
 722925
 8402
 776456
 438030
 395118
 70709
 122115
 665048
 1045115
 256838
 605524
 912636
 466731
 968649
 814785
 1077080
 42240
 750268
 130690
 866550
 202782
 79380
 725310
 158742
 525811
 138568
 54190
 193189
 29414
 865589
 962640
 1004235
 281755
 911878
 214386
 28219
 223621
 844898
 123277
 771853
 948483
 212804
 944173
 36334
 625204
 683414
 635900
 813649
 897133
 403389
 504135
 941535
 21018
 227693
 609853
 385211
 364222
 779600
 681042
 771240
 1003954
 611204
 160117
 833966
 827622
 840976
 136824
 311830
 84258
 1009148
 918426
 409233
 352149
 424973
 267592
 233541
 1010074
 1037626
 457065
 999789
 293413
 478950
 426255
 161356
 592153
 75439
 807912
 392002
 702160
 761483
 432992
 60585
 573891
 550966
 1053335
 200206
 738605
 134885
 235511
 454615
 571155
 1099787
 153400
 325750
 445360
 226177
 1095331
 783613
 752013
 1005541
 558026
 113060
 263702
 1096529
 213267
 590895
 822267
 522635
 630522
 737713
 880725
 573635
 593863
 777996
 546607
 508849
 903934
 956162
 370662
 248264
 269598
 301110
 699786
 576209
 305344
 528799
 21986
 673810
 216729
 548085
 800856
 549064
 335396
 666943
 364110
 278350
 781988
 344894
 745113
 544555
 207169
 664099
 684226
 85927
 865754
 1025664
 6276
 150085
 985247
 713604
 503312
 36350
 441377
 962460
 923319
 964259
 109433
 137992
 125866
 133312
 275908
 535869
 297692
 296103
 1073521
 358094
 705296
 572909
 755661
 294141
 900010
 105564
 565678
 1019316
 1023244
 555042
 168097
 888147
 900342
 165250
 983110
 549716
 985381
 650610
 228897
 149422
 497654
 711549
 910330
 211717
 496917
 350972
 561689
 565583
 452121
 889366
 23434
 16133
 553647
 2141
 35533
 954947
 127011
 924133
 683740
 130153
 379509
 243329
 351786
 451135
 734270
 892546
 611707
 39830
 352937
 288470
 392575
 976616
 924979
 151580
 851066
 507535
 861658
 142998
 302454
 918230
 840533
 170834
 403472
 916743
 463668
 243962
 707958
 725514
 1026098
 347445
 117533
 43644
 610591
 67463
 485268
 28263
 154697
 80924
 994091
 83550
 38331
 50757
 835644
 567253
 799485
 13531
 272157
 1098562
 888223
 332311
 584723
 833473
 201064
 768212
 828302
 940680
 267108
 204333
 121120
 4487
 1098675
 898322
 708369
 82650
 761893
 288939
 244999
 353523
 62246
 668766
 876287
 442617
 376711
 576854
 688982
 981816
 716830
 733906
 786739
 352046
 751149
 108891
 56304
 266058
 1046166
 882900
 906796
 886620
 526448
 905029
 176741
 880503
 1019960
 723821
 16034
 142850
 661565
 705004
 937165
 880488
 315798
 57126
 894545
 471132
 58374
 33038
 303525
 3588
 799447
 499354
 478089
 59600
 596017
 597131
 946881
 890164
 910337
 1088033
 113992
 830132
 968008
 1053854
 807610
 351768
 265884
 1058743
 331955
 416848
 160199
 302689
 997881
 651036
 523263
 587488
 450929
 1086516
 532787
 1039914
 630592
 1038561
 584911
 339958
 1014558
 408100
 210503
 919807
 313548
 924403
 1030359
 8375
 594962
 179284
 809925
 32974
 398035
 267395
 1038536
 17590
 89478
 41934
 1074087
 806643
 319565
 898165
 1070762
 793608
 386230
 836441
 242141
 295489
 1056269
 713043
 382144
 556076
 159008
 79481
 709317
 1058573
 753834
 1009158
 820535
 571931
 332571
 531987
 769855
 835243
 937810
 455959
 1031173
 420665
 216846
 75995
 172113
 452559
 928633
 635781
 205992
 32334
 656062
 1028106
 1040566
 679319
 719725
 359768
 137354
 467973
 785081
 826656
 265678
 158366
 150012
 83198
 291785
 141902
 672282
 961978
 861394
 868347
 587817
 104163
 629737
 322796
 625169
 815746
 451017
 329560
 50087
 23279
 961263
 969126
 833320
 96712
 1018762
 235256
 1006883
 977362
 38098
 293199
 915101
 888983
 514135
 211518
 834405
 958714
 405830
 432877
 288161
 146986
 481323
 340161
 908317
 630798
 770643
 254857
 170756
 734533
 172366
 167359
 1012196
 577012
 780288
 1084435
 547856
 832940
 703110
 77794
 393494
 421489
 793553
 282944
 347737
 774827
 795237
 294174
 259727
 941144
 518356
 433031
 199489
 462168
 886233
 270027
 723128
 463760
 384102
 425049
 726429
 58057
 578080
 848511
 131773
 175432
 896022
 384188
 963025
 997033
 951023
 199333
 645401
 246932
 248551
 550882
 1012848
 201229
 409853
 558072
 362371
 1074885
 212456
 450386
 404565
 274555
 346836
 305450
 51416
 171807
 111485
 554947
 564144
 812384
 1097249
 273021
 766999
 795563
 76888
 822851
 511479
 410210
 412142
 508666
 475848
 565495
 726948
 657183
 1016085
 574138
 419347
 76610
 1020882
 494044
 239170
 935525
 704457
 417173
 397352
 577030
 910701
 834457
 198334
 118239
 707114
 667191
 108623
 451740
 346336
 55887
 428182
 842345
 1002000
 378629
 992373
 790759
 320385
 338763
 429786
 202709
 261702
 72446
 349477
 960384
 571675
 768532
 516383
 836606
 679907
 879467
 1055774
 1015165
 1034013
 1003285
 333979
 908913
 60079
 498371
 814761
 656765
 731209
 483960
 1041652
 970666
 386332
 363135
 199424
 146711
 237902
 837251
 1002446
 773457
 4773
 459639
 685028
 382814
 298345
 308194
 322993
 166413
 148239
 899724
 354542
 5081
 1079505
 89288
 414029
 752950
 82662
 58834
 472752
 774663
 703986
 695964
 691755
 607481
 968017
 368981
 741888
 379988
 159596
 721295
 563330
 640466
 962292
 600886
 611994
 299317
 1040669
 859919
 994458
 109047
 885772
 911322
 151265
 1052287
 298463
 697068
 532883
 943272
 529707
 156188
 78193
 262293
 492546
 38527
 562379
 961568
 1044230
 447970
 992916
 384626
 255692
 317520
 833375
 565221
 936718
 414550
 465588
 668092
 698841
 1054692
 360328
 266906
 466856
 171491
 388356
 196599
 896067
 206444
 526932
 83617
 890766
 983149
 916490
 733063
 325634
 200610
 466211
 636212
 21953
 552929
 535971
 192987
 305358
 44591
 52029
 290047
 394916
 924897
 838802
 987995
 76665
 1058801
 66010
 168142
 19445
 327780
 100579
 903040
 89903
 1009058
 717729
 432334
 804774
 159932
 1072040
 625834
 769268
 975991
 228231
 508543
 522149
 395660
 76621
 165809
 431063
 745994
 906074
 216189
 31307
 1068465
 166222
 1011203
 431714
 710397
 869078
 27929
 255519
 972334
 1053289
 705859
 1003303
 595105
 813316
 737678
 1021506
 953190
 1005021
 632255
 878976
 444490
 738590
 426282
 1071830
 493948
 388375
 538013
 222483
 458396
 1056561
 617721
 604163
 192056
 1073416
