330731
 495617
 360281
 1098333
 851224
 60864
 767074
 211316
 741030
 243443
 416386
 563047
 1029763
 925420
 970916
 627682
 32466
 898364
 441516
 891332
 16041
 829565
 666178
 607865
 643353
 149143
 54952
 777347
 673151
 366551
 979378
 940311
 84259
 913356
 143329
 729125
 622222
 539364
 573001
 459098
 356798
 709097
 59653
 412255
 541218
 289702
 995853
 1009434
 300979
 337230
 793332
 954050
 669828
 516947
 408909
 25860
 725953
 916650
 414673
 903456
 194332
 557732
 356847
 415199
 931191
 741517
 942396
 868088
 596022
 474459
 19100
 655617
 372287
 364119
 762565
 716827
 1034774
 172267
 216800
 886059
 13035
 1032409
 126620
 63710
 421441
 818506
 708539
 457844
 964338
 506468
 155509
 285947
 17342
 694837
 23138
 1020410
 375915
 182627
 23069
 515297
 4110
 962669
 760970
 284605
 618512
 897902
 12667
 1096832
 618749
 850435
 52078
 220324
 541587
 626009
 356485
 119339
 199769
 937264
 520261
 611855
 1011364
 898860
 883245
 209593
 522036
 656625
 919747
 832830
 251401
 178060
 121437
 579183
 1004371
 690566
 866376
 670418
 192671
 80188
 393984
 685388
 222009
 339768
 754208
 426099
 397100
 213172
 414699
 184915
 1074481
 165550
 794164
 982291
 911524
 686299
 775526
 1023709
 1086072
 93190
 940001
 1011842
 80508
 1025072
 1025006
 196596
 993206
 856751
 219609
 807315
 704786
 886958
 409340
 906712
 258325
 981148
 623768
 793406
 820101
 1066499
 953851
 558532
 609465
 870889
 15057
 428979
 804588
 862215
 763156
 1072332
 1075504
 82993
 1085725
 859786
 21747
 687495
 423722
 245663
 856092
 999129
 440749
 326477
 453621
 495888
 633146
 139035
 840553
 212369
 1026616
 606806
 666925
 7738
 276570
 939951
 367267
 750586
 954372
 123829
 299746
 630485
 283486
 645205
 182548
 722324
 286117
 44941
 258275
 899887
 938555
 170591
 1066220
 564852
 22740
 768415
 591623
 794448
 924382
 135456
 1029902
 1007278
 1028601
 374734
 808407
 6042
 17203
 460324
 548453
 110616
 991126
 157063
 264188
 348182
 48366
 630314
 988576
 125136
 303459
 1088683
 427369
 160935
 537715
 1097279
 293858
 377609
 699177
 827066
 592222
 945894
 288885
 676573
 76966
 791270
 327207
 621369
 68171
 835213
 385471
 669659
 897620
 1020445
 777855
 335075
 1003628
 938617
 765933
 1014047
 1014997
 987707
 473787
 345470
 872407
 895369
 34132
 245006
 315120
 299667
 214966
 668749
 1043160
 582487
 1015120
 395150
 10317
 10640
 114005
 902502
 940917
 931213
 760084
 55683
 323289
 386953
 1024045
 904321
 297544
 331258
 1094516
 699320
 97494
 666487
 308467
 445909
 416105
 165666
 425967
 920288
 272891
 935311
 38227
 1031184
 285607
 1008981
 388590
 223222
 396968
 1037067
 1054388
 510091
 335636
 864613
 69643
 424499
 635052
 63562
 880177
 828769
 902206
 679140
 1077877
 530600
 993948
 621494
 597904
 651839
 996209
 877633
 615935
 671050
 102998
 716644
 484224
 460975
 536057
 136681
 884865
 1008298
 145900
 677391
 739759
 46158
 44379
 615475
 791482
 201485
 470782
 267451
 503530
 754515
 1097535
 153282
 898698
 800188
 504672
 698743
 403015
 283570
 433454
 93743
 705297
 622235
 327046
 45111
 396251
 260959
 329689
 865239
 29151
 1012684
 511984
 490441
 30743
 856302
 147867
 96796
 671229
 144256
 985696
 257555
 771445
 372673
 239059
 494358
 727120
 713509
 45672
 32084
 801941
 466354
 1046887
 599096
 655628
 660072
 134821
 675464
 645547
 460763
 993233
 422372
 472825
 931591
 880169
 889934
 767792
 26933
 19879
 890041
 700675
 518848
 902134
 527253
 155447
 956771
 301422
 552718
 928444
 1034204
 138023
 1015992
 700546
 108903
 518161
 517983
 778791
 604558
 672061
 269749
 850847
 774822
 739149
 139770
 126251
 559806
 944876
 902364
 602845
 902788
 1036837
 194253
 587009
 274663
 214155
 131387
 278544
 872597
 7503
 565863
 490538
 819161
 112854
 1061394
 965058
 947838
 704823
 311182
 178595
 1061108
 87985
 520304
 797996
 651594
 396723
 52561
 719071
 763610
 340464
 727951
 14386
 529240
 208810
 899676
 137945
 578788
 78191
 1096040
 693731
 596047
 837417
 1009151
 716236
 290981
 925073
 1090203
 907392
 332402
 71965
 1057322
 1023194
 877702
 1039033
 242085
 81491
 559893
 564446
 812665
 540862
 741840
 1073459
 570898
 1092414
 735036
 77829
 329193
 629886
 926206
 957813
 73356
 497758
 1035458
 348105
 988622
 461840
 385546
 428273
 769107
 566293
 1063806
 433505
 308028
 822117
 382537
 370368
 529655
 858895
 321076
 730775
 514022
 618517
 691461
 874538
 968224
 912428
 152681
 907063
 64621
 34825
 473188
 58090
 887959
 274268
 263163
 536198
 506663
 938389
 957903
 347055
 1047618
 159710
 552114
 38055
 69911
 294413
 394508
 976472
 940719
 481227
 390726
 698895
 324331
 569955
 674128
 793930
 244867
 3696
 884262
 335842
 1089038
 271308
 358329
 149803
 1085216
 919093
 559181
 208244
 256604
 773199
 805958
 98939
 955596
 114783
 478076
 431495
 464673
 558556
 279578
 499569
 750624
 391521
 468460
 151485
 923938
 701646
 907771
 453131
 95215
 1047447
 507056
 1062840
 788960
 68974
 554837
 580647
 1086826
 204542
 71281
 33799
 654664
 640581
 462240
 902472
 1050185
 73952
 706601
 438988
 548541
 861613
 370348
 924226
 1086238
 556738
 673225
 465665
 952987
 1057975
 317140
 711349
 204038
 327927
 843124
 222734
 111472
 623289
 376843
 535656
 320506
 376328
 803487
 766338
 537739
 768027
 1014194
 1083361
 322522
 64017
 399254
 275582
 619605
 79656
 834925
 332354
 534964
 304408
 112775
 714377
 833318
 1046132
 731904
 710854
 919921
 289724
 887546
 273612
 166201
 1075080
 536601
 1017149
 111571
 451194
 621130
 1047353
 819276
 162920
 569285
 952364
 554294
 1040433
 1049531
 887989
 396611
 322611
 482209
 1036175
 367964
 319009
 660740
 1060044
 480920
 592162
 667285
 650144
 307399
 1073283
 972920
 65444
 291528
 26850
 262740
 80726
 521874
 666820
 365177
 616068
 398151
 216699
 166243
 389286
 961536
 122185
 971125
 368250
 691439
 341704
 42639
 793877
 897933
 525264
 213576
 989929
 688267
 1001293
 348916
 675053
 761122
 434651
 116177
 859376
 769678
 988186
 453061
 980889
 786184
 9411
 426055
 118161
 944906
 254946
 775108
 867123
 903433
 991237
 292197
 476943
 52312
 597446
 172580
 126592
 681761
 961144
 710902
 991991
 1068246
 195974
 350435
 365957
 768223
 202287
 83672
 360282
 356922
 248876
 372770
 537616
 506576
 1085032
 1080412
 155147
 324511
 679215
 443548
 289612
 235402
 969359
 210239
 104732
 698629
 605220
 578055
 424325
 247504
 212325
 57972
 824563
 155839
 820821
 393442
 505706
 1093828
 205788
 331564
 801677
 874786
 159870
 303209
 234946
 726214
 354695
 334429
 754955
 733858
 179043
 352130
 854633
 348271
 299684
 858523
 133212
 511996
 477891
 535254
 149858
 639556
 414882
 577284
 209000
 1038767
 158538
 314043
 1063757
 513979
 846037
 284881
 567502
 631481
 444835
 1006600
 657411
 119063
 812480
 472102
 318532
 416817
 283614
 613719
 220532
 975308
 864874
 1085070
 301112
 962648
 279900
 445416
 1043119
 111393
 248205
 652215
 680000
 993281
 253705
 917806
 115944
 350490
 588861
 662864
 670581
 856684
 1002934
 454299
 594223
 452755
 234149
 884846
 188069
 614289
 889215
 973402
 777673
 475283
 55954
 236944
 706619
 200822
 962587
 321657
 708729
 289968
 780964
 273029
 448142
 392775
 39629
 524276
 1016745
 523687
 722340
 62052
 154665
 799292
 891487
 906313
 492261
 183456
 981555
 360167
 853912
 504732
 612684
 806733
 699840
 376247
 168677
 154580
 887337
 506335
 1099332
 787764
 458946
 660573
 431375
 196231
 883548
 1096263
 637452
 372956
 709562
 357454
 661241
 931621
 417726
 464482
 873947
 1061824
 263833
 268158
 917284
 441759
 936950
 886460
 45707
 620004
 723719
 428410
 10431
 111978
 1081302
 1022286
 717510
 612561
 302892
 1035692
 771895
 346290
 379508
 707022
 350780
 131203
 400799
 214690
 822305
 296334
 822535
 730707
 83537
 601295
 1062634
 49696
 311392
 186333
 294289
 793183
 484224
 110188
 1040953
 969248
 1081860
 357619
 140249
 571305
 219491
 862915
 90488
 350698
 222742
 303665
 791033
 963220
 512468
 1048421
 189607
 728335
 276674
 492187
 138340
 826371
 812879
 954888
 2455
 544739
 710684
 415594
 874511
 697854
 1011191
 752503
 1067854
 781247
 982622
 123467
 938127
 962101
 139331
 933692
 25439
 226586
 694726
 534283
 841721
 388079
 210310
 333412
 436615
 341472
 734344
 1081580
 1003445
 639659
 1032996
 946187
 1053165
 742928
 430254
 218363
 702869
 731614
 409360
 27437
 827605
 72815
 255392
 336833
 812566
 1073282
 216186
 665094
 751305
 34697
 185931
 431675
 606344
 1081173
 242475
 226623
 281952
 176130
 1088351
 717971
 1089026
 89987
 982840
 335622
 349522
 434300
 835214
 975217
 33479
 585521
 633104
 203463
 668160
 697945
 531447
 893838
 486162
 96990
 809058
 307251
 180749
 720725
 249623
 863438
 293750
 761185
 1028802
 613644
 988211
 31993
 567547
 109205
 801120
 599360
 474298
 978962
 421345
 458285
 843788
 978381
 8506
 912610
 884898
 900370
 558846
 631965
 371782
 631684
 697599
 510134
 385517
 1098912
 75036
 569529
 230635
 245014
 780104
 593734
 246514
 567716
 266103
 237164
 464733
 720913
 991751
 736628
 59675
 500974
 108948
 1088779
 852181
 842303
 423895
 236745
 611737
 714377
 833101
 465610
 773072
 359531
 97520
 79722
 1056436
 327693
 336907
 314983
 435059
 606146
 402628
 560430
 58617
 495775
 797776
 127277
 245750
 83729
 418963
 447465
 893689
 1001793
 511309
 487765
 932729
 845004
 431494
 420805
 605191
 907685
 103931
 996463
 282060
 643901
 148319
 344819
 500286
 1043234
 1079941
 66924
 116988
 697007
 487626
 653112
 515488
 20929
 671994
 27121
 37581
 713115
 124854
 142913
 445041
 703922
 926213
 607015
 179361
 872826
 205653
 308737
 1008238
 771332
 731722
 252157
 1018816
 27685
 1097710
 473282
 571372
 253620
 978436
 421628
 138959
 676017
 981976
 616569
 443438
 296507
 365918
 43815
 357311
 959080
 825982
 334459
 248532
 119451
 164937
 707828
 335264
 111636
 263453
 324150
 407949
 588924
 433835
 309149
 720264
 760568
 454254
 1015134
 684226
 660077
 557661
 64610
 427987
 730245
 845924
 870955
 77272
 56341
 118264
 359927
 754735
 68099
 525632
 71628
 842713
 186315
 502543
 177447
 898245
 321880
 356381
 105016
 54064
 953607
 913000
 499185
 301479
 538768
 1065162
 905171
 829304
 456104
 653255
 653666
 943828
 574701
 457453
 859774
 67702
 592556
 378686
 59924
 203362
 1003421
 561126
 16718
 547333
 366378
 571649
 1019807
 873311
 732814
 971905
 332731
 26282
 158103
 160684
 413023
 680674
 941177
 60559
 570019
 1065707
 726055
 817149
 344641
 289859
 1063542
 1067967
 416001
 983838
 569462
 869880
 436349
 978538
 289253
 13308
 809980
 799381
 312057
 724920
 294414
 862059
 278346
 155421
 322234
 763718
 895215
 176353
 172408
 193554
 991408
 439922
 272562
 952017
 752542
 117997
 848727
 879290
 230450
 249512
 696049
 304283
 34199
 3794
 1083127
 404189
 238457
 587008
 1029222
 124163
 762057
 773726
 733672
 285462
 532494
 287958
 345119
 1091612
 537093
 571648
 1010001
 819960
 1084794
 220280
 23654
 827813
 22771
 994992
 589246
 665249
 907155
 531544
 842118
 769332
 664839
 307199
 337151
 790590
 364163
 950971
 1011546
 785108
 347552
 955816
 344610
 287826
 1088155
 285914
 889805
 177725
 719517
 99828
 1055347
 502620
 582359
 241003
 350009
 1080606
 900625
 424313
 319013
 950629
 34637
 334288
 151869
 964169
 763693
 105717
 737793
 653220
 1042372
 620492
 543070
 898967
 943909
 184608
 19054
 747472
 452374
 871009
 664672
 308609
 395118
 627136
 1079036
 77274
 933923
 606676
 1039029
 396276
 269930
 524495
 580063
 682841
 1009046
 134488
 357063
 22244
 141487
 450496
 64761
 1057222
 759521
 862587
 43528
 1084584
 63343
 293808
 794766
 300145
 382565
 364108
 303489
 637095
 663848
 35233
 539382
 883519
 995465
 70371
 967589
 811435
 934125
 1660
 305932
 262047
 35961
 151589
 848510
 14460
 678165
 170731
 77994
 972089
 413712
 595149
 263831
 1059973
 999474
 569532
 222738
 923423
 20802
 1040463
 711883
 522895
 294792
 734588
 858360
 556070
 882886
 572099
 884261
 301283
 908005
 108892
 1084999
 285434
 715741
 520458
 794477
 571663
 654356
 1049493
 1091014
 370777
 380809
 63922
 990760
 1096903
 619608
 310447
 999095
 850143
 901
 602418
 37245
 611685
 600967
 743050
 908229
 145038
 1091465
 509029
 207599
 212318
 208417
 786390
 642095
 79384
 305464
 917946
 373946
 163425
 231472
 889935
 85953
 870725
 964758
 86194
 202208
 436118
 285065
 657365
 105882
 374533
 905076
 291916
 361524
 880272
 777587
 1080281
 655101
 259727
 91144
 915668
 394165
 799470
 111402
 343639
 619818
 169702
 903996
 836297
 269345
 450320
 1043370
 73555
 472412
 700056
 816122
 542927
 316126
 692868
 880328
 782839
 120194
 399996
 82106
 1010275
 441514
 492825
 554767
 201437
 760212
 91114
 1455
 630696
 17768
 281538
 1035536
 625003
 929961
 81852
 545674
 101943
 965788
 914345
 418781
 131753
 952136
 630761
 304014
 296216
 815889
 236538
 375351
 570159
 130330
 913598
 1022526
 646187
 613658
 231513
 623377
 1046437
 449977
 93986
 656643
 627101
 804756
 561048
 293308
 6049
 757050
 966934
 674744
 160097
 587289
 708241
 25699
 576529
 666195
 322601
 181084
 441951
 338171
 713913
 324560
 933550
 804179
 924598
 429140
 697782
 742738
 519821
 252104
 157818
 458051
 622786
 764611
 439811
 985615
 896900
 851161
 271111
 523483
 150669
 237462
 940850
 739063
 1091446
 1481
 161793
 968673
 688290
 419702
 147183
 206523
 771361
 196055
 699159
 748657
 294657
 1010257
 625893
 631896
 560146
 444380
 220989
 428632
 707787
 591489
 608656
 684378
 149246
 86510
 273099
 373603
 466884
 42603
 115974
 124419
 677205
 722508
 242445
 380010
 61560
 286079
 238994
 158398
 885052
 63843
 632655
 764025
 1002628
 336096
 198003
 838382
 351777
 604243
 742833
 141757
 610972
 944570
 222178
 1063624
 1006182
 610731
 368198
 472193
 1076141
 365936
 628165
 754488
 678095
 661045
 198738
 144041
 929804
 633803
 720359
 205345
 710006
 318600
 19857
 1035316
 953398
 403427
 924620
 13009
 888800
 940634
 193222
 531806
 678553
 599212
 818332
 159205
 645965
 1036309
 1017471
 676264
 159658
 1091527
 205090
 148099
 997245
 401919
 487208
 1024993
 549520
 433312
 127841
 350862
 760043
 1050136
 259714
 66957
 794408
 1064254
 574201
 492539
 333741
 41995
 775096
 336478
 948248
 459748
 785274
 108021
 373108
 171298
 596401
 423203
 131075
 36287
 358228
 366360
 944752
 746601
 952474
 557889
 131901
 441950
 598601
 829535
 998470
 938117
 91578
 954928
 680022
 298807
 569846
 762682
 1001375
 249797
 360327
 1018598
 71444
 929279
 353703
 961944
 140526
 862093
 101496
 999551
 20686
 901879
 91500
 664390
 175255
 947751
 448898
 71859
 16657
 486718
 397063
 945728
 110002
 1007306
 183946
 111472
 1075432
 1095082
 920772
 698608
 222487
 557499
 576683
 199269
 1021275
 921973
 1036793
 174115
 425501
 1060352
 277623
 83241
 1057976
 124841
 145368
 971004
 782050
 539080
 525402
 164537
 605659
 9232
 1035798
 776542
 413083
 1061773
 718826
 508434
 405338
 759361
 477123
 914808
 1786
 677917
 1098783
 305136
 704585
 865702
 111972
 602531
 801018
 154479
 982851
 541925
 305454
 105774
 302840
 663678
 865858
 855264
 265416
 410773
 609376
 1086785
 548162
 16335
 1082454
 869428
 226384
 915026
 819182
 859857
 506161
 130182
 503149
 218220
 1039825
 432280
 723576
 734049
 901985
 672210
 849912
 294586
 834764
 816300
 577904
 138784
 75172
 1071893
 990177
 370922
 950137
 723802
 266452
 702751
 594884
 361316
 993658
 738522
 986250
 774600
 1096575
 445863
 276507
 659565
 454768
 813856
 880441
 1009559
 913304
 763257
 62170
 222980
 419364
 364835
 1029588
 111008
 485391
 371746
 324647
 196215
 845414
 499392
 156232
 377224
 373528
 159454
 125063
 760114
 84753
 1699
 1095506
 524045
 946587
 344269
 672805
 500141
 812389
 1016335
 485420
 891564
 176588
 872181
 529015
 226898
 686212
 451932
 651400
 304048
 655167
 445964
 668898
 983664
 471853
 452317
 1062442
 1069452
 192122
 984995
 129507
 918997
 1003423
 185570
 857556
 432178
 431485
 179480
 489389
 624273
 290153
 525486
 516241
 825243
 635816
 573213
 907764
 428341
 811256
 734727
 282526
 527814
 15049
 101321
 435280
 817721
 350998
 860874
 382272
 792178
 831030
 97119
 4361
 450795
 352419
 380426
 495680
 201786
 86375
 1040594
 905882
 229468
 1075364
 627688
 45241
 517133
 481315
 267565
