935483
 467409
 38390
 1076624
 20603
 143419
 831565
 969589
 288551
 411658
 538149
 675229
 732547
 402191
 51504
 60287
 1017515
 737922
 781066
 781458
 313939
 74836
 1075674
 914226
 804260
 355842
 797039
 554071
 199170
 252738
 638473
 661835
 286008
 88392
 500083
 292741
 282932
 658123
 848319
 109872
 883753
 64704
 924940
 336997
 563813
 128968
 586665
 98989
 299195
 291816
 855321
 1536
 992771
 124726
 233867
 433915
 227843
 584710
 1009267
 970334
 66772
 390161
 731799
 93008
 1031815
 495893
 31004
 300299
 644499
 637819
 796732
 696476
 176008
 580778
 829401
 915444
 517610
 819279
 644439
 186418
 171866
 1031806
 553013
 1047563
 1033667
 556452
 1046010
 456830
 371841
 278462
 1014485
 400670
 844566
 244602
 946722
 1090088
 822249
 789104
 162212
 661611
 15436
 263769
 671528
 881780
 212225
 117685
 406969
 59638
 760424
 495424
 381070
 370924
 236846
 5599
 672100
 1046884
 976570
 640518
 403191
 410762
 793712
 616603
 595767
 605314
 866808
 571944
 705788
 684440
 101475
 203494
 1041871
 502104
 980402
 299877
 523323
 794682
 732521
 596422
 576734
 1008340
 880982
 171835
 543675
 931391
 351251
 443613
 119136
 794249
 110775
 457868
 197088
 615450
 437374
 592120
 859951
 658524
 183852
 928233
 1037105
 36069
 85790
 643256
 273018
 90192
 27851
 648150
 202684
 185013
 298314
 998807
 977686
 699690
 807428
 1024793
 308913
 718315
 476523
 844138
 838398
 61455
 303646
 552855
 922856
 1090409
 773642
 437403
 540781
 260483
 216514
 363577
 932011
 1010147
 563743
 796125
 141612
 513314
 191936
 336354
 855909
 1041577
 235357
 731303
 1042555
 1046996
 769879
 628376
 210509
 579775
 607769
 1047607
 394468
 377527
 860730
 43522
 373196
 800179
 570161
 396112
 792421
 949699
 636427
 499607
 1016606
 434007
 608012
 385048
 570131
 891296
 28276
 949265
 134360
 417704
 644639
 249729
 409714
 805900
 121643
 500464
 445351
 102080
 192238
 41087
 120037
 434623
 620943
 781460
 214111
 1091890
 375146
 104565
 595694
 856113
 590501
 88198
 587437
 1041418
 490496
 1060966
 999475
 608470
 884921
 313642
 1034909
 115189
 735600
 363847
 875890
 626686
 922965
 334230
 93725
 551392
 95968
 1072203
 528885
 964785
 428567
 240397
 518456
 553072
 101162
 868688
 290767
 306159
 974762
 495644
 622954
 405095
 372643
 108630
 585275
 1073996
 852980
 1077971
 123371
 919211
 27797
 149222
 120960
 832002
 198670
 634538
 182422
 134477
 135469
 224533
 284796
 269038
 689706
 494000
 279888
 987886
 6370
 1051697
 41238
 839330
 1007061
 595911
 418802
 276725
 394746
 1025301
 894240
 230698
 530180
 123632
 581018
 366149
 612686
 460373
 551621
 672194
 58248
 775316
 461372
 957710
 568729
 869592
 995307
 755293
 37452
 59484
 1059409
 968014
 865386
 546224
 234925
 796316
 310171
 853229
 898214
 596380
 142984
 8487
 227610
 890094
 1090558
 300524
 156944
 131606
 873287
 969341
 978675
 926568
 50985
 635158
 362176
 746829
 59089
 1013666
 382903
 85364
 302814
 59421
 455842
 1037419
 220986
 903338
 654685
 438550
 452933
 229391
 74692
 61881
 630448
 948228
 926872
 411067
 378009
 469773
 1009179
 321631
 984467
 253653
 493223
 161157
 966946
 999464
 404500
 958286
 368776
 844472
 539445
 76147
 257486
 293729
 381554
 132193
 34650
 904811
 471869
 715054
 716681
 361072
 219475
 447427
 98449
 238265
 755664
 141536
 360834
 610966
 826486
 632577
 105982
 549698
 42580
 1027205
 898628
 798261
 577279
 707043
 105510
 305179
 979629
 657370
 747495
 63479
 847992
 826759
 154143
 52372
 389860
 849436
 410808
 530943
 801345
 843610
 580
 1073860
 1087507
 34234
 768864
 626924
 457829
 832618
 540311
 16999
 760106
 57626
 1051836
 523109
 977870
 586231
 697485
 102964
 773344
 729510
 124901
 991677
 1045415
 105064
 116535
 1007229
 186852
 91250
 983792
 661995
 918601
 227994
 921429
 487631
 241352
 1075511
 49009
 765941
 901338
 367713
 11507
 1069814
 360714
 993435
 134674
 521105
 152680
 997225
 1062164
 623188
 287110
 281099
 416709
 926569
 42135
 752995
 238617
 414709
 231284
 874351
 598628
 205330
 1045754
 661262
 177413
 425735
 749243
 311089
 767652
 1024131
 1014776
 277122
 447262
 190913
 516599
 431883
 30033
 769480
 895552
 945173
 1091275
 505668
 41949
 513859
 637350
 968215
 912737
 910452
 580704
 891479
 355527
 194962
 1080228
 1035397
 782569
 1079942
 758806
 977229
 814461
 402800
 724886
 241714
 852284
 730910
 317534
 456100
 1023703
 103256
 494624
 217530
 440836
 838074
 893549
 857328
 369964
 312119
 646978
 960504
 125364
 454656
 3585
 100302
 29724
 691376
 66188
 784238
 18212
 518337
 313979
 811371
 34466
 725430
 779010
 60901
 129204
 761939
 676678
 795892
 2411
 169832
 949851
 701300
 440495
 478821
 749521
 769649
 1019250
 313032
 1022660
 556331
 869831
 54278
 313843
 992073
 445396
 546096
 968332
 766182
 432997
 683073
 377343
 410316
 990419
 29569
 500644
 722138
 523557
 650268
 308413
 609667
 9315
 837168
 226600
 356394
 726412
 495342
 834965
 1057385
 34504
 492271
 883914
 801600
 411289
 768123
 469041
 133941
 138053
 654990
 270681
 983055
 687751
 567959
 216712
 30744
 773237
 927620
 110242
 742079
 470533
 1069120
 917339
 1027629
 950200
 69978
 369747
 75816
 925110
 420496
 523066
 181640
 131661
 249846
 318366
 940452
 150715
 476746
 75744
 151783
 597508
 432019
 585356
 484597
 962994
 331950
 461750
 600774
 1024264
 551936
 998561
 344829
 325331
 546220
 691956
 871246
 100346
 808302
 591534
 945638
 287380
 357363
 575300
 267892
 761019
 267243
 847272
 1071602
 16840
 654686
 693872
 348145
 914697
 963197
 525326
 685479
 451260
 8693
 489129
 390477
 869154
 214272
 802529
 370320
 96898
 375545
 768723
 661568
 944699
 761718
 747384
 351517
 379068
 435768
 283285
 507708
 299444
 848232
 963633
 675243
 520443
 1088635
 957357
 729596
 161883
 493155
 862248
 377191
 7086
 484147
 742643
 750628
 553550
 829982
 873289
 185155
 560692
 958094
 288781
 1020761
 644345
 997013
 394649
 1065078
 721282
 296947
 235847
 573883
 659978
 666776
 676173
 476339
 539149
 15529
 299781
 984220
 453509
 1011175
 594091
 621503
 180552
 412
 141513
 741769
 1077040
 84762
 981996
 858374
 876615
 1043408
 957786
 245627
 938718
 225813
 538659
 653336
 61038
 780922
 587038
 941096
 1065100
 724704
 579183
 854485
 1030870
 603536
 617483
 1075465
 673509
 334110
 299627
 1036502
 618917
 776918
 540636
 1085793
 456990
 604523
 257860
 900953
 1010917
 610252
 53222
 648411
 591073
 310067
 365862
 199439
 735569
 56448
 1044659
 618716
 803057
 116440
 976019
 864347
 1085413
 929850
 214562
 345012
 582151
 566642
 304259
 836722
 156762
 1064193
 448597
 945326
 854504
 1006421
 515059
 658932
 517083
 651356
 183560
 871848
 961294
 182626
 273322
 384520
 717324
 132292
 134682
 1042392
 802847
 348079
 1099915
 793337
 977380
 826207
 1017545
 207348
 498410
 189830
 781262
 470509
 72373
 775655
 869843
 323328
 841822
 1089102
 964800
 420669
 110794
 798309
 164691
 749793
 665082
 288573
 447646
 78245
 53552
 318663
 85250
 346545
 495001
 865009
 2276
 821650
 3147
 1007478
 935237
 495028
 399562
 720650
 324794
 620389
 564232
 708872
 156760
 884864
 228184
 893921
 73477
 79932
 439525
 441612
 330849
 460599
 87372
 222969
 931636
 412072
 982442
 939666
 178763
 1064149
 37510
 891086
 873685
 1008390
 150953
 870511
 578390
 768285
 902992
 616179
 269193
 709272
 800672
 782126
 831751
 649424
 746926
 163918
 505951
 672525
 210575
 631353
 563178
 592215
 677124
 617085
 11209
 588581
 816236
 402107
 167432
 613971
 408922
 599723
 298975
 481913
 769917
 339637
 833452
 681099
 844114
 815967
 826852
 481085
 172264
 112926
 332822
 588223
 353087
 380930
 653951
 408150
 403145
 501481
 978636
 723633
 181832
 959571
 372300
 11696
 104726
 1028429
 1075154
 273874
 1034761
 700039
 370974
 524011
 279106
 1046312
 702908
 443791
 799146
 235192
 506492
 812181
 367313
 969982
 863323
 131101
 100034
 670853
 98917
 11190
 977692
 976253
 327765
 520829
 975807
 799680
 839482
 479021
 983907
 1012126
 1079360
 865635
 663449
 614285
 657916
 624015
 100316
 163749
 670678
 143040
 1019719
 173253
 936746
 510209
 177763
 517864
