326184
 1010307
 969965
 726934
 171132
 112024
 12461
 57614
 519691
 1008625
 866273
 718991
 326485
 791050
 533485
 771175
 753596
 946894
 163694
 562321
 269759
 998068
 273208
 324403
 111289
 727477
 776138
 339320
 716361
 1003863
 240289
 571086
 752845
 791373
 238045
 533532
 771612
 47660
 761132
 130633
 976470
 183585
 401337
 1027692
 275869
 993319
 943500
 1097679
 368553
 7715
 190425
 444958
 518732
 429516
 632420
 290148
 953856
 772042
 283808
 317040
 75298
 729285
 986601
 463991
 27682
 828304
 510311
 839883
 456344
 304313
 462575
 255518
 698507
 1072451
 1063088
 629906
 143556
 446989
 266742
 858424
 223814
 79534
 224292
 180209
 484597
 466469
 459209
 703414
 176437
 891144
 384022
 209819
 224006
 828624
 404014
 478274
 565365
 1019444
 696320
 362970
 626574
 735670
 30344
 1017163
 674977
 592691
 639978
 84256
 698407
 1077622
 745321
 822958
 353528
 116746
 71071
 903390
 718411
 435605
 759707
 154043
 522019
 874773
 459799
 781159
 960339
 967802
 549601
 575235
 615488
 338792
 888963
 1064248
 875726
 986816
 434271
 462466
 596684
 1001775
 198535
 163575
 460575
 184005
 622443
 829643
 993418
 610064
 755746
 989029
 509453
 315879
 688006
 245073
 299178
 969760
 8932
 825386
 626439
 105006
 576885
 1024263
 937528
 982971
 469999
 846742
 162819
 410437
 213786
 67871
 665306
 38119
 173736
 850955
 363793
 611074
 82108
 59937
 642102
 172653
 646661
 629704
 358949
 962027
 206827
 362828
 745160
 915656
 377750
 483899
 514310
 229505
 405132
 155415
 1022316
 383481
 170268
 41201
 810406
 547568
 881027
 634561
 758080
 508507
 397699
 81888
 450374
 620417
 667724
 654991
 468181
 566077
 690434
 315537
 110690
 678636
 784852
 224052
 466827
 590936
 304718
 1042452
 469257
 983353
 933606
 85155
 983792
 43068
 810099
 892968
 1057669
 1090273
 464438
 307038
 1050018
 865008
 586566
 218353
 519890
 731296
 661679
 629468
 327795
 740281
 204067
 538743
 1023418
 1079187
 4107
 251552
 258812
 452795
 335426
 1034863
 32738
 486255
 571572
 453582
 515412
 594458
 1020927
 426450
 529904
 570075
 261459
 172349
 529456
 200881
 323476
 270355
 821412
 589057
 840448
 74528
 26629
 250653
 737488
 257606
 251286
 223077
 1009242
 827615
 830848
 661576
 1081989
 888162
 588106
 153733
 567923
 1088162
 621192
 1048517
 159970
 121830
 244709
 203455
 753251
 684029
 591352
 779910
 76307
 413320
 498376
 460111
 868390
 948416
 5230
 1091427
 597129
 481272
 766170
 372839
 81967
 806440
 293020
 193887
 672105
 383258
 1026365
 848639
 441577
 423507
 470575
 352224
 392398
 1046824
 455438
 261331
 480899
 1044685
 995987
 906836
 281805
 7350
 165560
 906617
 906674
 858239
 655623
 642764
 1018714
 898102
 131438
 320921
 913423
 494954
 737277
 967093
 799338
 1086666
 977212
 19401
 730636
 589227
 912759
 820213
 652173
 139863
 311181
 49032
 885262
 675915
 80840
 602063
 193563
 624651
 202077
 530053
 1014382
 909191
 615247
 711878
 87174
 980298
 213440
 637704
 179376
 801855
 483047
 328031
 641091
 569077
 921755
 131367
 632373
 500540
 14253
 537312
 233873
 1014089
 617731
 1082999
 162394
 816181
 923794
 632664
 842372
 599860
 340438
 888305
 786981
 834943
 130435
 916099
 668442
 486729
 811970
 829438
 539307
 878148
 576140
 55392
 661025
 192516
 408311
 604507
 332810
 233983
 1079624
 460187
 578985
 822864
 972593
 670017
 453958
 533114
 263358
 28016
 455555
 526454
 446696
 62402
 515323
 589480
 415590
 896030
 735450
 839916
 412580
 566816
 963788
 446685
 386248
 871381
 739232
 128910
 192369
 518151
 442848
 395544
 307238
 66109
 179899
 832542
 740541
 26898
 808353
 778249
 326676
 979004
 947282
 789629
 542515
 24261
 811031
 779346
 981923
 451527
 415784
 372994
 25950
 492969
 708748
 1013649
 129859
 60211
 977249
 113151
 1063566
 290820
 83261
 1068085
 268573
 378608
 993911
 459284
 346883
 1045690
 350252
 123908
 382305
 1086552
 806636
 962123
 552527
 198314
 485848
 610432
 496201
 924668
 610730
 334382
 391008
 322006
 798287
 184880
 565626
 344640
 528463
 699201
 332219
 654686
 403862
 560298
 367090
 1053821
 341881
 19739
 630725
 64126
 451113
 297344
 900612
 848958
 184037
 247384
 2341
 727850
 176047
 343472
 95249
 929102
 170200
 417751
 345601
 304216
 915668
 1060720
 1074557
 910583
 883503
 756276
 98748
 1023489
 185146
 30997
 859823
 960704
 259382
 973661
 459167
 699140
 222074
 761646
 1051419
 1015096
 243269
 345075
 1023378
 782821
 1080220
 1031670
 552912
 1021869
 618495
 270377
 888328
 860225
 22543
 967194
 1093411
 624568
 664510
 726638
 447027
 695105
 876810
 522100
 701681
 1011091
 302595
 952873
 413713
 108766
 765278
 379700
 1015395
 394404
 954848
 903443
 94549
 180698
 35363
 279503
 887774
 1030884
 110436
 1088342
 51856
 313193
 410570
 980334
 793903
 163958
 365997
 166349
 281147
 136916
 582122
 486868
 741441
 809133
 979512
 576637
 1031706
 288116
 606694
 860030
 42657
 757863
 189718
 907678
 549218
 1044909
 653673
 306922
 1067911
 804813
 812397
 187303
 958554
 1006912
 612479
 386235
 158027
 473906
 668474
 715041
 890547
 774512
 1012262
 355040
 13766
 802048
 608261
 425353
 787947
 987839
 337375
 308750
 917754
 241030
 164248
 771454
 571997
 740924
 846340
 863204
 210460
 411287
 828511
 337505
 1071526
 759599
 88587
 482583
 759666
 326503
 481260
 1633
 348082
 478258
 59027
 1004812
 1085695
 195998
 874075
 620956
 767081
 900470
 1017277
 1028893
 1014350
 704649
 154046
 127940
 766688
 598136
 707525
 121589
 488959
 35469
 73882
 367537
 741790
 1020103
 379893
 191943
 769217
 731879
 395393
 792935
 144541
 951166
 690429
 546212
 714813
 967133
 508169
 1044324
 501786
 926280
 695640
 898432
 255025
 444365
 660870
 41539
 736668
 249649
 865913
 607265
 279084
 402524
 580373
 296548
 366269
 454616
 1048114
 580307
 432950
 514235
 319570
 169238
 760241
 223221
 693251
 97818
 1093582
 719324
 803533
 813380
 815342
 818381
 654902
 880823
 92551
 710093
 480127
 489078
 607059
 986460
 695275
 756750
 1090760
 697718
 1034658
 862385
 760134
 893930
 861056
 146963
 931872
 1099950
 591531
 683699
 304795
 1057768
 661670
 906440
 679963
 542262
 825563
 464492
 982043
 1086666
 1020181
 386715
 559435
 777426
 353061
 568923
 65340
 315458
 500939
 360440
 451895
 217919
 942884
 277584
 1084740
 882212
 471102
 832689
 141266
 906330
 288026
 319914
 286142
 217545
 359178
 252814
 436698
 116410
 282582
 578686
 426856
 730005
 753876
 94052
 532002
 306148
 334650
 16139
 127681
 318050
 490635
 440858
 877084
 173625
 140958
 247088
 55097
 717855
 216608
 702572
 64023
 977355
 634210
 788529
 795313
 1080000
 216262
 1001905
 898499
 716719
 803161
 709140
 528574
 1004606
 851
 546863
 553870
 868879
 123739
 874500
 546190
 775962
 430151
 161774
 82483
 488726
 879939
 266215
 198103
 425408
 838704
 946606
 710770
 496977
 901650
 957019
 381803
 856348
 862947
 515193
 399848
 236310
 778509
 23429
 259820
 449695
 326064
 322922
 659031
 417378
 710667
 492603
 87551
 4478
 926316
 671263
 568427
 407448
 776286
 720028
 486660
 122692
 209568
 693228
 914077
 52629
 515766
 271056
 585610
 838630
 621257
 117421
 245746
 696672
 63872
 675104
 511561
 767331
 217379
 154378
 732467
 360640
 703554
 131364
 169964
 1021263
 669482
 257491
 949977
 57397
 1035053
 398124
 498217
 896890
 316915
 551650
 506447
 805298
 289508
 728890
 450396
 1056693
 926443
 855823
 758794
 169947
 589577
 224494
 301146
 525986
 323819
 1088307
 726361
 571937
 502117
 339614
 2115
 930628
 119825
 655393
 113455
 140332
 1094142
 755217
 266618
 6593
 387225
 185825
 758332
 995915
 703799
 741801
 101680
 529022
 776502
 374250
 507784
 752287
 743879
 389574
 920530
 528797
 109253
 347520
 327566
 597598
 391904
 484372
 331497
 888540
 269184
 39367
 399717
 907738
 224321
 188916
 706026
 322755
 319004
 535588
 29470
 842736
 975290
 988541
 1024521
 678333
 760175
 198470
 803063
 357220
 239236
 545513
 572931
 664243
 336151
 1032838
 196798
 666373
 63004
 140548
 1062805
 439039
 230511
 1054758
 1042922
 286661
 293117
 574376
 955444
 831922
 662797
 3821
 722533
 514214
 783016
 187406
 12260
 835843
 832036
 534912
 557375
 954534
 468375
 353588
 577723
 43257
 351740
 553411
 42668
 671313
 1082761
 356167
 427539
 781653
 773631
 822842
 1098377
 369575
 178936
 326727
 451376
 707925
 376950
 844801
 1096559
 621640
 377308
 569163
 419040
 818929
 10599
 48599
 924570
 354567
 257554
 430587
 976819
 378514
 837221
 98713
 685951
 994744
 444495
 974631
 926134
 981150
 286273
 919473
 800489
 114461
 455818
 1075552
 374203
 533515
 858631
 111759
 40222
 268997
 189307
 764392
 764709
 6713
 501037
 1031472
 855362
 912574
 1046942
 903395
 556669
 216254
 494452
 861349
 634669
 157676
 335471
 4561
 614918
 888581
 1076206
 45404
 598689
 1079473
 1018958
 698826
 215965
 192946
 710307
 284383
 292532
 933397
 601653
 431848
 100015
 2275
 468507
 673875
 993056
 975946
 92468
 438028
 300255
 421282
 238641
 902165
 300965
 816821
 802261
 1075018
 557543
 312452
 745838
 887867
 414598
 355900
 42039
 279792
 615204
 201010
 399588
 780190
 648053
 469193
 519922
 1018756
 616462
 728588
 502267
 816785
 409963
 659099
 816518
 934742
 458477
 351278
 56542
 5170
 1063487
 704716
 132938
 451717
 704482
 587165
 49520
 492826
 100191
 577471
 203613
 730675
 804129
 424680
 836432
 781890
 767902
 286937
 969888
 503484
 632751
 649749
 956919
 679593
 515952
 824085
 85585
 924663
 772612
 549178
 490118
 408257
 443988
 464278
 999111
 731683
 633672
 640827
 186132
 307473
 880366
 364938
 633641
 775575
 937775
 1017705
 384767
 828526
 561173
 341533
 1040416
 531290
 50872
 240609
 158719
 543138
 217712
 687510
 775506
 776950
 971007
 89291
 264134
 12263
 342600
 810614
 990478
 124189
 296300
 512673
 558919
 372753
 442694
 358498
 341572
 241156
 316706
 586953
 1012429
 1049628
 672158
 78566
 178225
 723394
 755159
 781720
 948858
 734438
 947694
 684927
 689322
 66510
 587605
 892553
 698681
 288738
 285916
 311078
 736086
 932805
 981649
 61310
 7144
 540566
 140776
 919745
 1065431
 671743
 1027070
 468074
 981905
 855199
 241353
 116144
 591037
 520390
 569191
 47763
 816343
 333315
 897604
 240547
 548469
 410773
 970040
 394964
 608986
 549641
 39324
 774982
 1097952
 160600
 880862
 977763
 853055
 226278
 679888
 861451
 302850
 324865
 61853
 725469
 247765
 183566
 963348
 83495
 912707
 783406
 820008
 210071
 192091
 850932
 738362
 1088992
 669251
 427784
 872967
 852206
 431326
 50399
 237816
 260565
 74414
 260981
 55623
 602237
 446920
 371237
 420536
 870230
 234489
 875625
 721436
 907029
 207090
 199663
 264562
 162887
 155660
 143842
 685148
 827818
 99881
 474330
 516034
 128159
 656559
 989733
 941204
 380821
 603012
 592305
 312425
 286447
 490817
 547826
 371915
 24977
 77572
 76890
 1088742
 912274
 838415
 656865
 41848
 869897
 51250
 292734
 324118
 383804
 13190
 191035
 792091
 867887
 148541
 188664
 1060903
 391002
 480703
 267725
 220973
 295765
 210416
 365633
 376481
 721378
 45524
 227790
 308912
 388969
 640276
 954169
 1023001
 955944
 623213
 140751
 261890
 536434
 856683
 883276
 244457
 1089272
 87319
 74844
 181972
 205192
 457130
 100889
 60423
 1038079
 85181
 275547
 834790
 258046
 609038
 200678
 129007
 421045
 717989
 995809
 239419
 535934
 952266
 537223
 901831
 193977
 301697
 163048
 146265
 816947
 941295
 113842
 779815
 487083
 603918
 251913
 411183
 1088091
 266934
 323628
 7054
 1025204
 313419
 477653
 491070
 298312
 873723
 350172
 384897
 344905
 151646
 841801
 520891
 848516
 803813
 185254
 491531
 296353
 508042
 866774
 850120
 964190
 594002
 225859
 521645
 490132
 872313
 397796
 699226
 159174
 276680
 242678
 650706
 375529
 130323
 204358
 147660
 408181
 1079923
 80522
 780278
 685360
 602028
 147570
 560154
 947258
 988717
 1095714
 513807
 1057389
 902980
 491857
 718897
 400331
 353837
 811145
 546282
 67002
 660912
 872519
 963551
 601909
 240005
 895054
 751060
 663132
 993393
 126161
 558238
 790312
 659145
 483792
 475109
 899875
 1066982
 402187
 241282
 518332
 96554
 533557
 11459
 42834
 445083
 617658
 455376
 257406
 437003
 565404
 935345
 62919
 80846
 353079
 149287
 89730
 892088
 301695
 330712
 196045
 527851
 339537
 19052
 435715
 594745
 993531
 84349
 1612
 1018579
 148790
 822380
 774591
 235194
 755680
 140771
 891175
 815509
 889467
 895954
 390136
 140968
 746100
 62339
 889975
 698068
 714699
 714676
 591013
 199150
 257192
 1009939
 614575
 998530
 635750
 265263
 394781
 755536
 946238
 695758
 414968
 105853
 905179
 900792
 535544
 444937
 527202
 946109
 571867
 137700
 109323
 389297
 635648
 369638
 411346
 962361
 1061020
 232726
 871878
 880414
 224498
 977332
 971055
 1014525
 827072
 496008
 82666
 29749
 942917
 770659
 599441
 824435
 1000645
 713265
 885341
 145071
 259610
 361042
 288774
 373858
 347577
 198660
 325096
 1044839
 649073
 252931
 944078
 758239
 636230
 762022
 17148
 593790
 669739
 489715
 933673
 1065195
 332672
 1097838
 269078
 965475
 1055129
 55093
 496214
 555374
 311142
 1087075
 913958
 371747
 357646
 136677
 845259
 450722
 82417
 593458
 924912
 1065785
 842743
 62035
 100646
 624980
 427737
 828975
 1614
 439883
 51420
 741601
 491310
 464051
 823375
 418405
 743486
 360029
 632973
 948205
 855151
 6687
 959683
 295427
 245203
 104996
 712147
 294696
 677355
 695954
 678013
 1061911
 802586
 157962
 668647
 669665
 236926
 841463
 905776
 1064364
 935781
 475054
 869342
 514000
 1067040
 1083375
 344306
 525445
 595639
 23630
 22642
 795149
 183597
 927136
 483182
 1085971
 735592
 768300
 787023
 19787
 347727
 26355
 565090
 657117
 795846
 599084
 807046
 723897
 1033562
 77922
 65365
 244709
 667272
 414352
 307550
 558195
 841074
 862572
 994093
 84089
 620243
 509377
 126601
 150008
 376748
 400077
 1053848
 264718
 646832
 500946
 143884
 1010275
 797780
 692631
 356701
 259588
 875323
 1043486
 933710
 158715
 865772
 922418
 475030
 1089288
 103605
 883645
 130969
 22444
 515870
 904111
 383726
 738320
 339896
 577817
 410713
 300831
 715633
 772373
 853322
 293030
 22762
 191987
 791102
 1024827
 240609
 1072940
 584190
 1042572
 101816
 253517
 1037541
 1076154
 253704
 700839
 85960
 926594
 227270
 444936
 278985
 64984
 514208
 554494
 348080
 430185
 460517
 806193
 44902
 994673
 732112
 64901
 568252
 718180
 941892
 307153
 482760
 728209
 1005487
 834005
 436550
 1011900
 26843
 407991
 477181
 193192
 91386
 248258
 456573
 938056
 483209
 567470
 912484
 448994
 562720
 57194
 292832
 82000
 227462
 1017246
 641677
 178324
 498629
 889273
 778199
 324204
 87582
 560741
 935331
 342276
 553535
 687542
 616781
 760738
 1085167
 317712
 613293
 505202
 823520
 131910
 12771
 144750
 527725
 959323
 504026
 38029
 177742
 166599
 188311
 452374
 131184
 268636
 530163
 836816
 669600
 61535
 479373
 560570
 258234
 380140
 1047408
 9373
 567339
 735588
 806771
 761054
 231949
 881208
 764245
 825534
 583560
 643800
 773502
 222410
 854116
 292002
 863467
 434847
 388718
 323021
 652313
 166797
 386184
 633904
 706427
 575931
 300008
 31531
 161734
 946689
 634634
 27586
 170030
 942202
 804902
 1024159
 486205
 623994
 947857
 145813
 42621
 516284
 927961
 655012
 321166
 555897
 696595
 210561
 484032
 773017
 677817
 589829
 334489
 525754
 602917
 519055
 458234
 375201
 279062
 458931
 45861
 808082
 290104
 415119
 121520
 958713
 1045710
 416347
 291420
 370627
 342316
 651819
 27443
 937142
 491672
 753543
 285358
 737549
 694977
 865692
 160268
 79609
 804766
 364710
 200256
 165684
 611609
 17452
 662640
 1084725
 807326
 32013
 796289
 665489
 165746
 279651
 278548
 618032
 1026920
 452596
 433175
 1000815
 599350
 614338
 859133
 16008
 630383
 318510
 145431
 1030389
 295667
 455880
 714148
 177550
 772615
 325278
 400919
 951560
 55017
 77968
 782426
 840204
 842595
 230716
 890336
 1006384
 769614
 698390
 846668
 662519
 931060
 869536
 628509
 732073
 880249
 775516
 368877
 860952
 103616
 758841
 1079261
 958159
 769801
 172207
 288268
 598066
 440800
 797859
 528384
 1095693
 212858
 644422
 791985
 94363
 306349
 443566
 918267
 187267
 153523
 1086799
 453209
 1083421
 697415
 26128
 436279
 769001
 640128
 230154
 431521
 1004844
 751095
 742042
 419173
 184559
 731641
 607994
 510140
 495126
 947835
 98892
 106960
 214997
 633271
 581309
 375235
 341246
 27740
 52522
 596953
 773080
 488791
 459118
 1004304
 277270
 866253
 789252
 959273
 645121
 661660
 877748
 466580
 49840
 608167
 347019
 95666
 142182
 391729
 164314
 666138
 17066
 402756
 1077311
 547771
 591944
 616677
 1030212
 802220
 96178
 894742
 103621
 222425
 263695
 36714
 240663
 331849
 464543
 1088060
 377279
 197483
 241180
 1010680
 101417
 276474
 610052
 1080747
 482933
 365968
 671549
 1008548
 393366
 695343
 842550
 227016
 417078
 376584
 278905
 542715
 420739
 738047
 283820
 388484
 631318
 805982
 599292
 493819
 324119
 75444
 617472
 385596
 236313
 242411
 78560
 985446
 525663
 139766
 699748
 926506
 907052
 444737
 260859
 264243
 980870
 687326
 988426
 926949
 1055946
 802099
 420074
 1005601
 121244
 762677
 833711
 718833
 955270
 726484
 1047996
 651984
 268242
 303894
 372270
 720575
 388384
 464992
 458263
 549901
 614529
 356753
 561650
 760931
 261794
 928167
 85070
 477530
 652704
 251205
 563360
 779328
 39632
 636663
 957634
 650026
 577647
 976521
 244046
 1014266
 1077960
 543667
 834301
 73252
 250290
 33853
 952182
 305605
 579439
 728872
 780487
 980512
 314524
 19604
 445375
 164174
 132579
 587063
 212158
 619399
 855401
 795956
 1081278
 946274
 316293
 921147
 90705
 461941
 638391
 251404
 687370
 61894
 373939
 579529
 441334
 508675
 919
 210119
 312514
 296363
 1098380
 921134
 1058747
 99021
 965504
 85039
 320467
 338063
 202089
 719769
 455969
 143733
 588725
 401660
 462745
 142414
 838802
 742471
 223131
 757934
 665463
 1027009
 654201
 400557
 339484
 1001473
 653726
 596366
 712923
 96361
 67793
 1064471
 3344
 638626
 1056276
 817701
 525598
 773886
 418946
 612805
 27773
 895611
 705904
 552620
 843984
 38380
 275975
 860701
 806675
 324967
 771045
 856069
 946844
 122489
 522093
 122377
 11361
 809168
 49433
 438451
 994444
 597961
 5197
 1048195
 333182
 830409
 489561
 471550
 53721
 23915
 799410
 1068319
 818347
 956631
 538862
 626804
 415519
 66719
 914867
 1021771
 479905
 406284
 515958
 265285
 1045765
 471038
 968634
 1058025
 279010
 685809
 495677
 460631
 110888
 596031
 44760
 969102
 866284
 1013188
 399893
 1098943
 512635
 945790
 978084
 142361
 960722
 42375
 648082
 377896
 886225
 486404
 121096
 349310
 239477
 131457
 548502
 628189
 421881
 813022
 836038
 809487
 442551
 100428
 332309
 704715
 1079300
 647093
 616200
 528201
 821951
 36919
 699789
 1020386
 688123
 1098257
 456513
 719384
 230714
 165750
 998367
 382669
 57251
 856152
 1002402
 656982
 327868
 68920
 632734
 347480
 154071
 340287
 552608
 448723
 340551
 268198
 2435
 731716
 361157
 864853
 987765
 415038
 924416
 263018
 82027
 932224
 448880
 56768
 562924
 1079909
 689625
 321727
 1063927
 816544
 996250
 849667
 872245
 710152
 560967
 297347
 812775
 518603
 420035
 1088312
 846837
 145485
 628580
 24995
 666695
 165122
 336021
 1044772
 53732
 476295
 263453
 300883
 894939
 29264
 1031342
 470598
 771137
 930255
 1012279
 825933
 615922
 619035
 44753
 860596
 277300
 1073120
 858097
 389155
 644413
 150954
 261839
 902029
 652004
 770245
 235063
 113272
 795325
 140069
 423569
 358655
 207178
 238523
 522954
 4369
 327408
 799996
 771127
 790021
 37591
 4330
 449811
 112436
 51223
 337174
 1088393
 270757
 618019
 266195
 205306
 489173
 475564
 20937
 47756
 22838
 167025
 620352
 629994
 963770
 857165
 702416
 168074
 210259
 1030013
 1067387
 248122
 927846
 29512
 1001500
 929097
 832961
 116117
 933495
 210602
 674034
 1098138
 923648
 969519
 140362
 467743
 1006447
 335347
 28916
 707939
 657001
 577524
 256619
 866664
 110364
 1084526
 1083681
 746209
 368330
 452795
 1851
 561074
 535029
 97150
 693582
 80888
 487005
 211020
 443367
 369914
 984086
 533682
 727914
 605526
 1004263
 1047854
 332556
 142023
 1039209
 553882
 754334
 311439
 874498
 498194
 106018
 15177
 416232
 377608
 74769
 379430
 313189
 726515
 642636
 594978
 968996
 682038
 526488
 678005
 923725
 249225
 348416
 708860
 191659
 622341
 157348
 815125
 1060261
 28836
 1092667
 1067799
 306647
 149299
 722582
 544829
 922567
 158118
 799303
 1065149
 763537
 700108
 470492
 58313
 1015190
 813868
 511166
 716237
 650017
 929837
 195808
 535911
 123466
 784072
 141658
 718668
 50829
 1069590
 291711
 108768
 590070
 217940
 485562
 741029
 688594
 443780
 258947
 38643
 730367
 1002017
 1003517
 846413
 266503
 805933
 730923
 32456
 426941
 247985
 225812
 14826
 873859
 30738
 785252
 301840
 122559
 689166
 473887
 738040
 349748
 650182
 880030
 971774
 451608
 585223
 507790
 718865
 1019450
 619048
 736904
 783031
 355181
 114326
 451326
 1048476
 886360
 475660
 81998
 897684
 77067
 272972
 244442
 910883
 64057
 398470
 226008
 599978
 362303
 837053
 496783
 151651
 198099
 303192
 243005
 870877
 729453
 273041
 766232
 83969
 966950
 128512
 185108
 781418
 367791
 549608
 113034
 1056098
 661866
 305274
 73766
 475793
 537590
 535440
 165589
 287598
 295542
 514369
 980671
 1034080
 767842
 119730
 612469
 590935
 885454
 993120
 867515
 425129
 325127
 373175
 248949
 450715
 972545
 497567
 805507
 194272
 541886
 991580
 600343
 803625
 440344
 947687
 229409
 505182
 303912
 635996
 560652
 162825
 515929
 954759
 880480
 1011319
 397723
 643369
 736234
 134354
 950904
 352664
 995230
 675382
 741126
 846076
 190267
 774296
 639233
 159549
 166096
 620235
 275277
 799509
 74995
 388042
 888532
 80890
 773457
 419721
 594843
 366366
 875747
 932964
 958865
 646472
 65765
 366751
 647520
 982211
 795194
 136255
 216682
 842268
 372293
 444823
 169503
 891926
 272503
 658625
 771064
 812963
 918283
 587675
 75345
 702778
 330180
 842191
 763648
 1030756
 873176
 945852
 685503
 704302
 566352
 780509
 222400
 266340
 130859
 364726
 505957
 708170
 708057
 486864
 470730
 108979
 290010
 253715
 68691
 1063637
 681504
 725989
 816463
 196430
 955104
 420033
 747395
 577300
 585042
 139034
 8320
 669185
 138047
 974759
 1071617
 330699
 831629
 341589
 463244
 313139
 338909
 536281
 416210
 618171
 20488
 570170
 571048
 1064234
 1083957
 631066
 959558
 1005
 456697
 113177
 160899
 453399
 103907
 387838
 36647
 109496
 864811
 767656
 863226
 323079
 627234
 71886
 835121
 999542
 69366
 555319
 740174
 539716
 138033
 969149
 642316
 678860
 795658
 705936
 788393
 295051
 819002
 618068
 1044514
 256814
 571846
 287019
 1085924
 372816
 514900
 190797
 303226
 568784
 276223
 7836
 580152
 380553
 716126
 256936
 1093929
 281334
 249871
 38027
 753699
 722879
 504347
 117762
 876926
 739337
 141444
 453377
 350315
 92653
 915440
 707446
 549642
 197930
 1075205
 57174
 925339
 851618
 495478
 681883
 395731
 536911
 1050948
 930318
 240162
 655119
 314035
 398152
 308515
 37140
 1038368
 1077823
 18327
 283595
 569631
 116297
 899115
 707742
 51490
 468775
 170574
 290085
 979529
 75380
 108207
 944288
 645418
 583324
 680481
 652804
 793412
 275982
 563841
 1096096
 25509
 865839
 286773
 188775
 468292
 581797
 975400
 214274
 210961
 770354
 146173
 549376
 1058885
 503845
 177619
 554453
 831048
 666930
 744900
 84915
 356200
 1003441
 312154
 374913
 85192
 181570
 524687
 987721
 899571
 895422
 94234
 596436
 309588
 32673
 785901
 614604
 66477
 656540
 123704
 898778
 456801
 1085557
 826624
 312081
 487958
 301318
 149130
 69355
 260451
 216398
 1005278
 963785
 306558
 686784
 789804
 1054685
 572792
 126121
 696692
 958794
 639163
 647450
 324082
 673004
 298632
 1031238
 623745
 484356
 431693
 194858
 1090700
 1032807
 312562
 292155
 780446
 430936
 415646
 878361
 79213
 905967
 919208
 1043608
 703767
 1001691
 760898
 1009768
 218966
 846409
 253677
 85201
 984257
 165832
 394692
 325605
 385223
 210970
 881335
 249040
 193912
 666748
 470230
 497175
 331755
 982344
 79110
 485466
 19059
 92855
 529685
 107741
 354110
 982933
 1086658
 808170
 397908
 598609
 396095
 975026
 147062
 484635
 554168
 396482
 520362
 541487
 912941
 89814
 422903
 949825
 1003926
 704791
 433386
 446811
 271695
 721447
 1033450
 880784
 883443
 643751
 152351
 178900
 24548
 186789
 591613
 902574
 144654
 1081441
 452089
 1051577
 644713
 1091734
 308584
 448449
 1846
 19684
 857211
 909994
 865955
 502147
 436735
 916137
 862967
 239981
 129536
 51088
 343980
 176481
 824649
 747100
 700909
 543672
 344113
 457684
 694955
 831767
 942838
 530645
 212302
 212855
 818624
 981885
 1036656
 24939
 356238
 1055505
 740231
 863796
 680876
 593877
 1010380
 537379
 906204
 674043
 881748
 891652
 148708
 432314
 234391
 1050898
 944022
 287064
 498408
 592538
 432755
 66233
 103873
 959665
 793387
 265302
 20533
 497798
 605800
 312826
 755314
 526664
 570380
 416825
 1093362
 475295
 104795
 859844
 351648
 296804
 1003265
 249952
 763218
 237010
 783382
 151075
 566219
 1083811
 866456
 595201
 371863
 579007
 186640
 668890
 747228
 1028782
 919872
 174223
 862538
 976142
 458908
 576909
 489989
 748606
 749818
 541792
 793487
 652951
 379290
 40020
 666483
 745029
 524657
 432880
 782699
 1080184
 255072
 184076
 715291
 928348
 309563
 294728
 1022503
 974956
 193646
 212720
 552465
 592198
 232971
 544343
 207881
 56818
 842626
 61166
 502997
 1058094
 535528
 323272
 257413
 623697
 273946
 16922
 460409
 891042
 682136
 112137
 290208
 492789
 940345
 934688
 278551
 16677
 381174
 7772
 7776
 532717
 701420
 917982
 593173
 158076
 131575
 72000
 232174
 912058
 948137
 303276
 427506
 713710
 629301
 997586
 887749
 772928
 556439
 94399
 100018
 872167
 390522
 415325
 961583
 183907
 963323
 466851
 843111
 61075
 788843
 879389
 850318
 318892
 580318
 127045
 768391
 16399
 1073418
 549922
 765827
 241572
 36005
 1040662
 338753
 648795
 470782
 142836
 1055303
 956112
 271583
 619965
 1044075
 217418
 863467
 23217
 105366
 1092304
 220529
 904161
 529556
 121522
 1073087
 328384
 31705
 602917
 675585
 522392
 530793
 615249
 553614
 996497
 450051
 103083
 880619
 568660
 23863
 966952
 660584
 260743
 616717
 491459
 601892
 933184
 94507
 774420
 610378
 665932
 487891
 462257
 385793
 909868
 25886
 192775
 265420
 897409
 547288
 296429
 323139
 302273
 46169
 415142
 557534
 855875
 42135
 332388
 81867
 226154
 44389
 205847
 80292
 178017
 777238
 907740
 1084427
 806671
 49618
 907604
 918856
 123146
 460402
 784666
 704085
 215358
 256033
 226584
 569130
 30633
 490652
 290612
 234474
 571493
 374230
 524243
 632861
 901985
 730549
 1064508
 3060
 1019807
 1020426
 313882
 880974
 325432
 490497
 62554
 859142
 360091
 758506
 236374
 94022
 716145
 763490
 232268
 571023
 1039630
 373396
 696669
 7194
 419766
 456235
 946138
 535061
 226890
 796728
 250231
 145646
 1046617
 127787
 79082
 215237
 626557
 449110
 871750
 540832
 695290
 793231
 11574
 1087134
 755048
 860777
 496291
 964674
 216269
 305925
 915621
 274224
 847520
 324213
 172920
 134885
 937913
 972520
 1006115
 623965
 1005262
 822670
 719301
 610224
 909805
 669290
 476260
 889905
 220104
 555521
 1001673
 528151
 39443
 301080
 605697
 287106
 948407
 191513
 195026
 853958
 1022329
 311691
 322539
 171091
 655700
 1095243
 45949
 94869
 255592
 784803
 224417
 522352
 27663
 559622
 1016261
 722204
 558294
 960379
 795340
 250842
 666389
 589046
 1026482
 832958
 792480
 435641
 65998
 462603
 800961
 842902
 837267
 668454
 971455
 1013120
 988088
 640958
 509916
 63332
 224505
 760984
 245257
 166842
 400532
 310582
 406588
 704751
 303000
 256663
 480
 387121
 956570
 132500
 639661
 127521
 1053449
 735016
 892904
 598363
 1036153
 576401
 739175
 712792
 883344
 549979
 89054
 865038
 780242
 830584
 735663
 794132
 2205
 955772
 481508
 961875
 168925
 190982
 702375
 999255
 723074
 608261
 971139
 94421
 720744
 827515
 163612
 946440
 343736
 365249
 999026
 449463
 853553
 447803
 374814
 594155
 794684
 389843
 819060
 633762
 397961
 284797
 757208
 100319
 95792
 353147
 576290
 432058
 765908
 662064
 777639
 818875
 205676
 774269
 420274
 618674
 177562
 235707
 260854
 831944
 587150
 993827
 712402
 55091
 58092
 194818
 1056336
 1074865
 511154
 748605
 607744
 421938
 24860
 553580
 172051
 294710
 490398
 785837
 582669
 993317
 387871
 410934
 296893
 634245
 523860
 67290
 542442
 336605
 446817
 630840
 590223
 781802
 599170
 372592
 960481
 1040061
 671803
 824078
 499367
 1074945
 850051
 7428
 7664
 373378
 775913
 467012
 125237
 72827
 177114
 958240
 985225
 480588
 695483
 481171
 54807
 215475
 786576
 849083
 1070579
 105037
 296618
 408482
 428152
 778640
 423594
 87140
 589417
 1002259
 104592
 791570
 282691
 412113
 692693
 589370
 617249
 301378
 941443
 767436
 831189
 225009
 35633
 391462
 234252
 34149
 951588
 278271
 522277
 678429
 742058
 855151
 228354
 516240
 482199
 166472
 105472
 450403
 490612
 743640
 381700
 619521
 891482
 1019871
 953661
 804543
 890015
 994995
 904582
 215109
 967224
 152347
 374983
 941450
 533099
 629825
 1041591
 133415
 121124
 914051
 169969
 444930
 913518
 991260
 140072
 749502
 903159
 1022163
 172930
 639784
 892595
 497071
 891952
 58927
 94295
 863187
 79438
 431975
 1089706
 420202
 378994
 1613
 192042
 545162
 499371
 790097
 653271
 345288
 629163
 274773
 360984
 433729
 1097216
 557541
 295645
 584207
 159204
 257246
 655304
 1078620
 1073289
 922865
 444598
 85974
 234388
 1030053
 10293
 94326
 875410
 654061
 847531
 832895
 968605
 471538
 61673
 137317
 335913
 626211
 176335
 1097083
 437074
 376020
 760536
 388644
 562224
 522109
 665580
 319546
 136881
 500256
 166407
 1002297
 315763
 1895
 61895
 351722
 1008584
 813318
 672167
 546117
 999767
 833836
 398199
 427729
 512989
 493688
 371322
 541317
 55748
 430088
 616848
 153858
 1068687
 63317
 520891
 165777
 339985
 751869
 462986
 800941
 301626
 175740
 558696
 108179
 1046248
 726955
 106038
 32153
 196150
 1041969
 921227
 44631
 850146
 671905
 439049
 17358
 848884
 143485
 821768
 554640
 754362
 985035
 758406
 38899
 334870
 247421
 92191
 161104
 448754
 579535
 989115
 643946
 43673
 978637
 1055544
 127290
 97478
 928724
 389908
 102113
 339370
 486920
 379232
 936443
 1090763
 799247
 645431
 784112
 78484
 854731
 317068
 88952
 381293
 1094094
 168510
 588240
 871434
 505972
 739723
 569288
 270947
 980863
 343069
 172880
 636787
 517999
 400687
 314802
 40112
 917554
 403144
 625062
 431758
 790248
 860746
 1025665
 452379
 663968
 232110
 110660
 132934
 249211
 136098
 1090884
 1091858
 1011404
 1016683
 920158
 729626
 976092
 918842
 365604
 183515
 241705
 693966
 872256
 1010642
 675833
 89966
 85032
 209349
 543528
 610300
 52623
 252154
 785019
 453909
 346970
 31049
 1015382
 32533
 708145
 881507
 151432
 941229
 761110
 878945
 1956
 492143
 603620
 854020
 1088242
 1030681
 972840
 105650
 136482
 1018755
 429016
 339728
 818642
 326168
 253868
 1048177
 83566
 555183
 175943
 918473
 1088713
 1055581
 1080225
 393638
 788435
 315261
 444864
 877746
 361919
 436945
 593471
 886138
 329406
 358436
 958063
 720047
 387722
 631480
 767479
 933409
 1043162
 235396
 555712
 77401
 105309
 269094
 4544
 386281
 965942
 90543
 998128
 247283
 505250
 887062
 284712
 431114
 831705
 671165
 1099728
 301816
 334221
 29413
 276478
 545865
 1027873
 261576
 90273
 305152
 683785
 497563
 882927
 606542
 832945
 121323
 878819
 1081930
 27088
 136676
 716516
 332058
 969185
 723345
 24390
 550078
 1028642
 509320
 938693
 71583
 208078
 602521
 480570
 856810
 705971
 803723
 152675
 933073
 1046521
 73306
 1087767
 236958
 84016
 498250
 386368
 457417
 592805
 599793
 968930
 1085220
 804303
 860180
 406325
 434462
 739035
 185180
 578970
 97232
 462251
 442887
 597272
 734496
 571039
 1001182
 146700
 371125
 998567
 32269
 176191
 1046809
 1046912
 255693
 978966
 757755
 680306
 668993
 711438
 283817
 212531
 1056596
 784175
 701503
 406956
 822937
 250473
 550673
 950787
 1086580
 456883
 623276
 345983
 474489
 1087904
 352264
 782232
 448744
 348702
 539874
 482850
 691585
 870929
 560821
 1015029
 137456
 442598
 40490
 559371
 82601
 150328
 628752
 1085791
 680348
 468199
 823107
 79108
 1134
 704015
 9882
 1092140
 380340
 968163
 971791
 752506
 825431
 719564
 179463
 889789
 285533
 917807
 680646
 340498
 581321
 315903
 530686
 648618
 944188
 571011
 258210
 805994
 222629
 277266
 848248
 971724
 275036
 553893
 988563
 272966
 547386
 461765
 529021
 724659
 1066820
 344582
 906963
 629218
 809430
 652382
 912959
 370333
 880228
 354051
 206260
 359339
 96868
 774818
 883493
 940482
 742644
 207831
 50593
 881177
 990733
 1022343
 962702
 565957
 628759
 684733
 425295
 678443
 234959
 272131
 72578
 268876
 1047381
 14015
 19214
 276014
 715528
 1024932
 686795
 175949
 995782
 7917
 1076027
 249197
 446247
 875851
 509833
 655607
 495251
 164815
 1041967
 237122
 269773
 438000
 472135
 383181
 1077089
 620966
 300023
 204452
 747963
 21817
 1057152
 921425
 861844
 663246
 265398
 282469
 502690
 986093
 924637
 586271
 262821
 666374
 840589
 302790
 806423
 70650
 461645
 108367
 164777
 90591
 70866
 520601
 561457
 1076716
 427569
 147467
 844634
 945190
 250301
 891681
 1099155
 852847
 1025742
 305658
 342477
 738486
 987375
 683738
 1082331
 245594
 759364
 100854
 81865
 800409
 996834
 247146
 321948
 820624
 554157
 897622
 990581
 388003
 506878
 405453
 978172
 572110
 1000791
 586018
 326485
 720187
 1073409
 70413
 695937
 853638
 813607
 15072
 600312
 317560
 130320
 405959
 485487
 479844
 849112
 413861
 1030943
 331478
 117780
 187630
 576383
 649887
 61800
 161954
 445783
 707378
 1091863
 912672
 350926
 431400
 398893
 617315
 194011
 10993
 967018
 466486
 782252
 429697
 906296
 101690
 110784
 787914
 354040
 103825
 869612
 134940
 66906
 148780
 517329
 710869
 68812
 702791
 327004
 776811
 549935
 800452
 457785
 467789
 267989
 295157
 30804
 408163
 127342
 504668
 223509
 5827
 741582
 478294
 987654
 847165
 1082954
 462128
 350410
 550870
 159477
 497003
 416112
 459175
 444193
 277176
 319612
 71233
 603803
 602766
 507803
 668565
 148635
 1010278
 448524
 479585
 101434
 358321
 382608
 228553
 345667
 357315
 84289
 524377
 507175
 306265
 1025017
 1058506
 144238
 403649
 215300
 320838
 197981
 823793
 294756
 141900
 626323
 1073355
 32151
 943313
 761686
 331601
 108564
 320854
 624283
 1001796
 146272
 586874
 163456
 592226
 59018
 56185
 88240
 580174
 315929
 465535
 964516
 319596
 79990
 1075163
 744237
 978447
 754907
 847196
 607737
 432092
 938917
 616941
 863011
 25382
 883519
 4563
 1040423
 1010134
 4654
 971349
 824527
 214340
 505906
 995807
 137081
 894216
 794913
 965635
 597204
 798795
 771370
 378497
 388316
 1060249
 135719
 375756
 96009
 101911
 339531
 260421
 822225
 793300
 87508
 52581
 683902
 985248
 50279
 1066561
 302668
 346890
 1004290
 1032581
 881495
 150320
 39325
 101801
 631992
 198131
 140557
 336339
 481412
 955831
 185415
 378382
 835633
 615252
 462138
 881748
 162725
 957631
 49834
 667798
 446233
 145600
 69781
 106293
 607733
 124167
 547016
 55207
 756649
 499795
 879298
 459823
 226803
 463487
 1037960
 489603
 1038264
 718467
 521830
 579638
 187355
 1064238
 527154
 307653
 500047
 538249
 834247
 386298
 721298
 465553
 1055333
 951097
 1061212
 310144
 682281
 45279
 516509
 215736
 717661
 1027955
 268435
 45120
 934630
 649992
 113977
 412714
 146932
 121079
 745671
 315797
 21920
 739047
 761750
 861234
 381382
 511697
 930626
 287346
 810769
 1024178
 538972
 59631
 952440
 731473
 177135
 613085
 262021
 74938
 406223
 269395
 638057
 769160
 848300
 747026
 926172
 355071
 846272
 1037066
 602235
 423744
 523180
 329609
 185225
 703389
 266702
 599129
 54624
 1039117
 755605
 131693
 867180
 795395
 436302
 103887
 764329
 1024358
 524073
 599216
 856163
 1053288
 1082142
 1025942
 167642
 807912
 303719
 849754
 566050
 393242
 844150
 848118
 229288
 892638
 197398
 629825
 915287
 928600
 382235
 832211
 839475
 580532
 400647
 136411
 246527
 431555
 745227
 603552
 343961
 1066251
 685814
 969013
 820467
 167457
 4908
 386796
 675331
 264366
 324333
 263909
 966074
 555381
 163083
 859457
 93180
 1054801
 684570
 937832
 174512
 433212
 1054692
 440230
 843242
 1732
 409370
 109612
 1071802
 699059
 862437
 177101
 313084
 467559
 157029
 155541
 624399
 257813
 701193
 769833
 187997
 535787
 425333
 505612
 765782
 938010
 544514
 202578
 409485
 963911
 721649
 1086669
 1077725
 636608
 59873
 498387
 180107
 238417
 170811
 311863
 698316
 893123
 398046
 241022
 127407
 720798
 474729
 407140
 251680
 268503
 103689
 924581
 918590
 735799
 438972
 705583
 753548
 206005
 58313
 23854
 1013097
 895038
 560154
 873135
 836996
 679135
 969084
 687312
 127679
 796753
 46596
 320808
 628
 388622
 380916
 225447
 456391
 1030649
 754851
 705345
 549629
 624299
 495554
 160921
 881957
 522413
 676960
 379543
 26224
 721259
 148135
 345785
 702868
 561287
 517087
 883464
 806579
 5202
 839802
 953555
 839286
 93724
 363596
 772615
 764028
 450636
 808976
 608352
 712741
 46568
 619558
 437306
 203981
 242284
 916681
 864837
 71392
 546157
 247141
 147330
 1071572
 110418
 21898
 1077039
 959211
 18276
 363484
 325414
 1057885
 892867
 326527
 982780
 224543
 609605
 96090
 396930
 1051862
 536771
 530017
 268407
 914968
 749514
 797527
 952958
 553066
 623723
 595770
 1014212
 54958
 415880
 691467
 805154
 283377
 677144
 208084
 642550
 939102
 710402
 673280
 323293
 140190
 133501
 3146
 1069050
 158165
 772151
 514037
 485112
 455631
 554715
 678611
 874725
 644698
 823560
 12999
 361013
 837369
 228415
 1018288
 1088536
 407226
 941388
 661624
 599348
 227523
 164774
 77634
 85206
 245813
 956123
 650927
 65632
 265096
 215352
 174452
 881249
 334922
 224076
 564105
 118180
 167689
 668631
 142076
 380410
 596858
 916100
 912294
 1002205
 723617
 314035
 972202
 285717
 981738
 648917
 469135
 836397
 554096
 786288
 884886
 31427
 689727
 200223
 298254
 919408
 31143
 177529
 490288
 1078610
 324578
 613883
 559558
 823407
 999181
 505004
 855553
 1050021
 365442
 412047
 521580
 498311
 224948
 487291
 793119
 761576
 767938
 295715
 285001
 237941
 146000
 199238
 26144
 865970
 406014
 355354
 462171
 1069692
 86776
 317934
 828411
 90890
 422293
 186394
 289329
 636902
 662206
 457572
 74141
 960775
 658286
 918723
 658825
 471445
 109319
 187236
 649883
 1003100
 1097842
 186166
 973379
 456650
 366111
 740123
 1030726
 997193
 201265
 645783
 373241
 837109
 73407
 579622
 565677
 747745
 658265
 840751
 137109
 923236
 1033806
 465794
 614897
 921551
 945908
 362054
 904999
 951943
 247316
 365311
 503560
 101479
 304824
 939733
 98694
 23959
 676997
 763905
 591554
 47567
 62781
 186585
 161540
 502484
 590834
 941543
 925821
 661737
 1031639
 394192
 447086
 418184
 1070231
 309219
 924376
 389784
 310004
 512386
 898196
 1064271
 192952
 415564
 725652
 555115
 560056
 388309
 350757
 669766
 164002
 975724
 753703
 822094
 664123
 358095
 270267
 476831
 847222
 493423
 928304
 79211
 126752
 737032
 54402
 943243
 628776
 642727
 425679
 530539
 679404
 151348
 790262
 485137
 901031
 152605
 732900
 614999
 109960
 951448
 689444
 168178
 946817
 861610
 622289
 752473
 197003
 101948
 126588
 316577
 31845
 466430
 443008
 942314
 720281
 465799
 791152
 267941
 116631
 318689
 831339
 817590
 59689
 577012
 536452
 295981
 299385
 551560
 373555
 113031
 173684
 697126
 405363
 945068
 102152
 608142
 4095
 220955
 248886
 967461
 82338
 168396
 620097
 1068576
 732810
 656697
 926640
 321040
 796591
 528202
 421203
 1078439
 553001
 757124
 66705
 143377
 411276
 262151
 702011
 995485
 976008
 219367
 383552
 1044504
 865155
 978242
 177131
 284340
 551051
 245955
 175748
 779636
 61138
 1087830
 748734
 85511
 196618
 218273
 702732
 476797
 442081
 567592
 970186
 1036338
 318566
 24948
 986303
 39538
 279770
 662995
 53468
 100481
 508597
 542961
 908403
 29008
 681901
 1006838
 27194
 323990
 523515
 1035669
 910163
 331457
 353906
 656225
 431195
 566095
 446534
 462007
 846340
 925539
 1041275
 463349
 219135
 700247
 482849
 359663
 785522
 943916
 984122
 521418
 123304
 780377
 807918
 685096
 1807
 31535
 805570
 1039993
 452471
 668198
 118713
 350930
 1036650
 317349
 433982
 955446
 721994
 330866
 321977
 195189
 278030
 104285
 373015
 556716
 526211
 369799
 238577
 666101
 48584
 722887
 945823
 692678
 42728
 225472
 758310
 243045
 228084
 638024
 642203
 984860
 587569
 552766
 106109
 458440
 1026759
 839909
 544842
 658147
 806725
 1066587
 203014
 289231
 845728
 124576
 390978
 610255
 440591
 1083800
 1063391
 925007
 919065
 552675
 922172
 441961
 486497
 428965
 331651
 775874
 998647
 36658
 77885
 1000607
 891065
 655292
 811851
 180443
 31461
 437701
 1087955
 439749
 769122
 693824
 461579
 59731
 785218
 445618
 176917
 579150
 968848
 1040815
 50488
 410588
 883702
 477943
 233525
 822047
 506163
 741471
 1048793
 410667
 301443
 458269
 306722
 771385
 609309
 989767
 124617
 771462
 284457
 430508
 354859
 1006667
 488851
 913420
 178168
 885919
 289770
 130857
 899035
 635514
 318621
 547095
 517093
 341913
 305074
 802095
 701444
 383699
 266735
 41293
 1081685
 733004
 552290
 450580
 231222
 825243
 527152
 718571
 512507
 472600
 1052741
 152054
 115330
 773863
 992561
 602156
 349386
 508049
 459552
 29307
 636503
 365397
 313621
 884207
 94484
 1093878
 8708
 853595
 418334
 952097
 655988
 68887
 732658
 783146
 598010
 1040751
 15053
 158423
 180355
 852477
 5176
 635192
 1070877
 673895
 523013
 832907
 467683
 818780
 550709
 522140
 680625
 596103
 55929
 1050656
 490083
 750835
 1065322
 206456
 583768
 2273
 11497
 365259
 1034636
 473894
 719027
 49212
 682363
 996051
 991805
 720240
 710566
 1003721
 657392
 154805
 479005
 550608
 491443
 1056386
 384248
 680516
 878866
 497602
 185837
 702593
 488891
 404550
 46507
 844544
 357169
 609604
 328863
 859965
 967772
 409849
 1089721
 338446
 303250
 1051185
 134854
 70271
 160909
 776254
 241865
 442348
 975984
 210315
 117007
 702311
 290321
 872940
 1011924
 429596
 536843
 542677
 254925
 419903
 124305
 141786
 412591
 146138
 114744
 1038635
 977185
 1037416
 325089
 1060370
 873592
 177284
 682394
 873137
 934592
 755789
 666280
 818014
 698874
 598006
 182269
 212831
 787535
 263164
 485811
 329765
 632039
 574022
 714029
 598898
 261473
 902349
 125125
 824621
 578110
 549300
 183092
 311420
 935287
 551457
 882075
 409891
 1029015
 316752
 171867
 717380
 949755
 44551
 835038
 1007537
 594151
 1001867
 830452
 335895
 366539
 758081
 130182
 52057
 193798
 476196
 82507
 293541
 344836
 481044
 485502
 879677
 1079605
 901003
 674873
 668935
 757250
 426281
 384429
 468761
 151957
 549530
 16535
 208345
 596404
 921072
 577588
 224718
 283961
 551429
 363399
 953705
 749734
 991783
 11264
 597210
 232280
 470862
 659628
 987141
 3810
 130988
 779657
 60403
 1079585
 968195
 439017
 817496
 218571
 645681
 140765
 401082
 973196
 904326
 649500
 120614
 81270
 429904
 73547
 366680
 709420
 526505
 223689
 794527
 865162
 254642
 42182
 289182
 101183
 439887
 486445
 978310
 89463
 276541
 387717
 483191
 426070
 919775
 141871
 651824
 151196
 827499
 641662
 164782
 450433
 400845
 788894
 437938
 630387
 144038
 613282
 609308
 818403
 1130
 37424
 373575
 291647
 725036
 451807
 1016141
 719838
 937149
 805770
 369133
 762653
 828087
 467804
 719836
 733574
 849793
 948938
 454719
 730279
 760443
 624117
 417724
 173722
 267738
 741450
 872791
 183934
 561436
 1064804
 370644
 432334
 738740
 871772
 988278
 256293
 334065
 131225
 803365
 432967
 27411
 935640
 647054
 560423
 1076622
 124472
 656198
 1047961
 155582
 308766
 877829
 788974
 103627
 680759
 588932
 917842
 328130
 357592
 811556
 104002
 1030433
 107420
 776774
 398856
 152456
 118721
 260275
 505697
 904628
 548658
 1030440
 1013734
 1005122
 878273
 452751
 865215
 623341
 869553
 93437
 365290
 861304
 764830
 806266
 726755
 276163
 919390
 684533
 295922
 618409
 994
 598310
 177240
 525960
 257881
 97517
 1009514
 915553
 1045945
 608499
 891180
 690131
 689803
 103303
 595634
 619297
 157611
 625945
 956953
 1057418
 738212
 281744
 520107
 1058812
 646772
 489866
 1069487
 833281
 148970
 926440
 250467
 823468
 553869
 789395
 659028
 115717
 388061
 702921
 527057
 211274
 724984
 385199
 1022309
 748709
 745702
 172973
 353993
 716643
 586650
 249560
 582514
 1043386
 1009384
 535231
 558195
 1067616
 959273
 267502
 457304
 497332
 828139
 577205
 165591
 1091641
 526523
 413264
 101216
 284536
 35742
 1072427
 529371
 538305
 304821
 671387
 873090
 753307
 194337
 24300
 25038
 340176
 938064
 322440
 380465
 74761
 27124
 740358
 420043
 504639
 376553
 1042897
 405305
 36139
 588817
 99933
 109387
 575567
 716882
 914941
 794939
 814967
 961096
 572532
 1097302
 13710
 73620
 63757
 783128
 991299
 340930
 162541
 605457
 444822
 559063
 986145
 766518
 322277
 488825
 777120
 253116
 307639
 1009210
 829292
 1028238
 267088
 687647
 373152
 103117
 74300
 959286
 1015124
 1093434
 601611
 634691
 339683
 406459
 406296
 1014455
 972264
 320898
 246880
 341729
 258647
 839631
 719280
 611876
 174473
 726922
 877043
 357338
 67825
 164845
 1074718
 1063115
 1030527
 50789
 998455
 257669
 776706
 1041247
 882708
 1856
 914471
 896809
 32453
 931134
 251502
 275853
 207086
 101073
 135833
 471414
 358736
 158372
 311564
 693770
 124883
 980954
 334183
 875063
 173643
 255519
 666610
 1075256
 662587
 235462
 322874
 1084517
 816086
 125365
 981956
 746814
 214697
 598440
 546076
 1097924
 552194
 692916
 180091
 1042931
 652486
 510683
 773128
 811904
 607293
 793243
 21572
 591370
 497165
 176635
 955938
 898681
 724178
 589439
 39698
 172602
 938928
 533068
 270008
 31246
 948153
 727753
 487132
 123018
 608315
 540526
 181632
 534478
 1037174
 212427
 473828
 575025
 355030
 1012366
 1569
 929129
 1000479
 329143
 769599
 50099
 637550
 382154
 895060
 886754
 1085988
 785348
 711359
 982187
 670500
 711143
 528528
 31813
 239561
 876635
 678913
 170820
 310433
 949245
 769255
 1056975
 261507
 536218
 322654
 194970
 701966
 1052058
 229306
 769649
 1034648
 891051
 114730
 743514
 897701
 700483
 1036778
 369455
 251769
 581133
 103902
 613500
 970045
 136322
 99171
 304135
 721178
 725188
 138303
 81279
 546632
 547678
 969063
 501021
 52238
 949581
 132180
 630691
 572197
 375718
 623287
 992000
 524823
 973290
 20919
 829731
 249853
 107535
 124596
 333007
 296533
 67727
 834849
 322388
 680877
 563691
 470708
 615503
 751079
 177813
 740407
 506671
 257821
 776423
 858100
 1026578
 906096
 730306
 426082
 125038
 48204
 584373
 1007892
 924229
 1097979
 399211
 232449
 920402
 459367
 688267
 34059
 449907
 984725
 2394
 719603
 321254
 1020195
 138712
 125441
 407911
 82925
 573502
 457999
 435928
 335547
 297198
 174834
 683843
 121934
 360967
 680492
 955412
 1086457
 448408
 172315
 737174
 28329
 618266
 1002567
 148361
 662515
 1039679
 771532
 277574
 127304
 968746
 1054788
 544422
 164377
 182412
 931524
 1007477
 845345
 97158
 178876
 956030
 472422
 280932
 218268
 318932
 199689
 448934
 266458
 978492
 731067
 749449
 834919
 500234
 577644
 1089735
 941739
 422094
 193842
 569603
 342999
 184777
 438846
 364156
 1008257
 1092195
 597058
 465667
 760138
 416109
 79757
 996396
 793393
 219609
 642472
 223902
 386384
 267478
 1010670
 709439
 38639
 1086952
 278902
 271549
 619356
 586369
 406512
 319713
 1071601
 1006221
 455669
 860199
 317469
 954416
 243829
 947450
 179107
 345824
 933416
 898603
 414270
 712298
 859202
 929499
 840033
 108868
 1074059
 624072
 793269
 1013217
 829250
 253439
 1075134
 443505
 285794
 501477
 650726
 63636
 237249
 311549
 16219
 353214
 920088
 149128
 40770
 414168
 825904
 976456
 614852
 1011380
 84986
 84505
 281812
 476128
 755019
 889423
 177159
 604460
 799701
 637256
 1086369
 308185
 276940
 490268
 925001
 1061007
 296821
 1075428
 203454
 940648
 635692
 551552
 433770
 952495
 236049
 380853
 738900
 312118
 660491
 562183
 44690
 984945
 595263
 588329
 51122
 403332
 344813
 654801
 145474
 987029
 782681
 737426
 1041911
 322972
 895388
 633676
 896443
 373749
 896098
 206482
 464656
 532304
 60921
 77013
 720260
 83683
 466203
 1071048
 87336
 810939
 73637
 243537
 696873
 113731
 651396
 447086
 417887
 154690
 827284
 616437
 566254
 393570
 355085
 66293
 672968
 22629
 315495
 441072
 195446
 959653
 939607
 249159
 51163
 619559
 341241
 429839
 378883
 573767
 129011
 1061984
 834458
 1066989
 12716
 164054
 536056
 754194
 2302
 1088137
 619590
 78654
 555201
 784241
 109603
 997508
 167947
 791863
 912478
 338256
 567148
 1098527
 45725
 922009
 539592
 816815
 153097
 1073580
 629132
 324196
 677983
 620933
 268410
 326449
 24832
 468679
 822348
 303765
 672321
 540424
 419645
 807497
 663541
 628084
 588535
 242556
 384600
 477072
 940445
 98510
 513712
 60042
 1035136
 419711
 909028
 205932
 118499
 337844
 212345
 951359
 458503
 142270
 974861
 122328
 703870
 386175
 706524
 682738
 325184
 212095
 807648
 557897
 22103
 1038654
 348696
 819759
 366317
 615473
 493553
 204113
 860687
 749429
 658152
 789710
 284985
 144857
 882598
 37664
 631580
 649410
 645866
 209580
 335949
 199995
 26891
 402780
 621635
 421621
 914577
 617822
 626783
 948676
 75087
 572133
 461439
 483593
 258603
 204491
 192104
 437635
 596912
 937915
 126016
 693943
 291878
 311937
 841488
 1079687
 724917
 769465
 576036
 635130
 267581
 620761
 234440
 267079
 378348
 714262
 951275
 695213
 196551
 3205
 480599
 444376
 1079159
 420656
 1005180
 642961
 571379
 1087635
 361829
 659414
 842303
 946936
 712779
 1022954
 404486
 252159
 425636
 1045650
 806572
 374900
 229621
 359963
 865887
 122168
 512704
 660373
 401431
 237472
 999463
 613187
 657070
 150362
 807545
 177094
 994514
 682533
 905044
 725564
 860214
 496624
 554217
 374315
 606739
 982116
 422821
 526798
 1099685
 483897
 522620
 281680
 1062106
 146006
 610403
 90585
 31545
 193291
 256894
 878327
 696242
 1015616
 479303
 674266
 204342
 903319
 152671
 612808
 134776
 1027417
 550215
 1027673
 992668
 374913
 450260
 1072097
 345106
 424272
 1055945
 840252
 36112
 687746
 1047320
 446148
 516798
 249325
 177425
 522983
 928765
 159976
 301539
 621820
 800769
 535550
 716261
 629256
 186108
 501489
 884682
 645795
 174595
 586219
 983144
 700430
 173604
 529495
 1006394
 642231
 263071
 609233
 533993
 1039895
 389296
 907634
 107647
 709508
 131965
 991147
 620159
 246519
 459781
 642383
 1032923
 126826
 188568
 267636
 186223
 66269
 474524
 1077442
 566793
 1073397
 34891
 732987
 512128
 10588
 621846
 776989
 1095985
 593518
 242876
 725993
 923009
 576065
 879296
 710053
 304262
 156972
 1088670
 479328
 403046
 627470
 56959
 458397
 579092
 934918
 912610
 149416
 172339
 51767
 1004037
 630310
 1066262
 824320
 927977
 801340
 118139
 114135
 664058
 283289
 233864
 779999
 400880
 889999
 136398
 575084
 864766
 1024563
 475225
 616070
 506938
 674094
 1024707
 724862
 1022156
 940206
 445250
 530922
 672440
 500896
 270447
 1006494
 4330
 316558
 559025
 681075
 1063580
 155110
 981815
 30714
 390479
 263944
 931537
 987922
 915334
 422500
 375805
 724544
 979782
 767906
 1007342
 315939
 1067479
 474250
 894583
 348626
 553889
 79537
 822852
 625858
 137586
 602895
 443184
 263038
 135553
 289487
 66546
 827046
 122778
 191852
 726721
 617988
 909094
 473152
 1073090
 926382
 808661
 1069068
 113227
 62377
 1033682
 767077
 65534
 1038267
 324234
 750200
 499143
 439427
 679120
 950522
 776323
 374722
 1097779
 418944
 1003898
 855890
 115719
 32023
 910058
 742708
 26278
 515986
 355398
 194149
 1026901
 945396
 1060250
 430795
 284286
 1049639
 457631
 102083
 301527
 810847
 859821
 486108
 283971
 59041
 383470
 933235
 814003
 173375
 468364
 315862
 302621
 865060
 192026
 1099858
 420776
 692254
 726272
 923657
 518703
 262692
 892234
 198718
 772424
 745472
 998913
 103116
 639967
 359844
 710050
 230639
 696685
 744134
 212034
 881535
 888537
 846521
 138916
 134705
 898823
 168719
 481835
 778683
 942505
 299455
 821130
 207327
 830577
 1099897
 573681
 416534
 152252
 151015
 32251
 550913
 735805
 383343
 953663
 1037076
 297410
 451046
 1001977
 797481
 983688
 435814
 763277
 850883
 752102
 974483
 827314
 1039090
 17440
 706960
 746808
 439098
 494384
 914586
 680381
 195682
 654508
 1037887
 53032
 774713
 140179
 156769
 509231
 241545
 52337
 294111
 179231
 440116
 864652
 780444
 880304
 422317
 598815
 513537
 135758
 169683
 239384
 803991
 421362
 273750
 742897
 840804
 95804
 643000
 497721
 862737
 647311
 700388
 129666
 522389
 592375
 684391
 155975
 1013375
 993284
 806092
 853580
 481742
 943922
 386707
 1027625
 1033160
 420987
 1092125
 228495
 863082
 164044
 778080
 417795
 273999
 1062273
 425776
 963274
 477696
 377880
 443331
 988821
 366456
 855437
 96203
 609225
 631763
 193862
 661954
 373659
 127612
 630272
 556093
 855994
 495244
 972530
 1065509
 116650
 603674
 985521
 7761
 713697
 147699
 493018
 220910
 970410
 534775
 195577
 512992
 793300
 1005515
 466530
 974759
 192348
 875733
 1065344
 924653
 766681
 939128
 178192
 838545
 401941
 897411
 695790
 1069803
 984567
 203335
 58481
 76771
 221634
 801628
 435650
 367596
 179254
 481385
 1016178
 1020798
 990686
 242019
 415170
 819350
 31428
 1060284
 373205
 779049
 990956
 236684
 45731
 550697
 656375
 510319
 499224
 995726
 1070760
 538033
 781033
 63793
 385302
 109987
 951499
 805273
 9521
 409949
 567817
 1085826
 924873
 918514
 105186
 188904
 910315
 572645
 147339
 698344
 745668
 130489
 65192
 683706
 222872
 685512
 1055805
 909935
 881875
 553051
 1083099
 853978
 167272
 172467
 97530
 353478
 679759
 268329
 816764
 604233
 968011
 255218
 21796
 247009
 1038947
 74580
 990457
 111770
 1070817
 758487
 94533
 86873
 119450
 249740
 38015
 12482
 690785
 242563
 818401
 869191
 26443
 112416
 675440
 404483
 941017
 117572
 943114
 352986
 1072280
 54524
 390719
 138554
 762814
 364864
 45780
 487091
 827639
 629084
 497460
 751337
 473914
 92671
 691832
 794642
 563116
 1020491
 753337
 987472
 262683
 947576
 1072773
 104847
 937928
 1066585
 256411
 1072374
 112975
 608178
 924447
 9218
 419598
 984703
 485577
 930410
 634218
 41946
 554354
 689929
 517038
 29938
 81213
 1093820
 23911
 86476
 30584
 72753
 893248
 403599
 68289
 837267
 856696
 361123
 1054525
 641302
 592505
 141556
 678631
 890319
 255855
 996640
 227312
 367997
 406049
 362555
 698685
 362982
 234043
 248123
 820603
 70501
 404385
 672448
 414796
 939250
 224916
 681099
 28844
 980973
 326191
 605781
 294233
 513948
 726632
 933428
 29282
 219112
 253565
 700694
 284981
 651184
 131717
 359489
 883788
 970323
 634784
 898346
 454880
 693783
 828609
 454040
 614684
 4947
 672432
 176445
 1090660
 361694
 337931
 23807
 723220
 598147
 926576
 72383
 581922
 864078
 742054
 919115
 368384
 492878
 176907
 939992
 522738
 164393
 977628
 807295
 520686
 146811
 1098929
 251306
 906857
 267042
 492427
 830473
 232674
 744640
 263502
 285081
 539069
 574583
 276709
 298248
 829376
 907376
 161197
 187192
 335267
 259778
 69604
 898610
 611123
 127397
 255561
 828623
 348835
 531494
 844337
 740651
 24215
 651797
 874419
 46747
 507597
 522824
 612953
 28916
 96315
 679559
 844840
 669646
 578987
 423836
 78085
 1017749
 896087
 900685
 487755
 546264
 1095868
 647739
 67533
 1026536
 696664
 185625
 668439
 596687
 65362
 385909
 754081
 1012636
 945312
 605697
 353486
 321925
 234134
 170521
 238586
 814242
 995732
 735841
 374005
 446604
 915483
 1025818
 1068345
 768035
 453895
 712424
 860025
 848172
 18226
 772437
 664814
 264356
 118102
 167042
 814311
 493490
 615511
 497971
 359557
 233035
 679467
 1098804
 319537
 691272
 283510
 872014
 527307
 247444
 585112
 26080
 141762
 563669
 71465
 658772
 841477
 115558
 117089
 58915
 232005
 159616
 235374
 835882
 786364
 738153
 273234
 474763
 784285
 272625
 692072
 711174
 501177
 728238
 666120
 172241
 616175
 679246
 660165
 966873
 218297
 603694
 958480
 506758
 461965
 833024
 771929
 620750
 500013
 948784
 739755
 512923
 590897
 1044513
 852844
 959538
 389768
 1033155
 1039859
 1082780
 1029795
 186859
 310623
 577780
 268030
 934658
 371956
 863990
 429590
 869004
 497704
 491177
 1034903
 162639
 115143
 528976
 1023442
 475074
 589929
 704525
 1017964
 75566
 33428
 1044501
 562697
 886087
 624459
 675833
 727119
 1048932
 896475
 529647
 813369
 937217
 228368
 746482
 586005
 151553
 1002143
 952131
 200603
 968137
 382409
 887316
 1025572
 745636
 137189
 996157
 367842
 699331
 682558
 337050
 955648
 917050
 546104
 551021
 450587
 218784
 212220
 145174
 297220
 154473
 23885
 426161
 19117
 666162
 118683
 874598
 243929
 992185
 321128
 619225
 454908
 390250
 536329
 673351
 636006
 261898
 293637
 336606
 853084
 255198
 298579
 538799
 980134
 956179
 861787
 282849
 640342
 154792
 674238
 766444
 750959
 401658
 452752
 208009
 564965
 913419
 746324
 308517
 337037
 610371
 749401
 1035398
 107382
 430173
 164717
 186647
 246005
 85661
 454292
 644153
 76583
 243121
 252784
 304786
 583274
 1008318
 144901
 584254
 285944
 764124
 796031
 1062332
 772744
 225089
 157773
 297342
 1040618
 14568
 464397
 274209
 739076
 356426
 708216
 34025
 114799
 1028366
 327853
 248001
 134291
 956690
 1031156
 482151
 614499
 870903
 985168
 778464
 871795
 488641
 787957
 75018
 237407
 501478
 1085701
 214226
 607129
 591506
 928322
 579071
 905888
 989905
 837242
 13526
 574873
 624621
 747310
 279871
 180833
 540030
 290494
 317277
 931982
 1061515
 546519
 177966
 307514
 151087
 438748
 492290
 584552
 236869
 198985
 734152
 674229
 474772
 39470
 156787
 159240
 923878
 223506
 962924
 153662
 579879
 761583
 105243
 586012
 5302
 520558
 916796
 417970
 789225
 687674
 748893
 858740
 887830
 76658
 633416
 1058643
 941522
 117234
 78496
 88715
 835297
 788856
 397598
 816232
 142714
 158142
 760138
 767015
 585272
 1090757
 1095906
 159826
 389115
 801244
 973707
 17304
 18562
 216850
 604943
 191277
 924389
 30784
 302653
 293609
 852870
 1068859
 1053350
 906486
 304497
 1897
 912156
 963797
 21420
 660293
 393419
 54619
 691500
 84964
 297526
 208085
 837678
 341088
 37689
 64065
 664751
 777108
 212897
 77788
 51893
 970090
 461728
 90752
 60119
 75124
 689663
 747722
 438266
 170722
 378011
 1052292
 16198
 882815
 975193
 874959
 1044437
 61761
 576454
 319983
 358119
 533574
 687610
 985690
 987690
 806188
 430426
 565050
 589826
 789291
 399842
 420933
 716104
 556923
 1061176
 804684
 175331
 845053
 971701
 19925
 52278
 605987
 257603
 675491
 635505
 456560
 816233
 278609
 249695
 791391
 107845
 204502
 342711
 623686
 96731
 855992
 872736
 343517
 429095
 344970
 527731
 710017
 1093724
 894220
 296129
 702142
 321300
 1005421
 609105
 346504
 313881
 605242
 149199
 924941
 6363
 424212
 183623
 373706
 249600
 898781
 94801
 813665
 49200
 1024605
 1022140
 457196
 2761
 727367
 738202
 707204
 779795
 501973
 507693
 131134
 505153
 908962
 506787
 269475
 929799
 179166
 145322
 353889
 296555
 421841
 747786
 511382
 41786
 1080342
 345313
 173906
 382747
 5681
 1039633
 176590
 679149
 847586
 59887
 86966
 492930
 1062876
 659042
 1033925
 259316
 247220
 36309
 75899
 63094
 643245
 1038670
 1061448
 9253
 954091
 867630
 325422
 463626
 952949
 102894
 685796
 18896
 653322
 148542
 1070481
 606433
 418866
 842101
 8147
 117034
 174040
 470526
 73350
 768727
 174481
 443971
 245848
 427245
 960576
 192415
 1029204
 17424
 754850
 454372
 340833
 1023745
 244641
 19968
 821068
 410680
 311469
 181227
 454423
 941719
 978233
 483800
 761573
 733451
 607475
 781180
 105296
 66666
 196290
 629937
 483927
 983550
 534870
 908074
 897317
 1086957
 87177
 1093542
 352809
 646423
 444227
 1068500
 1079837
 356453
 414541
 385259
 1052011
 808212
 461206
 914564
 940228
 253071
 699905
 732973
 1031076
 309700
 415153
 525245
 547385
 894621
 448352
 740311
 1085877
 736768
 187623
 985875
 369658
 450392
 453096
 842078
 868793
 565666
 123935
 585953
 883831
 383442
 59112
 1064463
 479754
 896361
 477112
 718352
 569221
 177290
 25150
 558738
 117
 266186
 267327
 366981
 933533
 830860
 540243
 808757
 165470
 907984
 1024824
 621959
 687109
 196626
 383780
 2244
 321902
 803758
 925217
 354819
 813100
 1047515
 188178
 969417
 952105
 826200
 644461
 1028004
 254348
 581224
 452585
 319238
 180333
 215254
 466788
 521538
 1007821
 1070463
 142426
 383167
 290224
 497023
 89257
 335938
 75557
 567113
 1052505
 889933
 499872
 1089907
 456647
 492100
 629787
 324301
 394345
 108932
 201527
 274953
 967804
 692795
 918119
 614431
 297523
 845690
 401084
 492440
 841349
 21578
 372097
 592144
 1024688
 341421
 375287
 712300
 286504
 868067
 966628
 1008766
 4522
 519171
 625015
 1037531
 565525
 176184
 518246
 291892
 867440
 217881
 794951
 352691
 390597
 886507
 454211
 611791
 243179
 359872
 3765
 858054
 810168
 617092
 7085
 466376
 1047171
 850239
 846323
 1089162
 890187
 605765
 990689
 342270
 98233
 229094
 646408
 900903
 999986
 604606
 393940
 573964
 506435
 904237
 323685
 882428
 1090475
 896741
 681642
 686352
 668547
 176054
 101214
 541089
 1021524
 755272
 532342
 394740
 1003693
 689520
 990582
 453169
 925553
 391727
 728347
 660424
 589443
 180132
 1025342
 994188
 582166
 866418
 362020
 14627
 183474
 361118
 177066
 708658
 445718
 1097001
 127839
 788974
 243214
 794132
 66759
 17167
 243076
 333595
 295084
 1011193
 127663
 537101
 191808
 535217
 176548
 734863
 871092
 576675
 328043
 93448
 84520
 721089
 414689
 1064800
 618641
 611274
 869078
 27648
 110610
 15138
 478371
 430059
 1073923
 308704
 647768
 438677
 2568
 341621
 949131
 1001054
 334568
 26584
 508657
 430980
 712970
 707817
 203905
 706993
 293175
 706287
 185539
 999810
 781230
 709106
 425297
 385623
 744268
 333023
 455461
 882292
 914061
 104536
 284552
 902240
 522516
 660280
 344461
 151661
 74613
 933608
 821638
 34588
 586415
 542515
 1078027
 91508
 70742
 570284
 632072
 627262
 250586
 205133
 423103
 722486
 519486
 1031799
 918024
 726086
 513287
 709434
 951389
 909329
 825883
 932060
 962703
 1012748
 834695
 697720
 1035342
 141908
 585699
 1060923
 1011590
 871881
 631124
 763018
 880764
 783636
 939309
 775162
 187537
 810634
 108830
 503927
 787997
 729086
 310948
 988718
 753785
 644618
 580672
 863580
 27996
 2282
 122517
 431791
 361542
 842296
 201790
 402251
 824815
 1027404
 541660
 1028427
 687957
 341543
 630829
 1075829
 684826
 548343
 459850
 751537
 259705
 105405
 814692
 517168
 993463
 1028556
 774568
 965411
 997280
 359975
 656983
 562796
 358158
 593615
 1072751
 77056
 1014790
 162898
 1055331
 372108
 106714
 241764
 5906
 1012417
 201995
 8894
 186813
 262930
 813118
 439262
 90250
 861596
 652218
 314922
 756272
 286808
 76440
 820412
 858781
 654326
 231355
 220835
 537271
 774960
 562709
 456833
 858284
 536251
 111927
 466073
 416351
 756283
 479837
 382796
 761091
 981448
 183324
 152894
 522022
 889773
 347755
 181280
 606183
 388512
 1012614
 265284
 1084849
 927566
 220297
 509802
 272836
 640572
 463691
 453376
 788488
 1046391
 333096
 410120
 42409
 88541
 546823
 708429
 325964
 526065
 441313
 656041
 46328
 779534
 280614
 851457
 983997
 257169
 896330
 709816
 750224
 460376
 242886
 173177
 1016418
 898762
 519865
 338963
 669504
 698881
 273121
 657713
 18848
 540776
 619220
 532074
 116360
 767845
 445755
 519153
 877241
 619824
 240077
 754854
 85048
 80024
 407742
 907982
 430736
 168917
 574931
 799153
 446562
 217571
 364292
 235199
 194942
 110194
 514508
 398828
 604146
 375706
 900374
 412643
 1048524
 628660
 304440
 689181
 614049
 595163
 460804
 453474
 904610
 381542
 669627
 427380
 572274
 185557
 600572
 1056413
 402510
 727411
 406443
 623152
 328319
 903203
 960857
 304412
 620368
 776389
 635644
 679545
 446281
 896366
 772194
 323526
 385777
 113832
 866608
 520917
 716578
 456143
 338276
 718000
 805193
 763722
 523816
 461984
 734224
 774177
 902180
 418145
 433127
 757552
 956695
 75890
 944014
 895863
 468827
 43543
 180218
 869370
 253690
 361890
 21561
 162523
 391582
 476991
 495959
 511782
 780675
 885759
 722995
 103472
 59258
 54856
 841172
 268414
 808907
 420357
 728384
 139108
 891927
 1005274
 352262
 160995
 214873
 440800
 71503
 317735
 206955
 630349
 378481
 540573
 529791
 286914
 1081343
 266236
 170365
 885830
 825140
 962308
 93606
 898471
 485694
 49151
 822553
 105085
 556743
 512910
 880054
 557951
 738337
 547196
 157933
 222370
 159008
 629075
 845571
 289216
 1032447
 371402
 936116
 196383
 445318
 784784
 141538
 1059817
 929941
 258153
 202978
 432513
 328894
 959937
 464269
 455720
 1016185
 640028
 68374
 136039
 584469
 13658
 47948
 396296
 551409
 452784
 715046
 800214
 199786
 246856
 430862
 840030
 75716
 537316
 453581
 1505
 1059478
 984358
 144878
 939481
 697458
 408595
 246827
 685457
 572562
 921890
 229898
 507043
 845141
 585660
 138540
 489709
 854972
 641425
 1084007
 152619
 416552
 33649
 476065
 96492
 886448
 851706
 497278
 525797
 953234
 628880
 925487
 1009183
 120419
 554927
 110228
 1004354
 16223
 385394
 304072
 88039
 632908
 8433
 272015
 241654
 648524
 634053
 134581
 373778
 443487
