252980
 452826
 119444
 603021
 155707
 175160
 604624
 273275
 770089
 791534
 17344
 64400
 378189
 45232
 923592
 400016
 554621
 428998
 800217
 1075830
 446276
 260450
 290826
 320508
 202619
 699792
 438469
 48122
 69553
 674449
 157087
 601342
 80920
 510990
 397334
 738409
 300747
 172049
 489722
 630249
 1095709
 452715
 579211
 559330
 645840
 1035858
 220888
 91975
 557609
 853428
 695037
 1036597
 897585
 520672
 227197
 435001
 718737
 173554
 690426
 268916
 798789
 800102
 31980
 532719
 99055
 546295
 344535
 860829
 497351
 945622
 842891
 993422
 306376
 525758
 375093
 925718
 491114
 917549
 444442
 982432
 449490
 272498
 699526
 1041154
 319935
 864845
 404199
 242822
 486231
 169740
 542633
 414842
 1022306
 900773
 1030909
 490587
 437080
 966790
 908430
 414046
 779853
 989028
 1082626
 632278
 526717
 809653
 1026596
 735610
 24239
 364964
 539751
 110902
 667966
 619845
 627758
 513475
 727907
 321531
 1030853
 382059
 790218
 814932
 308955
 23161
 680007
 191236
 862221
 124397
 295792
 1016844
 473324
 106569
 177445
 750276
 371237
 252507
 580247
 153221
 819468
 487999
 148783
 236822
 843186
 856173
 388907
 1011093
 699461
 668302
 1063750
 1085589
 194404
 175599
 52660
 866992
 690921
 735817
 455952
 917368
 758387
 491235
 1044386
 867849
 42253
 740809
 243798
 826833
 566672
 175340
 862895
 905221
 878458
 35715
 898839
 929458
 769574
 100811
 454074
 812175
 32733
 288782
 511812
 1090447
 560838
 706104
 865335
 343795
 305070
 751541
 217313
 149719
 165569
 803135
 930890
 1018438
 787866
 1069847
 973572
 788903
 1020466
 712972
 865326
 747987
 357473
 195619
 843841
 258350
 239407
 633148
 109929
 569001
 559620
 564946
 177468
 861745
 968548
 868810
 62384
 945046
 55020
 654081
 146319
 200202
 926696
 982694
 66130
 285671
 620648
 591181
 767294
 588270
 929262
 368417
 149631
 948975
 786844
 259911
 411163
 791257
 707676
 1029860
 170400
 515057
 713614
 507656
 945481
 915351
 496150
 848160
 712352
 438699
 255980
 569846
 985404
 1093278
 16529
 217136
 768565
 1088735
 38036
 240386
 392916
 747403
 158411
 2173
 468423
 1088766
 253143
 482295
 402346
 620969
 450369
 1004411
 552109
 821316
 1083175
 431724
 683010
 744710
 446816
 350714
 1059225
 1035157
 920435
 569358
 13645
 650986
 313695
 420705
 937484
 750162
 97540
 198684
 704549
 485944
 662126
 18392
 26505
 690845
 275912
 35613
 488416
 93557
 444394
 1090397
 266671
 676532
 682191
 462292
 489610
 874664
 934855
 271417
 574567
 183689
 118222
 438543
 795242
 822187
 901898
 676282
 796826
 804624
 267961
 720141
 453804
 615159
 654112
 913017
 295677
 202263
 89517
 127608
 171074
 227458
 446606
 153973
 354123
 852542
 886733
 775092
 654951
 291855
 137045
 290077
 184061
 649034
 943683
 510780
 1000169
 1053521
 678811
 402919
 68607
 1026551
 953581
 26829
 552981
 984935
 113267
 382979
 630058
 99864
 1057781
 1033152
 278482
 43685
 235819
 128303
 791982
 586221
 386055
 69877
 400174
 950436
 981102
 721767
 864288
 302431
 458242
 897884
 867865
 521908
 852047
 214690
 651504
 992308
 1032374
 571868
 804862
 600426
 884959
 464472
 857923
 609927
 927067
 477207
 852014
 483150
 962444
 1037650
 138276
 974987
 172952
 379767
 313880
 690307
 655585
 1015649
 605175
 693616
 212473
 677027
 196720
 383172
 375832
 328777
 191451
 984102
 282806
 656749
 1007609
 222198
 520369
 778708
 763852
 1061057
 225624
 220279
 385136
 1093940
 531977
 840493
 262348
 516228
 473056
 49552
 922087
 997685
 1085534
 586612
 701336
 818974
 1074864
 902233
 946964
 586144
 330227
 225182
 152808
 1031606
 838605
 611749
 32740
 733003
 289532
 931054
 795841
 653660
 611881
 952800
 1033930
 936809
 1010948
 758994
 79945
 278889
 167600
 665238
 213999
 102597
 711676
 555890
 359277
 73256
 312843
 15935
 227562
 73099
 1058724
 541971
 400867
 185225
 109971
 98181
 214832
 368353
 115001
 147332
 989592
 645455
 756821
 557487
 887768
 483044
 265989
 786525
 383894
 846236
 732333
 863513
 691214
 100013
 293780
 748009
 859283
 1090894
 654947
 239228
 368038
 776916
 752441
 906615
 537586
 533811
 390880
 93129
 1090034
 837945
 204596
 85687
 677663
 28373
 1075930
 7687
 303355
 635647
 103755
 393603
 179499
 234674
 158745
 413335
 1023815
 776491
 342544
 641944
 293531
 212778
 149943
 385096
 512173
 361287
 745842
 432245
 122116
 90261
 228353
 684397
 701531
 703173
 844897
 236064
 53398
 1061900
 891781
 1045410
 1050300
 1036186
 22403
 566390
 906498
 1067485
 574014
 810438
 600849
 955046
 26251
 1054236
 112073
 197294
 638837
 11543
 1074903
 648878
 978460
 623984
 593133
 243153
 348041
 718651
 581811
 678076
 846796
 753114
 883955
 631576
 99418
 352450
 897559
 442828
 994279
 49194
 174094
 839402
 410800
 292120
 441292
 114362
 45101
 433454
 970705
 463669
 25622
 500207
 1087861
 23019
 113197
 396764
 46201
 666649
 1074852
 330449
 811513
 816181
 922868
 551504
 1016594
 606010
 791560
 163522
 43948
 406445
 1072986
 367154
 515653
 217178
 643791
 361661
 934193
 1037924
 720827
 805388
 885801
 56220
 954411
 342187
 249208
 129311
 935187
 988511
 45009
 430846
 748963
 894547
 396296
 542660
 547749
 560375
 227949
 136105
 394915
 944495
 908151
 131021
 148576
 977426
 501470
 770144
 173099
 37202
 94603
 22779
 267348
 236856
 249846
 1008296
 134284
 69994
 1081946
 224909
 498601
 356343
 385156
 1091074
 927593
 757058
 271817
 971301
 938635
 381542
 336342
 736838
 187403
 572871
 315878
 398122
 262578
 411311
 308374
 993684
 473883
 225467
 125292
 1021323
 318178
 827598
 967212
 555759
 1034223
 1025919
 291082
 920241
 487948
 859219
 822219
 743050
 842310
 893437
 752735
 412633
 725730
 666273
 759995
 882823
 1014809
 372730
 1017880
 838394
 66090
 1075166
 531713
 886543
 767097
 87513
 911812
 846478
 156542
 82970
 1092469
 603087
 939901
 68955
 618573
 469005
 435491
 298518
 450355
 964357
 259173
 368138
 898131
 81937
 847106
 53911
 451581
 722601
 1008164
 595257
 814670
 691450
 762152
 529795
 570889
 322587
 949221
 1046662
 545742
 72301
 633131
 565391
 682365
 58299
 647527
 1035989
 259931
 719602
 899997
 244622
 732466
 999834
 703355
 330493
 1075928
 423337
 409019
 611894
 1016927
 357525
 644816
 427763
 267919
 702866
 682940
 351262
 28500
 461075
 598755
 882793
 963876
 73646
 485889
 394847
 666099
 649143
 324127
 461412
 833466
 325850
 193114
 842913
 124247
 554925
 696450
 436336
 738027
 950685
 841295
 915329
 636572
 351877
 920359
 1063970
 179403
 48804
 688913
 905976
 1026781
 888222
 954944
 525034
 715895
 1002885
 383552
 108185
 751103
 622922
 1000908
 153080
 109615
 108287
 111417
 750870
 626230
 795123
 194922
 511140
 132530
 1047262
 128543
 407692
 222656
 872035
 727526
 887266
 65437
 176571
 340584
 71641
 25602
 18982
 933318
 252977
 671067
 537985
 894659
 369179
 1091472
 786040
 329014
 1087511
 1093453
 438661
 46119
 795165
 527535
 1065114
 315930
 140432
 1080
 672278
 680682
 1032345
 337898
 916627
 80134
 278971
 931815
 638263
 509156
 141259
 1093123
 224392
 162653
 197268
 537790
 752779
 673180
 464247
 434443
 685294
 465718
 88518
 900106
 739042
 727998
 1021945
 196343
 827532
 43996
 202340
 930455
 634070
 730708
 791497
 155767
 991360
 46496
 623456
 503016
 365398
 200593
 1086449
 299906
 735873
 1034538
 557630
 516338
 701333
 94505
 869792
 899919
 87712
 649459
 844476
 77718
 74208
 1062945
 959210
 528079
 739230
 1042137
 1036474
 286497
 536780
 245588
 1076189
 162965
 325781
 984271
 970116
 700352
 712588
 164468
 470072
 698597
 437693
 386472
 154030
 91892
 394365
 1053771
 295437
 668412
 905117
 267011
 957182
 252146
 783742
 404596
 687360
 757332
 809796
 160572
 923994
 450080
 774494
 540245
 546346
 602758
 657491
 48712
 263288
 875319
 718622
 372087
 307351
 272733
 769581
 190702
 340642
 385346
 498928
 107089
 521764
 421162
 593704
 631625
 882387
 1079597
 927819
 402901
 254797
 12281
 333603
 960283
 940832
 732291
 288582
 549667
 394753
 896304
 855791
 683665
 241905
 665468
 1085842
 206847
 543098
 989218
 35324
 443301
 601350
 423340
 1054233
 711018
 685693
 850131
 737793
 602944
 433513
 479902
 913654
 1044702
 348777
 582625
 731373
 382376
 360849
 405089
 232582
 676342
 1099068
 1023795
 505721
 1057761
 584189
 1021866
 735486
 732481
 257938
 608193
 226341
 902726
 873291
 673330
 931421
 810386
 246198
 205370
 488837
 357862
 221986
 631494
 178596
 765857
 347589
 526581
 827123
 76918
 836998
 373802
 1033230
 632912
 479155
 509492
 126291
 811900
 787188
 1094159
 37489
 627081
 19482
 203924
 301643
 145768
 594927
 622806
 68279
 300848
 190236
 266050
 729130
 205374
 291722
 890927
 270504
 884640
 634475
 939141
 302494
 633652
 239264
 549706
 647958
 668479
 908020
 174972
 504582
 336137
 950402
 660457
 100768
 1023881
 1096292
 865243
 866621
 767201
 755027
 497674
 355161
 447253
 579766
 484667
 856365
 325255
 412557
 216511
 567564
 380254
 1058129
 228704
 976447
 599705
 317018
 707841
 711695
 414712
 152784
 390844
 396593
 790233
 534938
 349755
 787836
 68013
 965467
 131144
 155652
 380396
 546330
 439863
 767695
 495925
 1062572
 610978
 229895
 353384
 335787
 149336
 269505
 383845
 1097704
 790331
 235376
 88187
 39900
 360632
 1078766
 808925
 283554
 1082757
 17119
 375035
 886509
 492868
 440413
 464691
 659923
 257406
 534617
 498513
 1047412
 874666
 497562
 136723
 649300
 883327
 437715
 684743
 284074
 68537
 983259
 903003
 143688
 398915
 874167
 119081
 699598
 43614
 886208
 1090639
 164456
 75633
 338379
 614218
 448325
 552482
 191663
 375418
 143005
 114287
 1093337
 149300
 664230
 805810
 886329
 918748
 477743
 373642
 357163
 547935
 477804
 998144
 277963
 663577
 89539
 868899
 191025
 609519
 509165
 395075
 242013
 728778
 590609
 51111
 372978
 400178
 618475
 494873
 720056
 744347
 666043
 722692
 81086
 122158
 158217
 855971
 103847
 920056
 1062619
 570092
 661140
 313115
 194021
 783689
 580167
 159575
 975142
 391024
 1024110
 285769
 618023
 601029
 1047652
 27971
 532737
 684926
 686280
 974290
 853782
 485572
 828996
 445635
 101320
 350361
 655011
 402630
 5036
 818646
 878998
 845346
 88900
 40556
 197417
 609114
 889369
 123699
 22356
 551276
 991829
 261665
 151165
 187787
 496702
 560143
 429668
 253965
 923593
 955868
 408424
 1033878
 891344
 921098
 490120
 588223
 190814
 1089494
 253839
 347404
 387911
 618769
 1086680
 1051147
 177831
 483703
 518918
 874723
 961868
 995453
 783685
 768739
 477345
 556039
 981604
 521840
 203236
 855490
 807912
 595992
 967038
 213080
 862774
 634953
 782947
 226835
 718952
 94602
 423287
 394271
 951020
 506140
 147414
 268495
 810309
 563685
 402247
 219858
 18322
 823970
 861004
 1015016
 881156
 802837
 101109
 871065
 202477
 126167
 637896
 159855
 1005029
 142705
 474621
 678634
 988449
 168453
 482360
 865409
 187982
 214397
 815032
 502110
 34713
 194048
 851761
 731209
 375198
 175343
 768945
 61166
 483597
 345504
 286626
 411996
 502179
 881503
 25699
 1002226
 962150
 896514
 15263
 306683
 994853
 873238
 1073500
 415026
 974509
 491727
 328323
 168501
 707388
 116789
 1017521
 731084
 1067961
 41326
 595927
 692132
 674820
 1081785
 1054920
 521651
 18388
 571575
 356176
 306715
 1073352
 535648
 1018721
 863013
 1031150
 209405
 830953
 218107
 935920
 307820
 137531
 1025578
 480164
 716741
 676512
 587563
 168831
 349262
 865398
 977108
 150513
 221736
 774308
 158156
 879628
 572629
 1013717
 826831
 164899
 603026
 625286
 916961
 858633
 238259
 567263
 1070948
 295355
 354736
 203067
 817407
 675203
 996383
 9246
 251298
 717862
 117123
 135895
 66492
 90278
 524426
 722207
 97856
 781887
 122699
 633927
 1068959
 599638
 1050555
 827797
 567809
 105766
 385655
 605076
 420006
 136648
 351180
 782648
 228908
 831077
 973821
 210110
 1034705
 345955
 710769
 271526
 171805
 363114
 859168
 539929
 749151
 641980
 938601
 910947
 665547
 45409
 937124
 856093
 1093744
 405124
 273306
 63955
 320607
 560886
 633602
 881300
 463901
 335523
 83373
 106422
 69316
 1083367
 1089957
 120879
 285244
 981375
 167293
 104060
 952989
 69631
 1022808
 545368
 242322
 405998
 83583
 436905
 464147
 513063
 992368
 1017348
 606764
 123889
 1042877
 576405
 159012
 254463
 834555
 433324
 212322
 868929
 171905
 290870
 355904
 223239
 219595
 680518
 939514
 297224
 460731
 90726
 309517
 781028
 112161
 1056013
 776983
 860248
 119302
 196883
 17731
 517226
 888079
 310524
 844330
 1056143
 439596
 679780
 446504
 277427
 273917
 913366
 912818
 323165
 443608
 82685
 906079
 509717
 911770
 888484
 161170
 691381
 620146
 929098
 517520
 714742
 700002
 438730
 983407
 2485
 368559
 607714
 241660
 1074263
 65927
 438767
 721490
 1099100
 9235
 762563
 13314
 1092786
 14128
 538828
 232239
 206813
 200159
 36249
 926911
 736443
 26865
 574042
 1029968
 73064
 312572
 703767
 216935
 322548
 248634
 871843
 10929
 430693
 813857
 610707
 126100
 846495
 428027
 673017
 523974
 940510
 678404
 441307
 344605
 716658
 1056916
 721731
 809951
 36358
 233334
 81235
 919431
 1084651
 39436
 342194
 700643
 719346
 676124
 303172
 706435
 212792
 169188
 652535
 594331
 1090472
 441661
 954036
 49097
 951029
 908685
 175236
 260574
 780371
 986363
 375177
 1042261
 699410
 961275
 698702
 242307
 784711
 511407
 491694
 8543
 973830
 66336
 118628
 59601
 64290
 338387
 984477
 135606
 368650
 784416
 724265
 955034
 616979
 78046
 264908
 53501
 30011
 648303
 811481
 338055
 569291
 121427
 842858
 222376
 470753
 919879
 891167
 820384
 520509
 448167
 970424
 950463
 889518
 38121
 17068
 244789
 295832
 787011
 923342
 232705
 446475
 350833
 108036
 67855
 553572
 432677
 1085916
 361174
 327753
 1059486
 379616
 344922
 188669
 373468
 905824
 239569
 829518
 234296
 641987
 826273
 86069
 142596
 626675
 944991
 166049
 59467
 289349
 1081611
 201921
 22173
 509275
 1065797
 173131
 528030
 606831
 401371
 299786
 20555
 427395
 48250
 1069122
 474581
 449563
 953429
 354202
 1069552
 539957
 970964
 846084
 904167
 484524
 37125
 822483
 895384
 486776
 949513
 749097
 224952
 770987
 862323
 528379
 868916
 81592
 218455
 54956
 73868
 796258
 212239
 409563
 81832
 845098
 40880
 153199
 89507
 83291
 265634
 535967
 533554
 769986
 38346
 322597
 577697
 965934
 1010555
 556932
 678879
 710770
 865031
 308770
 674747
 100845
 1062534
 1086173
 416870
 110133
 74283
 486348
 502747
 129362
 932100
 73254
 596218
 495564
 54911
 189677
 583094
 1023061
 289644
 934924
 172547
 22860
 640121
 433196
 882835
 254694
 93091
 1085606
 993345
 454503
 264122
 172924
 100885
 449595
 352236
 93681
 588975
 404550
 81689
 504431
 903819
 366745
 1001827
 601883
 141863
 763270
 309590
 578917
 417435
 228334
 1043967
 743237
 473165
 826236
 300876
 163186
 484019
 64495
 1898
 591831
 27390
 144508
 158853
 402659
 301267
 566826
 91798
 205130
 101324
 464556
 127694
 171678
 760090
 334992
 716447
 453258
 855695
 983955
 800805
 481250
 975929
 85250
 402452
 309734
 815211
 31237
 514410
 784078
 352134
 318967
 966281
 873746
 998864
 995091
 616851
 497022
 1091938
 907193
 717162
 134702
 976421
 719102
 951085
 535202
 58312
 886876
 125217
 899470
 138940
 1073012
 740418
 1073883
 206237
 197516
 398449
 396445
 840920
 687691
 484941
 16161
 967488
 431532
 381142
 954295
 138262
 600152
 46772
 103296
 1060479
 663839
 253591
 1043765
 689732
 474325
 730564
 757374
 979693
 455356
 512794
 339319
 354859
 505843
 494275
 597579
 282220
 176943
 693650
 529331
 116446
 972201
 267024
 977212
 12128
 882629
 705179
 83676
 532431
 973582
 782435
 924566
 908139
 44688
 1030893
 296819
 751052
 484258
 1067587
 529760
 392687
 172145
 744887
 17620
 39682
 415142
 293474
 1053567
 86899
 141884
 742644
 862418
 1096078
 871534
 254682
 212139
 144020
 944955
 90896
 138154
 70209
 886365
 4541
 584570
 845565
 21749
 235647
 1097446
 608947
 454344
 82769
 367352
 944576
 888388
 610713
 43818
 432149
 954254
 197052
 480926
 718800
 584756
 553034
 944167
 707574
 58383
 660777
 11863
 248664
 81454
 445903
 103264
 1012638
 653409
 475976
 1040377
 357164
 857588
 706665
 578462
 874355
 683938
 707762
 841797
 501046
 454563
 707238
 801343
 989477
 183567
 347034
 1003381
 736138
 868025
 147057
 471718
 365244
 143826
 796804
 971690
 672425
 993521
 100184
 912521
 423195
 56915
