536494
 988786
 610883
 273183
 977880
 1011412
 938852
 626263
 116847
 296902
 767315
 1017975
 938727
 977810
 358115
 512726
 18609
 57463
 289561
 707414
 126744
 237103
 210991
 362346
 1013499
 317054
 32291
 978460
 955354
 442412
 631437
 878725
 1020616
 758350
 667082
 245743
 36557
 113350
 961164
 621819
 162913
 370023
 62529
 206108
 880541
 747973
 2337
 231516
 823005
 80692
 304452
 617677
 703051
 302230
 583227
 843618
 1034837
 656883
 275783
 869867
 84084
 775393
 152813
 990187
 1036038
 66116
 420967
 456223
 569567
 666167
 339152
 645817
 395945
 397378
 895031
 343873
 506593
 1034017
 287350
 265166
 965898
 560316
 268386
 941217
 207470
 524149
 603217
 1018200
 851065
 1092654
 87769
 453018
 573332
 1011187
 1056870
 635492
 413967
 304836
 569464
 1043046
 335494
 148849
 328742
 8388
 554214
 786231
 577137
 664614
 1067892
 252805
 144036
 1018157
 727768
 1091787
 183037
 3257
 777991
 850928
 783044
 923627
 184738
 119612
 547923
 944108
 328495
 409837
 763812
 685908
 421665
 964972
 76581
 805370
 132383
 155862
 447933
 32789
 891779
 255868
 483033
 990879
 383791
 846054
 996099
 712878
 784006
 1055516
 1089728
 644673
 255924
 1026232
 1145
 339417
 655019
 570488
 774920
 502439
 400093
 398504
 821435
 26992
 709894
 866541
 67520
 218037
 45135
 738028
 843178
 305104
 523061
 485338
 856828
 186043
 129270
 1003074
 918126
 154681
 1082652
 975601
 861963
 1085554
 602046
 571320
 990811
 344433
 379777
 397187
 768186
 997182
 781127
 1046321
 910097
 636042
 883227
 28201
 151946
 113422
 486539
 841128
 998367
 799006
 242602
 474980
 901914
 703772
 394548
 446551
 1006544
 474624
 382096
 1037823
 663981
 361967
 1021591
 576407
 670912
 257734
 617922
 1060028
 886034
 830613
 250774
 234408
 362595
 598883
 132507
 272130
 266697
 367232
 415247
 165823
 217237
 555965
 538887
 1032838
 869263
 1038730
 384760
 279299
 219223
 1060915
 474195
 652183
 657415
 187160
 138252
 341154
 612657
 933911
 820463
 171203
 255697
 857032
 357175
 780623
 94068
 571421
 437297
 725281
 501918
 101490
 36309
 329218
 1015496
 87465
 964114
 53660
 177655
 552691
 90197
 670865
 294491
 791516
 178364
 769752
 86465
 101641
 324226
 1041057
 360853
 1041925
 270076
 440282
 741532
 352055
 900846
 47347
 239158
 239808
 787324
 1001460
 740035
 537805
 794493
 947408
 589575
 784311
 294821
 1003546
 408880
 368683
 637513
 788555
 331833
 1027313
 679753
 387159
 1091186
 938094
 526085
 331782
 480452
 242505
 280400
 961294
 472075
 775147
 982378
 762116
 514427
 519651
 664334
 66017
 1075020
 905065
 281619
 478634
 812863
 1084982
 273756
 479270
 166524
 509716
 223774
 1011822
 1075141
 406457
 769442
 542842
 1052529
 684052
 307462
 897870
 74059
 373716
 838490
 992009
 75793
 985609
 1035817
 190344
 29441
 984545
 860834
 595247
 935288
 287450
 729635
 659952
 333410
 161549
 853655
 596748
 617533
 213050
 419584
 441705
 749775
 903585
 165739
 899408
 283865
 912217
 1070601
 473765
 195065
 1011728
 232490
 723027
 688231
 426195
 663456
 308192
 307287
 654411
 371092
 390075
 894839
 891794
 197097
 948952
 755988
 389715
 399889
 26783
 932026
 936136
 470413
 1043169
 416437
 557125
 50801
 822222
 31053
 1041406
 111054
 721140
 35822
 95062
 36243
 624827
 496271
 17540
 385230
 930697
 206402
 580802
 867783
 669639
 617457
 16074
 357623
 73738
 698243
 406971
 986695
 727678
 539998
 840398
 396817
 42214
 423195
 461219
 1013149
 641878
 94047
 547434
 108369
 640318
 353567
 302870
 790088
 49424
 461574
 481074
 187952
 659981
 150630
 476622
 1024700
 767848
 23504
 1081048
 300854
 131500
 338279
 1065375
 441169
 373532
 608240
 157255
 504045
 394092
 149838
 87835
 398664
 990685
 566717
 733242
 254537
 688712
 914935
 1086343
 750423
 775977
 654900
 224224
 189911
 571489
 432041
 417729
 559167
 248448
 1004915
 340512
 158860
 800478
 586942
 1000669
 80965
 866696
 300173
 597988
 681825
 238138
 335578
 43527
 167349
 501926
 443908
 777347
 708502
 590497
 121005
 791077
 1032533
 374043
 524579
 254582
 936356
 992030
 960304
 696871
 403507
 741546
 830318
 598831
 659568
 449287
 437836
 602031
 378964
 367222
 896379
 348529
 826932
 231947
 450706
 320007
 690076
 418767
 901797
 715123
 234448
 363366
 1051529
 559968
 135127
 1089736
 37212
 438867
 456283
 544417
 707222
 767748
 475875
 816391
 989283
 1003962
 485874
 66493
 226764
 398316
 498658
 367551
 881441
 901904
 907811
 90474
 253477
 181835
 929274
 555529
 871653
 223103
 763239
 498179
 196435
 470174
 340180
 613886
 936095
 239159
 363224
 172926
 246821
 55506
 157889
 179319
 678740
 220589
 667830
 133448
 987162
 1053297
 871724
 151917
 779411
 645709
 511447
 717611
 127409
 639565
 201522
 882503
 677931
 382986
 1046086
 334459
 171900
 720304
 855714
 275149
 257219
 512589
 266914
 633271
 954666
 629952
 371145
 65418
 245550
 107990
 412079
 746252
 189425
 52709
 957614
 524193
 928539
 412814
 117727
 676777
 712838
 978458
 633337
 119774
 14452
 155857
 844988
 14123
 858925
 296106
 158795
 338224
 531936
 489403
 565817
 109302
 274731
 361688
 626816
 805260
 926448
 371836
 62337
 1022744
 227582
 934896
 641196
 961339
 916982
 772089
 309779
 686513
 364084
 474398
 25608
 72146
 513930
 907104
 407431
 857459
 556021
 573453
 684129
 948733
 545661
 140458
 465852
 920218
 350155
 688680
 605431
 533698
 406825
 140173
 595626
 181709
 889308
 584593
 348223
 534647
 923705
 450909
 1099868
 206103
 149492
 74542
 1065734
 862221
 1056560
 142195
 1067446
 854175
 172711
 503027
 640422
 176025
 157629
 235603
 474603
 166627
 15124
 619642
 116938
 234633
 973770
 323262
 860289
 608113
 982394
 788874
 286384
 135962
 629388
 123664
 753822
 605103
 258138
 156004
 256433
 788112
 644332
 656692
 994565
 846424
 480850
 374194
 382609
 525330
 686630
 817500
 1066852
 944501
 944731
 607459
 432689
 1065285
 30138
 754134
 1054405
 1057481
 883544
 457780
 57780
 965716
 999073
 948270
 573016
 1046790
 929933
 172343
 79960
 532617
 888530
 1022427
 935769
 260319
 175235
 453227
 1072548
 491176
 892540
 1083751
 889562
 285681
 580058
 1017689
 507971
 167216
 539610
 339752
 18532
 774523
 809928
 1085961
 492009
 976978
 1038895
 1001216
 295764
 1095857
 928351
 712162
 1029413
 849297
 681545
 456472
 598715
 950289
 121632
 755802
 594083
 318727
 1072763
 527567
 385736
 691718
 1037138
 423780
 11713
 795154
 853244
 948548
 992039
 1001230
 730661
 924767
 887813
 401519
 639940
 1000699
 415529
 924025
 971211
 503465
 540741
 300250
 943963
 6980
 379020
 1036037
 78167
 436480
 358801
 56418
 44862
 186357
 185523
 978009
 397816
 717438
 1036588
 845849
 781845
 639839
 716438
 747384
 1088958
 126608
 854014
 665885
 232375
 988793
 1003584
 847476
 228408
 145903
 429770
 301938
 367292
 454442
 329212
 337514
 813538
 429647
 879875
 839326
 834215
 939476
 578206
 362845
 889824
 427382
 316597
 710028
 108309
 978190
 25484
 1086390
 612991
 54787
 880159
 319857
 380571
 118046
 857026
 602044
 1805
 226652
 944742
 327045
 589054
 668797
 857591
 784175
 708527
 582195
 306793
 261387
 446979
 1007342
 1066252
 622994
 638974
 1065093
 966071
 416368
 882604
 943801
 329268
 195276
 189847
 992562
 423951
 862234
 814596
 716179
 376721
 309760
 1022656
 958581
 1008396
 929943
 619597
 1022547
 1070954
 717235
 1055207
 155081
 272492
 768850
 1804
 741053
 958047
 711286
 621670
 262233
 704549
 8621
 299676
 430157
 278804
 264739
 266187
 456209
 493133
 129152
 259087
 142010
 741968
 434573
 145000
 682227
 490885
 380074
 99013
 452550
 663442
 286009
 93167
 153676
 776896
 810760
 250387
 598661
 113301
 534785
 371485
 740982
 1099035
 184081
 171136
 1018103
 154425
 538895
 1021517
 1035203
 865637
 38371
 248129
 778940
 868059
 760279
 202147
 891942
 855520
 83161
 182441
 940361
 137745
 622535
 34735
 177043
 211109
 93723
 58051
 732546
 400754
 422664
 168792
 578439
 330962
 970957
 472060
 198666
 847699
 894981
 442153
 244903
 915699
 1070382
 570047
 1015445
 109143
 327121
 101514
 807804
 656834
 1009038
 725629
 656914
 105620
 161266
 1090129
 571921
 677019
 645522
 279935
 404465
 216180
 718975
 140720
 59202
