1023553
 1070263
 438069
 631373
 689370
 696309
 569437
 396194
 238755
 605787
 912709
 231661
 395304
 547214
 838961
 644888
 783550
 195196
 39664
 1025504
 1063377
 610601
 847158
 553689
 8304
 925835
 414202
 799314
 852098
 800974
 415288
 990056
 707871
 513194
 105138
 838440
 632472
 1029586
 120563
 107369
 1051013
 726864
 24224
 868071
 684819
 706533
 750803
 945038
 790712
 390792
 22802
 223868
 827159
 20083
 349252
 210821
 836288
 715637
 40961
 605832
 541817
 208031
 393998
 765639
 258940
 733914
 271772
 260892
 850810
 277030
 646023
 258252
 903802
 1084465
 934337
 831021
 663164
 1014193
 800419
 772357
 203649
 577151
 268807
 153116
 249370
 992320
 877339
 797190
 1026893
 1055030
 497739
 303927
 316908
 753033
 1072593
 320503
 392774
 659345
 401222
 902375
 581697
 624157
 989280
 1095571
 42264
 104255
 1045147
 81502
 263905
 126434
 520879
 166546
 199324
 749963
 108463
 854861
 26690
 173116
 258683
 991821
 188351
 771275
 27923
 475697
 691212
 622809
 248892
 649106
 487424
 182568
 142388
 665303
 276272
 213127
 544769
 488644
 836663
 782282
 979102
 550642
 572540
 982908
 744085
 590267
 693749
 494503
 1027201
 409445
 52980
 950511
 564059
 1008561
 510923
 120227
 514469
 620342
 29582
 68452
 526040
 41369
 813604
 1004278
 1092282
 994280
 668175
 658193
 823984
 477316
 461059
 25740
 907502
 903690
 514588
 271463
 984127
 160887
 64017
 688116
 227505
 174629
 561670
 461741
 343987
 1046623
 480786
 974150
 924066
 177414
 623402
 777673
 461554
 505248
 872942
 144339
 483910
 949430
 954555
 505825
 664432
 1028320
 587689
 190713
 591076
 115896
 643522
 399317
 1094839
 982036
 222609
 784321
 956110
 713865
 786588
 357760
 894293
 186912
 743269
 1031682
 399672
 773271
 581538
 1080442
 433714
 517871
 1023690
 805023
 522778
 1075473
 599971
 603314
 149453
 976751
 210071
 383234
 798748
 524485
 646220
 64763
 537328
 699121
 201365
 847832
 149888
 27708
 305365
 1055771
 111567
 32879
 517978
 412044
 186311
 1053911
 961138
 61020
 1006388
 470484
 947997
 550306
 417307
 71576
 1067215
 401334
 922639
 544971
 573720
 288889
 707817
 96893
 191228
 758718
 1070081
 33932
 349534
 889589
 457614
 676479
 228267
 373282
 1064891
 788555
 934751
 265885
 341003
 730407
 946065
 155207
 26675
 592529
 261854
 814047
 304676
 16993
 562359
 838357
 311203
 809579
 820354
 402106
 962823
 1088485
 515017
 641158
 305314
 63098
 151232
 1011162
 260504
 775942
 920725
 459027
 210292
 154194
 378103
 779016
 610845
 750120
 1013227
 1052872
 638769
 154192
 161335
 819623
 382375
 253919
 595946
 627716
 493632
 252218
 163347
 670663
 870832
 184325
 691741
 1092592
 1075052
 1001047
 652342
 213698
 1027606
 29337
 341896
 919818
 377290
 957448
 475881
 677580
 749016
 722540
 1005066
 593271
 35206
 806092
 138153
 881767
 444393
 867018
 260881
 1416
 482839
 241519
 446520
 258728
 951546
 584924
 214996
 613976
 363382
 746849
 148354
 544318
 486447
 44261
 1049298
 490024
 408081
 992473
 193348
 461453
 136128
 101640
 773668
 506648
 1095492
 165372
 41617
 660281
 649360
 183835
 610103
 921979
 991838
 71505
 542534
 600443
 14561
 373008
 359303
 277980
 902279
 683091
 321919
 306089
 466607
 88059
 583050
 72799
 395530
 183951
 565206
 789312
 553734
 404919
 572241
 57212
 433839
 804205
 277740
 377269
 596513
 629746
 401996
 1007324
 433577
 271453
 484174
 374303
 164166
 60005
 1075089
 304337
 882859
 660475
 976690
 599035
 850662
 694452
 604859
 226674
 58258
 999630
 936321
 458391
 52334
 259729
 938251
 827379
 72942
 263420
 240775
 1009105
 99364
 503550
 276789
 988844
 1038627
 16456
 881624
 814401
 662224
 1046628
 561717
 482272
 983662
 1060723
 345419
 706658
 955726
 502267
 437813
 193599
 500516
 932006
 291610
 381352
 292826
 922297
 752279
 67899
 474151
 787901
 32760
 208213
 79585
 146467
 813806
 789848
 788535
 384080
 462217
 297626
 439372
 507124
 176907
 307186
 984889
 473213
 1029038
 499771
 120440
 777413
 578137
 89375
 469666
 37412
 808450
 101234
 738237
 990716
 85134
 593639
 563768
 686231
 171448
 970672
 333766
 120949
 214542
 55864
 81016
 504801
 308926
 166176
 1077082
 60229
 679952
 400767
 155835
 772639
 1020840
 69627
 254866
 275914
 379083
 543501
 610284
 388749
 481127
 710724
 484775
 1001219
 47369
 115560
 574437
 25513
 284339
 697180
 941898
 974158
 950696
 1094251
 589548
 913522
 202833
 1024814
 561347
 299108
 783640
 13400
 626701
 95330
 63325
 378059
 512052
 140126
 998312
 826865
 906073
 977890
 831476
 858430
 760323
 223120
 849575
 556506
 681314
 689258
 241894
 620058
 1080404
 238406
 476230
 240180
 640277
 215632
 672973
 753878
 393598
 329227
 85966
 73461
 531116
 951538
 909374
 682349
 604032
 435625
 505108
 863988
 662764
 102549
 324848
 888690
 931004
 256926
 56990
 346892
 983386
 573610
 347188
 746355
 154126
 793666
 391474
 584340
 236395
 701969
 1048524
 733590
 1098624
 158058
 48383
 1053922
 206898
 1077679
 648452
 446331
 486063
 620091
 192076
 707677
 673077
 1068776
 337133
 981199
 491450
 136864
 528309
 908664
 208024
 744550
 341212
 996539
 576132
 298738
 997356
 387550
 188057
 541701
 46003
 677937
 735260
 599317
 969027
 1055535
 930220
 910229
 850716
 48751
 915467
 1079510
 107111
 829946
 124275
 1035754
 198856
 986077
 227280
 159861
 250517
 830553
 609475
 1059488
 1086832
 633726
 461492
 476540
 121276
 705279
 974631
 488002
 49710
 528434
 151415
 896893
 925641
 806687
 640175
 731826
 97664
 1018125
 615229
 245216
 475292
 333809
 355315
 761018
 427300
 572659
 688625
 296830
 140877
 206250
 116063
 153191
 102296
 666661
 94647
 228429
 251248
 131936
 463143
 321773
 729899
 655364
 654131
 705194
 549726
 853263
 672200
 877494
 482151
 140383
 689172
 486735
 898200
 805834
 43378
 172999
 553959
 896933
 1072271
 581052
 56164
 1064171
 1027141
 59320
 603548
 582371
 554424
 63756
 588026
 316851
 438073
 749036
 220560
 998356
 929645
 436584
 1021174
 1042432
 457027
 307721
 482077
 349166
 1078776
 967810
 669977
 406608
 1009740
 1010721
 500354
 271622
 913871
 346362
 348096
 116474
 326490
 87024
 90877
 248877
 536800
 358744
 377375
 232714
 763736
 537082
 347569
 192995
 799173
 694103
 420080
 492261
 515387
 101766
 1067766
 821997
 523735
 883682
 20065
 959932
 898980
 313984
 724053
 972757
 75883
 1072058
 855468
 771680
 841035
 699142
 661433
 302603
 1005121
 791191
 832224
 56750
 890110
 636959
 782554
 767718
 177408
 321703
 680065
 1090444
 234631
 458768
 451815
 453358
 77498
 926586
 914392
 79694
 530562
 537417
 81238
 1034474
 413846
 11029
 613766
 1069827
 352964
 404716
 511480
 10421
 585171
 668624
 336007
 459631
 998106
 180072
 507577
 624845
 89729
 630478
 850849
 501194
 768142
 274141
 329185
 589236
 342103
 642251
 825157
 729181
 604016
 149366
 28965
 743009
 281712
 898796
 925095
 959421
 1028176
 845003
 116296
 227176
 1083285
 672466
 561751
 672532
 106130
 966214
 556008
 892808
 91118
 712823
 930660
 420647
 100004
 766478
 987751
 197279
 301646
 267536
 464904
 519961
 962911
 18462
 992747
 5876
 415583
 178602
 750162
 957146
 929621
 842886
 627051
 552439
 1098605
 778140
 379976
 617976
 1027695
 280026
 30877
 389473
 1011682
 877270
 621482
 870274
 733262
 203181
 340403
 375433
 51506
 622251
 378753
 888892
 57192
 696804
 184403
 103362
 1089858
 515200
 203445
 527698
 615372
 323740
 879843
 263313
 445037
 766106
 1093684
 150473
 763967
 473208
 584584
 166852
 1075856
 907542
 348957
 85403
 876410
 635758
 651023
 458262
 677452
 84779
 133438
 628609
 178887
 13888
 500147
 614957
 148893
 12929
 455142
 1054645
 648297
 446805
 1099742
 750001
 543641
 682900
 529835
 201433
 982618
 28621
 708445
 151309
 826847
 471208
 131031
 759522
 87819
 251795
 18691
 589100
 161885
 397288
 206005
 678237
 410078
 1501
 283094
 42093
 180219
 1014762
 463967
 873423
 469362
 972343
 514223
 112997
 337068
 584729
 285036
 274021
 514772
 318520
 915629
 294532
 967962
 425966
 157466
 34181
 807513
 913092
 411150
 748844
 2305
 151224
 556156
 1092844
 619350
 913372
 519354
 31073
 749748
 196289
 267313
 506332
 738296
 890903
 343028
 57519
 450854
 356003
 810786
 290834
 998817
 722427
 88605
 344114
 528254
 415214
 168256
 481517
 528368
 551520
 946838
 1096884
 960450
 627570
 1060735
 985587
 487164
 1042032
 374778
 517515
 285809
 94874
 365768
 843726
 392843
 832376
 631988
 662949
 302992
 1046019
 484814
 465968
 492972
 751226
 24581
 850982
 672126
 36777
 898512
 713715
 863599
 760649
 185464
 78306
 839985
 665857
 809108
 993648
 503755
 375933
 66632
 672541
 968569
 780545
 447909
 38879
 313574
 712542
 428798
 179750
 937128
 731344
 876342
 145466
 4894
 108323
 285815
 631053
 667016
 1031489
 615434
 809326
 710805
 241200
 1034004
 633912
 1036551
 530611
 991958
 17974
 503630
 530269
 202791
 1052514
 1072433
 676616
 939281
 421447
 443784
 69206
 891915
 441819
 780003
 354396
 550581
 1062880
 302545
 652626
 597279
 1001647
 525897
 747269
 537924
 20969
 731205
 586992
 374866
 941148
 154156
 547009
 132913
 15870
 381926
 936294
 14587
 980421
 306408
 1031809
 771665
 39700
 1051108
 262252
 968270
 678230
 1022168
 140739
 154472
 857300
 222191
 469310
 242339
 505008
 306567
 636601
 691008
 103915
 668550
 285698
 374163
 868069
 272487
 886376
 690450
 455925
 610859
 138728
 189770
 420518
 773109
 692245
 986639
 220759
 1029885
 524853
 941275
 205913
 202229
 382296
 814526
 90758
 431392
 914168
 938051
 1031533
 814414
 290581
 734342
 744423
 101137
 1010631
 576150
 162447
 204615
 246447
 188165
 994425
 546529
 821716
 336446
 270751
 34492
 959736
 295549
 608097
 273457
 431111
 110845
 180814
 461400
 1026703
 799064
 923692
 1060533
 933629
 635373
 658423
 581277
 322800
 800279
 571280
 747548
 130544
 719098
 749419
 404198
 757084
 967667
 706223
 839266
 854970
 421285
 916424
 887565
 533969
 874698
 551213
 503337
 157167
 232979
 9210
 563515
 796861
 1012998
 178344
 17800
 369260
 682173
 854680
 618878
 910767
 1065419
 519431
 612205
 278727
 471227
 73392
 14733
 882521
 983770
 574445
 685946
 783986
 150341
 729496
 847787
 694783
 32142
 537265
 952933
 506308
 24633
 36054
 56852
 795567
 649457
 460794
 316072
 54955
 873403
 1004178
 104567
 559004
 771509
 507005
 1084646
 48757
 395290
 861835
 222428
 880623
 907436
 797608
 733534
 935621
 1065095
 290999
 720698
 384588
 261541
 403007
 67415
 450549
 775465
 214094
 508796
 303746
 822897
 924323
 469394
 260846
 961939
 82082
 167444
 624665
 949244
 154748
 169027
 337902
 284724
 42505
 673114
 704491
 331830
 796693
 576153
 122206
 194858
 147153
 401737
 1028891
 992821
 944086
 443863
 770127
 104387
 341943
 100123
 1053778
 1087749
 1053096
 859727
 8384
 940448
 216958
 135879
 44560
 1070294
 303247
 975734
 113773
 591840
 727382
 116449
 828239
 348227
 566728
 164326
 864025
 549841
 737410
 682526
 1074537
 60998
 703747
 951646
 353642
 278943
 77919
 685626
 302042
 109598
 18090
 535691
 697377
 498704
 40197
 260737
 80984
 271967
 110319
 747018
 43390
 15599
 239906
 347941
 1210
 920129
 200743
 49564
 592679
 1084719
 805751
 386382
 115753
 847282
 430574
 954670
 388987
 636762
 944811
 352798
 7869
 673796
 1032574
 643749
 934266
 873045
 438061
 90958
 844440
 324645
 311162
 267133
 526334
 101260
 720818
 199693
 587700
 612913
 471588
 522928
 820724
 1002199
 175314
 402269
 568742
 289561
 397924
 607779
 748659
 700231
 1037028
 824322
 548155
 935632
 24129
 64222
 913131
 1092774
 348539
 266567
 952343
 884969
 654024
 456703
 611636
 30045
 608235
 282266
 1003527
 949278
 856881
 381184
 246852
 613341
 239585
 248191
 801372
 864694
 1019972
 422829
 252487
 569009
 370152
 53338
 1036509
 115144
 651437
 742914
 574945
 81361
 549835
 449496
 31510
 739924
 253785
 781786
 213005
 875403
 863474
 999675
 928456
 571426
 786854
 1078531
 192196
 515749
 630422
 621720
 514832
 642312
 327884
 326322
 629909
 404514
 401022
 247090
 105862
 869856
 50535
 705601
 43762
 952227
 286498
 389585
 1051815
 732472
 177794
 910522
 424901
 996813
 982550
 269147
 1006546
 911828
 528239
 760099
 1032143
 324426
 690489
 503846
 830311
 149811
 469718
 1024137
 634525
 938652
 913202
 514495
 736352
 542776
 499814
 280942
 975686
 35002
 441899
 601266
 1031375
 909356
 496030
 993227
 188610
 988755
 1099345
 827598
 472168
 955479
 964195
 85257
 648108
 200534
 229508
 567545
 927561
 365917
 1048350
 131974
 908875
 600092
 1037235
 995679
 558046
 1074064
 284448
 973750
 615908
 927785
 823929
 277215
 46951
 576634
 705646
 1050909
 1089744
 561032
 198175
 381693
 375289
 236869
 617
 3665
 668382
 390363
 557679
 793474
 560685
 655789
 749458
 804485
 458875
 20078
 788699
 720845
 742663
 117449
 582447
 147440
 755193
 1008078
 500811
 236540
 707133
 721113
 715075
 835036
 396875
 128692
 926216
 498994
 298854
 785867
 289035
 623289
 750540
 523159
 620685
 858181
 650597
 135567
 322394
 638479
 1051921
 1027770
 931994
 570107
 298881
 680205
 741503
 851218
 646398
 850396
 822975
 1083432
 406539
 167701
 1087909
 904796
 657248
 202936
 955600
 663210
 518075
 112259
 526061
 87406
 525281
 1067151
 123222
 279001
 503194
 303990
 350134
 837834
 659686
 750855
 872028
 50456
 1098663
 402668
 136219
 688279
 123429
 953809
 709912
 353193
 403599
 244018
 930788
 839664
 1032469
 879353
 1075599
 925464
 1057702
 535432
 58591
 595398
 225679
 507250
 265406
 573551
 132826
 766498
 280312
 941066
 1072097
 866110
 776328
 732244
 412209
 177383
 186643
 199507
 727158
 186606
 398799
 625863
 640100
 785552
 895815
 1002835
 14557
 924367
 12985
 614917
 659055
 413308
 576257
 580464
 709117
 744562
 754071
 138310
 1031365
 956406
 821940
 281507
 444909
 531718
 238635
 284803
 805055
 304000
 977178
 564854
 1091585
 788654
 125281
 64297
 175388
 604072
 447166
 65108
 468809
 917480
 54583
 118270
 535851
 141813
 703968
 311930
 576773
 815976
 638771
 879018
 380746
 1057666
 156105
 955877
 1064448
 431794
 336907
 54822
 918537
 43183
 136460
 48258
 106555
 379372
 695439
 536240
 253669
 816665
 269135
 408264
 12491
 473710
 726289
 589404
 701999
 361299
 323474
 1005987
 881741
 789198
 565786
 783420
 968843
 96357
 905169
 775185
 315185
 438709
 167288
 1079803
 409069
 469642
 181505
 732316
 164377
 51686
 450405
 355557
 697334
 1076027
 1085835
 315988
 933128
 82662
 856064
 53971
 406824
 509632
 639963
 728495
 748431
 503801
 886199
 711863
 869146
 705607
 376873
 82820
 55927
 56538
 557841
 1007251
 181536
 30047
 202348
 1015824
 273336
 410637
 674275
 735523
 690764
 459581
 549448
 893778
 1007169
 257178
 235889
 238228
 652240
 67595
 665317
 965664
 983923
 1041404
 503870
 570033
 810944
 541019
 321613
 213869
 898066
 1014603
 572629
 359619
 366929
 730439
 448785
 822705
 556546
 957992
 782497
 1073773
 629051
 975934
 705520
 292397
 874000
 687439
 925595
 762189
 301115
 782310
 417823
 344622
 374121
 119276
 173423
 1001272
 234633
 467095
 732506
 755995
 1026747
 104286
 18617
 1082140
 731687
 105937
 1060562
 938413
 436027
 136317
 236633
 227277
 453247
 329597
 215521
 743674
 103356
 852018
 765127
 698482
 935583
 959671
 405215
 1068747
 36391
 825200
 552896
 524889
 232055
 133362
 513933
 318420
 334887
 813064
 266544
 90680
 359050
 646957
 1009333
 26100
 492948
 61799
 273975
 391427
 57144
 496515
 260872
 1068964
 417887
 182227
 805515
 812516
 1034684
 210085
 259802
 102651
 662462
 384170
 8968
 222007
 77295
 945294
 750252
 1006085
 685359
 358405
 284845
 839238
 582812
 375024
 562946
 600728
 751847
 920271
 553350
 78548
 724790
 471778
 911131
 812795
 973117
 1013425
 467275
 919931
 949289
 855075
 780430
 880394
 448571
 13399
 896385
 399054
 398832
 1081139
 623340
 741894
 758902
 826717
 375866
 947077
 666133
 133470
 454963
 11680
 938125
 170312
 205284
 410971
 693038
 84509
 222951
 393339
 983606
 611162
 620544
 520973
 116419
 200044
 356653
 1004165
 456483
 888109
 1083378
 484005
 756294
 859328
 790367
 949495
 720724
 1086264
 554278
 466812
 779467
 535739
 1090774
 651222
 642745
 654710
 692001
 390617
 987388
 204681
 258549
 521572
 483471
 1080543
 295380
 955678
 272417
 939422
 374800
 768199
 948480
 42101
 964012
 369943
 849215
 1083825
 829261
 746016
 756702
 343876
 246613
 1056141
 765882
 1071904
 292816
 315397
 376808
 1052239
 84921
 981702
 416774
 859773
 469892
 312138
 628098
 535495
 697547
 372558
 346269
 830382
 743642
 37292
 513411
 946314
 558323
 761551
 153326
 11509
 718819
 148540
 723597
 1056831
 724023
 765492
 813459
 228921
 430097
 835761
 81570
 521998
 500174
 422860
 1041945
 266187
 1037733
 615452
 171994
 977877
 51464
 207246
 158383
 68861
 144734
 1034762
 125832
 953247
 728267
 786685
 847285
 1093592
 191127
 29888
 131405
 282584
 125157
 209888
 1079128
 525192
 866512
 479024
 876978
 707765
 756869
 60199
 375591
 274532
 692856
 1021589
 321991
 1019261
 12379
 423835
 40333
 794825
 190342
 5721
 606596
 894184
 360805
 279329
 320176
 896610
 572718
 969122
 145209
 769310
 378762
 462448
 627959
 893359
 833001
 400012
 135009
 197246
 970481
 626159
 467731
 1026725
 209540
 401429
 461454
 1049048
 719625
 135554
 19789
 973427
 679702
 348138
 198755
 990802
 479991
 408195
 319748
 902114
 32275
 306813
 733221
 298196
 358712
 873894
 166613
 518401
 307261
 623984
 1059087
 932314
 329162
 60813
 86553
 1037586
 1081968
 875649
 491216
 389310
 459059
 1071935
 510053
 307213
 266497
 451596
 942206
 993480
 80490
 656977
 323049
 1061760
 791540
 682518
 611820
 823682
 444593
 947672
 647425
 867711
 228319
 707440
 217813
 463942
 243268
 630654
 163796
 571438
 905023
 509068
 528460
 435904
 87743
 609091
 368330
 56661
 216098
 449361
 634900
 754071
 130475
 827459
 584866
 530864
 1049969
 510873
 243194
 264826
 297916
 1035828
 623905
 228975
 171000
 557413
 474904
 304693
 854326
 718040
 576143
 422113
 363659
 772508
 585247
 105639
 775841
 536865
 1035773
 626565
 299312
 101830
 711705
 164390
 297194
 1035276
 1027744
 818727
 862098
 393910
 753231
 129954
 446009
 615646
 1071451
 178886
 917301
 1024447
 709028
 154288
 999204
 52570
 343420
 755727
 1084773
 874978
 26794
 750566
 904426
 930838
 961577
 431724
 680593
 27717
 594426
 865520
 597561
 784209
 1051844
 770008
 1093151
 931578
 535902
 50015
 90112
 894889
 899000
 46954
 854225
 929444
 388718
 449116
 1092957
 964025
 787596
 962797
 104308
 71636
 1029330
 623565
 799252
 394891
 412329
 524196
 504796
 564563
 273006
 776053
 134800
 944240
 315515
 406463
 756157
 540197
 366396
 877569
 826007
 1078772
 591823
 460620
 832027
 1095783
 933001
 214598
 687993
 406041
 673906
 77424
 745829
 245402
 863412
 219998
 884207
 678341
 74084
 207305
 1014890
 472164
 725542
 614884
 553906
 549607
 386180
 152187
 998451
 156127
 638411
 603788
 795844
 850245
 49552
 880783
 812298
 820919
 656812
 215065
 391170
 930515
 120749
 827438
 928884
 718554
 3911
 532303
 297475
 861992
 61102
 755883
 510454
 487891
 74174
 951249
 558334
 148879
 811224
 807839
 953222
 227666
 551298
 417322
 319438
 18916
 245601
 434165
 440641
 562303
 703228
 819360
 552069
 775121
 687604
 752077
 575834
 140271
 1043539
 396798
 935999
 406558
 123328
 822242
 730914
 530293
 724124
 957641
 983609
 1014470
 479892
 127129
 303792
 145124
 808777
 136353
 476657
 347680
 479536
 229720
 946071
 358107
 607398
 142842
 594506
 28675
 1069101
 31388
 102623
 1037011
 119751
 261380
 1091969
 666790
 648040
 722313
 798628
 840354
 299184
 871551
 78550
 906978
 200404
 209983
 532051
 676521
 431404
 254285
 83019
 594153
 443332
 488992
 509992
 116627
 74066
 157213
 107042
 67347
 334780
 826686
 597097
 419435
 996463
 971220
 344728
 525093
 424630
 330456
 988280
 354707
 432671
 427018
 1089322
 868559
 692568
 2556
 11696
 455158
 336339
 948389
 862818
 1048960
 794047
 516024
 565468
 605282
 516180
 134583
 171037
 575776
 138838
 891742
 744311
 485761
 96253
 677926
 142482
 466049
 548160
 541919
 1006045
 230768
 199899
 590591
 1081299
 988039
 603992
 1056183
 1035007
 178263
 1032427
 702776
 718786
 298418
 427069
 726773
 108217
 19893
 604035
 946284
 1040195
 483860
 186677
 1072032
 444515
 827151
 417105
 558156
 635161
 950296
 146630
 634508
 931705
 150286
 352726
 463090
 1009139
 267385
 89764
 898811
 769918
 334247
 642804
 124748
 114642
 968717
 662876
 552933
 381737
 1019358
 703239
 842667
 276958
 1047359
 974576
 370839
 500835
 815346
 494741
 226135
 548234
 196539
 1063750
 758861
 865802
 658131
 211177
 881552
 1009679
 14559
 943578
 781185
 396416
 791368
 178582
 204255
 595476
 299630
 517563
 622576
 457493
 197296
 919814
 932764
 168105
 1020631
 163346
 396710
 821287
 619526
 595334
 945858
 915379
 620398
 1087173
 1002862
 1093361
 3036
 945389
 97783
 290383
 172481
 997976
 307444
 376947
 75708
 613163
 26559
 210908
 57720
 290980
 516219
 195255
 18318
 970091
 58067
 721898
 850001
 788773
 1014240
 464224
 218522
 413641
 612413
 76376
 1020241
 140517
 228784
 2242
 484333
 659024
 847789
 825534
 202932
 913440
 335594
 69813
 604437
 1032079
 229185
 51052
 945633
 488468
 352541
 460533
 1081921
 368727
 221695
 1026951
 22150
 985017
 1016799
 1020182
 479888
 879450
 448386
 483880
 845520
 675110
 697746
 512847
 838156
 152218
 967871
 615129
 1014726
 738477
 572359
 115036
 595751
 829813
 739934
 152596
 459297
 947658
 963432
 902603
 325905
 478290
 317196
 322964
 45545
 785347
 954218
 439833
 523987
 298562
 274093
 1031844
 439296
 270075
 574251
 821423
 23182
 1063387
 690012
 836181
 152847
 8896
 812071
 904948
 866090
 712340
 239745
 547297
 503071
 789333
 480985
 1097875
 210794
 57698
 13679
 573878
 42188
 26520
 1043738
 259110
 326909
 198244
 541648
 48066
 692689
 626104
 47071
 278448
 195339
 445620
 1083354
 457530
 1023909
 884323
 1023997
 385478
 887499
 944055
 885857
 575299
 942311
 328811
 1022093
 193738
 345169
 794452
 669175
 272127
 379564
 118227
 479361
 112423
 262042
 111836
 533114
 830642
 206775
 985221
 658069
 642566
 219512
 45061
 726133
 579557
 867970
 672740
 901165
 527644
 518885
 80792
 72188
 967060
 385241
 831250
 466569
 590460
 99975
 64838
 838180
 848620
 357878
 662875
 38076
 5550
 226124
 1088146
 206445
 107466
 152262
 338432
 5426
 69544
 1092803
 340359
 685341
 534093
 699726
 948599
 89975
 1029616
 699994
 1034780
 322127
 68148
 615097
 304131
 137332
 550952
 120969
 951975
 241021
 26787
 1037336
 647954
 1083197
 193610
 927639
 883943
 664135
 1020809
 652319
 338941
 70680
 1018186
 383091
 681640
 82674
 404778
 76619
 335186
 518481
 321327
 259535
 677656
 161466
 726537
 991379
 854125
 592807
 767419
 522579
 916815
 239917
 633944
 682716
 818766
 255860
 707505
 878874
 1050501
 388494
 438970
 30213
 969153
 40588
 985653
 12278
 376039
 434155
 865666
 685229
 1086376
 165420
 149034
 409529
 781062
 289055
 887940
 923424
 311311
 460161
 1019338
 462839
 787460
 181054
 375543
 502309
 113807
 746720
 690816
 994223
 832037
 529380
 1063668
 457386
 597956
 335384
 247097
 732263
 770531
 926499
 1019797
 573782
 216072
 98103
 819412
 232999
 977083
 646451
 630132
 1035344
 987417
 459471
 778465
 1007294
 694088
 290024
 19457
 647113
 756550
 653045
 122248
 36191
 785852
 670369
 917639
 996219
 136279
 297926
 366772
 236124
 180956
 263176
 146932
 955894
 419367
 348101
 180269
 613703
 937038
 531546
 812509
 565605
 251236
 236982
 55642
 705534
 437079
 842100
 1047833
 10025
 153504
 25106
 304924
 736224
 411874
 52696
 1017715
 883883
 984160
 743316
 350590
 18326
 446137
 644514
 96443
 324171
 597094
 978507
 498051
 814467
 190984
 67406
 204671
 692949
 562065
 727113
 192400
 367364
 220377
 283007
 984313
 84767
 781007
 336550
 813220
 314043
 18615
 143895
 996952
 563399
 381186
 799504
 599435
 648027
 391170
 264894
 750902
 623559
 951384
 863154
 124452
 367020
 680804
 850966
 708082
 694099
 26491
 289349
 742538
 595375
 508303
 301547
 516663
 394411
 604322
 706444
 373414
 154378
 471934
 689024
 89659
 681942
 630186
 74130
 603701
 50607
 580267
 76031
 463267
 161018
 539746
 946322
 894357
 408012
 1079229
 393276
 539214
 951352
 837412
 362755
 1033948
 483670
 674107
 541529
 396946
 936334
 251922
 219576
 796124
 980773
 438770
 928004
 974864
 10156
 670926
 236724
 38038
 80293
 389832
 842511
 827623
 677691
 288493
 220075
 1035947
 55079
 823608
 81843
 194728
 924964
 825698
 79572
 216239
 499084
 809112
 311438
 387128
 1045971
 644399
 468233
 244113
 84381
 962592
 39078
 949111
 221793
 1059570
 211712
 943217
 828353
 274002
 970817
 311412
 126712
 356249
 925122
 357443
 415531
 395908
 23097
 492452
 836161
 835824
 140741
 174068
 192439
 867848
 501111
 315782
 838903
 1093965
 318077
 814493
 373277
 848140
 178412
 886782
 740633
 811989
 595743
 1094803
 321181
 203395
 408261
 302365
 542123
 611639
 796054
 691764
 834596
 571333
 767780
 236090
 73037
 333004
 338932
 113800
 882783
 375181
 322173
 415339
 774340
 799978
 820784
 223311
 10991
 1097849
 445120
 178315
 942976
 1066296
 480252
 88946
 392132
 406455
 71068
 18620
 319528
 81807
 431947
 567147
 936997
 44351
 615671
 851176
 1090106
 760144
 751244
 197190
 568309
 410911
 999174
 254102
 138435
 827813
 870701
 618975
 594643
 394292
 549701
 981110
 401940
 447275
 850472
 101327
 563920
 406730
 440037
 38931
 499209
 966213
 632572
 874037
 732658
 762711
 174593
 211971
 102479
 373453
 283521
 955634
 198853
 514633
 315379
 289625
 412063
 708651
 139146
 22250
 1064938
 379973
 197507
 674827
 304392
 458524
 598673
 879593
 719778
 22550
 1017435
 443737
 214352
 308920
 535267
 1092003
 562925
 874178
 88896
 78433
 1021621
 262533
 890019
 366470
 301157
 183773
 453469
 154404
 445850
 1093938
 1010704
 104445
 245118
 88909
 144852
 564453
 47367
 475327
 151776
 1061106
 668979
 695704
 140039
 466144
 759064
 419923
 855648
 155714
 559969
 329301
 866134
 492599
 644573
 821395
 887598
 18109
 912202
 17030
 135418
 686548
 304404
 476754
 778410
 894552
 62451
 1004435
 1031264
 142683
 272204
 209314
 715794
 1099981
 757794
 804694
 841302
 595712
 1068183
 187963
 25443
 229554
 418776
 1052146
 254959
 443122
 888196
 642873
 116733
 618140
 958614
 528967
 795907
 1006229
 624158
 646763
 151581
 266061
 701580
 882199
 411579
 464176
 132272
 578211
 246247
 127665
 259527
 881213
 737574
 795520
 690280
 426757
 53679
 807371
 780411
 644380
 811763
 764169
 657409
 563275
 199380
 245983
 223433
 847089
 818068
 65155
 326826
 580023
 744950
 688036
 915293
 526146
 333203
 638040
 200496
 854306
 235595
 570059
 1097070
 75602
 91611
 549179
 632749
 892959
 1003010
 911390
 788941
 367489
 112828
 1084002
 597625
 425055
 34727
 103639
 944071
 1085698
 373691
 672246
 1085314
 398611
 44389
 268465
 964814
 537940
 987406
 542118
 870953
 576839
 970329
 231536
 788867
 850929
 949221
 509279
 396631
 326224
 522394
 798166
 509562
 1025564
 1029153
 699760
 972843
 874193
 614725
 679752
 650865
 387989
 610688
 74936
 1027017
 541648
 1013058
 136237
 95783
 127295
 711505
 773882
 255601
 235016
 340526
 871785
 967948
 232335
 267444
 431979
 825621
 130632
 36374
 715519
 801519
 706656
 1079451
 929204
 418662
 703754
 813383
 1067829
 617168
 882734
 340859
 576021
 457306
 505004
 857015
 857200
 711619
 834307
 873746
 732736
 583011
 133004
 543628
 734865
 1011700
 654292
 891255
 120051
 84186
 729805
 520129
 661796
 515224
 951147
 491937
 468617
 955722
 144914
 1078569
 693820
 175692
 331595
 293456
 501467
 280867
 321197
 866880
 1076537
 530775
 78005
 826357
 140121
 559857
 941197
 189210
 1076776
 351878
 220131
 782705
 499138
 289274
 536804
 453232
 234653
 201864
 937699
 960638
 348137
 236255
 57643
 418499
 956942
 946621
 529454
 1003113
 612727
 153371
 1061433
 733678
 294770
 497115
 287531
 160284
 381626
 484356
 610796
 772599
 666854
 140928
 125965
 432957
 598847
 208426
 812501
 151674
 850732
 966608
 101097
 101185
 779130
 307339
 924736
 434271
 313996
 648652
 254274
 859100
 461124
 742990
 1095457
 420066
 1071090
 10203
 691277
 563062
 123688
 273435
 878963
 1038969
 162862
 1061946
 423721
 772389
 125476
 170198
 1059314
 180319
 205003
 446065
 589714
 876977
 68645
 719249
 570111
 1015772
 665484
 178015
 1082593
 183111
 437635
 83059
 227040
 837185
 367654
 990367
 284421
 490230
 267891
 728681
 659509
 933588
 668882
 984119
 173638
 409785
 821627
 804788
 837514
 561126
 246885
 871761
 440308
 498475
 1086999
 215497
 36593
 1062992
 25204
 682356
 92587
 892707
 40651
 84097
 221040
 637007
 178036
 609179
 881368
 809473
 565918
 970224
 937047
 557492
 638381
 295160
 415287
 579352
 969955
 958668
 61518
 977587
 1040930
 549447
 25361
 97859
 777414
 865018
 263065
 384044
 926544
 892661
 353223
 779491
 405341
 291215
 612956
 221738
 481631
 914917
 388570
 170218
 874684
 332384
 871230
 56819
 566950
 531434
 300680
 807806
 728361
 1038143
 101503
 585218
 334874
 797099
 626177
 293502
 410327
 206089
 487249
 210824
 429051
 705267
 592540
 206257
 806856
 9265
 867624
 942903
 823000
 738568
 787038
 283999
 475215
 623401
 937399
 1055575
 187395
 862376
 543012
 1011665
 247303
 383248
 1019238
 310050
 100527
 981182
 296352
 964889
 616819
 735031
 58589
 954388
 601837
 460840
 740579
 1079222
 469974
 166969
 460169
 1057573
 359774
 49260
 693682
 649996
 910986
 982260
 317316
 324671
 408334
 386313
 399629
 104333
 411971
 1029621
 336705
 1012947
 712108
 1043625
 151704
 880803
 146250
 996639
 877412
 416198
 101510
 735016
 731519
 330643
 284987
 990622
 955628
 294289
 584752
 860217
 1061715
 185275
 358132
 276279
 874004
 156712
 794363
 167860
 571578
 1022558
 784866
 1001856
 991663
 925564
 209369
 89203
 124644
 880475
 597346
 735564
 631864
 893433
 205656
 756990
 6304
 993669
 853717
 722414
 197670
 14304
 499168
 339318
 71625
 562751
 874975
 11735
 244335
 45139
 109476
 647711
 389140
 715021
 1058947
 416809
 500490
 987456
 897436
 790212
 805553
 331158
 1001092
 856052
 219087
 519433
 787196
 640020
 219851
 1093105
 82893
 921779
 67335
 864223
 228694
 150194
 149678
 358552
 452149
 431307
 389641
 857036
 646266
 742099
 837999
 507712
 457654
 1092729
 761082
 984527
 40367
 517894
 1060757
 400191
 488896
 687022
 924189
 57409
 428537
 210995
 900732
 650752
 470755
 98322
 743571
 491432
 502907
 685806
 936245
 966249
 274811
 104215
 359537
 962278
 308205
 756324
 151511
 481479
 1017493
 40634
 535940
 469917
 825376
 298364
 143055
 45865
 151013
 917519
 167781
 330771
 236168
 28294
 104580
 261820
 303927
 622618
 1062207
 571827
 246610
 305621
 1085155
 1003426
 967379
 13990
 276993
 1067235
 640808
 54336
 1003395
 471736
 201734
 554431
 593203
 119219
 966654
 345917
 483900
 645733
 658584
 443616
 974265
 661955
 508882
 688720
 800720
 469261
 658169
 90429
 442257
 967552
 903469
 265139
 506723
 151099
 282260
 147219
 699586
 788142
 849823
 866132
 564808
 292689
 981919
 313136
 330010
 287414
 868931
 870006
 158479
 339620
 66851
 823599
 475134
 518876
 109369
 703677
 14660
 696599
 840046
 805487
 336545
 61529
 612505
 943902
 591659
 508031
 1040151
 255386
 509317
 172974
 280154
 862450
 965092
 1095926
 976047
 304488
 804523
 1007520
 850613
 983924
 16523
 621667
 858117
 962060
 501656
 764038
 911787
 315214
 386496
 622327
 1092300
 351270
 1030258
 664760
 1065935
 566961
 866450
 117570
 741864
 680283
 90452
 1012528
 192893
 69796
 383967
 262072
 607198
 735550
 433537
 302417
 992511
 814962
 45276
 317467
 936965
 393857
 703182
 165471
 263032
 287938
 721137
 822766
 1034338
 987759
 299994
 790443
 270510
 422164
 15192
 68650
 897038
 913682
 530759
 805552
 549145
 147460
 588410
 933857
 408776
 800359
 284780
 628682
 831386
 827359
 432633
 857143
 25819
 429119
 153515
 138652
 262829
 783230
 1007339
 799743
 664683
 407619
 955765
 260372
 71006
 746820
 472865
 880260
 922252
 773738
 123132
 862051
 415016
 97320
 254013
 675661
 244911
 331409
 978296
 644527
 131758
 1098685
 1022763
 744656
 841764
 940837
 674015
 455063
 547416
 350790
 1000441
 784388
 152912
 652842
 1025062
 257545
 594292
 276282
 670822
 278484
 745752
 1085165
 563184
 251290
 1075746
 863752
 545102
 750034
 111522
 930922
 203453
 727678
 714263
 338497
 466290
 124035
 171430
 1049192
 59938
 491093
 319870
 635672
 754574
 542741
 658463
 381730
 804233
 377691
 199375
 870591
 64031
 112713
 717038
 102950
 985146
 54648
 675824
 511077
 165486
 685701
 91167
 1042514
 295926
 533680
 991374
 326576
 923306
