706514
 804504
 815179
 1019161
 691345
 282809
 1083800
 860743
 994897
 342703
 630829
 287622
 1054320
 906940
 599605
 440959
 251033
 740565
 112966
 893753
 452241
 1088176
 172231
 666068
 998226
 475322
 908292
 997616
 694314
 526458
 876612
 104153
 876522
 75897
 215862
 562626
 394355
 475926
 971217
 974970
 766245
 211404
 594590
 178464
 840057
 4498
 920066
 633078
 159471
 552900
 759567
 674421
 880487
 315113
 46762
 33260
 237337
 509435
 458976
 1086625
 942286
 514691
 116798
 656822
 1054791
 312923
 9263
 257418
 683738
 219445
 161146
 846031
 1084674
 291427
 487699
 246037
 1010287
 166962
 16903
 448414
 947530
 989487
 15831
 345171
 649673
 1035619
 674088
 986907
 302920
 899276
 192371
 40915
 16588
 755409
 704029
 972206
 102363
 392036
 698966
 185675
 686289
 94171
 299339
 149118
 556828
 794595
 246180
 253383
 445336
 696124
 713308
 272178
 411392
 190821
 614681
 274702
 975717
 824287
 209946
 1068638
 754292
 1062769
 27414
 820410
 773897
 71951
 891943
 137987
 495636
 345019
 62975
 16803
 907726
 535561
 743528
 764829
 79503
 448296
 368723
 1097332
 1075416
 862064
 1033043
 168972
 782078
 443179
 669781
 8948
 931352
 686839
 921995
 568750
 103147
 750424
 762827
 915933
 438738
 73006
 520135
 670121
 909775
 943393
 867233
 423703
 927858
 5539
 1066649
 646733
 13470
 195118
 338876
 106848
 480285
 380385
 507372
 762909
 474625
 46732
 626928
 669592
 1068314
 727333
 417509
 481120
 923246
 446392
 606549
 165616
 1033824
 595988
 729964
 1026227
 721502
 1010412
 1039740
 769688
 539688
 4562
 779195
 339295
 216243
 109638
 895164
 351032
 654245
 72092
 1050097
 711143
 735519
 792412
 222232
 1041360
 728280
 854138
 973625
 474481
 506489
 687175
 459729
 381888
 263977
 544902
 676572
 1028258
 607457
 382240
 837631
 689837
 1079742
 573486
 540484
 542846
 761865
 253115
 561057
 228015
 384525
 867363
 246399
 829040
 102897
 1034627
 308329
 904148
 935874
 527327
 345560
 70426
 275521
 729003
 248589
 680106
 720450
 655372
 755377
 952907
 82393
 161869
 210351
 529521
 1058233
 274971
 272627
 191167
 298585
 849784
 989479
 320926
 311467
 609056
 929507
 800663
 645039
 12998
 352004
 619822
 1001962
 1040171
 498505
 476471
 6343
 401598
 986596
 754511
 788854
 999746
 523870
 80976
 30636
 280855
 695611
 511528
 993603
 881082
 644652
 743785
 272316
 1071102
 1005098
 946546
 1031690
 900444
 148863
 908560
 629652
 186214
 1008660
 325165
 675552
 948185
 249133
 327111
 529199
 354431
 573377
 893417
 164801
 153399
 297241
 131249
 890867
 708833
 345111
 228218
 625300
 138243
 420368
 703044
 981236
 764567
 190905
 904642
 354837
 540092
 956100
 773849
 510591
 619553
 597001
 811571
 888134
 12375
 286091
 1042942
 861406
 455520
 1017651
 210994
 784438
 223206
 561947
 592747
 196856
 341494
 868163
 185647
 326395
 137163
 63710
 609683
 221617
 28275
 842280
 405786
 907203
 455940
 81700
 839466
 931892
 698974
 660959
 338276
 28865
 64160
 490552
 398122
 385099
 180404
 774291
 469572
 271947
 201324
 597606
 415250
 815242
 1022208
 128132
 276448
 923762
 1025807
 541449
 1024684
 241453
 1014274
 978951
 95220
 803058
 946953
 903915
 954853
 795680
 721917
 835745
 88268
 1028698
 381373
 695400
 520234
 883835
 497879
 516108
 318810
 919505
 386625
 800488
 251419
 888379
 735221
 341249
 791723
 664460
 329677
 537328
 869713
 176752
 890919
 270825
 6310
 767546
 578405
 341582
 277890
 729356
 1026199
 702069
 705903
 865804
 590200
 174964
 799194
 1082505
 725710
 776013
 927156
 481028
 1022378
 418527
 389162
 72668
 440753
 605768
 920551
 937194
 1037673
 226891
 753485
 176823
 156250
 169895
 261191
 963944
 581117
 372916
 818046
 512126
 143401
 230993
 712462
 970774
 489473
 841481
 51280
 867388
 517732
 120200
 782487
 895132
 272404
 784723
 440162
 1064205
 204396
 960636
 729967
 193069
 829274
 589108
 157653
 351463
 805479
 892558
 599848
 902519
 266940
 815709
 771140
 727727
 327516
 963403
 588070
 353055
 586831
 893946
 417266
 833182
 627664
 916719
 252856
 848765
 459461
 339572
 684442
 717700
 1057340
 905702
 810571
 917591
 61615
 311388
 262054
 253253
 200428
 341568
 1020483
 811657
 437831
 607154
 559935
 584667
 406135
 921935
 687757
 36305
 204526
 600791
 880184
 105955
 1015127
 199456
 878520
 711415
 493018
 627128
 1096461
 847045
 514154
 1083126
 1075047
 75454
 356203
 519299
 286669
 76051
 213133
 631386
 111883
 799721
 303581
 674436
 745857
 841975
 13169
 473535
 738069
 999980
 257541
 448013
 721242
 193682
 30258
 999603
 177127
 17894
 899838
 675028
 999719
 72214
 906626
 848535
 645202
 917258
 1004642
 69923
 364072
 857097
 85377
 476180
 1025664
 922538
 618908
 109957
 61086
 246237
 44116
 713697
 907060
 743768
 101126
 237907
 74331
 1039040
 940391
 174874
 108180
 419338
 780484
 98388
 741734
 633746
 732173
 859994
 703211
 72055
 707409
 748283
 559968
 210304
 853735
 62189
 850269
 168661
 527398
 602622
 614432
 20534
 1070687
 147211
 536641
 55255
 331466
 290394
 579546
 131432
 307273
 881042
 633551
 899597
 349798
 167272
 149186
 944198
 831560
 88509
 510255
 529082
 1005604
 57987
 813566
 188733
 1069299
 922119
 574104
 426631
 839216
 848750
 722669
 88306
 276926
 651199
 261064
 499817
 580599
 319457
 67164
 907006
 200134
 908460
 580039
 215468
 372522
 662456
 380633
 972228
 275665
 377166
 870182
 1031153
 758075
 705923
 749663
 737559
 311227
 620770
 342618
 62709
 54535
 913291
 758606
 941327
 223416
 356588
 344457
 847474
 803624
 386223
 58885
 771078
 987346
 464017
 860856
 324109
 1003123
 134047
 338592
 676888
 224871
 389032
 355989
 233640
 733253
 62214
 615948
 517119
 14910
 549225
 368712
 854547
 277007
 526946
 646513
 122363
 352992
 656951
 626567
 1042331
 631655
 584522
 1047884
 523886
 448079
 145497
 453824
 655346
 27932
 603866
 576089
 931512
 126697
 899001
 643493
 411943
 822045
 140289
 558668
 1053737
 341716
 180104
 239792
 547825
 927835
 393007
 389710
 914687
 404297
 239421
 1073601
 752762
 639095
 322830
 357204
 1048372
 802173
 58029
 67222
 85416
 237667
 700160
 191205
 51275
 445180
 1085166
 731128
 277532
 180604
 235695
 849721
 1045189
 1034139
 13321
 1062727
 427737
 154322
 841411
 156298
 989727
 1000858
 353977
 191513
 191072
 454341
 840989
 471849
 834363
 461871
 379217
 925711
 7294
 468433
 605857
 1079213
 911669
 1042945
 1001725
 586827
 253270
 195553
 668711
 881838
 108407
 1093962
 714028
 227832
 108569
 195477
 503466
 149269
 576324
 93777
 811510
 696233
 39003
 1031763
 595008
 1066154
 765616
 534113
 539267
 988306
 381245
 576283
 288478
 239160
 854896
 599125
 1076056
 972982
 614670
 825946
 554141
 234335
 105177
 460939
 734537
 172004
 414303
 1005403
 799548
 1001338
 98388
 450986
 1085377
 108574
 906018
 734370
 890971
 852719
 840824
 1092535
 85511
 484597
 932951
 795249
 754406
 997332
 466092
 1022216
 393639
 533308
 1038929
 827009
 297151
 560773
 644249
 214566
 669813
 958290
 935652
 415044
 423490
 821157
 560476
 183987
 1015320
 258215
 991475
 392055
 1041633
 196111
 610331
 835253
 140478
 174919
 26863
 1060630
 276912
 607870
 27103
 948884
 271994
 802423
 743841
 1061823
 116638
 5249
 725341
 700713
 235298
 916153
 742522
 1098848
 799445
 762677
 1016578
 697947
 269293
 461504
 46892
 18654
 74525
 49817
 540982
 842808
 929644
 123842
 6449
 222045
 928651
 1008203
 811769
 638608
 1073787
 695294
 775218
 812551
 894179
 1053581
 132750
 271125
 401170
 79133
 910274
 235162
 203457
 426020
 916601
 235870
 95369
 544948
 294642
 321164
 14621
 499525
 661580
 498029
 189068
 89286
 774706
 295556
 474886
 907993
 723212
 710022
 554619
 637359
 942693
 823424
 451163
 909206
 106104
 1030506
 567575
 640008
 900698
 581925
 209911
 756551
 303157
 927122
 425665
 999144
 891127
 319038
 322569
 1031382
 693303
 858969
 785043
 457348
 801321
 1047390
 383622
 335160
 9024
 870590
 1078476
 635093
 1092911
 793291
 297063
 870808
 750698
 780011
 235948
 677308
 25969
 703125
 599214
 213695
 1012995
 279489
 723538
 230286
 22389
 887514
 910245
 748717
 814644
 757923
 1007981
 694456
 1081747
 248336
 461782
 610034
