634482
 1083522
 532108
 289803
 171105
 92542
 943561
 604080
 530687
 480907
 339178
 973967
 842884
 48868
 308100
 282653
 824202
 661716
 702787
 189340
 893810
 414831
 304267
 192131
 403214
 753015
 17411
 596832
 791083
 294835
 425483
 296092
 675440
 839727
 535268
 397472
 426747
 997943
 260789
 34872
 909675
 1047368
 163478
 456070
 1054739
 977389
 843861
 770812
 6994
 422272
 62381
 772688
 471080
 605122
 727710
 774729
 475098
 829367
 1019474
 604519
 467926
 1033592
 541189
 545326
 15291
 4378
 327235
 783335
 863439
 661667
 20404
 594027
 511487
 1028715
 625726
 948162
 412781
 853219
 626236
 1010233
 29975
 312943
 321365
 1091112
 539310
 583159
 284751
 96734
 475384
 1068628
 68595
 984108
 445388
 434746
 740376
 759363
 1053893
 90734
 9603
 373358
 895670
 870898
 403905
 975856
 387979
 762675
 378352
 363418
 673790
 305968
 829546
 892033
 607378
 891718
 549890
 152270
 489885
 838413
 974452
 57381
 934737
 54629
 26541
 437428
 1062208
 391733
 661634
 56727
 689048
 973755
 107309
 683249
 1003071
 533127
 899449
 642638
 802364
 297233
 258700
 139422
 1064017
 1047948
 195747
 683992
 1032811
 134721
 965187
 293318
 1045362
 919656
 726590
 1005534
 629302
 307944
 858521
 289571
 245077
 1005279
 348224
 665407
 9348
 823987
 397393
 762027
 862997
 999159
 222318
 963331
 458553
 742247
 340104
 454383
 34030
 232642
 751030
 180821
 786687
 655908
 912467
 929687
 594989
 547752
 742452
 897857
 102660
 359299
 435776
 700879
 836659
 957773
 376254
 60208
 862849
 626427
 377905
 983837
 797114
 504778
 776857
 473079
 711073
 1086080
 666382
 124920
 568455
 450692
 331247
 930860
 668201
 801125
 695221
 331143
 167644
 264218
 826066
 937539
 829968
 909634
 704262
 118329
 449518
 693098
 856136
 4681
 418899
 432428
 138378
 1019667
 1047611
 757833
 952258
 775499
 721743
 258047
 1025511
 800281
 477259
 537340
 822316
 51162
 455383
 33169
 249528
 769895
 99929
 694102
 613953
 484315
 650348
 701159
 1054021
 834872
 935728
 938844
 482185
 477987
 704674
 113313
 1064158
 91919
 603603
 447458
 916842
 891840
 701897
 928542
 76090
 383
 799338
 293509
 1029778
 459725
 547751
 516766
 275431
 1098082
 291670
 166837
 542467
 835649
 129773
 282633
 902958
 460447
 337162
 143203
 897462
 900576
 693792
 1005032
 14672
 347887
 364520
 714289
 1004373
 441900
 325248
 708241
 739892
 581227
 908387
 238178
 921491
 870084
 451453
 175360
 980838
 785793
 346522
 572174
 1048356
 1068602
 847194
 15679
 673925
 677506
 831756
 255885
 652677
 625508
 959485
 455742
 849892
 844030
 819816
 334109
 701205
 865759
 139644
 180321
 703685
 680763
 616769
 824012
 21806
 341119
 632825
 364055
 622575
 482918
 20201
 946636
 996705
 1063531
 601700
 484302
 865783
 724860
 180149
 503933
 743417
 556030
 855446
 94192
 644121
 1066238
 595242
 501022
 394241
 57480
 681926
 574143
 814186
 472708
 381170
 1063046
 61236
 853712
 88985
 419957
 840912
 218289
 150693
 556901
 610011
 865245
 1070929
 225682
 1029184
 73344
 1025498
 3488
 221543
 694520
 557505
 28473
 125274
 515328
 830908
 157400
 916706
 1032816
 693906
 907466
 284659
 407491
 47838
 740776
 495752
 659646
 234754
 868011
 1012760
 935768
 407287
 568215
 921346
 760530
 823774
 534243
 742714
 26223
 52516
 759843
 705901
 893356
 888088
 463749
 602051
 710409
 45354
 275981
 327876
 335335
 1056721
 172934
 371692
 886413
 183108
 703251
 834127
 544437
 197608
 692297
 375850
 898578
 706377
 300331
 895943
 134654
 69362
 26442
 53323
 247116
 916601
 751611
 43827
 601434
 127872
 658678
 1051054
 352221
 46657
 136828
 898122
 939693
 249375
 427655
 117259
 393487
 396490
 747035
 285710
 1063472
 397267
 112820
 269487
 693448
 80541
 812375
 208175
 945463
 385658
 601766
 891415
 1095205
 804304
 579409
 386652
 179381
 709012
 1015351
 586462
 193224
 170397
 526572
 622505
 246413
 865220
 966898
 626642
 1063566
 517069
 1053338
 82080
 225807
 894345
 561584
 621342
 325913
 1030116
 315107
 849549
 860035
 402574
 49160
 736960
 599614
 655594
 253170
 877923
 64652
 1093207
 598917
 498264
 1075861
 697273
 127228
 656549
 670553
 540132
 928824
 512476
 356516
 286689
 269683
 897803
 302633
 28343
 1082365
 378108
 319789
 307845
 295680
 556192
 523610
 412601
 749685
 74888
 717107
 1079438
 223692
 320875
 481674
 919172
 880105
 278043
 361269
 192251
 712261
 334001
 591090
 404219
 1061590
 24414
 705083
 527494
 706173
 548150
 475762
 296010
 312114
 422769
 644322
 725008
 353510
 93830
 195305
 14555
 26736
 32119
 460231
 523545
 191160
 20873
 1089972
 902328
 6995
 347917
 206647
 255368
 789278
 115709
 882226
 377618
 1097812
 156991
 216662
 694399
 935079
 208763
 91761
 883804
 320724
 442053
 1037475
 326430
 282827
 545648
 631116
 517530
 202503
 341015
 1048209
 797665
 1090306
 111345
 988026
 736751
 600012
 48266
 947295
 747414
 874691
 629919
 564531
 844516
 445949
 987262
 678777
 690878
 247762
 661977
 944315
 755384
 420496
 501142
 774338
 842667
 89824
 972377
 732198
 891738
 316400
 703005
 502050
 589896
 651621
 690573
 135769
 426656
 263977
 914518
 788709
 332424
 322161
 17311
 665481
 637563
 923728
 190949
 108001
 442060
 161100
 284245
 735583
 407454
 14376
 871141
 287739
 497079
 849696
 184675
 305654
 714124
 982047
 19227
 519024
 753058
 741601
 518953
 474469
 153536
 313353
 711916
 680044
 690727
 72264
 29773
 699737
 157046
 810546
 515741
 689685
 406503
 149854
 80662
 166885
 33020
 714075
 504369
 277127
 124069
 887290
 399035
 313437
 1099630
 492929
 37159
 562996
 788763
 839075
 299200
 367887
 651032
 460334
 884621
 839656
 1006413
 602543
 385169
 745138
 649575
 902483
 482661
 805640
 972108
 997081
 516287
 705718
 640620
 278651
 706780
 572805
 1028063
 677207
 940779
 760431
 1048301
 40729
 868244
 873829
 292463
 75914
 1066987
 1070120
 356784
 882829
 708010
 799588
 772018
 452355
 119095
 918021
 722211
 700276
 1004679
 323662
 574088
 219495
 520571
 273558
 77352
 975442
 402136
 253307
 867544
 944444
 191086
 1082638
 81743
 810453
 351176
 775699
 317981
 599736
 611722
 107206
 63057
 923994
 444392
 197111
 227319
 1030140
 990555
 588117
 497586
 798785
 992714
 204561
 233912
 421857
 645079
 951500
 855414
 927789
 549054
 779983
 752502
 321024
 253998
 145450
 228254
 570716
 706469
 875123
 715902
 245969
 973156
 573097
 369990
 765635
 419187
 451575
 898391
 654191
 622297
 972202
 567256
 126038
 83595
 766301
 583194
 982032
 638769
 20179
 364451
 162755
 867234
 1017174
 857156
 650157
 605222
 528690
 944637
 175668
 929102
 436801
 767234
 699017
 537654
 2571
 169311
 307973
 141128
 132503
 210683
 409495
 17014
 386086
 966878
 606141
 448028
 23262
 659663
 585212
 134440
 442009
 216421
 641683
 428226
 1041404
 1010207
 572372
 363115
 772850
 950600
 588191
 11601
 176089
 58420
 260536
 953637
 202669
 721516
 682747
 64614
 591507
 445263
 509877
 253902
 85651
 715079
 1084098
 108680
 973539
 623319
 122431
 661482
 1019034
 976848
 425747
 481555
 937008
 240611
 791156
 965553
 442082
 64621
 971131
 788172
 1052257
 352284
 269888
 762332
 563221
 427098
 437322
 360002
 164921
 1008222
 1053394
 151401
 913628
 1015046
 945671
 1064846
 416009
 979575
 233460
 147650
 924005
 410828
 318073
 693929
 890347
 283087
 562912
 24390
 1029970
 724807
 10184
 986986
 410975
 394602
 150747
 961498
 298800
 996072
 526087
 622996
 199188
 1045851
 321728
 942425
 268888
 1091298
 649468
 854101
 750892
 91634
 338561
 557638
 786507
 803534
 931756
 989571
 783201
 596603
 384937
 390192
 377968
 478896
 348098
 901011
 283091
 498209
 583141
 660734
 867359
 823157
 704619
 438777
 1061791
 309643
 640539
 965632
 426079
 298805
 178389
 663443
 64630
 244314
 650098
 1021623
 1076558
 447510
 420287
 119847
 712351
 910459
 717026
 989268
 108988
 566319
 99081
 286121
 811274
 295365
 836804
 509315
 986311
 259478
 480715
 1092304
 947412
 832887
 200631
 426160
 150047
 866883
 694094
 393744
 746579
 748829
 928189
 983999
 92130
 813930
 257949
 721641
 137836
 705425
 69924
 180915
 1044845
 272039
 267663
 597717
 12340
 878212
 805920
 759858
 989189
 92277
 542859
 930299
 1220
 976878
 754406
 747434
 976923
 495597
 206198
 1093971
 560177
 981700
 27415
 440283
 116985
 425019
 259422
 564007
 529894
 1022242
 293688
 925928
 109823
 801954
 620821
 782785
 86472
 64144
 1054354
 238383
 806006
 780609
 873876
 559000
 249596
 364836
 651967
 892865
 150795
 981941
 937680
 401569
 155171
 32400
 386475
 977585
 266337
 651667
 490060
 634679
 625892
 1076927
 401817
 623372
 813971
 307905
 454342
 937473
 764320
 423434
 210022
 303903
 593109
 1045018
 1006733
 545436
 814167
 355938
 1099927
 432655
 435529
 1043665
 575321
 1001640
 8899
 394848
 886017
 180847
 234309
 25440
 446602
 986088
 753853
 69191
 803556
 792029
 248275
 614002
 495977
 478910
 41587
 276022
 95397
 656726
 937217
 643115
 775317
 489276
 672430
 897795
 502524
 200232
 135045
 199957
 231644
 1099741
 679796
 434459
 962565
 452823
 442482
 377400
 503852
 489192
 884767
 916859
 656555
 674107
 830449
 190085
 563554
 781822
 140907
 951862
 689886
 599833
 252186
 210991
 420862
 939953
 251797
 624682
 994035
 354391
 287162
 517613
 864674
 71989
 1072469
 1060640
 52596
 533897
 766608
 667715
 238637
 881715
 643980
 298715
 523659
 1067642
 516830
 455002
 735326
 7083
 419069
 1016581
 95341
 865377
 244426
 810721
 1009945
 47331
 809228
 235055
 215493
 377583
 947846
 521014
 836392
 502245
 283385
 940026
 192892
 10197
 332266
 301797
 699790
 935465
 355301
 569133
 96535
 680487
 874789
 150820
 109848
 235937
 500857
 491878
 773517
 845210
 139881
 354879
 643784
 305419
 1015001
 613682
 617553
 661826
 852737
 791922
 819009
 1039104
 612939
 965902
 403383
 1049830
 178984
 486174
 582181
 750960
 172835
 1014613
 74146
 924385
 910648
 13618
 490959
 802792
 825945
 485831
 574195
 179528
 397337
 845909
 836083
 509774
 697788
 693811
 79544
 185120
 453435
 344453
 730072
 540425
 467279
 441972
 168760
 506971
 849974
 832712
 722224
 1064972
 443420
 1027462
 255581
 636396
 56127
 199651
 312476
 572100
 921310
 13702
 386790
 650642
 824188
 500332
 842424
 266650
 1079189
 627034
 774911
 767056
 86294
 1013420
 476990
 195186
 740084
 676909
 860018
 297807
 368422
 922694
 457733
 191658
 383425
 406350
 470986
 830594
 1054091
 695875
 474957
 748954
 1079442
 1079596
 485193
 1033006
 265547
 640000
 996234
 376016
 1049851
 108605
 358562
 413532
 823228
 599579
 431182
 705241
 820565
 862928
 768343
 249492
 481603
 115714
 359537
 862996
 26443
 390332
 539516
 392428
 961295
 741927
 877800
 232670
 923095
 412722
 685009
 979718
 617106
 550773
 614784
 913411
 618360
 247357
 851861
 642955
 112289
 306200
 775724
 902268
 905804
 261665
 766587
 880270
 1079568
 467103
 758434
 1000412
 326266
 152648
 612043
 329111
 376464
 977341
 674101
 633729
 408198
 490083
 195444
 38942
 735789
 163743
 425316
 25643
 97964
 1012112
 416491
 664824
 1072299
 326935
 52348
 1009265
 52118
 398110
 85510
 626084
 434139
 581447
 1016476
 377257
 579889
 361967
 361771
 541013
 365252
 334584
 672818
 67924
 1091651
 813246
 41083
 404244
 439257
 829763
 84758
 98803
 422354
 470364
 913951
 584171
 101215
 715162
 894381
 51651
 737782
 643467
 281372
 1003495
 526078
 5688
 718021
 231554
 655982
 707072
 763673
 962809
 568863
 195904
 240397
 816681
 1075894
 1073833
 76330
 139250
 81701
 842458
 932220
 927795
 625745
 1054818
 547499
 223484
 247910
 906839
 374427
 526056
 659774
 593497
 648531
 797013
 970862
 5031
 53134
 926156
 60502
 418050
 245040
 798294
 616170
 454703
 533491
 710380
 259129
 1084383
 67441
 530058
 70501
 282813
 426193
 288642
 599733
 882019
 83985
 119069
 838824
 712871
 715741
 313131
 22845
 250886
 834094
 613120
 673381
 588232
 82982
 8427
 220066
 150272
 857206
 1765
 580566
 514916
 10358
 1099157
 601103
 800696
 1046475
 348736
 188568
 432249
 469629
 439808
 860
 420482
 978318
 1061848
 349717
 579470
 272589
 1076433
 13909
 905261
 980272
 70637
 1076932
 809797
 19496
 652692
 849010
 480262
 1064118
 791645
 602479
 588695
 725293
 459359
 875370
 242340
 561781
 161072
 577809
 761617
 478967
 280043
 22936
 669771
 240307
 36136
 400475
 13387
 575883
 668825
 760853
 374862
 175291
 946106
 1045697
 399875
 102604
 781960
 282653
 991301
 381017
 521340
 498072
 737558
 260909
 188698
 636105
 535817
 1081739
 64615
 705024
 465952
 816095
 800717
 376480
 611880
 962349
 256262
 269689
 987824
 241002
 133353
 416963
 760195
 768035
 1082869
 291867
 556051
 402452
 1009424
 381320
 25369
 147413
 685502
 233504
 803134
 540304
 1061101
 719792
 180203
 830424
 359896
 291760
 296356
 1079772
 7316
 182771
 108283
 161710
 748771
 726304
 1002760
 936357
 437863
 329087
 1023370
 409491
 884446
 613526
 59595
 572453
 846167
 502355
 10030
 245737
 900948
 518553
 821359
 741859
 99665
 438533
 641825
 887299
 43090
 568704
 930244
 1088914
 974010
 101184
 627779
 929185
 685838
 65222
 840534
 460292
 337373
 204697
 126156
 718867
 1041489
 264093
 162004
 48397
 860124
 107628
 702378
 701386
 327408
 746552
 20757
 210345
 973110
 528323
 221588
 556594
 1018537
 296368
 134067
 351451
 74054
 287511
 110849
 597696
 573240
 118584
 509490
 1037886
 444142
 109236
 1098467
 174961
 183103
 103759
 542532
 144921
 949833
 720250
 225465
 56564
 755124
 96499
 1081897
 589875
 274711
 360133
 184727
 278808
 197540
 167705
 995223
 1073408
 557503
 253842
 549122
 15804
 259849
 177541
 327026
 292764
 923726
 183745
 1000635
 368997
 271011
 424705
 710628
 749272
 1028825
 288825
 959620
 231147
 1025293
 62618
 174084
 572753
 138437
 943126
 890250
 821002
 182268
 918961
 735054
 398099
 187781
 620476
 371309
 621560
 726369
 158200
 949146
 1073444
 1006750
 851453
 938607
 51298
 384933
 483893
 485942
 509733
 849194
 411660
 371334
 943796
 637356
 944457
 418868
 929510
 75821
 193065
 207344
 59830
 806562
 630489
 32928
 471677
 347140
 780482
 661084
 406278
 268496
 692640
 708727
 712691
 523290
 96177
 410422
 105191
 809011
 349686
 57239
 582479
 1030710
 44762
 672450
 454751
 438500
 229274
 196396
 566515
 952392
 84051
 734727
 707696
 931548
 888072
 873268
 300530
 546503
 262969
 133107
 715998
 371148
 305958
 230380
 1042110
 870826
 771050
 613609
 333419
 964202
 1067123
 183141
 786406
 164376
 608828
 317930
 478661
 930640
 966368
 908972
 361591
 737631
 870347
 174838
 635982
 484410
 59102
 669990
 255368
 28924
 111863
 783136
 145054
 507868
 239182
 1028364
 999706
 675968
 862003
 103321
 420831
 656811
 862130
 279452
 687472
 440252
 539719
 482579
 987996
 926230
 97932
 687730
 86724
 227224
 786011
 989147
 393280
 1072118
 893570
 342761
 103200
 100087
 254663
 300422
 606633
 949179
 1050237
 777794
 435651
 726252
 1099893
 1059646
 979398
 232266
 186108
 803831
 867103
 964832
 776444
 17749
 591176
 189265
 806260
 903328
 558836
 374060
 453403
 958659
 1025619
 603224
 848740
 8269
 810355
 289986
 698960
 1002238
 478406
 50163
 659855
 340136
 65282
 862574
 68629
 154866
 93295
 1050638
 708693
 895244
 451303
 308127
 10957
 127532
 48392
 1073876
 896961
 890842
 859644
 843101
 862917
 102269
 950974
 1079622
 769005
 570013
 531433
 474289
 674011
 1039464
 784121
 686328
 769070
 943777
 625057
 896952
 327138
 1057295
 1091846
 502397
 476285
 606624
 691589
 895706
 126418
 258774
 994215
 318819
 169130
 40296
 987147
 175010
 370983
 1019786
 908213
 886907
 185571
 60712
 45368
 304824
 667041
 721007
 869892
 192500
 365178
 261350
 1004340
 104092
 114047
 972785
 1015788
 849028
 342097
 126143
 208164
 382496
 50814
 1071588
 224068
 1052052
 761337
 788644
 119353
 977816
 986268
 281313
 128610
 1000828
 681292
 358279
 880861
 746504
 265848
 110844
 783612
 355611
 398753
 47904
 468513
 470408
 463582
 618164
 936306
 892202
 969472
 182834
 500211
 304482
 1088302
 349386
 804927
 321800
 529824
 994551
 222755
 332713
 428588
 476948
 504958
 89560
 33949
 714517
 271388
 687078
 105741
 302632
 553658
 482816
 42803
 626759
 1038430
 154219
 829066
 1051579
 1064989
 307848
 303553
 927844
 556189
 1023369
 944853
 1097292
 444138
 734952
 556877
 362773
 299192
 265477
 810203
 517039
 575708
 1093579
 333651
 663124
 257319
 775817
 1052338
 430433
 283053
 530155
 440895
 112991
 729349
 49284
 866582
 277421
 782998
 989516
 701038
 270591
 80843
 812751
 310617
 242768
 313628
 1090803
 532547
 533316
 272452
 341955
 211581
 883610
 231285
 551186
 166419
 1073974
 113300
 227270
 169206
 687798
 1004643
 926842
 347275
 940643
 1042069
 1038687
 282751
 877089
 995868
 739417
 826232
 246411
 245212
 350176
 576971
 676575
 321776
 925914
 777621
 146022
 416269
 926451
 121834
 809854
 197924
 581401
 56629
 250933
 592320
 931849
 26777
 1033977
 719661
 1048335
 829134
 992406
 827066
 641084
 740985
 594407
 556269
 527870
 734297
 689893
 587094
 187193
 648590
 1008208
 163892
 24580
 656238
 159653
 1003598
 954983
 622116
 584140
 840911
 523970
 396285
 75157
 518756
 72356
 221135
 254154
 581760
 801123
 797750
 927669
 717348
 137667
 624414
 993939
 180408
 732542
 796491
 708482
 84803
 42809
 911481
 148873
 131330
 545910
 191961
 1051854
 991420
 263661
 903900
 616959
 877927
 121132
 712053
 720726
 983186
 427010
 317358
 115522
 656281
 28266
 1038575
 615371
 263961
 678880
 27006
 706298
 944666
 287030
 9298
 309090
 508976
 642522
 433101
 340972
 890170
 431029
 856738
 467617
 369377
 948684
 504
 996642
 744510
 233645
 365155
 1007145
 341495
 600369
 100290
 976342
 415734
 935388
 126136
 381208
 200226
 365749
 765311
 1017963
 150443
 158032
 255984
 1038116
 34331
 575707
 1043392
 642624
 144645
 812932
 709769
 890850
 1000466
 1075764
 807064
 649737
 1016508
 941046
 249560
 667909
 552857
 715985
 107943
 1006460
 959124
 527414
 392035
 1009436
 625186
 866621
 794791
 738120
 120579
 684265
 964051
 782795
 782628
 436921
 469301
 503718
 259521
 602812
 303301
 37511
 338341
 756482
 852440
 966007
 366642
 613769
 486383
 541026
 952363
 1034803
 253221
 272092
 722389
 685740
 232590
 843903
 798722
 812130
 189967
 453817
 507138
 526382
 593424
 875261
 588263
 546551
 619693
 909931
 75039
 937976
 321472
 1066654
 63163
 221333
 796608
 85211
 317999
 364589
 664364
 422870
 401816
 694370
 232411
 316391
 853447
 279868
 878812
 669717
 57798
 1098733
 1082894
 774641
 882703
 618029
 1048396
 577859
 1012734
 464426
 58374
 546
 762347
 457432
 602020
 1032909
 488805
 541436
 491727
 231854
 80955
 349187
 1074940
 748393
 1087988
 1046335
 43232
 490048
 463062
 653044
 354517
 2857
 741641
 701709
 530023
 1094454
 650735
 815387
 411480
 403611
 1060630
 17742
 153615
 677864
 432311
 110668
 276755
 58407
 662621
 800559
 347315
 282376
 1039609
 436690
 575333
 272198
 373377
 323237
 734247
 169765
 174257
 1026078
 664221
 241105
 460174
 671943
 947457
 666660
 316110
 969374
 528911
 1087545
 914044
 622550
 527947
 322771
 567418
 476409
 160351
 17340
 157428
 700028
 937869
 259280
 991051
 402584
 116365
 663623
 994973
 594882
 899664
 794606
 692211
 223465
 152330
 198247
 361816
 95494
 1061432
 392043
 222482
 420148
 616612
 796347
 690039
 987837
 946877
 484183
 183814
 632034
 328494
 232355
 349530
 159585
 927272
 612392
 629813
 616760
 938814
 243429
 944933
 44553
 932323
 451306
 615561
 1073366
 621713
 694788
 622611
 923071
 603530
 632818
 54943
 188765
 68681
 268440
 441370
 835252
 344273
 658680
 375249
 332335
 64925
 691389
 56927
 708804
 629944
 28825
 666438
 279135
 437603
 860607
 480659
 252395
 622093
 877330
 437860
 147163
 115800
 219364
 880252
 994718
 1025968
 1031922
 26790
 74383
 692974
 430051
 772544
 394005
 383651
 234384
 814134
 209067
 955823
 308918
 267043
 292720
 221753
 229586
 524760
 321019
 742079
 582354
 777857
 200364
 730080
 387685
 409672
 174460
 1095464
 476425
 997563
 991423
 585
 943978
 93879
 269715
 639046
 611450
 648906
 784315
 1000007
 788607
 438459
 414391
 468483
 183364
 520074
 627458
 2204
 418575
 72301
 752638
 671002
 162569
 115270
 462125
 1088518
 65718
 999139
 590361
 953636
 139014
 744093
 208784
 460446
 930840
 774796
 1015785
 292537
 2254
 1010288
 890938
 260080
 401729
 368867
 772127
 289882
 622765
 427464
 1056463
 990451
 224149
 475144
 368399
 583625
 111950
 685409
 86047
 767862
 729510
 350453
 874508
 333094
 984458
 504962
 220945
 312493
 108973
 202893
 701986
 986506
 689551
 748137
 609590
 401746
 347218
 930488
 796562
 91655
 340714
 609141
 181428
 116523
 561408
 735295
 197493
 35186
 750011
 336534
 595453
 648126
 909407
 78075
 110273
 563895
 101930
 289415
 141289
 873426
 877570
 1020870
 735454
 806076
 384291
 1014813
 11933
 291127
 52507
 659024
 393289
 1093244
 884928
 1059214
 274096
 310017
 355328
 169379
 294823
 579724
 668536
 383143
 701929
 858190
 712208
 976717
 595921
 235598
 934174
 468676
 532417
 734691
 129134
 40690
 224201
 514655
 66015
 469271
 431031
 1055111
 797838
 680982
 679227
 963997
 943595
 562157
 555807
 744032
 936073
 974300
 960754
 386449
 642800
 873663
 372854
 998696
 811884
 494010
 510911
 108790
 159250
 827359
 326240
 1073002
 647053
 901626
 789796
 266593
 486752
 1074287
 91914
 517242
 650731
 364264
 705870
 304794
 171363
 731294
 1008234
 1011351
 646031
 516636
 735261
 774228
 551260
 124908
 1045480
 936720
 827929
 324645
 283272
 942057
 1438
 684071
 651083
 321463
 498273
 632125
 429111
 868506
 293710
 462308
 177545
 30131
 910917
 596774
 398117
 772844
 216837
 995787
 662156
 1085073
 192569
 827546
 457430
 794456
 165112
 904111
 793402
 431222
 774022
 638386
 404335
 237034
 886975
 751652
 332550
 500163
 148396
 617562
 841853
 228040
 220045
 930324
 831203
 686197
 211073
 396337
 395995
 900634
 11164
 235614
 796075
 803937
 134333
 1026143
 125413
 682395
 496680
 123563
 55781
 1049603
 794214
 592321
 658463
 427086
 822682
 936834
 483917
 413177
 631254
 510297
 1095803
 191029
 877075
 1045087
 816540
 3819
 615073
 101335
 63544
 303436
 223959
 647776
 266095
 521326
 681207
 27643
 443012
 947631
 552431
 584595
 171646
 271162
 454715
 389038
 45285
 481794
 272803
 270006
 368543
 432636
 38900
 534475
 261950
 517151
 497097
 53488
 1055383
 1048410
 157442
 668540
 754526
 626988
 151937
 160809
 603675
 646831
 1038612
 70854
 220660
 43236
 270048
 1030863
 610176
 842688
 319749
 633074
 543034
 771176
 660074
 699463
 212664
 251737
 542758
 987353
 1070211
 902449
 1039520
 345491
 429491
 346760
 909702
 161622
 921097
 597347
 736999
 389116
 122815
 706413
 146441
 520809
 61805
 727084
 717080
 524217
 235159
 712666
 553162
 42536
 1098689
 874031
 776171
 265836
 425915
 664229
 679553
 801514
 334685
 1010905
 295848
 482041
 515083
 54039
 953890
 1057879
 338825
 234832
 561549
 608394
 366795
 927558
 187830
 706710
 164404
 1099491
 246384
 87544
 591389
 645435
 1046476
 850602
 571713
 912574
 947638
 163779
 470473
 1002142
 745856
 230595
 535885
 69178
 121762
 70680
 548809
 747807
 620724
 45557
 741040
 814467
 550136
 1042607
 714322
 930530
 800666
 349375
 704812
 191781
 304001
 254122
 453316
 301163
 665192
 206912
 34544
 797084
 642411
 589705
 106395
 309862
 240099
 967069
 503711
 829039
 811398
 255136
 778234
 659632
 1060305
 911002
 107909
 650333
 809441
 682850
 477924
 796159
 477079
 718505
 764403
 905452
 757414
 38324
 692102
 607480
 871813
 973409
 275121
 514467
 945105
 667259
 968108
 694333
 1007684
 763817
 611225
 596493
 908993
 905276
 1043641
 782199
 795180
 982624
 759732
 516404
 927311
 905819
 1083959
 273358
 892286
 1088719
 150172
 880871
 1005360
 699958
 974794
 1073473
 600428
 174827
 516896
 1013945
 226719
 522290
 348423
 994672
 827919
 453787
 706929
 114963
 323450
 909099
 561815
 124809
 698584
 978592
 702629
 246455
 450485
 530857
 180655
 832759
 293725
 376558
 452613
 396540
 619560
 877980
 413145
 953895
 139128
 845034
 265258
 2451
 593154
 781844
 289541
 630148
 808057
 337507
 76969
 278187
 441693
 453667
 455507
 856259
 727579
 627038
 804551
 736894
 890981
 496162
 702024
 432806
 432216
 609805
 366588
 215166
 332033
 543888
 409339
 677610
 683140
 893963
 991501
 972737
 542870
 54124
 542403
 343696
 695802
 410631
 524633
 469006
 231798
 1029995
 358753
 271854
 729014
 610355
 926402
 156606
 930065
 249403
 90856
 323751
 113353
 562521
 1010949
 1031636
 944502
 1066651
 699597
 336702
 357087
 450715
 711673
 280290
 957694
 432542
 486384
 1068863
 262777
 568778
 16305
 47688
 63387
 983005
 577732
 410725
 746935
 387800
 1090698
 561331
 291947
 373417
 142923
 326588
 448216
 920270
 476483
 483390
 1092851
 860263
 675171
 176539
 868907
 774747
 562889
 332640
 768304
 1057958
 377316
 90727
 1099491
 992874
 1060500
 938328
 972075
 57657
 551392
 259608
 1044333
 948416
 189147
 201272
 567789
 78259
 154566
 489576
 325460
 443205
 332089
 940531
 962774
 469196
 753829
 794722
 1084729
 499668
 190571
 267304
 332485
 788945
 398565
 561615
 593161
 149233
 233545
 98386
 608468
 883264
 693926
 300454
 349023
 793411
 684055
 88248
 460747
 578764
 503647
 289523
 1047418
 877227
 174421
 643195
 822028
 94824
 75939
 549851
 35750
 434759
 41781
 150218
 739249
 450754
 1025616
 850593
 595373
 264948
 768772
 660783
 769726
 275904
 38365
 252216
 7783
 401928
 286998
 608985
 827822
 346581
 1059255
 879795
 661529
 317529
 384685
 934613
 65455
 386640
 190244
 697170
 902775
 927756
 629183
 211746
 831515
 260617
 1076019
 310899
 144554
 611691
 650033
 474893
 171498
 701863
 443475
 499035
 752590
 757221
 937478
 913745
 780190
 174663
 946462
 602990
 47410
 49040
 653986
 930066
 14483
 322822
 355410
 579491
 27822
 939544
 1027472
 748067
 918218
 826304
 304535
 486456
 300190
 479647
 190721
 219268
 105926
 708407
 546753
 468726
 594180
 404902
 472925
 634700
 424944
 111730
 17464
 871496
 226833
 142019
 995259
 959667
 763301
 1011021
 771161
 264137
 693852
 276284
 961252
 37566
 208772
 629647
 813654
 923568
 1083987
 575279
 645633
 143054
 576045
 705526
 1064838
 806964
 699020
 407555
 827863
 670265
 803973
 957577
 264366
 172909
 829966
 1015316
 862874
 165513
 211966
 904792
 99158
 536577
 310195
 119718
 424835
 367396
 1088980
 872493
 1098329
 632303
 474809
 469884
 973391
 779159
 171944
 137066
 494975
 914923
 238036
 556678
 98372
 278967
 539176
 930589
 529636
 562210
 425361
 70732
 3183
 1050916
 918696
 474116
 323361
 485916
 463887
 207691
 991815
 617416
 656360
 690087
 761354
 972396
 445914
 5244
 144672
 81558
 25310
 427195
 405471
 532783
 1023798
 540250
 595257
 556204
 353501
 486192
 593442
 579751
 786479
 598197
 191113
 1052227
 19731
 907736
 732239
 64658
 698969
 689380
 74447
 720702
 999698
 813938
 698754
 893356
 640989
 271176
 198714
 615137
 151946
 997664
 753189
 999196
 704035
 923451
 611258
 207607
 983389
 731707
 1069195
 796613
 905729
 840345
 158048
 667142
 333251
 542819
 578964
 680312
 872915
 788431
 1091667
 160765
 1063756
 255982
 875360
 906972
 884726
 355114
 649602
 635914
 11001
 209126
 1011959
 269155
 71800
 704530
 101830
 292717
 179918
 92531
 167499
 813109
 439654
 213837
 428060
 1045627
 66254
 69289
 790699
 381617
 668556
 953013
 992873
 84877
 861743
 600025
 514231
 197781
 183713
 290150
 165723
 580011
 601434
 444527
 648005
 1085173
 87210
 498578
 265571
 807477
 828694
 686384
 231597
 262107
 71036
 1047789
 765953
 240026
 132730
 41386
 270606
 960629
 845602
 401937
 491693
 790924
 738587
 750357
 615558
 284492
 478234
 391933
 451274
 105326
 260596
 8253
 417437
 962604
 826969
 41564
 281923
 764158
 326886
 994392
 101326
 956356
 693873
 982495
 234262
 977717
 802910
 812589
 86432
 356846
 532441
 47168
 368927
 239046
 659917
 482324
 181907
 30340
 176490
 346970
 570267
 79395
 252644
 626645
 435430
 535878
 152098
 979562
 385358
 842113
 343225
 1038917
 958401
 357509
 500801
 96206
 63126
 902518
 657045
 170069
 21149
 867780
 459196
 318059
 625379
 923733
 384868
 619738
 245393
 508725
 158626
 938054
 477675
 117674
 742923
 273496
 696975
 324583
 370281
 803517
 801986
 884755
 715035
 613249
 963596
 83009
 734522
 991261
 496730
 291025
 53442
 855436
 403439
 9834
 498311
 590894
 541394
 404981
 649472
 773180
 856765
 268514
 57428
 199904
 230350
 77016
 283325
 974739
 880221
 425639
 726128
 951857
 810334
 519921
 725371
 1037785
 935993
 98860
 509795
 944440
 323511
 1076353
 1082431
 1061763
 805705
 313036
 330040
 214206
 913664
 410990
 205986
 810515
 357815
 930877
 705282
 249625
 425526
 786606
 233352
 797761
 114799
 804225
 360859
 1023707
 59500
 1073622
 230935
 891514
 695589
 926543
 931129
 614700
 87720
 694464
 989451
 302288
 860144
 183961
 1003071
 95708
 812486
 707324
 310768
 243581
 772914
 833339
 866081
 425534
 927921
 207216
 999809
 634719
 1025428
 580121
 1079312
 214816
 250020
 953175
 1090524
 313312
 260638
 122558
 96348
 913325
 1081835
 987400
 590798
 1013406
 1062383
 927203
 1095991
 233881
 550550
 300489
 298804
 817759
 943507
 145958
 411827
 9543
 1057893
 836365
 117092
 537906
 848929
 229405
 558668
 501906
 376754
 824820
 366149
 613752
 483878
 106910
 878214
 653291
 94345
 687035
 91272
 21299
 973554
 142909
 604045
 74469
 369841
 110333
 373097
 1031683
 503172
 533227
 611768
 595726
 75923
 139757
 406860
 472319
 13290
 805696
 385285
 1036984
 780157
 842387
 407578
 731287
 864474
 140438
 425555
 322816
 985885
 1061892
 108034
 471346
 887315
 4135
 562676
 58105
 234445
 435821
 1098189
 470610
 683988
 1073496
 688539
 989851
 434549
 231185
 314734
 734635
 793153
 953394
 757329
 489952
 538309
 233529
 37519
 481360
 678027
 902069
 673262
 601304
 644929
 74656
 76283
 1056566
 521281
 1027936
 124756
 569769
 499721
 801230
 625192
 643223
 288149
 227643
 733797
 808690
 721188
 147361
 977881
 994694
 570669
 268248
 130189
 1081187
 554888
 103195
 377558
 549034
 120252
 207783
 174902
 1086275
 1050696
 890178
 719277
 666213
 447187
 223822
 1058643
 177692
 374134
 707174
 100442
 379410
 630901
 623192
 921016
 681350
 1084731
 284454
 193880
 154159
 700463
 68567
 768108
 657966
 114048
 787366
 615647
 401484
 509353
 215460
 664087
 609224
 212228
 578561
 851080
 470613
 987449
 13013
 56697
 319766
 398355
 1012052
 544191
 1066864
 171876
 110822
 809734
 999512
 206808
 320844
 1057971
 429086
 699888
 1005723
 146289
 132235
 4052
 16812
 649328
 983361
 774752
 813396
 760978
 371736
 884291
 407191
 1054535
 586741
 163322
 486402
 431862
 235017
 638391
 495722
 518486
 64728
 413104
 783700
 1062654
 968633
 729170
 681927
 637175
 1008795
 48516
 769285
 438583
 912428
 324985
 484923
 1051122
 1039177
 693641
 460896
 368432
 73539
 783789
 897986
 245464
 1008247
 988936
 461677
 3370
 336293
 220869
 624403
 622605
 297827
 954424
 472504
 334544
 499011
 668673
 463946
 513374
 1012191
 417136
 72670
 216005
 570857
 1071384
 628281
 892181
 592478
 361911
 440583
 216335
 121515
 934706
 1088476
 767344
 1048762
 123539
 664788
 142552
 1031444
 791870
 147648
 716970
 136189
 356811
 412602
 1054839
 381610
 192208
 782323
 275155
 295221
 196164
 592146
 809981
 349664
 406526
 1001873
 847509
 343194
 974426
 149411
 917045
 966732
 884027
 378236
 536591
 995477
 1021630
 555978
 75950
 890333
 683568
 733080
 350162
 546349
 838748
 747236
 208881
 954183
 869700
 81705
 491508
 899887
 495971
 59848
 1035040
 944162
 616403
 162202
 735703
 497287
 786442
 47634
 570660
 1069893
 132207
 798750
 559734
 52559
 1050677
 372955
 88571
 988516
 320079
 186510
 729424
 498913
 1097314
 725902
 821332
 257227
 861271
 742523
 173840
 30925
 240297
 201422
 656978
 967119
 266391
 391977
 51867
 612896
 887414
 466372
 394432
 861508
 394045
 178121
 802490
 665773
 299881
 78742
 234194
 419043
 966749
 1084301
 95173
 139715
 661646
 121882
 661423
 286244
 603427
 767026
 634578
 182415
 830930
 729655
 590514
 787862
 724517
 754488
 390624
 3963
 1009095
 780647
 875443
 147183
 952803
 360354
 49990
 136491
 395176
 983445
 178764
 1060057
 26908
 539488
 462824
 592282
 589663
 329064
 72258
 112082
 480516
 254875
 485963
 525059
 172358
 392094
 618084
 369716
 579427
 51564
 851862
 942061
 1034438
 1007117
 212894
 657567
 79678
 612622
 1089743
 1009748
 677272
 236555
 837111
 744003
 58725
 116010
 123277
 236846
 72907
 726928
 55197
 139219
 23139
 929937
 392535
 864912
 312904
 400111
 701677
 464130
 551261
 989779
 716426
 448613
 243649
 412424
 77234
 522207
 340311
 218251
