620096
 715781
 522113
 772377
 315955
 143276
 20303
 959513
 1032709
 924913
 12394
 886742
 277010
 1062755
 310591
 369075
 947639
 131203
 223561
 330331
 423087
 350260
 562517
 156179
 962374
 1027416
 522498
 839472
 714878
 84234
 607794
 782540
 1099827
 49582
 1080363
 735808
 64815
 235829
 750103
 135153
 944667
 185112
 212297
 758967
 245730
 89378
 1007683
 680047
 89532
 582336
 333044
 1095104
 413296
 111117
 526749
 196635
 393679
 642831
 1096215
 282100
 886321
 470766
 322714
 9362
 759983
 133905
 316082
 166254
 404768
 505381
 887691
 1029071
 53953
 840683
 623596
 602016
 111046
 272237
 443184
 18358
 283842
 352760
 363889
 700229
 54507
 609571
 331786
 558851
 619617
 975079
 441799
 507902
 425227
 422059
 905486
 872925
 505833
 100668
 783008
 963478
 960272
 884732
 634513
 696545
 268446
 565309
 635453
 366995
 349616
 859485
 104613
 633773
 39031
 853384
 953284
 655342
 914147
 658351
 665754
 759025
 1077776
 355388
 884972
 282219
 799127
 935865
 519689
 456077
 90582
 77395
 915199
 49474
 119492
 287709
 833422
 514033
 139889
 800619
 701561
 387049
 693786
 798101
 433510
 846716
 193981
 983542
 596572
 419982
 510202
 572689
 490923
 847200
 660942
 202061
 451645
 54792
 71759
 467050
 96361
 145439
 375631
 935619
 472645
 575218
 856390
 47468
 25292
 857161
 461270
 489164
 787280
 202975
 562335
 810777
 271372
 419646
 39749
 602068
 839820
 178609
 702392
 162019
 458551
 632588
 1098328
 176884
 384722
 472053
 1045262
 420554
 1011780
 348917
 475131
 416085
 338392
 797225
 818100
 99569
 1082258
 430704
 658459
 133460
 493589
 1096050
 450104
 833476
 415494
 709128
 363517
 952578
 929562
 1035626
 677463
 434790
 96125
 223560
 709466
 289815
 1032882
 961260
 548376
 507696
 855931
 859408
 352688
 1021695
 629561
 386640
 690757
 351252
 857481
 45105
 118560
 262712
 883080
 922098
 667643
 903489
 969649
 615810
 300385
 315882
 634728
 664193
 782100
 33964
 1070204
 441265
 40960
 500586
 551029
 849954
 799288
 1095286
 186353
 576305
 242518
 481072
 515350
 922726
 788563
 140932
 915238
 530289
 440126
 817785
 248252
 841113
 878909
 679068
 301294
 119085
 147938
 70178
 110427
 534997
 670163
 1060073
 277941
 1061849
 183770
 27060
 624134
 550098
 564150
 988273
 100112
 535899
 38704
 1084531
 500674
 1053612
 960664
 740439
 695369
 39795
 115450
 60212
 889403
 168288
 227523
 1064208
 1068522
 113110
 1071850
 18346
 358806
 254761
 268012
 1010212
 104557
 738834
 891225
 31876
 207661
 567437
 666683
 471652
 546429
 991428
 1092571
 818153
 480178
 483802
 246731
 176491
 373979
 332061
 316652
 50582
 916420
 136887
 545303
 1060957
 756795
 562034
 865095
 752601
 919457
 1028470
 203529
 1048656
 478235
 920651
 371763
 670783
 146184
 282138
 466740
 298054
 766230
 1027784
 889288
 1008107
 442795
 456179
 268505
 967187
 33609
 721620
 863027
 693077
 704496
 936486
 38049
 695025
 979826
 438129
 282696
 434123
 913663
 1062000
 791386
 953116
 1070252
 690796
 411422
 691955
 67048
 122202
 400471
 96228
 688896
 906570
 208386
 67643
 133023
 37802
 236078
 1079992
 781555
 984725
 292886
 390771
 594367
 600091
 590045
 36358
 903397
 779719
 180447
 595853
 793356
 427590
 873002
 572479
 914822
 1097513
 218499
 1073680
 264401
 92956
 1046384
 60366
 288072
 618649
 1053469
 567984
 528753
 335030
 61928
 903894
 515540
 750271
 241165
 192898
 198364
 117197
 74169
 126290
 72619
 729042
 306362
 73462
 913306
 443893
 212067
 647965
 401520
 959363
 1076091
 996228
 651183
 159547
 874827
 940303
 697309
 3993
 648014
 905128
 632569
 389012
 748056
 876285
 84000
 1010687
 134849
 853323
 606875
 530936
 629338
 360261
 141554
 885704
 920257
 457202
 593445
 953343
 120628
 723632
 725643
 244829
 674186
 785729
 748570
 167967
 1071535
 746261
 655607
 223227
 639097
 4575
 417651
 825353
 117428
 776087
 266162
 930778
 283335
 327507
 419547
 595318
 455043
 748510
 108421
 260784
 726636
 952174
 821731
 639700
 812980
 640696
 702403
 223446
 164609
 202291
 162978
 962569
 373780
 872925
 598925
 669655
 746386
 537830
 213253
 949763
 272896
 380981
 336052
 250193
 1016666
 510189
 175211
 864041
 756158
 760450
 967427
 274779
 1079977
 954017
 50226
 178850
 197753
 316837
 724383
 708767
 879625
 56048
 901026
 257723
 1003447
 4514
 959092
 82796
 477883
 10526
 478643
 95832
 1099805
 1082232
 89247
 465649
 1005701
 219838
 497770
 247295
 422058
 348440
 24293
 517412
 695184
 56229
 1008716
 488508
 206247
 595327
 336780
 1093167
 905741
 940283
 347181
 278364
 917600
 291548
 926076
 1062335
 465636
 52178
 336111
 355158
 444290
 996535
 316608
 536008
 543688
 683412
 824554
 256924
 458634
 1009928
 559134
 720319
 325476
 1085216
 583175
 837943
 572637
 599727
 400886
 97617
 488549
 391450
 32681
 354983
 701117
 801626
 829662
 244978
 220724
 1009120
 1087086
 30290
 881875
 389479
 372676
 247459
 198027
 330309
 294728
 396643
 466143
 10910
 551591
 889552
 479886
 594291
 8444
 1048837
 215527
 204730
 800664
 825895
 714975
 420264
 799793
 1088087
 747443
 560839
 1008304
 736305
 435251
 573326
 1081651
 100025
 822156
 129738
 132835
 413410
 544480
 829790
 463088
 668549
 749300
 624052
 112722
 948624
 869670
 162891
 20455
 267151
 478655
 318160
 32448
 848275
 1024808
 488963
 1086442
 800039
 943724
 788547
 656785
 635237
 919445
 938931
 430148
 553644
 983851
 192538
 402786
 561115
 158405
 118565
 209246
 363798
 874442
 331119
 1068729
 111861
 144293
 1070199
 613374
 282032
 752075
 804031
 1017778
 87506
 696463
 225221
 672252
 112151
 947642
 461673
 878335
 555118
 421183
 461849
 843651
 589423
 117167
 298624
 473873
 307678
 859826
 175566
 306464
 713293
 235090
 82874
 756484
 511843
 488720
 614978
 160182
 743108
 564694
 823037
 113201
 462684
 171368
 840318
 20042
 814426
 866629
 242089
 809701
 334522
 238395
 414649
 247005
 972986
 235909
 1093400
 383792
 930506
 939336
 1083626
 917747
 868635
 483538
 977486
 270902
 642784
 1074766
 964132
 184733
 731102
 4857
 561536
 469173
 84659
 965115
 300317
 1025832
 389007
 586409
 755782
 350102
 485667
 489217
 456617
 1017137
 788793
 519120
 484279
 209919
 606915
 883951
 635080
 481761
 14715
 506555
 1089551
 69295
 569998
 842098
 902901
 546079
 574721
 1096176
 1057110
 475469
 616336
 929419
 767054
 377181
 418800
 1053688
 94175
 758126
 641359
 931607
 754766
 83876
 664770
 202931
 601964
 982297
 193037
 700477
 1038399
 427305
 1003757
 604270
 809549
 1006847
 591250
 1080147
 434612
 445703
 241945
 723843
 808310
 835073
 129692
 311694
 729707
 659402
 679383
 868076
 21432
 191591
 149107
 430516
 858696
 318466
 733705
 9956
 747707
 1013012
 1022892
 255540
 882036
 21664
 750013
 781150
 62310
 634449
 331329
 1061615
 8266
 470523
 407607
 186305
 31680
 974388
 873040
 145534
 632759
 103006
 784425
 343821
 264244
 306970
 445424
 860931
 481068
 596015
 362333
 425578
 869994
 456401
 703960
 661850
 108432
 912858
 326366
 709343
 557734
 760971
 435188
 177060
 138980
 185176
 366769
 487973
 494972
 124602
 691811
 460128
 673338
 870396
 36305
 1045314
 452702
 88565
 70766
 718992
 727493
 788889
 71544
 658944
 723523
 250998
 999602
 790425
 806683
 611170
 218773
 1012524
 542737
 45459
 802887
 830214
 99869
 924764
 753534
 224813
 245706
 130974
 442109
 449444
 850114
 768061
 631308
 74036
 415664
 758761
 211676
 611794
 890795
 296373
 843856
 511665
 1040043
 894869
 389858
 206396
 276633
 915934
 1061723
 636271
 555192
 227340
 609196
 17716
 623441
 114106
 228613
 800412
 262378
 674480
 324631
 969991
 191776
 746675
 926527
 1070743
 448285
 1018251
 858160
 492898
 360720
 370790
 1005561
 122759
 748328
 277548
 773185
 671135
 878411
 79159
 139148
 367103
 1021836
 622383
 570561
 456696
 461685
 514441
 611023
 566736
 440323
 458757
 931658
 962789
 817057
 848569
 108293
 871695
 344567
 582755
 387433
 779569
 883764
 824030
 658123
 283044
 11296
 800835
 460625
 965443
 816696
 235428
 777544
 1090384
 739688
 412968
 157319
 471151
 367758
 1080768
 1065464
 314454
 635657
 780763
 462804
 357448
 880985
 1039581
 275257
 142547
 250169
 849196
 17011
 800010
 588064
 445600
 659109
 763016
 638564
 570199
 289629
 964661
 478250
 494765
 583419
 249881
 418075
 921727
 859138
 74931
 409515
 279985
 470188
 751947
 63485
 483657
 815509
 456301
 656721
 541617
 899271
 21391
 425816
 75356
 499477
 1015403
 162450
 38755
 841162
 580556
 93242
 378803
 389518
 1051477
 727167
 202734
 121058
 724416
 938746
 570931
 310475
 882912
 1019486
 914804
 49829
 780587
 27828
 573446
 954660
 1019793
 628756
 120478
 271272
 588945
 848344
 125808
 1046418
 878092
 201507
 311887
 453483
 438431
 881998
 172042
 1053121
 471940
 279129
 699084
 847343
 671973
 874477
 96619
 464044
 365037
 655010
 680654
 48644
 73015
 923301
 847771
 901713
 645448
 405581
 727105
 1053284
 115646
 755782
 814194
 345334
 729447
 618238
 483482
 542729
 1030409
 764583
 647544
 574157
 670815
 882235
 341333
 481544
 902279
 683643
 989698
 265012
 398747
 648348
 735829
 965844
 391008
 929490
 34332
 911035
 479067
 33628
 96075
 151124
 399452
 744940
 375891
 253892
 557263
 736254
 529751
 608241
 258503
 506387
 362539
 711525
 991605
 399693
 524332
 491273
 455302
 75844
 665198
 309967
 909276
 709410
 222370
 148267
 197235
 926154
 627643
 506331
 304630
 785079
 109192
 872249
 222974
 443962
 530873
 496779
 990800
 43065
 660516
 1016800
 1089586
 425519
 769003
 55548
 340997
 126307
 222425
 26526
 123665
 411336
 196550
 190179
 280465
 417260
 437268
 744771
 882918
 44861
 882393
 45689
 154095
 24566
 168116
 701751
 485112
 648773
 136053
 624570
 326182
 368120
 913048
 336649
 735433
 710721
 930864
 900331
 1072919
 358331
 387000
 975337
 676374
 992400
 777585
 894472
 224676
 668746
 940581
 892468
 81594
 8126
 985384
 1020449
 604269
 1048288
 264238
 758035
 347076
 163587
 437487
 778045
 144479
 481007
 750495
 759905
 711701
 28564
 985644
 222336
 1038820
 484635
 979322
 1086674
 1058457
 144291
 466740
 345545
 101037
 320105
 469310
 605539
 250270
 805877
 201040
 1089456
 815188
 982801
 272404
 1092401
 57176
 83498
 95254
 37977
 110213
 601099
 710444
 336227
 578356
 453375
 384056
 877573
 831347
 780655
 257088
 19861
 317183
 772691
 426667
 85822
 905249
 711771
 635328
 114129
 889679
 417299
 267041
 744215
 4886
 677060
 381728
 166033
 867809
 687899
 169457
 729701
 551344
 241908
 65921
 520105
 914571
 22505
 503415
 373339
 233797
 687797
 859903
 1001749
 627821
 675926
 951833
 115270
 847356
 219104
 881091
 689810
 548596
 691814
 371690
 163407
 980531
 676032
 374609
 952290
 375585
 12533
 5740
 821228
 13351
 776997
 488937
 957647
 562351
 94006
 964380
 812146
 621832
 751747
 803948
 221027
 667861
 579393
 475924
 782593
 209600
 83296
 990745
 623902
 504348
 791923
 18891
 744607
 1089962
 633470
 27953
 729429
 1024404
 1071725
 292912
 23415
 657501
 857962
 485432
 830725
 1012674
 530250
 199620
 730910
 930014
 592856
 72079
 179470
 894144
 768189
 438037
 130682
 213244
 326844
 93706
 868761
 80917
 458770
 698019
 110465
 305766
 301219
 278151
 329698
 542455
 640460
 682227
 20245
 827777
 173381
 1046906
 186671
 611729
 363463
 724488
 993699
 10719
 540206
 639240
 929138
 665845
 627002
 807561
 171769
 363782
 161438
 41468
 49938
 909479
 206944
 173257
 1089988
 256327
 607623
 876575
 284884
 750157
 742644
 199257
 481434
 417253
 1057876
 916181
 261635
 873215
 768238
 206307
 48428
 1030456
 35883
 493763
 123269
 812958
 21910
 679195
 390232
 415907
 299352
 664490
 11848
 786641
 519289
 177543
 594167
 456822
 428892
 162289
 976875
 614552
 651590
 495213
 207973
 815484
 1031396
 348931
 937235
 220324
 576092
 31680
 197132
 899426
 946090
 265359
 472905
 756276
 801898
 155855
 51110
 381173
 345446
 565057
 65373
 172951
 930273
 148518
 779077
 591180
 474895
 1051044
 1011310
 505768
 1022914
 374814
 843743
 103573
 767604
 954928
 879633
 215039
 238579
 1029402
 1046197
 417481
 61137
 752014
 277427
 852173
 693867
 349165
 711230
 425358
 790978
 1088575
 780173
 746237
 77512
 1036902
 692193
 37964
 460669
 4938
 251110
 465766
 973343
 925067
 22155
 955294
 1063557
 364370
 398007
 618095
 657714
 737788
 215221
 624913
 453084
 807436
 402186
 321998
 974222
 291621
 177496
 1036932
 705452
 135241
 631281
 564941
 543601
 567166
 281160
 859821
 548238
 145879
 522188
 929309
 291770
 528804
 367110
 879838
 612523
 798622
 339947
 462350
 282380
 98767
 1086704
 683655
 534966
 574276
 128843
 647803
 131608
 48234
 515662
 142869
 1058904
 438358
 540992
 809718
 263809
 44197
 935923
 777132
 444359
 395996
 970559
 486643
 197719
 405379
 632373
 21129
 987100
 378216
 716446
 1039106
 66111
 501933
 692695
 464982
 34549
 787266
 893627
 15125
 382813
 1021930
 892539
 46401
 650130
 1023260
 587048
 410248
 217005
 858255
 656157
 902064
 192061
 565342
 151590
 278830
 605964
 896196
 47375
 625030
 847109
 839384
 1017675
 1014938
 465573
 287184
 244960
 22261
 326230
 618572
 1006815
 1051648
 558629
 478230
 720055
 742549
 916743
 830740
 474222
 235273
 1081064
 333674
 941511
 578984
 233830
 582042
 429191
 975990
 258023
 906876
 251011
 152532
 409541
 1052874
 529798
 682600
 1035703
 438924
 520064
 573153
 198638
 386253
 1025093
 110177
 993631
 348822
 594511
 86483
 951739
 381621
 936981
 845182
 781163
 51629
 447266
 810037
 656523
 157199
 359568
 1301
 199095
 174147
 813385
 353097
 533687
 488197
 292653
 338473
 799113
 256420
 534713
 940128
 753460
 1018124
 1043089
 459460
 511264
 419548
 592484
 287956
 1012125
 802027
 1011316
 1053788
 59888
 513036
 402405
 71333
 893971
 512722
 646296
 180510
 924950
 454754
 10561
 341454
 143022
 553090
 560039
 194699
 309767
 41906
 664533
 458660
 714902
 906783
 609614
 305950
 818633
 689273
 128838
 474424
 1067981
 971932
 384083
 795649
 572260
 298052
 846879
 24313
 884467
 113583
 650886
 928027
 495286
 190378
 184841
 400738
 744367
 519427
 357019
 1039376
 561757
 428693
 560974
 145927
 301817
 363714
 797531
 220164
 423673
 425767
 801479
 13600
 96270
 123426
 170796
 445446
 811253
 611848
 393316
 898020
 53863
 947840
 469242
 1051268
 734550
 968563
 41837
 507367
 1014579
 4667
 109183
 764149
 706233
 553234
 562923
 917264
 233437
 676583
 371269
 405884
 161215
 106236
 355621
 922086
 285274
 792
 81961
 406254
 834007
 9804
 407647
 1011961
 371577
 310269
 420949
 584701
 595473
 912114
 725430
 252824
 573964
 339413
 194404
 502808
 437867
 66521
 327389
 105603
 1017245
 1034083
 97278
 414321
 446239
 716582
 769488
 847188
 173213
 553018
 404394
 212065
 893219
 724757
 205984
 604643
 6442
 410271
 154154
 163205
 632073
 2638
 329597
 242070
 946837
 660518
 1056167
 544804
 711837
 1046708
 652626
 499666
 179293
 433753
 85339
 531015
 1048029
 494787
 601474
 310405
 636373
 588138
 120567
 866066
 183862
 1041846
 918050
 202403
 148656
 403587
 1069815
 907054
 166076
 990495
 663367
 1008080
 976469
 1006738
 222444
 5411
 1002894
 116850
 1089473
 613655
 607156
 421564
 795763
 416833
 86889
 278451
 506318
 28079
 820278
 966210
 953462
 967492
 296135
 454416
 758858
 14228
 1026515
 746831
 445112
 348609
 524269
 1070888
 1057953
 978386
 407159
 353467
 784621
 546444
 531575
 745930
 121700
 697375
 423355
 636546
 854294
 40767
 203593
 994766
 315258
 763536
 1069592
 1036031
 722612
 965513
 1009924
 714319
 871236
 69381
 397355
 1029145
 407732
 91177
 379613
 385778
 188833
 1071776
 371255
 395445
 59878
 805426
 157246
 246271
 1072165
 297754
 432759
 163204
 303598
 547037
 12396
 994490
 995408
 156470
 250590
 740200
 78106
 633276
 956781
 440157
 1061884
 1064678
 990050
 595225
 855995
 834758
 144390
 540463
 173093
 830741
 256761
 252853
 33795
 745915
 836525
 475283
 352863
 1099849
 795606
 92867
 215143
 394841
 513289
 354806
 323382
 670713
 998580
 995817
 682794
 729170
 367295
 458575
 374047
 966089
 1029468
 807855
 1028009
 89615
 1023246
 318575
 956258
 582367
 402607
 148406
 561053
 374882
 1056700
 1067246
 891163
 673169
 5089
 230933
 670666
 824534
 462647
 431513
 478771
 840515
 1040921
 790566
 1052739
 479121
 394372
 313262
 956093
 759198
 281116
 592143
 831736
 1045457
 555018
 888485
 981750
 51280
 527753
 1061714
 228210
 218930
 223788
 399258
 763241
 569060
 65967
 440336
 1042625
 503519
 429535
 1039648
 1066561
 83986
 940513
 547890
 248727
 305318
 366364
 755829
 201523
 276413
 483060
 521947
 221413
 233333
 435444
 261655
 748183
 323921
 363918
 29712
 284353
 428678
 30291
 192275
 229460
 463080
 913000
 535176
 882204
 862068
 954048
 450282
 819693
 1042826
 429206
 692550
 110527
 961236
 437491
 349674
 1008855
 732733
 497126
 151193
 584187
 1026961
 514523
 375948
 401409
 531815
 862591
 99690
 811232
 10549
 348600
 23977
 938538
 13684
 279815
 535506
 357419
 325653
 713821
 142791
 628260
 22655
 362013
 231759
 877000
 153102
 31136
 698564
 335538
 748148
 489622
 657390
 599100
 401384
 1077777
 356287
 519123
 1001021
 827880
 937756
 1011031
 761183
 467210
 650766
 197193
 736917
 1065953
 1052235
 776932
 713167
 298450
 72889
 1026394
 764383
 486500
 420269
 543988
 636064
 470365
 967326
 221642
 1045761
 638344
 654320
 681464
 165926
 262006
 393326
 943134
 907149
 960257
 299220
 866386
 139697
 690678
 293796
 211311
 677936
 748141
 532287
 956042
 574292
 913002
 170871
 493297
 141504
 811050
 558663
 177133
 59954
 1051260
 358937
 264574
 731488
 451399
 932825
 813316
 769346
 953983
 551972
 477993
 350585
 499235
 725887
 406295
 735333
 503533
 53179
 615977
 490367
 374611
 203925
 271762
 596496
 753383
 825159
 200684
 844080
 288494
 531986
 607811
 1013381
 145905
 795618
 1010396
 908455
 1016379
 954336
 876270
 880447
 1040901
 773696
 157126
 613625
 218637
 688152
 473155
 387917
 461484
 454251
 33663
 290654
 606263
 196980
 631194
 266566
 633535
 34714
 650286
 297311
 870751
 443153
 402247
 335170
 745724
 889462
 127804
 1003561
 900132
 422750
 605318
 344422
 681902
 373831
 768362
 1027031
 137946
 805198
 990152
 900872
 397807
 566444
 415347
 820225
 409099
 1007093
 52236
 288984
 726466
 375033
 190665
 728203
 364460
 368333
 177336
 909147
 155379
 376467
 982240
 1172
 48338
 376866
 102775
 845379
 491959
 450236
 478424
 304711
 68680
 173108
 955073
 942133
 673408
 286747
 346753
 376372
 788094
 968417
 384406
 951307
 1085782
 161354
 646610
 683758
 1015797
 75064
 490527
 382771
 718163
 1083451
 536146
 816030
 692455
 539884
 587601
 10093
 1059514
 1061962
 836281
 118257
 847332
 228920
 58441
 28774
 953719
 87473
 595027
 823386
 75339
 789736
 80870
 660920
 497516
 995386
 352212
 518333
 551650
 1090178
 143897
 820561
 898515
 387600
 676449
 235965
 17762
 246503
 214231
 828271
 212028
 667338
 728867
 1001015
 121367
 792353
 290810
 674015
 5875
 1014778
 643920
 1021460
 825559
 1081271
 129254
 140051
 383165
 689744
 258777
 413505
 64805
 461146
 266078
 237633
 60007
 361707
 422487
 548965
 918010
 335268
 558761
 869051
 953705
 590603
 305453
 887673
 609085
 972264
 942714
 518410
 709814
 799606
 688302
 358457
 960122
 2472
 713138
 430777
 192335
 833859
 1045778
 1000512
 173647
 407970
 223
 884094
 239413
 756180
 902695
 80887
 735127
 923241
 398399
 213030
 718100
 1085182
 774519
 456252
 366870
 415165
 794896
 665875
 220086
 611926
 74954
 629925
 140009
 980851
 36959
 898888
 286319
 795733
 161851
 274857
 570637
 106049
 724620
 803195
 629784
 670396
 986111
 56964
 875901
 295816
 837723
 357202
 1039442
 566523
 622651
 903903
 234291
 586260
 905156
 1044110
 104920
 566011
 860254
 71441
 72007
 346891
 776080
 538150
 973220
 191617
 274854
 994512
 588626
 269694
 991371
 540515
 605246
 322999
 492914
 844384
 180717
 40902
 147814
 367571
 955493
 284070
 25052
 1085935
 293817
 243441
 169320
 1096
 788676
 1049239
 183280
 1044681
 301865
 1049019
 1091681
 227266
 1032535
 426512
 760586
 1005237
 61511
 38258
 643460
 416405
 539841
 680560
 957018
 1085292
 981360
 600346
 129354
 364685
 584195
 869124
 959075
 870334
 552713
 752457
 338823
 124320
 872726
 1050355
 1094000
 666712
 639875
 857797
 393214
 1093676
 57452
 559108
 424899
 973239
 11411
 100361
 936154
 357435
 755141
 442955
 266360
 618678
 110814
 369112
 412514
 762997
 36320
 296224
 838587
 247583
 521888
 24663
 1006024
 1033581
 920458
 278329
 344087
 909284
 1029534
 747242
 269418
 492814
 255161
 543335
 436845
 663967
 956800
 735093
 603786
 62369
 679839
 225321
 163378
 594016
 489023
 555045
 317042
 611999
 342793
 1044247
 237663
 986493
 5719
 746822
 759500
 1045601
 715192
 743292
 953003
 654955
 684786
 618124
 687420
 866154
 1004271
 909584
 502341
 80416
 666150
 468785
 179796
 268104
 278165
 228646
 877670
 609400
 664433
 266099
 866434
 616292
 681299
 799601
 566326
 488284
 512670
 441148
 59108
 390379
 936193
 104341
 388794
 470432
 720368
 645100
 1059899
 656763
 829884
 455917
 615918
 455013
 896112
 504481
 344949
 195194
 793686
 139372
 385646
 253416
 714394
 945452
 539591
 33018
 501737
 751910
 327098
 5241
 1067137
 760658
 611979
 42809
 675871
 1094758
 752155
 493474
 546330
 910375
 159094
 720970
 392843
 1092710
 414075
 389906
 829955
 692461
 843761
 889121
 204794
 952688
 76823
 37200
 432507
 495588
 215409
 292255
 558274
 1069463
 170856
 76449
 607886
 962116
 349836
 731105
 388894
 575962
 78479
 880974
 752969
 864508
 685985
 902055
 880398
 340052
 81821
 448439
 300275
 1055565
 704764
 229716
 101861
 1057199
 231688
 113588
 693308
 917909
 138026
 89738
 232496
 240948
 411739
 996032
 527970
 924665
 356326
 317268
 766669
 11228
 770046
 720479
 981803
 97735
 245139
 9734
 1087461
 707274
 907320
 590844
 763749
 864805
 426108
 599591
 584567
 17907
 21682
 78575
 367610
 936084
 598010
 113429
 682918
 887041
 115201
 964077
 285409
 324726
 347185
 1028484
 805905
 803056
 38020
 590779
 193925
 1069397
 175797
 23965
 946738
 751768
 570295
 1042481
 837246
 393009
 35450
 754231
 863663
 838940
 694537
 830308
 346425
 563260
 731753
 1006032
 768898
 657114
 830218
 600084
 6190
 646425
 318157
 1018611
 325132
 222201
 589676
 320750
 827842
 212684
 418148
 643962
 342341
 53339
 243337
 1698
 298023
 283177
 747192
 253459
 337568
 621340
 595318
 811808
 870115
 428720
 367844
 148522
 1088225
 7744
 684129
 766896
 585132
 781884
 608242
 626208
 1073493
 809263
 29295
 135353
 1076114
 919094
 125224
 351603
 761334
 148141
 624585
 999508
 147980
 669042
 800737
 139142
 443137
 389921
 1055248
 428679
 907968
 271866
 150244
 428881
 872496
 97094
 450745
 611458
 15510
 328116
 664716
 960073
 946876
 800986
 821898
 125159
 121085
 982278
 950859
 147539
 546184
 364920
 680887
 809885
 740161
 180376
 737765
 1070948
 533784
 5927
 882884
 599305
 158434
 945351
 609197
 1095627
 1031674
 853904
 407956
 128092
 911222
 835215
 151152
 688540
 60728
 788786
 147435
 597467
 852829
 1000650
 403476
 167642
 147863
 231059
 1022182
 918065
 711562
 879002
 682870
 646347
 1063594
 549410
 5247
 12658
 1078500
 1039487
 716511
 32507
 611748
 586437
 825217
 967981
 165070
 808733
 255248
 1066687
 55529
 782444
 891634
 897029
 393797
 41922
 781560
 934737
 544970
 735588
 548361
 351548
 679160
 197602
 605137
 952747
 1041978
 260812
 1096135
 605114
 79378
 69174
 260597
 784940
 419705
 635535
 189013
 995337
 429747
 201850
 992515
 330093
 177013
 15687
 631042
 906152
 98118
 860677
 572366
 746779
 242820
 720954
 334757
 299495
 140177
 223185
 282650
 332081
 829012
 953798
 991087
 808819
 696231
 838704
 916594
 843523
 10448
 597563
 343324
 878693
 37546
 544043
 954037
 702933
 329684
 1083754
 86388
 861887
 507821
 464606
 208752
 998923
 19531
 1036755
 533484
 295405
 259551
 547111
 663190
 811213
 1020431
 342235
 875293
 139453
 932904
 415796
 424595
 1083708
 975354
 578504
 1034141
 538852
 481078
 564024
 449423
 175444
 1089604
 647152
 817373
 561714
 884595
 1027751
 433141
 82705
 955964
 327223
 279469
 443392
 827585
 432588
 561298
 831447
 68553
 416211
 52851
 686893
 965842
 173934
 1004095
 417375
 609943
 1016266
 171316
 939846
 1097471
 691268
 779578
 471868
 1012733
 860170
 939211
 547033
 622654
 1008257
 423437
 729762
 472360
 900104
 170854
 437763
 392410
 323745
 217573
 520862
 1053328
 20508
 355346
 431514
 716780
 487436
 488695
 807313
 247443
 274101
 773392
 278752
 342999
 1043804
 103528
 47537
 1034543
 341438
 661722
 463147
 858147
 522694
 614956
 75290
 890061
 268539
 533538
 837432
 115348
 830706
 1070925
 1043004
 778115
 544341
 751393
 371846
 50220
 486879
 901839
 1053306
 883623
 137153
 40
 806455
 207062
 469701
 427467
 779137
 801171
 981960
 791339
 460382
 986412
 806470
 130857
 915258
 1060098
 341749
 186619
 726738
 819416
 1186
 707516
 13088
 331497
 118387
 761413
 752767
 460705
 383596
 422805
 281838
 572563
 40598
 413007
 640298
 640158
 631153
 188663
 131782
 1059113
 1020320
 932846
 702230
 802689
 444851
 165941
 599181
 820233
 869659
 321944
 485391
 304430
 1074959
 880942
 642078
 1080175
 212696
 724150
 588732
 676891
 981765
 644723
 758181
 388045
 572705
 434840
 408330
 104063
 1004467
 132967
 50021
 961778
 303758
 774334
 667279
 582768
 304211
 191346
 964315
 20852
 1013023
 963143
 461284
 137404
 667112
 338998
 319359
 373467
 859947
 575755
 208963
 702169
 224793
 631970
 174505
 67884
 270953
 633822
 808741
 625625
 31711
 421108
 923217
 865820
 386806
 518461
 402329
 632341
 658084
 124196
 934872
 770535
 1050937
 327990
 684711
 981178
 166381
 379569
 752497
 450572
 861338
 301989
 828854
 333442
 1080130
 341788
 142913
 321862
 773828
 757570
 796363
 266483
 830591
 58202
 454741
 681323
 832656
 764555
 15560
 573314
 276519
 1086432
 305900
 688264
 1040162
 790675
 444877
 865382
 888226
 598454
 1085871
 142809
 813956
 318881
 260691
 372395
 265868
 786401
 777534
 394337
 609751
 913878
 999080
 745010
 794963
 318369
 791914
 175525
 613560
 586738
 643626
 787174
 612059
 215192
 533925
 492237
 17117
 617257
 914596
 555488
 198157
 612682
 677432
 2561
 1056984
 599572
 549845
 805654
 1015711
 24191
 22812
 234206
 908469
 165893
 265783
 884986
 420926
 774665
 134339
 211195
 377547
 736947
 292470
 97181
 39509
 462018
 540222
 488355
 1069062
 423674
 383797
 23266
 735407
 698496
 212131
 34477
 196471
 663177
 925863
 37155
 353923
 1085189
 262253
 517453
 863447
 814869
 955220
 605883
 239986
 121050
 102173
 177807
 968481
 168396
 147489
 338277
 867158
 297532
 25474
 928314
 498169
 130859
 315083
 289489
 49347
 511083
 773153
 378964
 267074
 267364
 718509
 1039687
 412842
 880951
 748555
 470005
 204633
 576369
 479418
 937465
 1055262
 1040644
 449547
 529352
 310772
 762227
 296312
 879892
 731508
 224535
 168165
 634232
 660614
 215883
 683546
 522362
 1004791
 54604
 644422
 460176
 1031976
 213787
 627408
 494721
 1022058
 750252
 792576
 542091
 796140
 185485
 147472
 588120
 259585
 909745
 238566
 576233
 766801
 390596
 288228
 351960
 642219
 741617
 490640
 486089
 186620
 155473
 717753
 1080093
 846993
 702805
 635340
 345083
 73779
 474984
 876580
 769392
 484202
 66769
 783898
 31711
 821043
 195828
 647180
 267703
 215222
 452417
 690234
 591294
 969000
 398739
 383227
 553605
 75671
 246510
 605428
 207982
 168623
 834515
 912532
 874358
 915309
 541457
 919668
 329188
 347210
 469937
 634869
 158938
 274413
 837952
 552997
 916607
 558886
 490269
 171979
 504709
 317496
 484533
 196554
 773586
 139150
 597223
 302386
 74517
 599762
 248346
 1081323
 756760
 523768
 985301
 173256
 554441
 709693
 612851
 406888
 762490
 314468
 602521
 901930
 848834
 688647
 499854
 960758
 396251
 713982
 757320
 1016836
 749086
 630170
 48925
 1049091
 780386
 589099
 815910
 581028
 68737
 800519
 110532
 974720
 719249
 1001193
 733564
 200858
 230513
 932953
 1017795
 417606
 1093914
 725240
 372281
 396566
 769806
 859807
 127113
 106802
 129738
 76669
 611727
 689
 782090
 390744
 209671
 633175
 862535
 113322
 184647
 225484
 183590
 14540
 186063
 533280
 922784
 750211
 1077081
 79311
 78377
 526739
 766724
 403278
 964680
 358335
 838688
 1090514
 384349
 581576
 479042
 768129
 115551
 361711
 474433
 40444
 547139
 323253
 933530
 367680
 152709
 565533
 434218
 1012408
 351138
 670851
 929937
 225460
 956766
 726929
 108848
 192870
 82460
 477800
 371806
 723763
 11465
 1097681
 496124
 506878
 88636
 550162
 263596
 934347
 208221
 909547
 144687
 315204
 156841
 264974
 752858
 835765
 908561
 765765
 890219
 174231
 255818
 844645
 614791
 333176
 1044287
 376492
 706291
 39974
 1002700
 1025988
 925320
 438655
 1003905
 52560
 108199
 795830
 525247
 804979
 958029
 95299
 934456
 886188
 452468
 877416
 701551
 852796
 420378
 999268
 255305
 606726
 794225
 735135
 499122
 86061
 275215
 335512
 350768
 908961
 298224
 19766
 480083
 834445
 28933
 250937
 360332
 813429
 1094914
 648273
 947132
 344856
 320489
 580985
 556369
 724358
 806478
 121665
 137889
 961090
 551858
 659570
 268043
 137294
 212556
 200127
 503563
 1091192
 899063
 1007276
 190571
 855760
 920339
 754201
 518338
 857446
 952566
 365323
 777329
 598693
 96159
 554812
 163318
 444899
 971066
 653825
 774887
 57674
 451626
 894830
 657342
 914169
 749597
 85193
 985257
 189945
 1080009
 599021
 385884
 383250
 177815
 589790
 533977
 467686
 945304
 660264
 1029103
 689778
 402806
 176939
 1099813
 134040
 75733
 306216
 152394
 821563
 595029
 471184
 930177
 1026093
 230881
 345989
 518791
 960105
 81987
 67384
 348154
 158883
 314899
 875026
 1046069
 921801
 54287
 601439
 438466
 36010
 1079123
 428061
 944205
 471531
 242636
 99323
 144703
 372179
 1063403
 199560
 758763
 844806
 688467
 633092
 796675
 371950
 665855
 314671
 840869
 203327
 863173
 345834
 132495
 456788
 1064757
 165512
 1049492
 262578
 398165
 477455
 481244
 246845
 198751
 1080555
 925810
 806234
 371957
 867153
 725896
 1054207
 157298
 734466
 144531
 163677
 979998
 365917
 794804
 918248
 1042935
 981019
 827682
 312088
 187674
 302308
 285826
 1052126
 232411
 770726
 571323
 725676
 958317
 348670
 682472
 183125
 404287
 7403
 928674
 899207
 142468
 23591
 856689
 330641
 648126
 416839
 654515
 948682
 1084813
 577859
 121820
 1081065
 995301
 802171
 1097180
 113598
 545830
 823919
 839195
 642111
 434747
 345365
 854985
 191860
 981765
 208199
 810101
 710953
 86818
 467492
 630210
 683625
 100953
 406295
 262396
 426728
 817200
 637708
 662693
 856662
 635652
 595222
 117652
 277492
 40720
 236327
 409430
 628831
 878046
 577976
 185465
 818731
 219806
 720113
 304387
 859850
 442237
 831253
 1038380
 186436
 965264
 19409
 843209
 619779
 921185
 323205
 364277
 519905
 161778
 211634
 297091
 11274
 102696
 479831
 810543
 178769
 49108
 1074941
 239943
 734215
 938119
 862001
 136271
 16213
 880227
 602780
 995317
 768616
 840833
 746679
 908188
 498465
 876095
 600224
 654680
 343090
 488128
 95874
 1001325
 369546
 200959
 121891
 559141
 300962
 686036
 387976
 936719
 578543
 954747
 807933
 79685
 41450
 1054677
 832207
 743778
 957000
 695690
 584430
 110352
 86837
 266915
 1008214
 836033
 308226
 1025010
 105503
 538324
 309531
 89340
 979124
 39703
 23837
 204321
 924365
 880072
 817806
 719656
 1036231
 367801
 497093
 156877
 1002622
 766793
 211923
 907262
 366878
 861570
 942667
 452821
 363222
 344051
 1015555
 214702
 249688
 846327
 669134
 870629
 96767
 467519
 585383
 480991
 43265
 213622
 899193
 436597
 998220
 277622
 748376
 420483
 703628
 279363
 822595
 920566
 79601
 564222
 423425
 887933
 924743
 386221
 740776
 1085070
 1066415
 276355
 1085067
 179503
 511658
 290256
 1030886
 1065381
 292947
 344421
 482362
 147221
 1084899
 499397
 215900
 782858
 996379
 163539
 749679
 798084
 30870
 380750
 394093
 73837
 396948
 19405
 457149
 513508
 692096
 163752
 623953
 405193
 213664
 706843
 845254
 768081
 519843
 14507
 889058
 211601
 365735
 204319
 184611
 881575
 1056857
 706653
 393207
 275412
 437297
 1005126
 1091605
 25160
 265666
 65579
 436947
 965859
 321583
 923323
 542639
 355300
 879841
 81726
 1090812
 497973
 76982
 821291
 493262
 63020
 869663
 656708
 633561
 668386
 209470
 135490
 710620
 1013401
 100838
 625705
 121250
 138761
 124057
 105341
 788508
 56295
 1073532
 243505
 822392
 491546
 54439
 276865
 418575
 795023
 43041
 347258
 300956
 991831
 850762
 751593
 962180
 27580
 285681
 101554
 914668
 879815
 562455
 347847
 213746
 1007177
 135145
 528116
 10956
 1095605
 1016638
 1025111
 226371
 792372
 164857
 800478
 50492
 235741
