167745
 975186
 256157
 1056039
 42113
 634934
 794585
 241075
 626421
 1014915
 444800
 642723
 637986
 672326
 999444
 123713
 118820
 588731
 804581
 219201
 537166
 825259
 301795
 70227
 58735
 724514
 2089
 359662
 1059678
 387735
 635056
 282074
 464832
 838294
 681080
 567137
 39705
 610466
 619889
 805653
 804720
 553214
 395940
 898052
 575734
 657928
 957006
 663762
 163199
 1061432
 525976
 59151
 677639
 1056770
 763223
 855397
 218574
 651387
 621168
 592492
 705383
 600839
 56565
 871218
 772196
 463080
 725966
 193580
 676991
 117325
 131611
 954442
 752644
 591527
 721404
 764316
 844244
 192107
 663758
 937309
 242481
 292856
 92552
 238234
 868543
 1037789
 797749
 496710
 97525
 709722
 881336
 918172
 202889
 823027
 611902
 891069
 876
 809388
 7040
 360790
 880759
 281947
 361448
 713301
 816671
 1009330
 261611
 642118
 1056307
 964806
 358612
 72911
 1002147
 109843
 417791
 789033
 120228
 487759
 774182
 804216
 477176
 815400
 32420
 690541
 1060913
 416941
 358892
 743420
 773390
 1050311
 914846
 842972
 115215
 302911
 217070
 368882
 857265
 552929
 464425
 479712
 480587
 299713
 67872
 56928
 945852
 538770
 12851
 184684
 24067
 684074
 69296
 62268
 1045093
 44285
 518899
 421966
 561758
 35762
 418892
 140263
 73377
 68493
 84631
 613724
 733584
 34788
 791815
 397148
 688714
 335692
 908680
 755779
 1006478
 813955
 594466
 456187
 372578
 204081
 402683
 243203
 835801
 117294
 773615
 1007620
 1088154
 391926
 84685
 34915
 533891
 1088693
 561264
 567959
 607899
 943564
 484059
 1097247
 757789
 154228
 757875
 420994
 1022441
 829287
 894090
 1058648
 311129
 991194
 155458
 673714
 400341
 673062
 9986
 279853
 935519
 764116
 297997
 947200
 926872
 669521
 81505
 462339
 953423
 552752
 333537
 279426
 278916
 445984
 280815
 173096
 1048989
 85706
 494220
 706668
 713224
 663721
 998562
 314912
 722662
 1038604
 951129
 183364
 504480
 340422
 602508
 327251
 530083
 933497
 138295
 1022436
 695529
 93957
 161412
 827365
 470548
 1018883
 130506
 1039631
 791930
 138598
 414424
 800836
 435303
 177678
 371373
 1043798
 80557
 692592
 323260
 690952
 397775
 898451
 23150
 849860
 226355
 351068
 582073
 526770
 409250
 120622
 739374
 474432
 811117
 199025
 85307
 787
 647618
 47563
 384508
 61055
 583592
 479943
 402326
 181950
 809313
 257109
 819610
 528295
 115270
 14729
 125777
 234613
 602372
 630268
 130210
 123012
 550957
 1043544
 887665
 10008
 127052
 641167
 121350
 179276
 836931
 525271
 27802
 877482
 76159
 576179
 1095396
 486838
 873406
 96814
 225275
 808044
 570051
 149405
 84574
 323654
 1024072
 194823
 736483
 722329
 796844
 6720
 717977
 130637
 696253
 62881
 629826
 540145
 840274
 49762
 456505
 101156
 121648
 1083871
 938910
 160772
 282399
 899668
 689911
 650465
 650137
 863374
 936139
 983197
 361082
 768633
 692598
 740199
 729862
 1003247
 906937
 500130
 1033547
 533410
 975288
 800052
 1028451
 783821
 945045
 500313
 77243
 329348
 476790
 135606
 21641
 890152
 901684
 1034668
 776670
 962196
 702311
 328384
 145028
 868390
 655575
 469220
 425370
 463445
 297179
 388385
 778523
 616098
 140968
 151669
 941321
 333296
 810712
 76274
 580646
 1089260
 575237
 1040116
 279442
 114838
 280580
 453306
 514163
 463581
 692334
 1001021
 789881
 575018
 877456
 783628
 1016984
 752763
 605342
 292701
 44238
 657721
 618195
 54008
 398225
 621067
 955866
 432765
 174316
 350249
 857698
 156323
 479388
 490370
 621494
 92769
 978713
 28468
 1010526
 41962
 440181
 250568
 968875
 1055732
 1097183
 445566
 514987
 668694
 245322
 169729
 74238
 34110
 845736
 220123
 213547
 171083
 1039725
 851924
 968658
 86631
 728342
 242923
 64542
 876173
 746722
 125415
 883579
 893579
 656143
 764046
 585356
 972263
 395375
 781957
 613534
 56678
 711862
 71117
 63500
 396325
 817752
 748419
 149213
 623385
 300382
 502180
 703048
 760278
 683846
 822245
 406376
 1009657
 268962
 908377
 700148
 270746
 1129
 988014
 550643
 533485
 506979
 601148
 983787
 474152
 333587
 652730
 288704
 857356
 852561
 315161
 487434
 289555
 8933
 1003354
 734961
 358770
 1010403
 325582
 260363
 322261
 37833
 930013
 462727
 826233
 763851
 35024
 789728
 896321
 16257
 745722
 729226
 738340
 755608
 327207
 171945
 583851
 369718
 488168
 51672
 169738
 93262
 754267
 450335
 101269
 237964
 250825
 50375
 851100
 403009
 146272
 361241
 192863
 828541
 13171
 504654
 202590
 203316
 1016169
 559533
 612989
 943592
 8986
 65733
 300788
 497515
 480407
 322516
 856191
 743022
 379103
 35132
 459497
 275686
 83042
 447497
 633183
 162558
 876341
 589294
 567478
 286360
 661582
 441879
 929612
 234674
 860059
 1014802
 275772
 928109
 733097
 795396
 23781
 329283
 24537
 975995
 612394
 692362
 659179
 224478
 1060613
 677514
 946426
 1092155
 342577
 236891
 931548
 946101
 588141
 710809
 1028887
 996823
 291781
 509502
 102334
 107598
 686233
 295761
 506357
 960960
 520725
 762620
 430869
 335203
 340518
 382004
 451375
 118479
 613020
 443204
 205270
 490281
 253426
 878442
 851581
 395931
 27386
 175233
 325738
 645571
 267239
 828037
 163899
 359498
 463542
 57911
 882871
 259419
 952606
 717389
 782909
 1099636
 1020855
 667300
 1020824
 1026738
 396103
 500205
 60134
 1028289
 939623
 406848
 584804
 992624
 373314
 139057
 110952
 616091
 1021511
 664601
 1074820
 29611
 574480
 187295
 571296
 105915
 989915
 873830
 640577
 756038
 206775
 856230
 949850
 721742
 927842
 599892
 664878
 552154
 788500
 186943
 749692
 258822
 513170
 404743
 435332
 250766
 148471
 265777
 64003
 552292
 93182
 1090151
 1050718
 805480
 119907
 941059
 1047957
 303107
 584345
 992888
 452897
 258184
 554367
 692680
 528108
 147096
 536847
 568088
 478659
 388918
 1073246
 282625
 511293
 327605
 800290
 345125
 301632
 693554
 795983
 812855
 6563
 49028
 1068135
 521389
 1047262
 100565
 458500
 745347
 1018991
 735561
 1040533
 847150
 92792
 153854
 305632
 693809
 970445
 81258
 133389
 968638
 286284
 808585
 995363
 630013
 364680
 275236
 605417
 549197
 476929
 703760
 997571
 27893
 775397
 13622
 1063271
 855131
 990928
 397170
 328519
 641914
 753435
 708601
 985733
 307592
 585007
 464573
 77670
 354961
 569601
 986893
 8804
 513045
 1034615
 837176
 293927
 448516
 880112
 56572
 373270
 703680
 184700
 409809
 555638
 524777
 221035
 214483
 600740
 823166
 732381
 957066
 879548
 623336
 168149
 161055
 669205
 125915
 688987
 777649
 1039760
 157286
 1040985
 311450
 9247
 467672
 1037246
 331515
 679405
 937120
 952979
 951984
 439029
 582499
 564351
 947339
 464504
 501108
 1083812
 104935
 530590
 36599
 143465
 883695
 693609
 589260
 155315
 773804
 199561
 721731
 378836
 519412
 45806
 355553
 865052
 170444
 1096995
 253242
 561498
 192335
 1039696
 816255
 948457
 906928
 48721
 606304
 435947
 628753
 1090507
 291616
 191651
 379107
 890411
 64504
 874160
 952968
 1070728
 1015827
 1027903
 400431
 594014
 383119
 75056
 337273
 723979
 435392
 650862
 544628
 1093060
 777324
 75903
 101820
 1065997
 631700
 171079
 641914
 52722
 715745
 265207
 484715
 93190
 435365
 393274
 755509
 339212
 419432
 914892
 687125
 279203
 683860
 8433
 690357
 303880
 459916
 762515
 1021201
 624583
 963203
 110108
 904051
 803592
 200289
 615764
 267421
 1038536
 571089
 1086086
 311795
 640159
 261503
 869325
 292714
 592956
 1010227
 739673
 3024
 799790
 110454
 755915
 124355
 516799
 163553
 163990
 844619
 808898
 1006763
 1012304
 890619
 906594
 271262
 479852
 954572
 161389
 1006078
 114553
 732819
 478604
 392049
 1075221
 94124
 43884
 239037
 629465
 1072748
 556718
 1089543
 237497
 1003952
 554139
 443345
 1072623
 686322
 610990
 993482
 838715
 743389
 172218
 143482
 881809
 1011516
 675901
 1057986
 324682
 73019
 865016
 206425
 781261
 434645
 734354
 129176
 72468
 997575
 229091
 218508
 13159
 932898
 129277
 943373
 862729
 1026533
 758327
 1027735
 1083810
 484622
 510350
 170789
 953929
 268778
 748499
 487692
 1048595
 304513
 506995
 327312
 583002
 105127
 144530
 884954
 234110
 523866
 72685
 893679
 1091338
 1097620
 573801
 871789
 733943
 472912
 913185
 471842
 625595
 357572
 279175
 613856
 370756
 70460
 204303
 1058478
 999604
 286241
 769015
 845592
 523097
 224340
 872844
 991219
 721660
 1047001
 341845
 676584
 104406
 401003
 476012
 163307
 136025
 590897
 468910
 373826
 905737
 12618
 305137
 786172
 939760
 246067
 782939
 79092
 549679
 595685
 961377
 435565
 613258
 729395
 462132
 379317
 509142
 795285
 633125
 771089
 25796
 523636
 312058
 963815
 577333
 526119
 1099269
 610256
 709693
 731997
 698439
 520420
 389891
 717572
 646955
 33393
 460916
 1087135
 566833
 734404
 917019
 104027
 512792
 860285
 1034742
 1097282
 481098
 233024
 566916
 103138
 473147
 544994
 798706
 483378
 825004
 1064842
 118152
 419310
 1001657
 558036
 588367
 431093
 592975
 828281
 325212
 19905
 646653
 4180
 336968
 900833
 913669
 290281
 554930
 613091
 92302
 1013192
 993364
 155258
 14042
 589251
 901942
 297324
 1071459
 78065
 404650
 846836
 75209
 616745
 936296
 331482
 790751
 441417
 626494
 90207
 697295
 853475
 770328
 370803
 897163
 39358
 448986
 230815
 4445
 9615
 57117
 543834
 155236
 262151
 603678
 94411
 592126
 458898
 905582
 961774
 703999
 202831
 4308
 762708
 431231
 9937
 125471
 302726
 450834
 701991
 1069264
 984470
 858375
 754504
 367761
 459265
 606246
 194566
 610708
 495443
 415688
 304185
 932894
 466407
 780677
 273823
 668253
 989499
 961114
 826211
 216836
 1016096
 3573
 1086350
 110446
 615272
 59705
 550100
 748838
 873823
 156595
 326644
 123965
 334091
 627849
 912920
 564167
 451389
 1077912
 52485
 193551
 525711
 655467
 935335
 983706
 402724
 504538
 857661
 1088553
 1068329
 37689
 170170
 475100
 69112
 536882
 773358
 593637
 744388
 428236
 90202
 1087119
 932475
 804656
 470554
 1004468
 197568
 411607
 83912
 541595
 346842
 857908
 345723
 231904
 228198
 453259
 608331
 1083528
 648961
 647856
 413415
 249756
 638813
 1062441
 520048
 472327
 269860
 331099
 843982
 1057651
 9636
 984865
 608839
 460340
 912352
 125593
 92116
 142616
 1065792
 1051765
 844667
 138577
 593316
 314512
 785143
 344530
 33325
 203731
 704821
 745399
 48210
 501679
 126243
 1001451
 533956
 946861
 399823
 1064386
 975043
 198181
 940686
 285931
 873036
 625661
 70662
 28788
 826180
 100882
 1019978
 227668
 905028
 1057467
 333368
 296341
 315356
 839727
 51701
 451552
 1052047
 236649
 619757
 761442
 288654
 284633
 1009929
 886896
 629861
 469283
 261672
 31310
 462807
 674020
 58685
 683889
 69113
 513116
 1078338
 1055970
 238019
 47949
 60146
 129326
 487375
 311708
 356681
 993976
 101639
 755089
 1062626
 789348
 190412
 551938
 1043070
 387506
 518892
 773024
 550069
 984722
 896250
 31863
 742435
 194770
 867240
 339890
 451770
 1018602
 434557
 557162
 1080809
 1004404
 467901
 294286
 167420
 702251
 664292
 378606
 877877
 293813
 875672
 986349
 151565
 1039319
 955526
 981092
 571341
 33188
 721905
 889310
 995242
 125896
 293298
 955114
 810201
 694773
 875645
 16347
 855233
 658982
 544603
 625942
 547422
 400330
 94810
 488389
 138317
 595853
 911977
 126426
 545864
 698026
 1040123
 910093
 870168
 773377
 754452
 125765
 517218
 589076
 413715
 185771
 1083956
 523406
 857179
 822904
 66658
 453288
 90254
 235239
 704587
 661316
 76112
 126323
 942817
 773502
 1019676
 437427
 155007
 1050423
 310865
 667318
 811129
 285881
 443944
 452341
 832380
 943301
 67111
 1065757
 18303
 810878
 498288
 1463
 583884
 670311
 99618
 571851
 13896
 777166
 79636
 224927
 795613
 482216
 1020163
 162193
 497022
 1011051
 786270
 17812
 790963
 672837
 515269
 616942
 939653
 818497
 596024
 862968
 412260
 33608
 658020
 141179
 682740
 1029488
 42607
 452727
 447025
 433503
 247662
 625423
 443409
 846018
 403755
 232996
 1084866
 1072110
 241822
 1023411
 1045539
 160287
 369454
 516774
 1069152
 693274
 209321
 944489
 754765
 1008586
 601772
 439842
 858518
 918980
 698968
 886361
 287487
 691010
 891439
 236104
 866683
 992063
 804222
 426179
 352186
 1041992
 975827
 789435
 907646
 877472
 1059987
 914040
 448856
 674721
 883872
 976634
 852948
 859557
 795326
 964565
 831738
 950903
 232743
 633711
 100095
 333871
 1017227
 218647
 295149
 194642
 538073
 453692
 80012
 661721
 683194
 64650
 50053
 272589
 961419
 23616
 286360
 47482
 214648
 8799
 554757
 545520
 566352
 334016
 568540
 488788
 526923
 400031
 648118
 707643
 364131
 997197
 800337
 352198
 1079925
 757730
 674289
 297666
 349394
 660819
 919371
 940681
 110453
 793411
 721170
 167029
 742019
 381905
 30988
 201430
 710235
 1097627
 1058675
 222614
 439165
 326686
 406134
 107510
 132826
 134510
 334464
 346733
 688994
 848504
 257964
 528578
 818926
 616385
 821392
 243301
 486902
 609929
 990237
 617290
 805201
 12528
 1038712
 961484
 996434
 668315
 871377
 376715
 268394
 368873
 355923
 91018
 192447
 926450
 670618
 234866
 722653
 274323
 730459
 1063928
 1026992
 1043238
 998556
 549585
 467516
 973200
 477805
 988338
 249675
 609176
 794878
 285876
 567010
 328434
 367228
 813537
 981081
 930958
 152386
 889378
 527139
 811617
 285689
 891598
 832389
 364372
 362039
 281553
 643431
 503329
 906848
 185097
 391818
 571096
 397845
 578100
 589165
 409306
 1002963
 105881
 386084
 8845
 381978
 367342
 970121
 895983
 300972
 418920
 474189
 456783
 442098
 521369
 318428
 178968
 616330
 1000457
 792695
 82389
 732907
 728150
 43106
 209650
 713735
 599286
 210249
 355852
 692531
 384110
 811508
 349757
 1073141
 602907
 113200
 873544
 881329
 678708
 250762
 370416
 727464
 444346
 1062661
 1006165
 565805
 704908
 166613
 606579
 452427
 1097402
 590112
 392200
 753294
 691375
 21533
 197741
 524995
 521130
 763888
 1028635
 583408
 645134
 979199
 787092
 871687
 154265
 866066
 803725
 534561
 154774
 47295
 552461
 811058
 786856
 769643
 337406
 18021
 219278
 315292
 1036977
 421486
 522795
 1006075
 568778
 1097121
 500079
 850632
 66086
 761222
 957679
 822424
 967285
 819333
 480653
 281716
 993781
 282544
 568754
 235720
 368503
 1090389
 530940
 909725
 315953
 442890
 183325
 121579
 382390
 303156
 947298
 539165
 448181
 1002092
 487498
 226872
 478467
 201661
 918833
 530643
 109083
 240433
 316861
 236864
 666975
 681406
 854640
 810987
 290895
 136782
 686977
 143421
 317347
 241918
 559874
 1066520
 933077
 523769
 221865
 221427
 667376
 944983
 517762
 550850
 210657
 671692
 398549
 971081
 130921
 107243
 1060420
 100529
 957305
 173193
 104699
 846016
 793081
 697080
 60413
 879118
 358425
 687298
 536674
 655572
 531311
 661826
 745141
 374715
 270571
 465556
 839149
 887963
 118379
 906638
 342252
 902389
 998374
 4382
 394630
 209178
 821373
 875241
 248076
 36667
 709704
 472304
 497355
 144464
 828236
 583261
 427696
 839351
 686459
 236593
 1067518
 285235
 613402
 986482
 666691
 643520
 624224
 17250
 728525
 783347
 154655
 1063158
 121232
 1013038
 899381
 486577
 136679
 694743
 120013
 848579
 538178
 664092
 716110
 426306
 530738
 290562
 1004189
 210523
 195382
 676612
 240574
 923416
 622856
 975498
 382163
 961840
 351470
 357259
 353959
 335861
 503259
 1059647
 950209
 130386
 720743
 658420
 998722
 1063453
 658911
 383102
 514663
 663480
 392013
 601138
 225693
 379736
 849466
 94534
 815246
 853987
 190160
 183182
 258647
 739023
 518513
 229337
 456764
 952590
 412902
 600487
 677129
 545823
 154135
 256107
 1054890
 774592
 246666
 175074
 267775
 86697
 916781
 607402
 1007025
 474117
 139558
 42663
 864051
 855187
 377390
 84098
 461953
 658048
 21682
 936879
 738519
 1038617
 873806
 660528
 832521
 361888
 859402
 326492
 98731
 848515
 866060
 854877
 52458
 399763
 691232
 564164
 589933
 873791
 969362
 579487
 936418
 742557
 572618
 626024
 22555
 845319
 1048788
 827471
 600432
 464369
 538570
 382872
 646211
 1026407
 308703
 817538
 729066
 662944
 1008737
 283334
 186024
 829306
 978655
 185612
 15187
 230813
 859666
 325759
 121049
 268329
 601544
 207273
 411978
 890354
 1073056
 699688
 974830
 400374
 1025048
 95063
 452330
 929411
 772128
 1079477
 37193
 959749
 429678
 128111
 237682
 631805
 1080329
 1012732
 819552
 622270
 691560
 677416
 198749
 108754
 983011
 949593
 74666
 174755
 31309
 1080311
 791078
 804934
 1094103
 506837
 1063291
 448562
 583870
 913190
 28560
 28844
 272958
 755523
 722572
 1092019
 1025883
 821696
 95887
 776865
 322300
 527028
 109489
 823991
 189913
 867781
 220720
 693946
 663610
 42706
 445386
 19730
 957317
 853148
 13109
 622140
 267073
 785485
 933077
 895604
 301845
 484313
 817064
 278589
 705878
 955365
 1070056
 302929
 964080
 649976
 611217
 745982
 695416
 1001593
 652033
 1045581
 711219
 895028
 777783
 293415
 1030713
 392508
 535839
 799054
 566736
 559877
 280027
 820963
 364502
 1059332
 294454
 878023
 516433
 195220
 626955
 228168
 968105
 449935
 1012934
 441153
 814357
 19117
 4351
 402722
 597401
 699603
 730517
 912336
 639018
 597899
 90322
 129063
 499504
 151010
 378892
 399761
 77130
 1029903
 921313
 893618
 902038
 372450
 588722
 912690
 874996
 1096681
 927567
 414533
 286040
 1046818
 1091222
 143621
 237710
 824261
 486783
 227378
 586576
 570355
 1057922
 369208
 995855
 98502
 63298
 973023
 956945
 123005
 438246
 694433
 882474
 21291
 936057
 70029
 591252
 436990
 129059
 517676
 508832
 975573
 980307
 760907
 188696
 672841
 654313
 208295
 363235
 117765
 964147
 481658
 666670
 659141
 297234
 926914
 730779
 476880
 1027244
 47777
 1056554
 836275
 228510
 224161
 607721
 735572
 154222
 907144
 345472
 782496
 696105
 906587
 240272
 698718
 135955
 763626
 66427
 593684
 806233
 32217
 265304
 308615
 132130
 947784
 609653
 436289
 82236
 747123
 362937
 912369
 124018
 446167
 606845
 97433
 60621
 77594
 1066515
 872233
 812232
 542506
 551329
 105187
 502125
 180446
 1070951
 467838
 1051794
 62986
 409783
 282031
 97089
 1053854
 512755
 1035794
 484871
 623041
 196516
 285615
 730528
 613006
 795929
 1046199
 890292
 1000811
 32201
 1051689
 282498
 583546
 471867
 743313
 347978
 540478
 514722
 951962
 528329
 259011
 493374
 1014879
 764863
 939696
 1056897
 281922
 225110
 305038
 925835
 1055995
 613515
 151765
 578162
 196726
 61553
 48827
 812602
 514698
 50861
 842682
 780044
 986311
 648959
 738984
 845009
 989239
 420835
 676298
 90408
 96907
 505991
 176541
 1023720
 49739
 133237
 1059380
 533227
 912584
 77672
 513312
 817087
 39433
 707788
 542354
 399255
 750596
 405030
 877385
 1075168
 203729
 221886
 457435
 367730
 985208
 250223
 831278
 695424
 296894
 979028
 190950
 336419
 564374
 320579
 984673
 608605
 261850
 11719
 940652
 638483
 232015
 244491
 371856
 860397
 827277
 493066
 295231
 85555
 944191
 981642
 874121
 643892
 688863
 259543
 47066
 965494
 538931
 682435
 391390
 818627
 129195
 47657
 534732
 777063
 158800
 767057
 128529
 97263
 790883
 6019
 595655
 135723
 585842
 439733
 842455
 189797
 313126
 198184
 344786
 747406
 122276
 119969
 129839
 1025593
 325400
 708825
 1092402
 196383
 12886
 360909
 1060643
 421082
 1034084
 583730
 606075
 152601
 486535
 181031
 982010
 301873
 543229
 230595
 973
 99396
 471581
 673900
 387645
 557000
 208175
 16212
 908104
 334715
 641613
 1047367
 791746
 284496
 242966
 44866
 138976
 772281
 985469
 288786
 704407
 562697
 39014
 1061404
 923893
 236048
 739446
 573291
 929847
 486874
 190078
 185572
 58878
 948048
 587625
 189420
 1007432
 88076
 856791
 376320
 252975
 874760
 30589
 948499
 749533
 638797
 534063
 643819
 1030727
 453330
 261735
 495412
 798794
 1048519
 779865
 972725
 285449
 135982
 410814
 685408
 167634
 1083010
 799437
 930993
 888390
 1022363
 32820
 361227
 118692
 1037019
 865571
 915883
 456948
 381652
 365078
 859442
 714631
 940256
 1046376
 70520
 715852
 662741
 1023173
 739803
 62725
 384418
 864623
 1028814
 229378
 1066102
 422891
 607257
 873480
 825573
 455081
 958517
 400021
 546301
 102068
 905621
 81752
 428925
 1046461
 959542
 151906
 518592
 836003
 251160
 833110
 317081
 647068
 667143
 69465
 607889
 728751
 284740
 607910
 214740
 246576
 571278
 845270
 208620
 265818
 1090447
 371236
 999794
 728117
 989805
 908669
 547652
 425891
 163127
 1004929
 371661
 192578
 809976
 482465
 813760
 657260
 899173
 102000
 264611
 775099
 296893
 966986
 901249
 596344
 323813
 1091793
 998123
 382134
 997803
 810718
 1098211
 73237
 521999
 165436
 758642
 20976
 335643
 781765
 251265
 554770
 1053944
 725335
 682674
 408417
 975410
 20304
 208149
 973845
 951079
 815394
 930660
 337093
 745716
 915378
 600863
 463851
 68880
 79957
 1749
 400724
 614318
 332828
 763725
 631128
 125779
 844350
 973085
 574071
 39775
 776702
 800641
 100121
 926179
 598510
 512139
 9844
 966129
 361817
 378225
 570701
 1037583
 945134
 23905
 709862
 222393
 408370
 455844
 522126
 2567
 50285
 120315
 226673
 751811
 821833
 942342
 1041912
 947694
 357851
 198745
 707644
 891354
 260901
 200053
 538129
 738706
 264534
 896787
 844178
 224452
 406488
 859005
 232579
 890279
 963569
 994259
 548954
 92112
 391248
 554035
 943383
 82823
 1070164
 780272
 1054479
 469360
 323561
 624422
 864934
 758666
 128350
 185141
 987878
 1061073
 1068027
 157782
 510169
 1054284
 273834
 287960
 517516
 833765
 482025
 589761
 912723
 1027243
 381850
 1040076
 690242
 134381
 270638
 74880
 876862
 259928
 767125
 1018436
 844909
 300939
 631806
 770748
 1009163
 437050
 401898
 837156
 578223
 363139
 348885
 312777
 769130
 874608
 481649
 972312
 1087790
 19900
 268933
 1011488
 913044
 846866
 1359
 432393
 646242
 573074
 862436
 689148
 807562
 628163
 947059
 313263
 625001
 544579
 810465
 936735
 1039647
 473193
 538526
 608153
 387902
 905653
 989455
 683157
 316263
 4605
 60875
 556356
 972137
 599729
 295152
 1000232
 228752
 974594
 647194
 814172
 438841
 59745
 420146
 695484
 368441
 804482
 1030214
 442469
 212376
 148126
 833061
 785148
 500412
 1017043
 115332
 1084676
 286240
 1047145
 277165
 791149
 983394
 535774
 999629
 421090
 266634
 76630
 46281
 544124
 579725
 995276
 244870
 674208
 160234
 306179
 72994
 247467
 839063
 533097
 525764
 526813
 441652
 882229
 154048
 894441
 601577
 202846
 145331
 641229
 71612
 640405
 869471
 548926
 1087860
 498071
 161412
 319682
 5303
 45174
 958283
 1002351
 1092155
 155959
 962492
 66812
 514928
 994661
 303068
 34923
 277215
 260191
 613555
 773829
 608191
 751895
 107101
 585723
 144837
 574054
 208256
 34181
 508720
 758425
 942601
 705477
 710995
 12919
 301818
 70052
 887500
 515952
 998214
 165049
 140075
 647769
 335588
 136182
 1064706
 702339
 62412
 573296
 952019
 24437
 487845
 998601
 385493
 988824
 937465
 1002974
 639137
 792235
 313952
 518184
 1032500
 203792
 957875
 111084
 956640
 530137
 396102
 916730
 651382
 550356
 637606
 530709
 843901
 368839
 633189
 497901
 649166
 927052
 366762
 740611
 915635
 147966
 221654
 633972
 251797
 928618
 108354
 121921
 460015
 768608
 210008
 730149
 760326
 773803
 179596
 251575
 583009
 790842
 622069
 239744
 804529
 526452
 579538
 233365
 348519
 190007
 687410
 115443
 744245
 735452
 852011
 701754
 1025522
 88301
 102960
 133213
 968277
 788941
 108165
 269288
 745125
 283352
 628179
 671174
 318329
 949286
 38971
 821939
 367869
 639578
 892776
 112412
 659723
 665538
 516829
 1007120
 144548
 215390
 788309
 590929
 758180
 975873
 242431
 116506
 729060
 61929
 745708
 821152
 805530
 194636
 773468
 703138
 889711
 532173
 508467
 398102
 934653
 1050195
 888534
 848738
 629734
 1047365
 742336
 1080085
 467689
 118942
 591397
 847070
 77209
 604772
 842161
 746356
 384682
 361775
 677940
 322708
 486960
 360599
 295760
 566417
 31656
 409939
 139739
 319781
 222276
 501367
 625224
 959737
 1041978
 16691
 811832
 701591
 496445
 911662
 825611
 86017
 674016
 235101
 558372
 415650
 499512
 382923
 90072
 732269
 749726
 705280
 692433
 136439
 115981
 609651
 658601
 358633
 344600
 1073602
 875065
 392366
 514383
 113034
 952232
 999110
 166004
 351749
 154308
 606475
 1090645
 759671
 857536
 423362
 823729
 849675
 466365
 39189
 166565
 271744
 280731
 272796
 663890
 203693
 174672
 277427
 221297
 305464
 839307
 244306
 887383
 787425
 211931
 36345
 876297
 387618
 781717
 373549
 205476
 306677
 182249
 609245
 1046386
 836035
 908994
 518476
 1024832
 603991
 758776
 324378
 879674
 753320
 499423
 144255
 58060
 779516
 747148
 727087
 36355
 158784
 1096217
 370262
 727445
 442557
 773420
 1046668
 1098478
 681284
 288441
 140560
 159648
 464101
 949848
 799412
 1029410
 665835
 157162
 731549
 592240
 912796
 1016558
 1043852
 1020684
 975341
 683880
 962773
 911014
 297696
 408702
 279726
 372131
 564041
 21534
 706128
 164786
 819408
 616787
 667710
 938691
 908260
 62489
 774034
 1098113
 138169
 284121
 172881
 149106
 123099
 60454
 225569
 951535
 462545
 16001
 761471
 646215
 233440
 521579
 931955
 162000
 964476
 784125
 775162
 597481
 997699
 465158
 915193
 466735
 1066834
 608380
 580382
 319717
 886630
 855879
 179992
 410076
 468341
 520375
 673361
 1086719
 979982
 26463
 960252
 402842
 844177
 520049
 836595
 241403
 256851
 512013
 994300
 274375
 741169
 698166
 264021
 710863
 106161
 939357
 129803
 361522
 634442
 133193
 63172
 313782
 859381
 1067442
 792352
 748036
 401710
 765026
 1089513
 1024441
 998983
 1008672
 834474
 463380
 874986
 117014
 776051
 159522
 940385
 663617
 886494
 34874
 594570
 184056
 603556
 567677
 822668
 754037
 227265
 679078
 56204
 660722
 714586
 172457
 244943
 642467
 454908
 574332
 389040
 455640
 672170
 544686
 566508
 904255
 565005
 932321
 734529
 138034
 537479
 668953
 426853
 186439
 268815
 689975
 99389
 822135
 1059213
 189544
 292919
 191631
 119142
 310435
 908972
 614891
 263627
 341563
 421386
 704321
 643695
 452739
 773973
 697630
 951490
 829421
 778693
 508575
 385707
 796338
 181193
 192286
 765325
 428530
 1015498
 418575
 125202
 740010
 817119
 700220
 670144
 663989
 337347
 748536
 554092
 134024
 694602
 750968
 972860
 726257
 387746
 816656
 903731
 828071
 647106
 406430
 10149
 1035389
 529949
 688739
 169556
 385427
 107452
 184708
 276925
 356983
 183394
 521042
 741321
 911326
 744449
 236815
 179915
 457128
 970621
 367299
 598305
 764540
 77817
 1097161
 693345
 619674
 616076
 233301
 429702
 25573
 950442
 559311
 528175
 82476
 854353
 530163
 655356
 211137
 199011
 244321
 677881
 807114
 152797
 344210
 461266
 793384
 22513
 299380
 128356
 361451
 238700
 375835
 107393
 641649
 5227
 691368
 826716
 1001313
 915468
 831247
 45810
 851457
 637458
 713038
 938965
 327368
 789818
 196774
 318124
 422234
 759012
 508995
 287773
 1098029
 541499
 233691
 71087
 591069
 188031
 608269
 668945
 993095
 210075
 887200
 700817
 812704
 236322
 1004831
 85107
 871416
 750253
 843855
 227621
 388117
 224530
 199215
 729170
 457553
 813397
 631825
 568055
 520411
 287670
 411821
 512971
 882520
 865963
 617369
 1082398
 1078650
 468728
 465785
 146634
 666207
 598548
 337619
 478701
 369838
 413212
 745596
 1040252
 91171
 963839
 34428
 197261
 106615
 481132
 1062084
 91842
 374923
 274451
 234864
 747830
 761731
 590188
 240128
 847422
 526509
 538978
 96159
 7912
 503466
 42404
 607556
 577781
 372259
 558657
 653803
 1009828
 591508
 1013444
 567382
 258238
 601016
 414278
 93636
 44020
 151395
 639233
 89575
 342988
 151753
 860781
 576699
 335354
 319037
 1042134
 626411
 631185
 95640
 165892
 222109
 786584
 1023947
 171394
 241366
 646418
 450027
 218377
 877164
 1063763
 251874
 681632
 688361
 976126
 185982
 999300
 994743
 870442
 752235
 1004171
 635248
 402768
 519915
 410196
 774208
 188570
 791589
 283568
 455151
 130315
 635564
 1025102
 156534
 861020
 973376
 562594
 173256
 289112
 445000
 677378
 562648
 576558
 1092768
 294271
 237122
 298660
 248952
 582378
 351158
 999028
 1029021
 880744
 182
 656047
 740855
 408907
 86186
 685373
 866353
 327066
 197449
 184636
 38635
 200117
 586894
 968483
 809717
 300057
 73725
 920067
 374539
 658777
 398848
 466155
 393937
 584044
 805422
 437173
 707643
 299271
 977558
 226435
 409597
 818049
 627457
 617584
 643340
 972066
 1045016
 551822
 318519
 356978
 495954
 506428
 47572
 225537
 36412
 700591
 633709
 865692
 407190
 705265
 349421
 22512
 84243
 309011
 936965
 567610
 535050
 10694
 1068229
 364556
 430909
 180973
 5580
 1071348
 626958
 46023
 115481
 612986
 496162
 358810
 416900
 772583
 417604
 447867
 911595
 76173
 324792
 421855
 320718
 440917
 194310
 871226
 89905
 215902
 58314
 734548
 176077
 908657
 826274
 237958
 110843
 516167
 594060
 1021886
 325084
 207996
 369945
 2288
 529085
 747859
 12868
 306308
 62112
 450824
 575321
 466161
 563121
 912153
 871699
 1093165
 146857
 10294
 587187
 73178
 278175
 413833
 617470
 280465
 831948
 263940
 844821
 647817
 723926
 644427
 572254
 812646
 129854
 676975
 206819
 477644
 844941
 813998
 265925
 287011
 498078
 635341
 644730
 672394
 1063092
 384506
 1056055
 217286
 521526
 918113
 769773
 1039783
 1043145
 486941
 64766
 582990
 575111
 817378
 6315
 297978
 978279
 507630
 643892
 671495
 41281
 521866
 1046657
 345924
 28592
 909268
 922569
 309980
 29478
 130224
 570041
 413295
 43035
 383564
 1702
 819051
 702353
 492610
 60352
 14542
 965056
 850218
 500334
 409645
 4126
 887447
 485093
 125632
 1016869
 940600
 707646
 542275
 330675
 9162
 143127
 736396
 73
 763438
 708841
 828485
 780659
 145583
 216255
 217728
 588845
 643944
 403394
 211168
 807579
 1097682
 387834
 976888
 536852
 877647
 391492
 66625
 555423
 899500
 834501
 837832
 209649
 339562
 46163
 20751
 892697
 977927
 582929
 887525
 1053399
 130200
 657034
 820212
 792954
 810074
 170831
 749874
 868608
 286124
 92120
 38384
 599527
 128847
 290588
 585600
 184982
 248217
 535381
 201225
 149611
 222033
 79224
 522678
 723296
 1092091
 1096436
 639309
 553849
 487569
 175824
 174881
 854321
 102178
 331154
 969439
 352059
 991429
 457954
 403005
 1051987
 241629
 247989
 206969
 882612
 51757
 447377
 279098
 158749
 609905
 155643
 671895
 977537
 602605
 626014
 688400
 531930
 184637
 573884
 597690
 485394
 913257
 568171
 575339
 344277
 298013
 452005
 350858
 654116
 512288
 1073018
 858599
 1039859
 136075
 651230
 107699
 277482
 700136
 876148
 673743
 453568
 776080
 1057220
 873250
 352066
 103692
 482
 847937
 354219
 1016866
 508406
 554263
 778600
 685547
 281418
 995693
 663365
 312417
 347271
 209517
 283941
 459247
 627165
 712620
 520071
 135731
 152264
 745376
 927742
 395226
 446262
 859486
 566422
 755319
 552199
 654375
 168086
 601272
 1050956
 758080
 976696
 517356
 599197
 1039386
 762896
 110725
 925084
 1076085
 261945
 586625
 1097370
 943632
 811103
 164925
 193920
 4897
 145425
 373753
 607500
 856408
 466563
 983080
 790710
 456319
 847512
 19227
 900543
 1026795
 811248
 204858
 444729
 974830
 145632
 662537
 135864
 1061205
 844136
 696990
 737598
 419345
 864100
 889065
 908085
 612506
 765429
 116882
 835815
 441567
 760698
 572925
 817310
 127647
 352477
 96230
 473406
 762917
 725789
 1072476
 985949
 20348
 33641
 855150
 1041144
 310513
 931168
 971441
 191655
 700516
 352771
 355254
 450900
 1073684
 480565
 159796
 991586
 957446
 758519
 221488
 811250
 421889
 488384
 42681
 325193
 92397
 896067
 970727
 620746
 844201
 521277
 310182
 978733
 94222
 984973
 683626
 95757
 543201
 445853
 580252
 846786
 991224
 316813
 258604
 584984
 162095
 1018798
 814233
 147964
 191474
 499478
 952984
 488121
 639009
 84816
 1019046
 237485
 715498
 942851
 464108
 242222
 189476
 1023583
 4563
 592591
 329743
 874803
 860800
 431755
 453581
 152039
 840096
 485451
 758197
 13553
 711592
 475404
 416401
 514153
 568962
 632436
 192970
 700883
 674858
 642465
 728867
 761191
 863745
 242351
 175447
 745215
 441938
 689492
 733599
 476963
 28995
 443730
 522950
 694103
 684339
 891351
 416205
 233207
 10780
 925056
 531744
 823741
 717050
 810668
 1019332
 615564
 857031
 251808
 946146
 543225
 621473
 968448
 153141
 263338
 629460
 1089755
 57792
 417597
 225732
 722065
 85073
 744672
 896736
 204663
 792556
 38950
 111373
 368447
 298184
 975590
 931175
 963821
 76005
 355438
 109775
 426609
 201928
 444648
 1070235
 742294
 654534
 642539
 577288
 486732
 479234
 815910
 634855
 301313
 166274
 63880
 988428
 532355
 421107
 323954
 887910
 526608
 22033
 764778
 816481
 318035
 873900
 64887
 973655
 987279
 372126
 929610
 452421
 825543
 155594
 913672
 235916
 478208
 262055
 973038
 1096002
 221931
 297787
 97511
 1064512
 745025
 732143
 870113
 955927
 580854
 48458
 438572
 314295
 210506
 805465
 821818
 801983
 635359
 429540
 983446
 1078226
 1055463
 789681
 55352
 104843
 856684
 1024143
 809964
 519554
 323792
 809738
 322156
 581725
