364542
 1075421
 949506
 1067023
 1096755
 689200
 500057
 289617
 846894
 461566
 331864
 145795
 426218
 1025229
 24144
 1021581
 611873
 104715
 665245
 251029
 120953
 1006826
 74753
 541826
 978114
 793374
 425932
 882039
 240998
 365797
 780814
 1057826
 617618
 700491
 731910
 936370
 615441
 148179
 706444
 423268
 793194
 853056
 372383
 89427
 340478
 1085912
 117632
 313981
 630310
 892741
 441844
 25014
 208427
 648873
 135400
 387298
 211980
 11209
 426832
 78831
 248095
 211757
 467297
 1017769
 759394
 961481
 209343
 771378
 873904
 1002572
 1063372
 1070765
 235389
 796626
 183975
 829751
 63302
 474081
 454863
 589316
 453280
 294238
 646994
 945138
 644514
 816244
 485039
 406727
 350480
 588610
 78966
 724406
 691663
 930113
 29070
 239964
 602729
 767491
 1038982
 834263
 314827
 734458
 325663
 398586
 402672
 829568
 694442
 893616
 435464
 382583
 489953
 850933
 331275
 267890
 415974
 288551
 1076521
 745712
 383428
 44609
 677609
 853774
 72175
 749173
 192982
 913390
 1095393
 240138
 755834
 178114
 483990
 956678
 451983
 289356
 1087560
 1049422
 361610
 591793
 392641
 337032
 295652
 295239
 564676
 720509
 539751
 367001
 962919
 623622
 558494
 140916
 847607
 860522
 253667
 7728
 1059659
 694827
 871181
 198108
 645007
 664663
 276587
 196372
 258114
 153854
 111822
 558235
 96909
 916991
 1009261
 480094
 266298
 234153
 655021
 756409
 681378
 762419
 2220
 101413
 798842
 663419
 357606
 578455
 293410
 784656
 1028641
 389873
 962241
 870393
 683213
 384641
 907058
 503175
 317644
 1075321
 154201
 540109
 406632
 277817
 812229
 10623
 529979
 1061600
 813847
 110768
 906461
 942001
 58299
 31820
 9061
 789424
 103290
 274067
 531257
 966586
 919191
 137202
 198664
 149473
 383923
 419104
 367207
 982294
 545790
 590047
 487112
 437060
 711458
 327382
 486910
 472200
 1042188
 493163
 978260
 60050
 713416
 707267
 259486
 246738
 1077890
 1077515
 1097611
 232379
 310847
 876038
 567850
 812280
 535164
 993116
 539003
 390995
 52114
 739345
 137882
 278841
 801109
 356838
 640327
 524087
 658513
 740042
 605144
 676957
 997386
 928239
 360991
 351558
 997128
 239321
 695282
 293333
 793465
 130955
 125192
 634668
 377292
 701184
 17698
 288949
 444355
 1046570
 764693
 802374
 776339
 918551
 715412
 581790
 945986
 11562
 79730
 501605
 768041
 471760
 157791
 1035677
 314239
 629414
 268761
 298267
 478081
 935913
 55484
 459476
 270049
 510118
 15538
 370337
 171315
 776455
 263248
 710906
 159109
 530123
 34616
 513073
 769490
 511485
 932217
 446359
 1050650
 259965
 951141
 614282
 879598
 637114
 762113
 595590
 639793
 208656
 540310
 326510
 114978
 59533
 31815
 818762
 711974
 357393
 532339
 780314
 1064977
 773110
 445992
 909196
 678887
 639107
 991072
 277251
 1001687
 1035102
 959354
 684285
 772834
 746902
 984541
 114617
 8115
 975271
 154751
 974380
 661277
 340872
 702561
 1024901
 603062
 946355
 250796
 594654
 978820
 456355
 919453
 154211
 733353
 446802
 1056170
 351977
 717618
 759257
 989015
 120627
 705944
 264013
 59138
 215306
 911061
 1024236
 462222
 478818
 775418
 1063557
 307858
 228765
 1022887
 130665
 473202
 885113
 429779
 21004
 65032
 49666
 207763
 234578
 328159
 730373
 255882
 993118
 302840
 478587
 829997
 271922
 1042184
 495985
 388658
 33311
 1037495
 813620
 848692
 854429
 384142
 447180
 920960
 862009
 397029
 587983
 690680
 888727
 718130
 65198
 24358
 653488
 776433
 1037268
 846612
 774815
 671049
 347405
 743239
 936189
 740093
 539956
 841646
 43605
 666273
 903232
 51931
 394154
 923740
 546589
 512988
 282703
 953236
 613140
 370628
 177797
 926229
 217967
 1007179
 252762
 821539
 331750
 897798
 455223
 406880
 971553
 1052057
 709050
 369647
 706749
 116315
 626559
 35502
 575955
 538519
 782012
 148132
 750259
 314678
 272030
 844996
 164181
 402151
 610851
 444075
 228197
 444784
 3476
 419076
 185914
 403495
 960177
 934937
 436764
 375130
 639019
 1082980
 213108
 937361
 673007
 1015014
 235052
 30586
 75849
 9475
 33175
 385681
 178746
 393832
 668119
 545425
 742972
 704607
 971886
 817703
 317506
 620503
 757794
 158228
 515421
 130671
 20590
 688583
 362945
 403973
 1065279
 129620
 778077
 379701
 816177
 275279
 926976
 874531
 95200
 167526
 425695
 491585
 340384
 132968
 608444
 517638
 25302
 116910
 454877
 83060
 147905
 633735
 782104
 798228
 619532
 641012
 92350
 16668
 42396
 1662
 524216
 708376
 335694
 107711
 95211
 988227
 549010
 410579
 103485
 604337
 761821
 748195
 221724
 884034
 473662
 321321
 72709
 311014
 620300
 16481
 1059482
 817975
 753365
 591048
 865959
 853152
 841005
 400082
 901710
 77952
 552693
 540735
 980623
 823949
 541947
 451406
 55711
 519335
 289390
 771841
 455769
 288867
 825030
 188429
 127902
 433173
 571136
 1086426
 462063
 731187
 606224
 441076
 92484
 826716
 25459
 482981
 225679
 680082
 193712
 246234
 835713
 750715
 225602
 880827
 147135
 1071372
 51159
 843234
 548048
 330717
 378548
 177010
 83101
 922187
 738312
 563128
 329593
 848406
 184643
 739806
 805112
 549349
 458958
 400263
 691161
 790629
 288804
 393336
 355742
 401062
 842085
 151077
 649231
 1077085
 438937
 105528
 290105
 897185
 762597
 512355
 44903
 1031591
 1075869
 673558
 919109
 579594
 351169
 364816
 734369
 915473
 814108
 1048385
 497588
 1070026
 224562
 889404
 477278
 850722
 760567
 489035
 714375
 960515
 754322
 895369
 1013722
 66967
 275656
 1049983
 484048
 584060
 519795
 674755
 336323
 165025
 649009
 444752
 397968
 366778
 858919
 1039875
 1027518
 143798
 242180
 689543
 702671
 62754
 158919
 147953
 545667
 792826
 1039067
 691933
 1035626
 145739
 218117
 284340
 99603
 1038504
 407022
 219505
 758876
 976136
 155929
 250059
 726914
 215397
 188610
 850639
 256047
 999700
 642973
 264150
 292429
 942241
 129367
 1046116
 1004998
 627600
 896562
 78922
 381992
 158491
 717555
 467888
 961610
 58476
 689255
 855618
 243368
 124367
 510091
 85020
 1026042
 310664
 496339
 160702
 636396
 123770
 110091
 229867
 723453
 865969
 258695
 855800
 744937
 674612
 97311
 119111
 8672
 87652
 509586
 21540
 982503
 779618
 470107
 630511
 142899
 790409
 541156
 116202
 840805
 654346
 229960
 332946
 747616
 882685
 782557
 130999
 234734
 123105
 815786
 220957
 979938
 792605
 853422
 439258
 811
 948609
 912660
 167486
 57660
 1033352
 48835
 241659
 155523
 877132
 845408
 996409
 861703
 306743
 472365
 384085
 1082514
 649703
 220507
 368962
 988983
 573907
 1033332
 704972
 637639
 621487
 198586
 1061248
 592935
 263094
 536345
 482257
 708045
 1094435
 864066
 1060492
 220833
 168001
 589955
 593197
 163467
 110364
 123891
 428053
 737982
 866953
 441142
 1058551
 77628
 382790
 625505
 164996
 1020896
 56274
 794137
 641141
 392595
 1096985
 958080
 870264
 451203
 1018537
 863030
 891794
 64886
 432974
 1073965
 377387
 144611
 208868
 1060753
 1056923
 411279
 349585
 470395
 262193
 920243
 53294
 738751
 73945
 668748
 185507
 602988
 693803
 62732
 93814
 833742
 672045
 222265
 1022599
 345399
 1043306
 928018
 948795
 892098
 909014
 440529
 699843
 991178
 608436
 225765
 89104
 1091351
 543504
 706567
 680399
 265030
 564681
 502203
 387055
 790677
 787850
 685709
 755711
 685482
 269096
 101154
 136157
 873779
 323077
 808806
 37286
 781864
 184980
 880401
 493627
 624946
 779512
 293492
 318438
 321429
 35432
 636263
 761805
 363434
 247750
 939327
 985800
 293421
 413363
 78965
 860422
 400285
 287204
 521209
 142206
 715700
 397421
 353692
 340690
 857722
 149723
 184529
 525051
 1074759
 935844
 1086266
 847612
 815571
 262327
 412183
 435946
 49692
 599101
 586457
 283432
 729726
 923255
 58764
 984682
 469674
 888275
 10388
 431887
 2315
 131665
 37969
 2900
 991801
 380966
 631825
 156251
 1010917
 660194
 959989
 226030
 919182
 1092191
 345464
 223499
 100338
 219562
 467887
 18494
 532866
 854652
 494702
 433033
 900463
 106046
 536743
 678989
 1061116
 958118
 485999
 1066095
 702124
 996750
 833490
 183949
 736585
 15606
 920215
 20061
 232196
 424494
 451116
 884836
 955682
 143622
 875575
 498071
 1075377
 481215
 605443
 656608
 656338
 959869
 705895
 889159
 950508
 823405
 790485
 930270
 287929
 455392
 23038
 401178
 265583
 348446
 198660
 1090281
 1045945
 202161
 945790
 918216
 758357
 610701
 812074
 820001
 525680
 136294
 351376
 430637
 62618
 787387
 776423
 980261
 322520
 793214
 13787
 787010
 27150
 277548
 255037
 584853
 501576
 763218
 517517
 577733
 812803
 212576
 337263
 790726
 1083488
 348135
 146280
 762966
 732128
 893818
 662778
 614461
 754137
 657811
 496201
 320679
 653727
 25938
 497499
 445203
 565826
 939260
 666503
 968159
 834809
 111528
 626527
 941404
 1033607
 686926
 67150
 891975
 698899
 68062
 304752
 855316
 128444
 833680
 745947
 875142
 259118
 783966
 735099
 263944
 328869
 500749
 638213
 87916
 876411
 800956
 427954
 242757
 1000114
 81182
 497705
 393984
 22377
 941908
 361670
 1043158
 508326
 829595
 718579
 312008
 711191
 791005
 1030077
 625790
 173551
 50761
 482155
 629363
 729030
 10976
 953257
 783694
 381421
 384313
 239253
 820593
 596120
 600607
 40452
 642525
 168803
 929964
 1098577
 552246
 394925
 626360
 631214
 709027
 149154
 1095810
 293821
 13432
 111131
 199908
 192228
 925153
 151066
 280753
 57305
 422641
 464037
 594059
 189114
 726777
 950248
 712810
 197353
 813988
 363722
 549355
 28072
 444920
 92025
 477076
 430103
 733063
 500321
 543743
 841011
 931321
 1089673
 693598
 969710
 609458
 1078072
 878798
 801765
 1011531
 533328
 1093265
 196789
 1031110
 650869
 272518
 131466
 230396
 673441
 206703
 1063589
 994354
 11073
 735977
 639017
 415693
 851302
 693532
 331580
 622167
 295389
 1014977
 415363
 166367
 520138
 592750
 808010
 836376
 421247
 763786
 1017209
 1089453
 981374
 596132
 424697
 480473
 752670
 494875
 245245
 739551
 677591
 846899
 487153
 622286
 185229
 715265
 633208
 937673
 1087119
 399717
 351726
 999542
 600175
 417140
 852117
 682217
 202945
 835710
 356961
 388246
 811512
 404320
 1057726
 564291
 618335
 588430
 825761
 739186
 254461
 221981
 516672
 1086748
 791708
 668841
 724198
 312309
 273481
 229571
 438770
 576827
 142705
 398017
 611289
 582371
 873854
 355984
 708505
 332648
 405649
 733729
 1041004
 520969
 973469
 142260
 28281
 287021
 424065
 448307
 656724
 984337
 386968
 517773
 416838
 969068
 43480
 641439
 665475
 790275
 1008485
 840694
 456457
 878334
 905443
 68029
 791496
 25835
 201852
 870656
 472816
 879191
 866625
 353489
 891707
 630142
 40417
 674232
 433731
 888265
 236300
 186874
 402252
 785375
 448632
 937516
 979522
 370165
 1046424
 399487
 962347
 52187
 750056
 1093461
 1028200
 751068
 684400
 258958
 447919
 836353
 658743
 889941
 248632
 243762
 698134
 534015
 783922
 294283
 644613
 906877
 768204
 764346
 900318
 593965
 220194
 1004902
 633799
 92172
 93391
 654591
 599169
 91306
 184286
 747258
 1003207
 317806
 512004
 804635
 227709
 514256
 659131
 207592
 879350
 69219
 749501
 188176
 660459
 390564
 1067185
 370117
 677789
 936362
 901406
 688137
 973127
 639774
 707754
 198739
 171268
 1029268
 222834
 465641
 887776
 1017753
 581602
 896166
 807079
 875434
 544378
 922069
 279064
 506264
 708832
 713986
 231605
 507464
 19779
 236739
 705916
 98216
 1015396
 1091230
 634552
 1087103
 5685
 333333
 244251
 471130
 17108
 293950
 650862
 53993
 698867
 735571
 617392
 350646
 216956
 782110
 683361
 984997
 991050
 100880
 460862
 971516
 122115
 177459
 778577
 166197
 275843
 436231
 494120
 855869
 530197
 38471
 737748
 342326
 33265
 869725
 817156
 34582
 200553
 89732
 353706
 1006228
 1031580
 129385
 970797
 626978
 488625
 232613
 925256
 741522
 705298
 647426
 58047
 632491
 814099
 128234
 600468
 978582
 296323
 735668
 149333
 243099
 1016974
 922779
 255735
 513311
 61398
 480845
 908475
 813818
 497780
 274339
 615012
 563890
 907173
 463940
 883054
 52937
 383337
 531770
 120235
 235960
 92195
 1082836
 593200
 13645
 411174
 564796
 396346
 133412
 647188
 266016
 195547
 486133
 972966
 76579
 503153
 415221
 108698
 1067115
 888283
 906023
 7510
 612232
 633203
 1027421
 454061
 1037
 760114
 8406
 241397
 213981
 99364
 103248
 860568
 131259
 710851
 101015
 426096
 99105
 227918
 250158
 393970
 874811
 574942
 140033
 722458
 569076
 156736
 653730
 288347
 775275
 633736
 51766
 521528
 788273
 252806
 927171
 983648
 171623
 1055772
 836265
 703421
 172756
 517407
 221527
 332449
 1023820
 545953
 899481
 673172
 148473
 688760
 1010251
 884031
 994185
 296679
 121363
 986423
 776729
 918114
 241831
 240928
 826880
 27414
 249470
 846717
 703175
 545687
 192790
 730455
 681102
 260215
 63276
 493655
 1049912
 814998
 600717
 1094113
 306924
 1002187
 342233
 743338
 572645
 783826
 790244
 913179
 1058711
 668700
 417254
 899956
 578546
 1051601
 166832
 362703
 128438
 968573
 511709
 656457
 815955
 250689
 994169
 979822
 690330
 767435
 576686
 401311
 950550
 192226
 867388
 944891
 486962
 397252
 487421
 267899
 793421
 997670
 757950
 415518
 970342
 1044797
 155157
 587579
 823719
 183644
 687345
 248788
 999028
 693659
 122719
 894054
 3859
 822708
 1083353
 953224
 990627
 459002
 645088
 741649
 266770
 449716
 614552
 128637
 773345
 57164
 837334
 463874
 357460
 402329
 855793
 694575
 753369
 499928
 833289
 291361
 1045450
 451609
 557859
 170724
 1056401
 872453
 718101
 179219
 958018
 164996
 371348
 758689
 139890
 355776
 157006
 1084106
 774945
 732979
 428391
 644821
 792371
 733174
 945434
 711242
 800366
 434923
 1003279
 8658
 1096195
 714661
 686934
 167491
 422558
 621867
 438771
 781980
 538181
 620910
 19694
 506069
 522960
 636930
 796047
 336579
 352665
 127955
 1073728
 731665
 657827
 446529
 277604
 799827
 155360
 101725
 662205
 64408
 544421
 817895
 991476
 229499
 1049818
 18125
 832509
 519458
 608498
 158016
 425033
 355609
 998150
 702204
 255954
 164884
 613498
 1052621
 393305
 169888
 604559
 355651
 194961
 214398
 353543
 639819
 781512
 965925
 892947
 906076
 683733
 852984
 99237
 332088
 688059
 770235
 534655
 1050668
 238023
 999216
 612240
 1098766
 912060
 454481
 328731
 311678
 187438
 368700
 686995
 619289
 387242
 224173
 596549
 180782
 377798
 907023
 1037302
 17897
 629840
 557563
 260281
 631807
 934843
 620335
 474748
 157052
 731134
 77359
 679615
 967839
 119251
 204235
 948964
 414758
 363161
 21377
 1028112
 554875
 435616
 685709
 1014584
 408142
 1086576
 7508
 694529
 34987
 738478
 809057
 478367
 144691
 1072051
 125732
 950337
 274152
 1056271
 816401
 288504
 99845
 586825
 703086
 374518
 303398
 437878
 197297
 1018583
 451
 562674
 708552
 339431
 774787
 870698
 355555
 842759
 735291
 888629
 236764
 373691
 704731
 931542
 62035
 249707
 293096
 414589
 513484
 913066
 506110
 910321
 756165
 931360
 806583
 1022831
 580496
 505430
 465623
 111016
 998594
 455954
 944348
 727583
 259142
 640508
 400508
 223909
 116342
 942384
 678701
 760245
 411735
 1087410
 33789
 1037265
 90887
 662050
 501323
 214622
 91952
 382831
 4902
 980123
 574409
 471815
 407747
 928643
 519415
 57577
 215302
 222148
 439321
 904848
 1047309
 555654
 311426
 940934
 563855
 934926
 754902
 207515
 869067
 475235
 723405
 247114
 358768
 23681
 810568
 213078
 266221
 949552
 257498
 587326
 663644
 972116
 807262
 285228
 1078026
 156338
 234819
 41218
 989653
 1043696
 333681
 43648
 561386
 96918
 216080
 64059
 511596
 641351
 942503
 569763
 919896
 914178
 800116
 456961
 107469
 1056143
 888404
 480006
 500830
 793509
 864592
 933683
 425739
 357649
 30906
 870128
 834174
 799207
 276191
 535547
 222217
 425100
 891724
 573432
 692627
 201319
 258970
 229688
 1058477
 999865
 423294
 800020
 422787
 487555
 23949
 612367
 422867
 859950
 846389
 361825
 846350
 708724
 604131
 701466
 939697
 545986
 1009330
 487977
 805183
 1075184
 389504
 125368
 364839
 93941
 952496
 7166
 391097
 490938
 164272
 537735
 890504
 947631
 549853
 969745
 425692
 233314
 843595
 456317
 707342
 84798
 775337
 1097710
 61297
 507891
 1026094
 954695
 599514
 780103
 225244
 359053
 522312
 821200
 152008
 1028718
 233199
 1078035
 369343
 161923
 690224
 910172
 811683
 757025
 25265
 867826
 944877
 836020
 126354
 42615
 69285
 772391
 222232
 257349
 436215
 633108
 504373
 301086
 861710
 45861
 105649
 532791
 738585
 187390
 929101
 562379
 103944
 833698
 790232
 809172
 563299
 942581
 358252
 199556
 15988
 236831
 628592
 20047
 840079
 335661
 636506
 1096366
 705533
 744297
 682903
 386716
 278217
 88642
 868100
 383206
 636968
 331774
 209624
 363529
 525565
 755072
 408694
 902851
 1026346
 564992
 788350
 35672
 413775
 195610
 891233
 18182
 189935
 43913
 395450
 946662
 884201
 879091
 255165
 459000
 85055
 971431
 455465
 894591
 966338
 698167
 313099
 513282
 923035
 673518
 85314
 633570
 650686
 214523
 58074
 836256
 410692
 858989
 810799
 574501
 518726
 322547
 995846
 939067
 594236
 1004014
 615463
 846664
 392520
 721779
 952087
 679307
 97105
 817348
 384921
 1064142
 171045
 797503
 768713
 494984
 262299
 320998
 924524
 879515
 542134
 838675
 590202
 425354
 774055
 1053134
 50060
 622506
 144535
 574634
 454753
 1044010
 474439
 844719
 851613
 396983
 927575
 1019594
 1058214
 491642
 923157
 638108
 460086
 510039
 219661
 689911
 347231
 287349
 613954
 280127
 70181
 161035
 170301
 238113
 279664
 349614
 247995
 1095383
 455834
 736822
 642948
 430748
 1034468
 815823
 68102
 757264
 202622
 709761
 956464
 973655
 689030
 536400
 153472
 893560
 35870
 566526
 332389
 225104
 310270
 605369
 520877
 238186
 882294
 592883
 859594
 414192
 414833
 154078
 673357
 429743
 456892
 763298
 34335
 515285
 886720
 505325
 653167
 1093460
 484335
 719054
 1055938
 444924
 773887
 1085374
 12148
 516347
 1000971
 55764
 802736
 66707
 768524
 54551
 755219
 71106
 87722
 621874
 439618
 779736
 512733
 399907
 895638
 970084
 349141
 1061599
 900124
 763252
 988845
 403799
 347758
 35681
 946009
 538174
 986493
 974706
 204970
 545751
 743260
 239465
 659982
 1067309
 456558
 1012747
 347465
 440015
 473821
 654648
 1057608
 264774
 1043148
 842665
 1076356
 453032
 313935
 258090
 859817
 733521
 126673
 183632
 987144
 213224
 402648
 263369
 917197
 927374
 461151
 1064980
 544163
 118387
 145128
 1063864
 864415
 809515
 639869
 1087444
 423831
 850249
 898229
 472656
 335715
 22395
 127427
 579864
 150262
 315863
 164121
 691504
 503154
 342228
 930433
 69303
 27345
 988078
 846801
 830401
 769897
 671437
 244667
 1049109
 41554
 910271
 45789
 884690
 433738
 424048
 397808
 36503
 1007635
 482189
 313340
 442310
 325859
 446881
 919016
 714105
 611141
 852439
 613092
 297979
 606667
 529822
 577494
 566256
 222124
 759903
 228253
 715821
 53094
 78902
 509791
 428743
 39315
 731038
 1058987
 478686
 405706
 1009637
 332730
 451736
 336415
 990683
 503394
 401649
 451644
 629956
 933847
 320540
 267158
 26411
 918402
 194527
 367209
 486805
 761765
 688551
 547337
 1071379
 780640
 716549
 6993
 784017
 843210
 873826
 1001017
 400576
 630665
 833268
 971477
 469322
 314896
 225601
 143090
 383913
 48117
 101087
 229939
 74306
 939332
 461602
 391857
 455838
 582413
 700935
 1021708
 730169
 319355
 73542
 1069078
 788245
 1014889
 291861
 987674
 825744
 225272
 499236
 146299
 457026
 360358
 831347
 403002
 1067183
 299794
 1064267
 682195
 324756
 606246
 137686
 979862
 439388
 508909
 165015
 954244
 466159
 230928
 132223
 631732
 20911
 1046342
 147825
 685205
 726493
 486467
 538545
 571564
 294312
 394364
 29294
 343360
 1017135
 712944
 153182
 28422
 1052527
 952408
 14942
 787783
 367880
 707137
 505022
 269644
 971790
 18012
 1011117
 807275
 756986
 708009
 974886
 722595
 295454
 435105
 348950
 830190
 554909
 394287
 820273
 595931
 469537
 776580
 602959
 612798
 778712
 730246
 50774
 916572
 394820
 293380
 195877
 615724
 220935
 290618
 1015236
 597211
 1086025
 916455
 461810
 790415
 594773
 796789
 1081535
 300100
 753339
 407905
 1093439
 9492
 440550
 448338
 973336
 64993
 892741
 1051280
 617363
 1042730
 31818
 1020702
 299377
 726933
 936158
 517906
 237114
 1081640
 164393
 25982
 606295
 198254
 161299
 154048
 855597
 868818
 567799
 261558
 957115
 439237
 914464
 370055
 861446
 728811
 92211
 770431
 956036
 520231
 634526
 682817
 630676
 993990
 321279
 393818
 232616
 704518
 797782
 590645
 748032
 600609
 992875
 378994
 85247
 607483
 69692
 644960
 487603
 471482
 133103
 156167
 403375
 257150
 33538
 368967
 685460
 683455
 295617
 293247
 667069
 98514
 603351
 263855
 430023
 682044
 660740
 156646
 746870
 151539
 531353
 326166
 857572
 762366
 731700
 809761
 694968
 854502
 563031
 860366
 819168
 938776
 708271
 422130
 581356
 944593
 427794
 784317
 65067
 491454
 971897
 647634
 205428
 798815
 822067
 964751
 54484
 827959
 910683
 942254
 794444
 714007
 833641
 37225
 414798
 1092392
 608604
 77274
 661600
 646977
 1085057
 184654
 425127
 285423
 399504
 1067814
 316546
 240504
 60101
 902758
 289468
 531141
 632960
 1093572
 120618
 375950
 786888
 581783
 936842
 1006567
 219171
 1067403
 13271
 630054
 595722
 1067687
 402741
 1054475
 623692
 588051
 1054061
 409903
 587094
 74414
 1028526
 235409
 382505
 713772
 506704
 105058
 541408
 453815
 339384
 877918
 223503
 614166
 1058992
 855354
 899816
 1084893
 337438
 187783
 878781
 208369
 485352
 387015
 688910
 1005119
 321275
 193789
 511792
 308769
 847383
 1073454
 435296
 784861
 1067481
 538314
 340741
 324014
 382106
 47385
 177922
 779445
 553996
 758169
 1067092
 658642
 634173
 386588
 194306
 372444
 111217
 134337
 26785
 958592
 527873
 662775
 118668
 1041558
 625757
 896176
 639445
 882959
 1018421
 448985
 883909
 850657
 774268
 196224
 37124
 117720
 505201
 637828
 467949
 262704
 1052310
 152922
 74016
 80251
 203621
 763560
 1045558
 861133
 895192
 612287
 1067509
 434996
 522191
 539536
 844570
 846944
 549866
 127623
 881130
 512734
 991446
 136340
 83383
 680397
 78054
 668513
 1096306
 909400
 845103
 5069
 322309
 315702
 28730
 294251
 965110
 1096481
 1088385
 693706
 245956
 776528
 880309
 106842
 872654
 104292
 582660
 56563
 379786
 549574
 927955
 997104
 369478
 844559
 610577
 927393
 491608
 684772
 271694
 897407
 597612
 808112
 569412
 244634
 939566
 598386
 368719
 723686
 790945
 1027439
 348027
 421592
 931357
 404860
 788410
 492533
 54022
 138555
 1065577
 171823
 22387
 578151
 906742
 155623
 108294
 82751
 945217
 856439
 144129
 579584
 273638
 216617
 256237
 874177
 675318
 647651
 385219
 190330
 134333
 746346
 551469
 473390
 1098426
 462335
 144170
 1057580
 281238
 256254
 801747
 677485
 883587
 520794
 671465
 1015901
 35261
 597493
 1053318
 422414
 504006
 749561
 1030134
 80322
 486479
 93471
 718026
 1024109
 163717
 232181
 663929
 213088
 121960
 702150
 657807
 796493
 775190
 368552
 381304
 338734
 335457
 121087
 279598
 325345
 501368
 505513
 760194
 978486
 686173
 793927
 487315
 823575
 892771
 967316
 523325
 794820
 647057
 95058
 12241
 497217
 55568
 926751
 865407
 443955
 994252
 496372
 485221
 157901
 253224
 46668
 920729
 945497
 81400
 1053258
 453537
 626014
 150888
 904691
 818311
 67979
 20459
 336601
 552433
 126838
 1091608
 417443
 371026
 373137
 29398
 617135
 53179
 392411
 90927
 353338
 68214
 42695
 704311
 968216
 21336
 996168
 212589
 641813
 311044
 130354
 563473
 135140
 306341
 1047492
 620060
 812512
 721726
 140468
 770838
 450401
 300614
 812306
 151756
 154124
 520530
 162900
 491847
 44325
 29252
 1049876
 17435
 957188
 480199
 28408
 36923
 119674
 1033830
 229231
 639795
 846567
 94504
 287710
 63411
 732465
 982416
 191944
 455772
 1026493
 780878
 466758
 457475
 211787
 532819
 730560
 622052
 882008
 291503
 815453
 806865
 671623
 797632
 355436
 298200
 116937
 312288
 73041
 1068992
 275185
 138429
 862413
 623183
 352426
 40766
 752543
 860680
 327323
 738436
 696103
 283468
 1081687
 385060
 1067283
 321127
 418420
 837034
 941716
 504720
 377126
 800811
 499878
 474068
 994174
 545593
 963785
 286506
 612595
 7280
 112462
 774638
 846629
 247794
 372230
 185510
 703042
 931451
 720566
 300414
 538602
 993890
 348317
 95038
 289268
 78622
 844428
 595891
 904370
 848069
 295612
 113403
 135957
 865765
 626763
 1078348
 119702
 697693
 504011
 997379
 746065
 431295
 695525
 505267
 248683
 116633
 576409
 373584
 144115
 652831
 113598
 114474
 797210
 829848
 730490
 864340
 372036
 669536
 21652
 383230
 924689
 1037520
 714653
 691692
 135225
 977673
 99926
 723199
 5542
 419701
 366274
 1057276
 885809
 263579
 97957
 609423
 269056
 130204
 438863
 736154
 452924
 488514
 476119
 896695
 626962
 409082
 639881
 500077
 186193
 169319
 775354
 143263
 72697
 1010922
 184961
 170039
 346735
 266804
 975683
 13732
 1097203
 41958
 926777
 333601
 418085
 55959
 512992
 286380
 200692
 1040979
 221401
 760140
 641964
 533643
 985178
 579522
 508578
 1011280
 886394
 212509
 734104
 322346
 128533
 344874
 989845
 171224
 533293
 417501
 362482
 955870
 903441
 532819
 146306
 792482
 920894
 220082
 730675
 1026094
 155460
 596275
 725665
 652887
 912369
 332666
 927509
 1032679
 821485
 386235
 481940
 353542
 633353
 493868
 986075
 882908
 330103
 902808
 471772
 1084822
 803417
 760505
 197312
 195287
 757996
 812055
 1087812
 437160
 960359
 766791
 450227
 581987
 458876
 887961
 348748
 156611
 50784
 656351
 394269
 478393
 752646
 532947
 569749
 36914
 136984
 1072569
 314770
 198621
 137145
 668324
 434516
 995228
 552666
 321521
 50630
 360658
 254396
 729484
 995217
 650687
 646980
 503573
 811894
 404365
 380964
 808084
 522093
 982724
 374662
 177181
 398036
 253739
 175528
 320570
 346715
 369320
 920841
 771373
 456576
 243716
 170479
 736466
 933039
 296173
 690015
 830527
 451132
 827735
 524194
 170823
 117060
 108475
 120400
 11531
 158698
 651222
 763655
 976771
 407838
 291017
 42641
 328250
 162352
 1021819
 244917
 702957
 999524
 1020979
 672417
 165300
 656419
 825036
 153123
 820951
 262969
 167360
 699768
 424336
 439241
 759158
 138817
 389621
 790737
 688441
 714544
 424642
 638837
 1045446
 1000220
 391709
 690176
 385924
 508587
 625718
 975829
 257489
 376118
 133917
 154462
 403873
 1060669
 541436
 250997
 589312
 721542
 10250
 180674
 827034
 102734
 1062953
 985126
 923129
 611941
 708068
 1091896
 604186
 204843
 236679
 1071753
 555191
 734179
 77908
 166614
 148944
 693641
 65533
 1022816
 267630
 796436
 162498
 341625
 537885
 624376
 586493
 190080
 223680
 1061716
 491332
 465422
 105543
 493364
 996351
 288666
 831807
 878944
 907239
 480015
 16002
 44993
 506261
 251602
 267944
 472340
 577844
 288994
 145402
 546537
 726220
 214662
 83863
 673172
 1087666
 924723
 135084
 126246
 707589
 352504
 14051
 20925
 841713
 762475
 936913
 628627
 729312
 497547
 536241
 725430
 439633
 765126
 164184
 220091
 457200
 1084762
 1046065
 130247
 432364
 881329
 745559
 14980
 391795
 651802
 291565
 304300
 535564
 194630
 118032
 439680
 609581
 555645
 1072853
 355476
 49967
 242952
 1027950
 794266
 192958
 631107
 211162
 97911
 738324
 188303
 525754
 336452
 297438
 510064
 512247
 919964
 569865
 954749
 1082783
 897388
 254054
 407376
 403927
 586702
 901411
 641196
 729363
 184280
 625758
 701607
 661123
 406951
 921348
 886787
 1087012
 499898
 823298
 79519
 701215
 845066
 326060
 692577
 434265
 35197
 768751
 614156
 482923
 555522
 130981
 948235
 394965
 884730
 757571
 661329
 362571
 581658
 266285
 593223
 357335
 1046886
 202936
 735030
 842409
 797817
 584046
 378224
 1092773
 219864
 633301
 423732
 950805
 892863
 702994
 748428
 1044804
 1071730
 19111
 779206
 847383
 189691
 959970
 450012
 230280
 596870
 923437
 1021990
 1035338
 335925
 235446
 337099
 608889
 854632
 621417
 1013299
 228517
 921594
 993688
 42833
 632117
 476133
 134098
 701239
 773633
 1015978
 429572
 68721
 515955
 765896
 322431
 141048
 666111
 335180
 996113
 646867
 443710
 13299
 1025853
 432037
 561526
 983646
 488913
 543558
 859899
 943535
 418363
 345387
 39148
 415136
 99787
 770290
 503013
 1085291
 570744
 858687
 716176
 648488
 1081700
 819740
 438885
 772566
 164830
 620067
 905622
 531784
 915732
 636332
 1092555
 690155
 581928
 499420
 17130
 184338
 704574
 571320
 908213
 290862
 744783
 156694
 850720
 70637
 42916
 316672
 878180
 1014600
 347112
 747288
 81059
 117109
 1005172
 944026
 1036731
 373983
 130274
 990959
 650789
 1063679
 411870
 175085
 727504
 439720
 219977
 443513
 557393
 412391
 175458
 157000
 1094440
 979509
 943180
 693547
 19325
 48127
 225460
 531980
 990527
 287597
 723830
 1086124
 845781
 79427
 975361
 1083218
 105144
 1066239
 905435
 802441
 63084
 496792
 826294
 912794
 155461
 180152
 639457
 670316
 1084920
 194684
 651124
 331385
 784947
 658738
 973970
 30895
 1079561
 607807
 139406
 368756
 399437
 756326
 606236
 911037
 918239
 261887
 317932
 54618
 313441
 214610
 210467
 116779
 743440
 634345
 850385
 893723
 175558
 973191
 482955
 750023
 1015926
 6926
 961147
 337186
 725213
 72774
 121486
 725845
 984568
 557055
 950428
 641787
 935465
 91319
 715081
 854886
 598169
 217459
 99375
 317444
 365210
 949998
 103349
 1030078
 105487
 455803
 1073785
 343167
 854813
 777474
 500106
 307473
 351768
 658436
 833311
 978404
 327919
 401455
 322260
 455906
 968325
 1043488
 529
 759473
 565857
 379640
 373095
 519016
 1047025
 558366
 477021
 364415
 371365
 563586
 250566
 84309
 993535
 888209
 561255
 1050250
 973697
 681327
 358790
 236673
 1093231
 607587
 289682
 534183
 112775
 311492
 718862
 472620
 666617
 829153
 576914
 529608
 689691
 180351
 896890
 31401
 105109
 476430
 577040
 803793
 2955
 44501
 947736
 503093
 960073
 631085
 681090
 187266
 984067
 1078875
 1085162
 254863
 1010562
 196219
 581647
 1050758
 847537
 149692
 207846
 731343
 324949
 581549
 508401
 1065881
 87121
 270889
 137404
 982000
 412099
 873618
 950251
 630506
 625650
 139292
 971136
 92168
 575601
 328640
 782934
 168748
 371898
 746773
 292599
 474494
 4349
 1095294
 596091
 615208
 567552
 655643
 896925
 71373
 680988
 1037932
 44383
 577470
 883865
 36087
 770512
 336677
 925958
 108384
 1064249
 825094
 421129
 209429
 696087
 745104
 1062066
 41959
 134540
 820184
 1040836
 391981
 28583
 186960
 598570
 475598
 767986
 184755
 848302
 162377
 260011
 515487
 393694
 465681
 1007728
 422586
 504032
 247371
 199637
 968819
 101956
 978729
 711438
 1006743
 27412
 940487
 387932
 225809
 288305
 213671
 351086
 605464
 557829
 372800
 248279
 531042
 1038260
 761693
 564879
 853168
 563970
 859898
 175092
 33696
 630386
 926616
 454933
 830076
 175132
 628795
 58264
 351581
 235939
 293261
 804298
 1013769
 672003
 278979
 11054
 923648
 185580
 810148
 384593
 1078519
 677076
 369792
 862359
 886603
 447456
 858526
 32306
 246647
 428622
 225855
 882541
 245645
 573415
 1037292
 567730
 1006221
 937647
 1080020
 37215
 406308
 286554
 1057383
 567802
 1020823
 677799
 310998
 575642
 159131
 221587
 675922
 830278
 321752
 115411
 955770
 184324
 338810
 749040
 467050
 858007
 511434
 39032
 171324
 516120
 851351
 669108
 943139
 403903
 271754
 908570
 529297
 634478
 460464
 214780
 355270
 548385
 468465
 655312
 657041
 945656
 807175
 420441
 1026119
 1048380
 1013065
 839009
 631055
 128449
 609481
 553167
 550356
 1042426
 1077377
 182165
 390762
 533094
 68051
 859840
 875629
 351177
 736870
 778605
 646528
 98611
 544997
 431791
 580015
 554644
 943884
 775745
 870333
 532438
 705501
 761972
 888067
 240003
 1039150
 483376
 873914
 5999
 984369
 250343
 661621
 65294
 897942
 599454
 308429
 46690
 625192
 802209
 41611
 851577
 646925
 359515
 992315
 1020458
 622853
 745434
 19847
 18151
 762811
 802971
 955054
 8571
 928339
 790711
 113155
 364912
 957583
 782814
 453452
 648699
 640029
 236690
 1058985
 203298
 1071311
 350482
 512045
 890571
 181657
 573165
 1071795
 839236
 376533
 1064881
 1065382
 425842
 720571
 268440
 652697
 415279
 953705
 224653
 84809
 238416
 923289
 707188
 71556
 190141
 322323
 354478
 862585
 1003147
 535507
 946736
 185621
 90657
 728046
 118293
 795597
 753276
 90690
 889847
 795499
 404879
 416154
 96430
 353633
 430918
 793095
 209418
 1065155
 105347
 517126
 443142
 86307
 573493
 920523
 648676
 500340
 55757
 96081
 560722
 616682
 929332
 845343
 250901
 1089239
 154188
 867179
 795868
 520347
 644512
 365349
 775868
 1063578
 932494
 390248
 159965
 625071
 886683
 1077182
 364394
 189841
 227376
 909494
 690376
 1015270
 380425
 148256
 732858
 84440
 336113
 748531
 635049
 717181
 424087
 615448
 851789
 170249
 545280
 829960
 392627
 1038229
 683600
 151748
 115845
 1076841
 809083
 269503
 119656
 650864
 716582
 505851
 448636
 438766
 155211
 608642
 163332
 318847
 656188
 638351
 923921
 625097
 764226
 432970
 523962
 950291
 1011903
 578959
 744943
 243898
 1079631
 267729
 537202
 578648
 169010
 303729
 535847
 482285
 172735
 403191
 1053554
 1001124
 1097591
 526371
 605769
 657972
 867466
 627178
 74411
 1808
 975626
 752432
 475436
 67929
 636769
 805873
 289438
 1011380
 754916
 904442
 1070484
 575286
 638113
 366304
 44785
 721048
 556314
 641500
 503873
 395713
 403359
 249472
 194124
 375854
 393348
 923337
 341705
 336025
 104522
 931992
 892591
 394736
 951244
 172097
 31600
 363565
 293782
 140455
 221257
 325639
 603300
 911830
 321473
 55221
 281767
 142176
 151983
 1064802
 895975
 963049
 454975
 935868
 1042640
 652180
 453010
 1062250
 94140
 2858
 861780
 402154
 700938
 12523
 517667
 415327
 792687
 940048
 606081
 765963
 596787
 338747
 977852
 724690
 201312
 974852
 774905
 784627
 907211
 915940
 1082225
 762022
 244148
 870895
 587579
 550188
 637377
 593234
 332688
 861415
 707643
 475423
 148859
 172517
 697653
 555790
 200240
 791950
 326327
 784038
 901496
 254591
 126416
 445252
 319671
 386157
 413684
 525496
 400364
 180364
 126306
 454286
 764936
 356939
 517667
 635904
 162119
 1060381
 473616
 161283
 976921
 446968
 648010
 343972
 817845
 1081288
 676852
 352500
 564939
 925740
 481275
 816368
 294624
 881465
 1022180
 311846
 609664
 89025
 131588
 297333
 1049706
 220300
 255608
 647118
 556489
 767538
 16864
 438556
 101042
 492125
 386997
 44533
 574978
 601754
 516698
 891461
 357320
 1019772
 615300
 444276
 28007
 627841
 581162
 1094490
 623794
 884196
 502199
 587262
 944757
 461111
 428516
 22435
 982603
 1099868
 668857
 663145
 481949
 286094
 1056748
 576425
 139056
 88961
 707713
 52427
 50717
 764003
 394156
 628203
 308771
 1019982
 76304
 393018
 587609
 263138
 58547
 193888
 882629
 783238
 824902
 909362
 23623
 847571
 666956
 575579
 511752
 367076
 517481
 865220
 847312
 404452
 540483
 1067891
 794695
 184978
 119744
 499446
 836285
 570836
 714717
 250190
 164802
 268676
 447524
 987414
 685806
 244626
 1081437
 677084
 183104
 450967
 396208
 456118
 728749
 945782
 143479
 814399
 953715
 679167
 689065
 225260
 248747
 1093150
 380864
 443960
 648126
 531010
 143681
 1069601
 251745
 1071942
 914135
 141313
 1092607
 106148
 717943
 1048441
 616802
 767678
 505624
 984913
 830575
 134566
 976966
 367305
 430679
 514797
 17288
 951326
 1070260
 46905
 650975
 636283
 645668
 629230
 837065
 894494
 868976
 186677
 451857
 221692
 437425
 1077171
 582911
 236817
 824169
 191882
 502701
 363478
 397972
 9808
 75825
 624031
 7682
 413356
 806444
 505247
 707705
 816783
 941712
 1054649
 340517
 609545
 49633
 174872
 492476
 783159
 24440
 567843
 271504
 794702
 953729
 121031
 254683
 174548
 155488
 451132
 44106
 307080
 727463
 73168
 163440
 78659
 438399
 717002
 497121
 169533
 1035855
 40089
 757737
 447929
 215851
 288400
 171729
 208191
 520868
 539274
 520872
 570383
 504284
 953748
 707347
 200610
 728209
 444143
 366929
 783807
 8261
 143316
 754673
 754775
 270083
 970058
 433901
 1047086
 89869
 437000
 297506
 758412
 337801
 781451
 628547
 683096
 822811
 46556
 14321
 453107
 531326
 548374
 898865
 522857
 847189
 341133
 361893
 359669
 868531
 392243
 661171
 1579
 341891
 997386
 81860
 204742
 1030501
 128730
 420716
 56562
 1029691
 228627
 919955
 578640
 964435
 842124
 64896
 202200
 154557
 659462
 85222
 1027440
 979067
 928359
 119528
 295602
 560385
 432138
 315146
 24401
 141438
 321037
 47960
 919426
 822625
 179518
 1078919
 406448
 1097028
 114686
 952989
 850230
 121345
 528594
 3317
 32277
 1084115
 206903
 513
 151770
 1053041
 137365
 353206
 299444
 1034642
 1089871
 701213
 939258
 42591
 653976
 967408
 713639
 883479
 231950
 319308
 974406
 910050
 1005579
 592101
 411343
 498972
 443621
 866081
 270481
 462081
 554584
 779190
 787665
 39111
 337008
 1081898
 497996
 799479
 152687
 231320
 454996
 50626
 661095
 1031815
 1004658
 345118
 726356
 1021167
 799347
 532935
 495318
 1082887
 198768
 1005582
 517913
 720920
 220266
 609562
 941899
 70784
 246610
 413317
 889738
 55846
 701196
 50953
 580449
 333562
 429084
 61540
 985206
 3019
 483559
 446663
 379373
 489924
 580144
 438497
 573306
 618519
 137378
 893435
 761215
 610724
 636847
 379138
 353285
 55492
 882010
 359271
 885751
 129069
 790624
 402217
 316852
 481651
 934982
 542571
 123500
 358151
 507857
 540796
 448216
 389655
 244324
 45835
 304997
 561581
 872840
 626260
 727110
 438276
 351700
 687258
 721003
 1080952
 965774
 610576
 279411
 729164
 637515
 261821
 292136
 179281
 323139
 41976
 636928
 751676
 1015657
 1045434
 1035759
 651347
 250077
 890298
 246541
 353712
 419038
 12287
 75178
 719045
 478014
 696770
 581094
 732766
 303930
 755290
 411569
 446952
 966178
 32537
 577883
 398716
 919729
 927454
 403520
 155431
 413525
 153448
 616031
 455102
 272878
 584119
 99772
 952544
 303417
 274404
 543753
 268
 1049499
 468087
 876106
 324183
 582834
 716323
 462398
 160532
 61435
 1074164
 848490
 502885
 432817
 557475
 429864
 362530
 418949
 211543
 393345
 755015
 174329
 216302
 937230
 473943
 926122
 710628
 838716
 41763
 165900
 301915
 530830
 509604
 487819
 202587
 27256
 323547
 914573
 822824
 645765
 488232
 685487
 76245
 658408
 52166
 956206
 415352
 407444
 940520
 888123
 767857
 1083701
 584252
 385918
 128537
 329653
 437480
 928577
 146098
 133063
 112204
 622032
 914670
 349866
 807035
 977963
 288419
 753223
 476967
 624973
 268531
 152812
 295627
 459084
 215876
 94677
 831190
 761664
 374061
 63913
 965297
 830516
 811209
 651029
 597183
 564543
 726782
 952745
 641235
 140152
 894398
 1095118
 250101
 553480
 794116
 895813
 68672
 751475
 1000904
 737578
 328365
 1018844
 588073
 224073
 794596
 96502
 340942
 1077296
 797087
 74524
 246720
 617462
 845692
 443029
 530404
 113821
 605656
 1057243
 705262
 800366
 817505
 29778
 198580
 673530
 384345
 310585
 800077
 354991
 533837
 957805
 865538
 516513
 852566
 784718
 1034036
 195039
 46352
 528124
 319122
 1031464
 409221
 773288
 812106
 329955
 437492
 627219
 389308
 1003301
 16714
 407696
 324015
 296766
 20130
 883775
 227650
 1082813
 68937
 940923
 650232
 485932
 354587
 336273
 556468
 564108
 406455
 158024
 68597
 1087361
 878537
 97170
 730497
 47992
 713502
 512122
 886600
 743840
 31609
 331487
 258181
 579984
 459229
 579088
 425525
 890645
 855196
 716825
 1078171
 625364
 44190
 238982
 36620
 439492
 888680
 922649
 13535
 122388
 636201
 581417
 546296
 567476
 343459
 916899
 142720
 620074
 470702
 731168
 1022938
 222380
 85325
 454738
 427387
 370086
 150413
 639688
 680235
 670398
 513278
 414022
 264617
 853740
 539240
 576689
 756106
 713576
 688470
 782052
 674666
 717908
 1011707
 1093166
 402204
 316306
 628915
 580205
 256862
 1072391
 218453
 1071347
 538307
 149507
 632063
 699332
 262660
 605575
 272233
 792604
 260607
 6317
 871401
 924766
 21128
 1097082
 413741
 449973
 83999
 778287
 275361
 928182
 1041520
 267825
 278928
 808468
 919331
 279387
 891249
 549605
 548351
 751095
 1077658
 251693
 401609
 269619
 436335
 876324
 385398
 615276
 1095774
 869008
 657508
 195985
 776736
 802904
 857607
 824188
 1061855
 854874
 1082187
 986589
 165097
 239408
 234011
 224954
 228845
 180752
 186601
 145277
 860614
 188223
 228051
 6334
 1010708
 551734
 374975
 955454
 649966
 957653
 341696
 10681
 293869
 692681
 740016
 672427
 439030
 1055371
 239083
 1004133
 428376
 1063056
 115166
 618216
 779786
 1070729
 543637
 420174
 1030078
 320623
 522372
 399431
 125361
 544867
 937606
 439384
 864127
 618000
 468302
 634518
 496673
 973467
 664563
 1035121
 598879
 898067
 219808
 1044742
 549992
 196320
 563067
 546095
 373363
 56645
 931212
 422422
 580244
 554067
 624902
 670902
 452124
 502862
 359530
 473053
 217721
 129169
 433011
 1068619
 531336
 523098
 691085
 352097
 1071540
 1064238
 1094829
 59251
 520688
 87172
 326187
 836411
 411590
 6402
 20756
 258992
 698751
 769247
 612991
 327211
 606698
 702466
 412010
 575301
 1086941
 793790
 528151
 5223
 301211
 214881
 798786
 950205
 756782
 770741
 680589
 658324
 734566
 328612
 632219
 595129
 114101
 1094960
 207904
 302877
 700892
 1082479
 831798
 103506
 549284
 888159
 393888
 478712
 593255
 129109
 153814
 384388
 1082192
 44721
 299454
 1021765
 866532
 741668
 58136
 504632
 720558
 281327
 1012354
 476199
 274181
 250936
 205409
 402162
 968595
 362583
 968005
 611910
 894255
 536061
 1048678
 655523
 580050
 265800
 570605
 889822
 46184
 908604
 543536
 905349
 860884
 304848
 848097
 666460
 118645
 92843
 516009
 956291
 277154
 59029
 14276
 319262
 1069976
 883647
 745739
 841311
 292826
 646150
 857408
 215223
 439007
 703577
 342590
 365739
 1070734
 304056
 871367
 1037706
 1094068
 841433
 773613
 1041737
 76116
 974744
 266592
 348659
 621417
 506588
 298831
 1068999
 935900
 482002
 79928
 896472
 644586
 38980
 294236
 65249
 377943
 1041588
 574439
 959138
 1005255
 1075009
 418385
 918483
 109962
 513852
 137674
 776013
 535900
 889154
 203937
 341281
 905028
 72396
 984152
 217305
 957967
 1022424
 975975
 1073100
 686132
 732648
 738594
 844932
 82849
 1006493
 976091
 356673
 205842
 161768
 914098
 337786
 800299
 933393
 735379
 603841
 381898
 573091
 945965
 790177
 1050635
 1036353
 1002391
 640260
 256207
 435675
 209027
 438000
 471950
 907664
 968963
 453412
 108683
 417254
 1090621
 754141
 254670
 759313
 163564
 841036
 188040
 646369
 931718
 820172
 665758
 61694
 275018
 944044
 216466
 134264
 620027
 489240
 388249
 627657
 869613
 300520
 915438
 476325
 647530
 363494
 247752
 764781
 692488
 159704
 1062886
 291969
 323610
 880732
 606949
 944909
 1004502
 778707
 846913
 386494
 443452
 716949
 903932
 931228
 853960
 290843
 844783
 326599
 899653
 606750
 551562
 808445
 701890
 250741
 723477
 9116
 797649
 124021
 916109
 350946
 665415
 1003898
 359816
 474238
 700299
 758623
 523777
 982522
 308361
 726046
 183464
 838558
 352724
 1054986
 712001
 1044328
 620415
 747287
 126727
 204515
 801400
 266289
 609907
 352287
 76759
 409061
 908011
 1091618
 43068
 84936
 75756
 932962
 309255
 130204
 700402
 1069583
 734390
 51544
 294272
 1022972
 622293
 672297
 6924
 382659
 915556
 127084
 932372
 950028
 999711
 701586
 175744
 534927
 748958
 1005150
 252190
 578915
 203659
 518885
 1089560
 804921
 981828
 502942
 728851
 543839
 862004
 280764
 1063054
 619982
 259594
 704374
 689623
 424427
 976744
 524649
 744730
 167628
 465922
 256568
 44901
 1074186
 206124
 175371
 842080
 865288
 1059148
 851646
 582726
 950187
 1014243
 98971
 922085
 410506
 102507
 387651
 828285
 13762
 15463
 384152
 94892
 660456
 798707
 449558
 861316
 94684
 424429
 675943
 544932
 849332
 168114
 689851
 256604
 127895
 631874
 8457
 684694
 281217
 616739
 862455
 657054
 879155
 789768
 1023079
 105149
 99146
 501195
 944398
 244433
 976816
 878010
 665209
 28520
 103389
 1099260
 826191
 424833
 696318
 746800
 502413
 86940
 1060333
 144293
 71658
 55853
 313309
 560839
 183079
 634760
 928484
 617245
 875527
 506473
 399677
 373262
 434969
 585598
 196983
 112193
 408265
 977130
 1099490
 2128
 413764
 893542
 227067
 379093
 1057971
 435071
 371718
 942379
 924664
 683242
 411817
 357124
 387379
 234701
 447212
 892872
 95181
 925632
 39940
 218485
 740306
 646285
 659995
 158945
 622871
 322852
 951662
 843630
 45123
 806664
 272368
 1067766
 557261
 20099
 943486
 1033324
 1002826
 454516
 681940
 97068
 1051920
 849358
 42145
 150816
 733735
 202670
 45700
 801321
 1018971
 852754
 284565
 535404
 97054
 882670
 933423
 183945
 145338
 666584
 302530
 27516
 713375
 908244
 412565
 717853
 206426
 110882
 619661
 646879
 901384
 373633
 789503
 540796
 505878
 1071441
 105124
 508532
 725126
 340848
 172452
 422090
 1086515
 797979
 956415
 270911
 1006282
 1063846
 426477
 827749
 447655
 628097
 276832
 880495
 115199
 915509
 912734
 725372
 282218
 252827
 354582
 973467
 224821
 695066
 245628
 265694
 756001
 252766
 881521
 503524
 815970
 534905
 51270
 606861
 425690
 906094
 766985
 133326
 106650
 896825
 492015
 324278
 862959
 60320
 501829
 813285
 793122
 411665
 908819
 44812
 49432
 298914
 1091103
 362176
 666329
 907998
 527062
 341203
 91176
 401642
 510122
 1089975
 946194
 101436
 1047840
 443424
 449513
 888871
 504365
 604115
 495208
 982588
 808367
 829323
 645847
 861148
 594945
 1028597
 900450
 593016
 1018871
 27451
 315404
 1051764
 805386
 26344
 267199
 549800
 487582
 827021
 903012
 363016
 843822
 849491
 347385
 995451
 493223
 727232
 877519
 112117
 394010
 841122
 1068983
 648327
 740246
 427852
 510638
 40209
 603121
 630491
 881974
 481226
 166138
 251770
 64417
 61466
 673044
 665323
 749345
 248128
 787722
 134325
 179298
 1028312
 605497
 917266
 661848
 549393
 243933
 77887
 703888
 391682
 281956
 514099
 459850
 242514
 425519
 732210
 965835
 162126
 103825
 676931
 553229
 353488
 317815
 814212
 1084727
 811717
 997624
 1026540
 644128
 850524
 922371
 744255
 175226
 719169
 358165
 951581
 813898
 300442
 38838
 534072
 997477
 505991
 454428
 208671
 294106
 351148
 328631
 6244
 92074
 877483
 325576
 1052447
 199416
 283528
 430614
 259247
 1031895
 435810
 632467
 938845
 1022584
 774142
 28276
 249791
 845085
 754806
 606
 741320
 793801
 490247
 139558
 922311
 879357
 143861
 434864
 355228
 1067278
 320702
 1083832
 294194
 577193
 796485
 905667
 818026
 995915
 115518
 31249
 19499
 577514
 302633
 682279
 491781
 909098
 329167
 438781
 280119
 663303
 29266
 683072
 473760
 6937
 995102
 246313
 595741
 932613
 445652
 704313
 1069023
 985553
 203060
 1031806
 867215
 143519
 518449
 52808
 522208
 45890
 205589
 112653
 695581
 526493
 843857
 200318
 187337
 80252
 860973
 858226
 626733
 1040976
 17620
 17186
 823338
 677779
 859481
 939058
 167607
 968130
 26488
 393782
 935325
 158079
 586664
 174819
 1074121
 805423
 615841
 224113
 978372
 574317
 173316
 567966
 306662
 461399
 766574
 548970
 134298
 670039
 222582
 500334
 113737
 482099
 306845
 1032415
 199411
 669474
 394474
 412585
 262401
 593537
 331505
 155544
 1031394
 500003
 189638
 850858
 237411
 862103
 1093547
 794521
 345736
 175155
 17634
 331062
 961482
 917381
 129124
 303556
 384355
 615754
 754844
 422678
 181565
 618429
 348550
 958076
 322940
 254450
 817104
 741897
 266266
 489165
 277179
 632098
 818013
 416834
 765619
 898898
 1014959
 810126
 41979
 1075845
 965319
 643025
 99427
 416123
 938393
 623821
 712808
 772881
 104159
 226482
 402521
 974120
 101878
 343288
 217111
 559370
 414194
 23572
 570124
 971384
 221595
 543577
 442909
 533919
 4546
 77057
 728651
 447746
 1068211
 704596
 663076
 80509
 915955
 837637
 738818
 1082494
 728173
 572384
 422940
 454419
 623088
 932555
 914995
 856884
 530772
 450383
 118235
 776574
 835543
 281184
 617136
 720642
 537829
 277360
 583916
 1041456
 735493
 619286
 948932
 764470
 604045
 721987
 999416
 191669
 717028
 608387
 583920
 784001
 192640
 497741
 54400
 901527
 948979
 317943
 190388
 977848
 753242
 646540
 425984
 731593
 885572
 1040454
 951670
 690235
 563151
 290764
 39309
 1002124
 681031
 650035
 1044491
 587192
 719674
 818728
 894803
 519645
 398352
 887642
 596196
 834639
 691620
 666897
 462114
 693471
 257400
 297680
 830549
 1070060
 706054
 445252
 434007
 294995
 785480
 540939
 429542
 993530
 225803
 56290
 1079211
 197729
 12706
 678806
 112959
 145318
 293541
 101639
 1032499
 494969
 274554
 74121
 97567
 102031
 524653
 15489
 344815
 663503
 51312
 423323
 554206
 131012
 1078294
 464568
 673114
 46915
 66437
 303485
 452548
 182783
 328732
 386987
 1054839
 158287
 438440
 1035622
 118857
 242551
 273936
 52386
 571220
 901601
 369254
 967573
 91488
 906485
 882213
 551636
 889758
 81890
 1066921
 379232
 765464
 781901
 135541
 1084321
 620879
 47978
 308994
 148101
 494290
 629956
 311883
 711132
 304585
 801826
 271630
 962964
 810680
 420504
 79588
 264943
 755839
 881315
 691951
 350444
 588
 265018
 473764
 956802
 124995
 557528
 618099
 604137
 901901
 276659
 962754
 863290
 414851
 1033936
 906690
 916636
 789687
 702449
 1008716
 473651
 955069
 92574
 999875
 857903
 994762
 384925
 140765
 168640
 188520
 197460
 811367
 53436
 90419
 633013
 337004
 878960
 366290
 1033938
 21545
 363640
 279207
 526796
 792593
 840430
 338453
 216200
 865616
 775735
 455768
 67546
 390987
 124599
 360373
 999001
 410334
 623569
 206200
 714115
 55517
 932072
 233603
 963384
 742730
 399360
 1070317
 183049
 968641
 707926
 13489
 497772
 154946
 57574
 655469
 205658
 695562
 410503
 980637
 366017
 954326
 778093
 284553
 113577
 318469
 879869
 301701
 860214
 661737
 54244
 21265
 20513
 251517
 676715
 280780
 986013
 697627
 165692
 1068126
 181758
 478825
 191079
 123207
 982452
 308223
 807233
 875672
 381806
 1015796
 513530
 495652
 62108
 782719
 236114
 66861
 304930
 806702
 372178
 1005
 31635
 595264
 18154
 122005
 291120
 419234
 611679
 861335
 302147
 329272
 1023864
 239704
 854642
 177881
 623461
 225487
 831230
 203528
 554356
 341370
 761778
 2129
 281981
 933707
 1024561
 603325
 646351
 306447
 21264
 978499
 74745
 40735
 843962
 905254
 287255
 239720
 261948
 961769
 567685
 282214
 940349
 746187
 1072196
 440817
 383796
 218621
 412851
 26692
 819250
 786507
 159761
 574813
 1009814
 1012358
 370031
 949311
 586259
 108022
 814734
 168680
 711636
 876529
 1097688
 669023
 394675
 803250
 355640
 361404
 420348
 850524
 191834
 430333
 175992
 38380
 1057082
 1006956
 78322
 66541
 364788
 3790
 263104
 1032145
 333028
 92339
 302997
 582275
 1097033
 204543
 855277
 858291
 911656
 664862
 80690
 399932
 115998
 901595
 808304
 491216
 345014
 224653
 558965
 162275
 638845
 218645
 484064
 52578
 882995
 997561
 341524
 710891
 413707
 999865
 583290
 471005
 835768
 254037
 1033308
 151718
 42922
 1099209
 804591
 695479
 641606
 859218
 222400
 395149
 55341
 185382
 726704
 450153
 661705
 1066573
 689962
 1007296
 176658
 1027171
 399471
 887784
 413047
 374161
 974066
 102708
 825027
 333295
 339446
 779260
 922669
 235679
 851422
 890278
 5095
 19734
 846238
 1009707
 122213
 875546
 973758
 885826
 940790
 1085857
 999424
 340482
 217865
 804539
 502005
 672941
 183312
 808109
 40477
 349810
 272942
 296621
 119552
 913973
 676348
 353344
 911535
 826426
 228295
 11552
 933048
 519485
 806904
 919436
 425841
 868733
 329936
 67617
 860940
 875095
 906673
 138920
 551960
 606368
 225978
 1068606
 109943
 382195
 194761
 9596
 452260
 682633
 341015
 588358
 374811
 971344
 118994
 1040273
 322801
 349948
 661796
 471824
 1043570
 693370
 768165
 78475
 465768
 690750
 290764
 37658
 222320
 249905
 186458
 174403
 684532
 1037972
 673992
 260546
 367296
 330874
 1024275
 440388
 364727
 916820
 760635
 120901
 518671
 92666
 561833
 972966
 996453
 337316
 479129
 405586
 297271
 316957
 118315
 771159
 574295
 713018
 514780
 898107
 1505
 793596
 310645
 699059
 1047954
 556536
 376972
 24626
 489391
 808457
 522814
 832721
 575532
 45809
 116841
 178273
 1089802
 845055
 442795
 737280
 308815
 751527
 562054
 777019
 122624
 1084424
 596044
 640363
 1083251
 398958
 253424
 952837
 627400
 272403
 542112
 781162
 1026608
 928805
 963129
 627357
 964502
 900910
 558643
 1051020
 647560
 135304
 425938
 120253
 832493
 773869
 1025640
 683973
 125148
 242418
 109366
 654322
 1051765
 649808
 1062489
 156032
 1055614
 976601
 621265
 670967
 622011
 115468
 348469
 381267
 290616
 1006536
 151967
 896569
 287153
 793586
 1095795
 494339
 700685
 586493
 600454
 41898
 371846
 786590
 95744
 743691
 155424
 282125
 120970
 255937
 1045464
 970093
 537008
 499895
 614642
 733532
 609360
 599857
 508969
 1040994
 446110
 503943
 421410
 838009
 761305
 618909
 454565
 847738
 369015
 674705
 266239
 514631
 185072
 49746
 539250
 822609
 352781
 541112
 616454
 990819
 577570
 899579
 1045828
 86654
 299914
 559922
 420371
 419738
 709315
 146229
 919736
 587326
 1087446
 764063
 1004579
 1031177
 648854
 887654
 414176
 1060046
 1062220
 909866
 740880
 691314
 1030348
 159962
 465772
 295997
 697843
 1034444
 6565
 261382
 933131
 577441
 594433
 665900
 687775
 936645
 545302
 607160
 1067585
 512672
 280001
 1078812
 661826
 938941
 424926
 362013
 757706
 548450
 286466
 122283
 798344
 618168
 62553
 936005
 501471
 1097004
 1030663
 340921
 311627
 361503
 51678
 490916
 923369
 514776
 902732
 225290
 795511
 789091
 7881
 663909
 928129
 127618
 439804
 301284
 945640
 586124
 955177
 853755
 518571
 887996
 237394
 9943
 983869
 912297
 753154
 1066944
 595548
 814512
 162464
 185121
 1044646
 898807
 1093385
 304797
 444963
 671685
 100941
 830068
 921667
 572934
 838225
 215134
 535996
 579959
 452404
 1042819
 1078881
 610407
 160287
 856441
 523914
 417589
 620669
 162756
 910959
 641139
 712619
 759843
 684444
 971274
 1079828
 783302
 103644
 284849
 386869
 81258
 689543
 599552
 252346
 165741
 910107
 872314
 854156
 623646
 371574
 704344
 898065
 404531
 508707
 337548
 330285
 207800
 371443
 1019206
 290923
 916389
 208921
 210241
 636176
 942579
 775777
 267580
 782765
 317316
 159913
 467464
 656498
 263784
 471622
 116458
 763379
 816149
 417601
 1012076
 941167
 111459
 372028
 707976
 534104
 1039973
 1033519
 270543
 856977
 362250
 1051174
 215685
 113738
 13769
 18383
 404457
 376607
 759937
 748098
 532421
 980856
 303684
 24210
 493051
 61899
 152118
 22592
 683409
 649811
 706317
 1099178
 764835
 561642
 623582
 834538
 438630
 867684
 509374
 969902
 618814
 611347
 1021640
 292873
 349482
 816193
 745561
 996013
 65693
 193015
 247430
 528444
 185798
 976760
 516280
 639385
 579730
 153289
 877763
 647953
 388457
 142132
 285651
 172829
 1044829
 203900
 863868
 427478
 818136
 239986
 720835
 597976
 381996
 176792
 434088
 675475
 192314
 417729
 459654
 677069
 889868
 407343
 559743
 393846
 934258
 539449
 188535
 537904
 311538
 765992
 1093065
 393910
 1069717
 322756
 625422
 245789
 1039429
 155211
 345481
 392342
 679081
 487349
 811234
 1035558
 1061092
 518317
 1061959
 526592
 777490
 74858
 213598
 33508
 869151
 1073445
 1061484
 674416
 845044
 72011
 523206
 623221
 365800
 182927
 1033167
 32294
 690968
 404837
 953089
 510246
 798072
 362342
 914598
 706870
 934880
 498856
 457072
 711786
 1041473
 760000
 441095
 548167
 430023
 250957
 61520
 469136
 233735
 201305
 361213
 892528
 1052020
 649817
 148993
 400255
 629318
 287333
 522606
 148745
 928817
 446372
 151533
 171421
 757276
 342739
 757915
 12738
 68532
 178511
 672649
 63296
 153940
 248779
 141503
 193825
 7947
 872593
 605908
 248962
 784315
 541059
 416464
 359265
 944053
 1042526
 1060470
 3602
 739662
 943883
 200969
 810487
 855087
 47806
 133393
 371563
 412836
 865056
 208417
 414242
 680911
 634686
 233893
 43501
 163632
 665657
 827263
 1087884
 761215
 75348
 898416
 953388
 476983
 80161
 909951
 501941
 238267
 835650
 1034606
 406525
 1098974
 588644
 146813
 289805
 670266
 840493
 440061
 518465
 70249
 581512
 910739
 903565
 127217
 712582
 383892
 607110
 726942
 242865
 465912
 879240
 22791
 454001
 568345
 1050056
 133431
 789096
 499224
 288564
 167433
 888781
 822942
 111948
 658376
 961588
 550063
 13597
 692629
 318352
 18588
 647455
 707316
 73773
 963463
 59802
 671730
 269398
 821551
 422219
 166227
 723068
 961220
 682943
 566803
 295302
 303370
 634220
 730616
 374720
 524691
 499499
 172315
 196530
 574622
 627022
 941243
 865205
 153866
 93970
 527805
 181793
 313752
 971358
 159160
 168152
 753540
 699589
 682633
 448391
 937997
 763907
 326658
 915950
 384120
 1057320
 163264
 16593
 279957
 892860
 114558
 1031892
 189206
 625335
 350896
 59363
 181519
 980441
 279736
 351120
 52338
 460452
 221976
 464638
 256309
 993363
 732760
 1075524
 353048
 118144
 224258
 492682
 400019
 705109
 837213
 416023
 103777
 324069
 526963
 1052412
 1079694
 303745
 219086
 506380
 326433
 733141
 766164
 946241
 1002877
 154155
 1006328
 521586
 851901
 79312
 843915
 657891
 238111
 427212
 927686
 397846
 460048
 927752
 771669
 115607
 414823
 676535
 326911
 1025161
 544183
 742961
 952748
 97953
 243745
 750253
 275439
 658409
 367857
 935717
 443515
 167386
 562262
 3150
 772167
 925089
 493259
 335892
 485409
 139570
 404830
 485085
 1048510
 1021760
 231802
 134076
 829075
 346054
 1053669
 823606
 786956
 600084
 343632
 337308
 403861
 300114
 895725
 771745
 92407
 1019693
 727112
 90354
 26438
 234201
 448787
 640842
 735474
 939902
 1080081
 472489
 1061056
 1064103
 485996
 1095387
 771806
 167496
 424697
 41938
 986740
 473805
 253250
 771272
 373379
 450745
 166813
 79344
 264131
 554182
 73565
 1033053
 977905
 34568
 916786
 888751
 666706
 180736
 714884
 230945
 35432
 377140
 462562
 254959
 471823
 1067553
 869149
 227746
 735991
 348918
 647910
 134357
 126486
 629089
 1016846
 508843
 28409
 286168
 849273
 483458
 670600
 378373
 426276
 426108
 58553
 386478
 775378
 932972
 36941
 640650
 787717
 427713
 1087885
 325282
 1049679
 895662
 203200
 618812
 138257
 976588
 513084
 650730
 924718
 633444
 484161
 469564
 935155
 141332
 1013252
 924695
 415373
 1047241
 1048959
 752843
 866264
 320002
 247870
 612762
 147646
 1006930
 1039918
 334986
 1025865
 725583
 588182
 685252
 860966
 841207
 362081
 971481
 193939
 559825
 126126
 241195
 558216
 163938
 1059803
 938264
 278116
 551058
 511676
 552427
 785057
 967362
 461655
 562137
 988311
 411317
 44667
 177188
 814996
 336971
 460365
 641988
 722361
 739707
 940961
 405270
 455612
 954710
 1068660
 1011317
 83780
 1088543
 620106
 425683
 367718
 67383
 104688
 507797
 725106
 479441
 780263
 1009613
 941238
 990750
 605774
 1070351
 822867
 407200
 375121
 1061491
 659262
 43912
 157296
 62054
 350
 394534
 409448
 287541
 1030831
 617376
 310581
 1011396
 438963
 60059
 38740
 907629
 1053641
 359969
 552680
 990090
 381686
 343724
 847123
 199477
 903341
 654638
 718756
 700283
 566489
 267616
 846386
 128158
 858072
 1058672
 1062771
 1603
 953276
 435630
 698101
 218735
 710509
 212002
 346910
 861121
 457923
 549819
 947438
 552452
 611712
 398624
 327772
 56110
 39990
 697044
 268692
 785169
 529627
 831181
 26413
 275832
 387778
 901496
 445567
 44503
 301853
 513174
 1077037
 289109
 112061
 244274
 827384
 1099187
 209632
 81688
 625659
 757605
 539897
 759052
 582068
 58730
 57126
 374365
 304940
 172614
 119418
 65741
 362137
 1075072
 515870
 128666
 674453
 672840
 48208
 1050678
 499951
 961152
 10110
 988244
 570126
 312477
 1030357
 575009
 117263
 497702
 754177
 678706
 625564
 566305
 584816
 620630
 328488
 22178
 65962
 534101
 61146
 405595
 846276
 390530
 982323
 1027242
 822308
 270366
 755929
 16089
 930855
 119017
 795830
 652452
 933162
 947342
 107528
 492967
 486064
 198421
 673446
 184301
 273064
 623730
 597650
 50941
 59102
 28824
 884755
 611338
 530310
 289143
 580108
 1031274
 70674
 214925
 808500
 746835
 472635
 581276
 780908
 83811
 1024552
 17023
 159569
 543781
 52234
 984917
 796519
 1097964
 320427
 93846
 991317
 1043018
 152576
 917842
 700358
 561824
 883012
 1087337
 184745
 119391
 153809
 562758
 993207
 1096696
 41842
 1058368
 256124
 313291
 713219
 394500
 213665
 153109
 538886
 195874
 622527
 112156
 700514
 1052040
 574460
 79626
 9943
 671960
 262055
 1035435
 176002
 479300
 218579
 633870
 811715
 615153
 724569
 763264
 1029304
 887156
 988191
 512359
 722466
 900471
 594586
 821583
 1059681
 685025
 925477
 874920
 191579
 235943
 430145
 265752
 81848
 5011
 941258
 1023445
 20202
 881667
 156753
 368170
 506060
 567929
 982217
 114963
 107595
 1061741
 1035101
 746187
 840758
 567888
 629070
 668971
 250115
 934291
 891180
 300903
 706378
 998734
 537679
 211884
 973169
 580008
 524377
 660812
 472232
 1037736
 89671
 575724
 7235
 1093925
 224156
 953930
 579687
 238049
 776808
 98730
 713482
 706816
 93893
 642174
 53307
 420790
 580788
 259860
 195148
 1078415
 629677
 754981
 670297
 1028626
 611061
 107223
 1087676
 1075971
 361199
 525688
 439468
 754003
 283885
 555816
 337795
 288754
 343392
 1004719
 826389
 63336
 887648
 530643
 748274
 963746
 423064
 748583
 114279
 730536
 1038659
 909763
 815667
 615387
 1096795
 167682
 4778
 930092
 502211
 603559
 555651
 275864
 108054
 139372
 397393
 639562
 1002949
 134214
 84294
 597950
 250885
 248150
 76739
 159425
 836847
 966455
 506565
 165387
 21831
 822183
 455616
 984712
 171093
 746507
 428155
 827423
 752927
 1095558
 335691
 87106
 835165
 336356
 367797
 800081
 290302
 99993
 865054
 324637
 741127
 968073
 1089194
 960846
 455497
 947004
 1096398
 991046
 60684
 120525
 676451
 288232
 803613
 555118
 274060
 172075
 974221
 18048
 239424
 229878
 627495
 702640
 918451
 1008382
 235722
 558408
 457913
 1082296
 949422
 670157
 660851
 407270
 592329
 950031
 218113
 657117
 454447
 825340
 479447
 755488
 337814
 521869
 813648
 186359
 914063
 293132
 648464
 311148
 733524
 884031
 901667
 327627
 522966
 209725
 968544
 556808
 1090616
 837002
 302705
 910196
 687151
 492175
 791304
 191054
 220419
 545831
 810967
 216114
 249571
 917790
 431474
 148372
 875158
 957705
 909885
 1078664
 371429
 812933
 631663
 972848
 944069
 715897
 711193
 54021
 256994
 1051860
 832525
 871225
 561139
 781738
 35835
 412619
 414578
 249133
 713994
 990599
 548191
 161167
 586976
 839209
 652655
 879218
 854473
 42122
 8410
 5192
 141369
 191238
 446602
 208195
 971935
 459336
 502429
 1021953
 241402
 114529
 630677
 502075
 773202
 573824
 219053
 1099648
 797137
 849261
 461951
 313536
 420152
 541005
 29718
 503123
 418502
 263877
 786066
 567980
 583326
 737316
 699656
 309240
 20508
 282228
 906105
 625069
 387431
 519883
 705035
 487656
 991242
 307900
 690206
 242195
 9505
 322127
 74090
 362371
 421485
 230467
 689253
 479581
 342462
 680962
 505260
 348203
 738419
 1096163
 698452
 124431
 966589
 380512
 501340
 777281
 740549
 265174
 70864
 524952
 1038972
 358040
 943333
 917277
 571121
 558624
 346106
 196725
 213753
 862947
 588482
 1099980
 127186
 38768
 28052
 359774
 968169
 870738
 1079557
 305478
 513044
 164261
 906852
 293562
 743240
 971219
 941727
 428796
 945945
 794760
 13701
 52115
 185826
 629220
 157654
 880783
 762177
 997098
 663812
 576887
 428933
 936806
 761917
 868398
 530200
 844404
 1067050
 1034740
 672278
 928995
 220608
 437292
 122257
 385842
 185761
 560331
 742640
 86211
 1025211
 155859
 561642
 208359
 790015
 186747
 780132
 722537
 341254
 215216
 616679
 471774
 185553
 824572
 244672
 180666
 914554
 151898
 158363
 655676
 99333
 265099
 603000
 435975
 443398
 849327
 83355
 166602
 692869
 78488
 74343
 588807
 556
 65069
 103162
 682297
 723686
 1095510
 317568
 539398
 111489
 13453
 821241
 904184
 48076
 1049608
 73422
 758659
 3125
 810813
 555912
 822295
 532635
 66143
 286927
 370067
 73218
 727700
 135260
 874248
 760658
 288518
 719007
 1054628
 889215
 447017
 63376
 644851
 192160
 222204
 764355
 707454
 503742
 761292
 917307
 177755
 541150
 797489
 756516
 361937
 316492
 311374
 919209
 570413
 843548
 420212
 389458
 599622
 20510
 1051961
 190084
 285917
 47856
 446705
 1010335
 461176
 823285
 557480
 573646
 113077
 567749
 835860
 438973
 70385
 405840
 1097618
 871791
 230271
 750133
 27153
 871344
 1046861
 866871
 35524
 1048831
 806150
 711461
 1088636
 198129
 92282
 511121
 376513
 399982
 122578
 496844
 339419
 676839
 1012110
 976274
 797082
 355337
 560578
 959627
 372326
 205878
 655325
 892237
 928418
 833388
 891610
 14119
 187366
 23352
 531309
 1028502
 119448
 223441
 213224
 964481
 456295
 1060569
 801095
 1093374
 333804
 408675
 521198
 467621
 683090
 489603
 499515
 986728
 72046
 751687
 842679
 332487
 277136
 5210
 1024448
 264659
 664866
 640764
 208369
 895791
 923586
 247489
 569944
 1091535
 568500
 570887
 50796
 977352
 62270
 666313
 690176
 87161
 636494
 1011483
 692728
 1068424
 605885
 797036
 50946
 751554
 624308
 734527
 262022
 759358
 308593
 113149
 79870
 773358
 856853
 811548
 780953
 875868
 133294
 893930
 212217
 156678
 144768
 1063012
 906031
 963473
 555573
 416251
 893236
 100034
 683705
 313108
 569709
 1063398
 619093
 522782
 920075
 87081
 735316
 54074
 298604
 237761
 363491
 997732
 186227
 953146
 66370
 429411
 754467
 1046968
 700635
 714481
 33887
 471258
 683108
 132350
 438693
 219991
 341761
 155280
 111446
 947530
 17020
 906660
 780056
 417436
 537394
 27442
 59273
 937848
 1042029
 369558
 478602
 909796
 824824
 319969
 772684
 1010829
 135812
 945724
 579195
 996259
 60046
 1076229
 610505
 726830
 435412
 1024309
 271359
 743060
 259095
 1015426
 871762
 264695
 299138
 18332
 1059815
 57925
 269834
 79747
 765241
 661454
 877475
 598927
 884841
 952309
 417319
 793320
 154489
 783395
 219457
