306143
 447958
 435300
 923433
 952472
 674359
 865343
 287205
 136681
 431808
 756406
 241703
 11176
 573463
 302815
 143758
 548568
 1043956
 1082232
 534658
 64292
 861031
 438851
 917213
 1037015
 935613
 444466
 961751
 1002157
 493701
 544640
 845531
 975177
 638018
 73088
 564347
 1091863
 867592
 930325
 552804
 580234
 51991
 516357
 989758
 841841
 294165
 485860
 293467
 340738
 790704
 291559
 189515
 193138
 847704
 163720
 305221
 999541
 77831
 389051
 319388
 455062
 150817
 432308
 663952
 471591
 790936
 98424
 825768
 114456
 642860
 953760
 35480
 410555
 648103
 5147
 24201
 435238
 830416
 422539
 633377
 135524
 931789
 135087
 691018
 909044
 966353
 475737
 72657
 1086514
 323582
 526669
 547084
 1051885
 559253
 480984
 534842
 329033
 201376
 511748
 970862
 708921
 1098106
 19247
 585463
 515855
 543982
 97743
 215290
 658776
 591181
 680016
 85800
 12985
 139848
 594062
 673400
 738653
 87887
 908812
 515954
 725418
 17524
 749439
 1097212
 948214
 1038998
 378902
 816430
 81140
 488202
 956947
 13006
 820971
 329966
 877457
 808274
 32687
 436301
 394876
 840040
 323560
 363235
 264717
 987396
 561630
 502817
 571041
 48793
 1049031
 317382
 775935
 10589
 50455
 523825
 776575
 1033933
 591841
 746290
 665568
 872371
 157653
 56574
 128133
 577064
 1038463
 258464
 168577
 1031815
 643971
 682605
 455147
 886571
 89741
 294246
 29068
 725690
 198490
 18163
 671700
 774302
 737723
 892689
 326237
 479463
 126557
 840319
 911074
 595520
 420547
 174194
 532009
 153979
 594687
 944596
 1074880
 866365
 145678
 524838
 503475
 881695
 451762
 351540
 766115
 660073
 796765
 317360
 333780
 68806
 174115
 472785
 1006401
 1047369
 806862
 203612
 378239
 1027354
 191551
 52224
 863240
 310081
 870866
 580531
 1019546
 354078
 743162
 1050111
 2574
 499449
 606070
 46300
 799288
 107018
 354152
 795873
 871654
 51243
 515288
 990223
 337192
 59380
 25809
 700359
 273562
 810221
 829156
 832501
 666094
 1003973
 829701
 938832
 1037082
 599562
 183321
 520106
 662162
 275239
 459428
 863958
 314826
 83264
 766566
 297440
 256241
 295996
 726114
 62863
 123021
 1086819
 286122
 609321
 1034544
 812392
 428448
 444547
 770968
 782916
 611489
 392630
 28577
 779256
 236265
 258770
 691443
 489706
 482748
 720152
 102662
 689128
 198206
 1091586
 394876
 988290
 994918
 338184
 851232
 656602
 1031033
 319690
 802909
 987876
 256809
 723427
 171876
 410557
 468688
 586789
 499370
 943068
 521026
 271444
 371728
 288329
 764871
 563739
 478506
 273027
 871081
 395764
 961467
 95428
 164574
 447478
 20425
 563985
 69527
 321962
 1096338
 1002252
 1024662
 122112
 792860
 1046686
 365380
 773828
 57699
 1058929
 81030
 667914
 343277
 891387
 767964
 184302
 212590
 622868
 971848
 79365
 381681
 859430
 16980
 164833
 707142
 547760
 624815
 538806
 896735
 1001798
 183167
 59209
 485578
 407290
 531050
 429237
 946203
 211179
 1068711
 727674
 842431
 989874
 901079
 525237
 333788
 601957
 716188
 175284
 191197
 284897
 896803
 293006
 635917
 993044
 533488
 362533
 399935
 124376
 681347
 839201
 739762
 142155
 1047739
 406228
 832908
 766272
 999517
 709057
 40724
 378194
 3531
 591197
 1099199
 1084844
 492770
 211885
 403706
 588970
 499682
 550569
 740992
 1044297
 847012
 613042
 94829
 897391
 265778
 683546
 147881
 810337
 881019
 327661
 291623
 1089428
 348958
 1027262
 379819
 40237
 736856
 978147
 31869
 91523
 442099
 1063262
 922300
 223954
 331246
 610403
 42103
 131408
 596322
 103858
 78482
 386642
 364175
 601151
 8059
 512294
 502070
 83746
 769634
 456514
 832741
 681652
 832329
 83392
 774073
 1048862
 751246
 830979
 559451
 1019345
 59658
 251540
 564961
 666943
 761667
 699950
 901432
 309654
 481861
 673795
 703758
 623690
 1093638
 243480
 437611
 235527
 302343
 523297
 343678
 441593
 719861
 259906
 706245
 458012
 745600
 759971
 172546
 1081064
 990662
 525366
 973619
 479374
 1012457
 106382
 288415
 683626
 908787
 1389
 295893
 523115
 279062
 539633
 682234
 449696
 452989
 95269
 174798
 561027
 330412
 913561
 341446
 311320
 45972
 595630
 231274
 10263
 529098
 101447
 1039619
 232248
 377378
 375251
 410646
 474959
 797493
 1075097
 884713
 65898
 481544
 129481
 810520
 311752
 860282
 339521
 358134
 374034
 787013
 993165
 149215
 774553
 174540
 219803
 288319
 1085528
 360647
 399577
 350468
 841666
 154498
 1071162
 200519
 724417
 570911
 804791
 1010576
 250147
 507197
 41943
 446332
 6567
 111359
 404022
 124262
 862140
 976923
 358732
 642536
 170522
 118359
 139823
 1069963
 460713
 1020674
 957315
 93992
 76027
 485172
 574786
 662245
 710000
 255776
 148509
 44545
 41063
 390544
 204933
 556307
 973454
 269018
 318196
 148672
 719662
 549304
 948638
 1006217
 611095
 66366
 354140
 615910
 596816
 437823
 803346
 756911
 421693
 633909
 1023023
 1016108
 794842
 317027
 884488
 1096748
 439313
 146169
 73989
 1068911
 519108
 803097
 538119
 132818
 61576
 893403
 194150
 1006586
 182181
 1009434
 407114
 40664
 745509
 74636
 1095777
 748920
 1047501
 172216
 509218
 256278
 985411
 828364
 957055
 708689
 242072
 320886
 827599
 735026
 960294
 490540
 1037588
 35145
 458393
 435483
 584903
 505540
 307471
 183506
 770854
 401863
 830771
 745031
 845668
 895184
 309613
 811881
 295099
 967867
 976796
 826150
 367007
 678757
 727844
 343692
 818878
 602718
 496046
 25583
 637597
 630144
 476182
 150942
 460427
 117135
 1022221
 950395
 101003
 225726
 730200
 9378
 905831
 694624
 280631
 707032
 549015
 69950
 842167
 256296
 618485
 957378
 567657
 839505
 361023
 434849
 213730
 868570
 629323
 127844
 496835
 115251
 263178
 598797
 765053
 184529
 163367
 516179
 588075
 376356
 336563
 239374
 135259
 381252
 115278
 86409
 175374
 1094111
 934484
 717015
 485765
 460369
 976947
 6064
 487484
 344489
 597523
 118186
 595656
 381811
 144687
 776848
 493014
 710526
 179647
 707987
 382708
 1014979
 867494
 364087
 963349
 198984
 353288
 963229
 176182
 302605
 836188
 2950
 533536
 342006
 159979
 787011
 900965
 807780
 882591
 214444
 982856
 97371
 672480
 225108
 299925
 793196
 112443
 22249
 119481
 992650
 537786
 345876
 233107
 392843
 53440
 607709
 596697
 666717
 725401
 160918
 641582
 465323
 798896
 511647
 901177
 347906
 526342
 21550
 416273
 279513
 707118
 500417
 527835
 254868
 1074685
 334934
 576558
 478736
 755469
 1075145
 811250
 763915
 270763
 246092
 425564
 499712
 740484
 1020717
 945059
 649579
 1025755
 942402
 979168
 529472
 203858
 978988
 497091
 511988
 5911
 1012836
 724922
 949882
 390167
 317105
 610994
 357165
 580774
 965943
 1073041
 746037
 874038
 992060
 863899
 810110
 454955
 710571
 449786
 965050
 1094478
 965243
 1012174
 505704
 743251
 408151
 864194
 210039
 1035928
 530872
 711895
 197246
 257891
 975170
 545473
 263237
 493651
 869277
 335011
 332760
 786379
 561302
 1028007
 94224
 375832
 699613
 666428
 204774
 1072506
 853213
 603315
 968958
 118342
 535494
 1001767
 987624
 62369
 95288
 732375
 921275
 642350
 84120
 2790
 532927
 962882
 603368
 162454
 431659
 551335
 598032
 1061377
 76975
 66922
 682079
 35446
 403907
 493687
 1027905
 1064056
 691427
 548649
 905450
 1097806
 526029
 198399
 102315
 1074256
 231741
 519323
 645863
 289086
 610822
 89897
 749292
 877539
 482731
 818249
 125833
 184744
 379112
 738329
 851456
 407638
 603672
 696795
 326407
 359662
 409069
 346521
 1064177
 384301
 9467
 558775
 377546
 772297
 1026456
 718190
 260639
 745051
 309034
 563267
 255611
 307553
 526504
 945858
 880211
 995657
 591216
 851004
 542665
 394846
 1090990
 628823
 195195
 387922
 664836
 483712
 75894
 402433
 633265
 1069025
 209562
 392683
 1081302
 167897
 579856
 652080
 528843
 128154
 280071
 821657
 703737
 996523
 614292
 884364
 33499
 30279
 1081875
 1096179
 492613
 985285
 761126
 307195
 787964
 662604
 707512
 169932
 991325
 538966
 805634
 515097
 974569
 933298
 869436
 553083
 340808
 682810
 600009
 347655
 343441
 364808
 1091475
 105071
 617170
 831716
 305155
 990394
 783274
 1022653
 863383
 129051
 222703
 51421
 890285
 1091156
 369308
 279692
 628163
 410321
 113659
 77921
 1002150
 317421
 990632
 509672
 242935
 610551
 930361
 1034361
 617651
 632910
 860428
 1072872
 270003
 964601
 485219
 243087
 934801
 68756
 817468
 178044
 237201
 552017
 884858
 94579
 604538
 738033
 639578
 250042
 285005
 990596
 184048
 46116
 315301
 1075212
 1025031
 687934
 254197
 12233
 549173
 1000840
 264604
 121263
 120967
 449434
 75338
 437940
 874993
 461289
 357550
 160176
 403767
 363754
 598596
 282232
 260596
 794791
 576032
 69337
 23815
 965959
 509980
 68619
 263042
 568
 267089
 417895
 906794
 953736
 281930
 1090160
 151883
 219296
 321160
 696493
 119720
 602026
 967204
 271277
 61609
 203530
 925961
 853287
 653129
 952632
 436106
 988586
 160547
 1080179
 480313
 575499
 771790
 755563
 162999
 728863
 735096
 1085291
 257707
 1099033
 198838
 369449
 979456
 808197
 265938
 413620
 882069
 186292
 294762
 740380
 940741
 192985
 1000952
 259775
 590737
 798554
 131851
 404652
 563900
 704582
 118822
 632503
 22226
 764420
 759621
 623263
 835308
 219090
 831313
 759102
 606451
 794509
 67060
 537823
 440247
 982586
 706239
 861851
 981755
 739291
 838618
 365577
 235739
 452502
 571858
 1038023
 885000
 766499
 983887
 941932
 1025922
 409442
 1016250
 1054915
 436006
 8845
 559927
 17614
 308000
 438994
 880716
 1088008
 267144
 665264
 14453
 195513
 365253
 949309
 632763
 682352
 195325
 640654
 963900
 965974
 621152
 732073
 674098
 641400
 686241
 628428
 535679
 966954
 776375
 293177
 622321
 132169
 180650
 196944
 656583
 568279
 150549
 697072
 675815
 71684
 162261
 863042
 368354
 651031
 582302
 1059790
 1091553
 367683
 894883
 484090
 278831
 498521
 1048244
 517065
 895745
 1045838
 114529
 492328
 1043133
 452891
 756785
 903888
 732771
 396527
 153071
 451619
 82909
 1067302
 988154
 124866
 536195
 942885
 382166
 743933
 42422
 802783
 576035
 476827
 337514
 450348
 685000
 811004
 59063
 659780
 751327
 439335
 633417
 916832
 471670
 245740
 283510
 604132
 844660
 271486
 771242
 818025
 670577
 176628
 185985
 187668
 433069
 119938
 587412
 337513
 912637
 993854
 377763
 230229
 805372
 1024506
 222566
 525652
 489011
 44898
 959800
 332083
 292083
 219540
 940633
 295072
 941931
 620948
 1056096
 24338
 919416
 154222
 819798
 919648
 958970
 279984
 300105
 444725
 726741
 1016677
 511303
 615466
 745057
 593205
 447825
 994461
 123509
 1093698
 1027111
 545
 282701
 873911
 175837
 23334
 36003
 165582
 1043447
 31634
 756389
 49736
 1001527
 383493
 81082
 507515
 449504
 294541
 134820
 1013044
 882788
 860716
 7976
 1043687
 879439
 910811
 940765
 351584
 342306
 435950
 589824
 605079
 223261
 93372
 123512
 207210
 506924
 396656
 276251
 139772
 553240
 803977
 656714
 663502
 788676
 541051
 504057
 478489
 890158
 604112
 753672
 801398
 90568
 149566
 501896
 40133
 628847
 33132
 696440
 40268
 453512
 620050
 712497
 342570
 485882
 849557
 476260
 564940
 352430
 545765
 131900
 1020998
 1079952
 456212
 1070103
 1014984
 887454
 740659
 76226
 438213
 423129
 1028644
 596817
 892520
 870038
 49711
 4856
 386595
 943608
 338658
 683582
 486384
 404314
 803598
 611128
 526120
 746324
 764612
 14011
 333828
 918211
 756086
 800055
 63636
 310988
 478665
 814176
 562387
 669621
 994449
 584440
 103893
 839198
 455244
 147000
 335209
 871983
 991750
 571307
 534875
 833658
 37742
 436326
 462159
 157654
 892694
 429345
 867032
 652601
 1088952
 920713
 758204
 199812
 2187
 103545
 446517
 114491
 730043
 927924
 668242
 1069060
 447318
 505222
 63781
 776031
 806556
 931022
 808965
 92962
 804143
 510385
 1044022
 318330
 677046
 594678
 280803
 393345
 37061
 22598
 1095796
 924851
 75215
 514513
 68414
 281916
 438087
 544661
 405048
 484430
 876931
 299878
 982566
 400378
 76079
 995381
 1038774
 687303
 229138
 710994
 582023
 307594
 1086060
 1012810
 170290
 492673
 689369
 247676
 208947
 279850
 1034291
 66387
 745820
 820452
 859093
 952388
 543073
 806481
 955715
 813143
 638058
 597340
 147422
 721607
 95888
 418409
 609430
 300820
 807947
 966829
 939419
 123674
 332099
 798349
 398348
 786686
 431605
 520116
 474300
 244543
 668945
 686435
 885892
 841322
 323368
 124494
 670988
 842922
 385313
 934932
 110487
 73367
 712255
 278078
 42457
 157350
 1994
 457015
 236941
 392192
 85080
 77999
 801017
 123363
 468695
 390338
 1082083
 315989
 486390
 396688
 219145
 498987
 892844
 640983
 306662
 82259
 831121
 342341
 865152
 354854
 158960
 925414
 547842
 1072551
 360319
 671161
 993775
 212939
 401498
 397068
 481917
 816804
 591535
 991198
 990490
 1037683
 365228
 74272
 200134
 661072
 561127
 983832
 772577
 591143
 942582
 363222
 1041713
 861354
 1071716
 225490
 994351
 578633
 384481
 781512
 827298
 37014
 1083310
 763352
 751887
 630649
 433101
 221428
 665866
 741232
 556109
 835290
 225998
 528554
 626971
 654726
 211634
 49237
 110084
 327886
 651706
 713431
 381799
 988801
 496942
 308306
 343897
 10028
 186873
 665374
 1000446
 1023801
 568745
 1061989
 10879
 529189
 900422
 526091
 494729
 755539
 315077
 922981
 914430
 539930
 848910
 794957
 885634
 199923
 453434
 1084282
 709198
 515060
 406550
 72882
 389160
 799248
 308266
 474725
 259463
 312463
 139255
 830287
 916804
 621452
 56652
 680142
 1006803
 716891
 837854
 960715
 599221
 1030636
 935828
 996912
 438618
 990828
 657013
 167583
 692636
 391076
 2539
 460304
 438799
 371060
 591861
 475806
 494355
 391832
 199288
 585847
 569472
 893864
 433270
 921193
 200819
 828037
 162119
 1091326
 470125
 957177
 41539
 287570
 673997
 767719
 459311
 906937
 604561
 275875
 653477
 363325
 418529
 256660
 171200
 491703
 432933
 577040
 539420
 518518
 911178
 992162
 169819
 539900
 835389
 209774
 312653
 613419
 259188
 199711
 519325
 989286
 546994
 494075
 693792
 588228
 619065
 575698
 103136
 1031557
 638864
 245926
 693844
 445512
 117216
 987191
 793986
 1053479
 480172
 122228
 332900
 145997
 1044620
 559028
 173259
 900091
 331338
 140348
 419762
 169152
 64175
 23597
 321171
 798232
 794904
 124064
 1039910
 685750
 160918
 903228
 579713
 952705
 303952
 1021089
 1029465
 532230
 990501
 496069
 620840
 49615
 1019526
 482000
 508662
 834408
 316098
 3035
 280161
 393183
 987706
 784223
 379284
 1063555
 303538
 754443
 269890
 722580
 683541
 983429
 205159
 497993
 237452
 20714
 1016597
 527295
 1033518
 483117
 987611
 1038653
 37778
 722742
 627870
 971054
 196112
 197097
 929655
 421102
 1805
 590637
 88638
 898802
 737051
 1089365
 1057458
 305713
 530307
 141015
 961340
 599049
 163842
 691914
 995497
 281211
 971014
 473884
 751604
 757754
 610358
 254489
 990468
 47269
 528358
 23983
 398712
 960629
 960232
 277256
 131625
 566313
 70677
 357156
 1084485
 298682
 107809
 758182
 525601
 520021
 205301
 35181
 737106
 252999
 1040561
 45581
 804427
 178898
 396637
 417260
 173829
 828804
 299653
 158713
 526372
 837584
 177932
 957127
 625215
 1080321
 297888
 501308
 368996
 777683
 9898
 1019756
 346744
 513087
 650436
 224247
 731012
 553291
 851431
 222093
 715496
 1099664
 239296
 574620
 365644
 142383
 492350
 793738
 149931
 915413
 990913
 853837
 676801
 424456
 637124
 566738
 510789
 1060566
 210802
 666696
 873868
 274742
 286421
 990461
 720982
 288084
 513063
 997005
 146160
 662626
 21737
 446387
 888265
 976210
 157934
 1031034
 1062666
 1033325
 879399
 1021354
 921561
 430805
 869056
 81251
 214961
 1020823
 193433
 331715
 535334
 113696
 641211
 1096033
 974018
 12197
 442552
 611565
 47892
 383250
 329454
 210297
 831858
 346881
 633507
 533510
 615416
 583842
 1062572
 425477
 458820
 1095072
 354390
 363882
 880614
 461229
 475300
 816206
 528998
 379980
 1015874
 498070
 242651
 185207
 258353
 41421
 422514
 525455
 920017
 530462
 906347
 561910
 612235
 298865
 799806
 566298
 173114
 186158
 118132
 1087651
 407172
 57573
 814257
 906323
 1031860
 967188
 173008
 603334
 366313
 691371
 1027122
 483828
 145715
 819431
 441484
 1029428
 262241
 127021
 756254
 833546
 105801
 881036
 701294
 833562
 853284
 558626
 530017
 996602
 555894
 932848
 451560
 522322
 1012657
 45005
 1033922
 373335
 478599
 245552
 532916
 554926
 1017832
 543939
 405616
 924119
 1093672
 564466
 429201
 1071085
 209227
 732694
 910894
 24614
 924202
 806322
 270462
 207899
 872503
 182134
 446120
 1081996
 593673
 357575
 1072134
 323515
 565847
 542386
 919473
 502647
 768353
 674103
 958216
 43762
 605626
 270202
 53345
 641962
 840746
 857588
 225082
 223627
 77660
 441039
 786159
 939013
 149353
 162182
 491002
 987331
 527535
 173160
 1074976
 418480
 550999
 42694
 114660
 841672
 998055
 338145
 666289
 758124
 489355
 122179
 603387
 674024
 484216
 446587
 824681
 1063370
 85827
 860306
 236185
 1035365
 722729
 880467
 635284
 1043975
 244084
 164190
 265870
 984055
 301652
 529748
 697204
 435722
 806264
 848414
 348833
 121099
 665941
 105418
 361118
 174471
 190821
 344583
 1017453
 14131
 1018753
 506015
 341144
 150895
 1001827
 481712
 696103
 865998
 329428
 947873
 781311
 706659
 1076187
 102139
 592249
 951100
 693818
 583481
 586026
 29301
 138712
 89399
 171185
 13226
 89348
 654472
 852478
 712146
 662512
 659049
 222731
 193648
 145640
 795772
 417144
 510888
 832654
 387437
 650
 778054
 565016
 217128
 619879
 63774
 443969
 891735
 224566
 1094624
 1024825
 376915
 786694
 422069
 690086
 1049025
 75728
 311572
 642752
 644238
 294978
 838750
 757975
 76585
 305808
 229686
 548019
 624326
 925184
 413796
 947481
 887701
 856941
 191559
 120257
 625390
 265364
 899117
 909508
 711420
 363324
 193014
 959833
 459875
 660837
 409595
 493260
 220661
 248912
 726811
 358287
 697984
 853759
 54515
 419175
 525589
 328806
 140183
 1064425
 762015
 290395
 866857
 213982
 62974
 633930
 424046
 966673
 539994
 952469
 368714
 264348
 193069
 1031758
 21687
 801299
 178458
 834883
 1093028
 18730
 153799
 720709
 893926
 203072
 72618
 28381
 195688
 556636
 1095863
 315568
 1049028
 631884
 75423
 741267
 26277
 761739
 711692
 342009
 198116
 156255
 1054397
 505213
 407277
 224202
 980799
 590920
 139149
 767878
 106151
 706417
 414876
 661845
 138982
 340285
 55737
 11303
 321614
 662857
 785885
 903267
 849361
 932321
 796302
 32847
 963350
 298646
 33088
 935598
 275819
 59581
 373786
 923368
 431139
 266577
 919145
 853549
 349628
 343553
 98258
 1024568
 1049893
 176247
 115186
 645697
 447868
 732178
 737049
 782537
 839432
 388155
 615119
 87888
 37065
 388661
 58051
 829777
 938053
 497127
 196678
 37274
 915542
 324066
 124277
 829646
 36548
 1047081
 1058304
 119618
 932651
 120697
 396054
 945384
 289323
 325674
 347119
 661814
 361451
 770868
 352656
 911645
 49841
 72007
 423498
 194771
 856165
 923899
 572648
 1017799
 1020059
 354431
 332704
 691008
 735548
 96251
 738495
 744907
 334135
 256941
 169720
 1046767
 138138
 828064
 899857
 715959
 616467
 46786
 554525
 879489
 739519
 326663
 319579
 103245
 285210
 261809
 939835
 226291
 724785
 244005
 78060
 75424
 445221
 678849
 1018433
 820307
 806582
 210702
 14565
 847910
 140864
 921339
 244283
 814880
 465151
 17728
 308219
 1003651
 516636
 140401
 291904
 122659
 873602
 521278
 588853
 420578
 325714
 994123
 809922
 270473
 936925
 564023
 277144
 569459
 36098
 884173
 434155
 1054544
 67412
 152388
 287029
 103370
 355670
 231360
 286394
 648646
 820037
 117190
 28211
 757795
 628962
 724815
 26319
 136967
 300251
 695845
 124508
 595356
 86730
 764741
 120922
 759997
 411916
 535619
 928080
 670728
 862790
 180642
 498904
 179451
 641321
 484773
 625421
 236786
 739049
 522502
 849827
 337848
 196012
 1033432
 899255
 776808
 641225
 498411
 798748
 445445
 889790
 430835
 824944
 576806
 1050115
 1091823
 980649
 387371
 371165
 138326
 144341
 386322
 459975
 92054
 940535
 593783
 546902
 263448
 898935
 55580
 7822
 633456
 615235
 388380
 454088
 922880
 405698
 85128
 1060084
 313611
 858643
 89347
 570309
 476250
 853827
 1060633
 815811
 878498
 670569
 920546
 590369
 307235
 871875
 958707
 953996
 490049
 917080
 995496
 958133
 706949
 715381
 643378
 226244
 982868
 592052
 329368
 256467
 959168
 337470
 358517
 306833
 532058
 803668
 853726
 624662
 639731
 456738
 254671
 141420
 159428
 584018
 271828
 222364
 918504
 487572
 709787
 460296
 1098244
 497781
 358326
 622887
 66876
 1005534
 487626
 892039
 708857
 1009809
 288675
 25098
 226994
 525687
 29902
 362283
 181132
 134018
 620981
 93121
 208467
 497052
 427654
 12656
 294871
 45475
 877916
 566987
 253765
 315723
 99033
 382207
 655564
 940518
 1056865
 80749
 255249
 135176
 698072
 913992
 234101
 1009911
 935299
 259026
 235606
 1030840
 490236
 153995
 944301
 806281
 303722
 126551
 28099
 928493
 796984
 577174
 749000
 812301
 623832
 517058
 1067381
 687531
 1091925
 389219
 512046
 1074414
 956037
 169549
 708617
 822272
 912406
 1067336
 1049734
 1044896
 964878
 968506
 488540
 1019556
 999438
 221057
 996791
 65634
 342706
 222436
 813053
 389827
 139115
 617525
 631841
 998349
 763892
 542050
 543420
 355328
 212038
 760941
 48074
 118970
 940922
 1028117
 706638
 96795
 515404
 19458
 1071328
 511977
 203677
 79136
 913571
 121396
 108232
 1021776
 486758
 406822
 53823
 791108
 423519
 31020
 846201
 659723
 361564
 299160
 533231
 437696
 991187
 659129
 971142
 1062096
 1045271
 910996
 436782
 542125
 898732
 7464
 1042441
 688855
 518875
 123857
 830457
 901798
 122599
 510081
 806500
 28032
 965814
 357321
 297876
 284741
 111193
 457872
 797318
 387944
 120857
 1011558
 343687
 954473
 709918
 120889
 814627
 51161
 485386
 3499
 431797
 451763
 494962
 633515
 366140
 639580
 117503
 644799
 909932
 612195
 755492
 151692
 134335
 150500
 969189
 765589
 367968
 882520
 252457
 167440
 478012
 700009
 417960
 856553
 637664
 438051
 541468
 219345
 5562
 786617
 188662
 1031460
 590542
 606638
 98703
 758442
 35704
 394025
 751984
 769047
 574502
 738037
 645584
 138595
 563948
 247376
 196155
 557600
 531154
 165974
 220906
 402880
 24886
 474752
 297818
 144880
 107629
 813442
 679202
 160186
 826823
 615627
 236653
 438315
 902386
 158097
 959107
 616457
 261994
 540197
 919802
 342745
 421430
 129476
 720603
 290459
 986241
 1097080
 461744
 1008368
 332313
 498307
 948444
 964555
 722013
 489678
 358077
 814249
 355993
 348522
 788562
 1078920
 685002
 1042651
 306001
 514222
 736584
 360428
 392769
 660897
 693479
 566234
 889037
 780718
 960303
 341449
 368573
 327200
 788241
 714252
 615320
 4917
 919774
 570238
 510069
 194757
 50906
 759308
 312211
 451046
 128341
 344247
 406202
 861002
 143551
 44606
 834677
 501980
 297664
 910981
 699856
 507734
 1089824
 1072792
 12672
 564191
 118327
 747493
 345613
 1089516
 56518
 865233
 442971
 926065
 388315
 302202
 163570
 274492
 704015
 771975
 638254
 601971
 20442
 21209
 880079
 357713
 853638
 1022773
 1049531
 1012637
 496751
 779196
 740119
 739683
 601112
 707683
 255586
 488171
 1017255
 864058
 135062
 189425
 182026
 973303
 846706
 555197
 130759
 255975
 1008170
 30896
 247103
 489935
 463525
 725668
 914560
 307321
 138492
 1074850
 583643
 471566
 1033851
 730054
 47155
 849720
 767459
 107955
 758695
 236182
 739259
 628718
 616321
 859316
 671903
 919630
 226636
 934540
 533495
 226828
 508909
 881781
 361252
 98380
 898580
 800308
 739007
 248157
 953723
 235648
 379036
 311536
 799563
 866742
 507718
 562037
 33141
 684085
 376596
 874067
 230506
 197100
 359729
 166306
 597044
 1043005
 250878
 849482
 1091532
 806335
 227867
 496672
 32729
 997866
 327759
 283499
 129955
 70258
 713503
 982557
 248216
 708415
 678020
 1073503
 484474
 248814
 1083690
 271022
 736489
 599785
 774864
 217434
 539873
 609740
 1048996
 330495
 1062675
 698488
 412115
 987631
 803520
 443630
 411409
 676551
 876676
 1031831
 469542
 858166
 1046257
 965642
 57415
 784402
 1018120
 43247
 181754
 969899
 414239
 6256
 544854
 527149
 79803
 715487
 60788
 61521
 1095578
 22598
 421523
 290012
 176942
 1040260
 12151
 927516
 1059873
 962660
 950441
 280266
 779221
 769474
 184216
 400753
 840282
 183976
 922089
 381866
 963822
 776298
 575384
 747962
 121340
 563960
 1061216
 423471
 604365
 886105
 1041935
 247332
 503074
 805378
 1097997
 1064585
 24648
 1052959
 390913
 682625
 93198
 312543
 287694
 903438
 949000
 318502
 163678
 391444
 110569
 788565
 635693
 237532
 471603
 301656
 566405
 1011174
 442913
 317795
 975439
 1010954
 565443
 296762
 272407
 409387
 397800
 934512
 880239
 63445
 390257
 558595
 1089777
 179908
 944477
 598161
 49987
 915220
 765671
 331476
 890607
 732993
 639891
 681708
 907979
 1021124
 896262
 971963
 362631
 385788
 428423
 877627
 641799
 1021639
 990061
 803213
 871387
 808458
 199707
 285015
 260779
 406802
 967419
 290042
 166413
 173190
 699620
 275438
 908497
 689806
 553359
 605683
 251021
 942718
 264448
 305744
 18561
 967618
 247606
 545262
 478478
 53655
 189076
 221639
 17131
 894755
 403213
 87783
 282617
 749968
 822777
 947181
 159128
 1006299
 432600
 853680
 841975
 585754
 503881
 83454
 241641
 7536
 959584
 221941
 190841
 164011
 200260
 454623
 464998
 649801
 1076749
 441350
 327955
 461981
 972696
 245220
 457589
 603812
 363662
 971805
 968373
 788213
 525021
 829925
 381426
 441229
 860260
 736733
 196913
 39725
 379439
 472565
 447395
 32226
 1025246
 46272
 617585
 696457
 1044600
 114114
 913109
 590728
 164726
 315017
 94245
 1062639
 158405
 923546
 378687
 465186
 116534
 19518
 204925
 304682
 932948
 822782
 956906
 731762
 195572
 887654
 154507
 845401
 451278
 837698
 994648
 1018787
 961588
 477468
 1066514
 6915
 1056202
 199836
 418981
 1031397
 910088
 632932
 875067
 1029201
 792844
 887402
 925018
 363258
 709257
 263323
 726853
 1062736
 846029
 938392
 539529
 642740
 397456
 814564
 492218
 977622
 143589
 328980
 62601
 575918
 715748
 695822
 1090724
 227421
 1014085
 286663
 538399
 972959
 56651
 472889
 959978
 48776
 221395
 776594
 682999
 392393
 313741
 995010
 294389
 694056
 699403
 896161
 730042
 829934
 599732
 868194
 303532
 731901
 103437
 885540
 198156
 230474
 563804
 537031
 186253
 101795
 1000636
 153808
 437581
 364886
 1078362
 460836
 75686
 83956
 36576
 419013
 565024
 792455
 947863
 727712
 902187
 376218
 702796
 1001771
 792658
 772353
 614176
 611357
 356450
 259854
 873075
 597315
 569273
 886677
 552576
 561206
 172550
 892931
 73481
 612986
 525962
 959920
 10147
 58078
 880926
 342876
 650581
 349828
 400531
 589047
 626601
 412307
 807545
 634438
 577665
 668429
 637029
 611559
 689437
 476220
 490951
 266683
 638568
 417549
 769383
 887656
 81943
 371723
 600220
 831985
 1049075
 513629
 243830
 80046
 917166
 678966
 517632
 394995
 583754
 150622
 669962
 717233
 1092439
 598262
 293944
 378610
 140012
 1028319
 118892
 1061311
 490538
 50578
 110128
 430483
 1009529
 348742
 523508
 500945
 994828
 925167
 296236
 48629
 650772
 1015703
 913524
 120785
 420637
 654536
 754022
 523631
 586407
 91874
 186556
 2886
 527996
 892688
 220471
 675579
 106360
 654271
 747641
 633969
 80120
 557847
 618452
 997209
 1033219
 274565
 64012
 541024
 930724
 327194
 18787
 594231
 100670
 743851
 841543
 306192
 416313
 434120
 469527
 482954
 620866
 883089
 134401
 46847
 707349
 424069
 398333
 920236
 389398
 587503
 963610
 880746
 15590
 999408
 329702
 196826
 778213
 510325
 871724
 241714
 396020
 74590
 533483
 268203
 447398
 1038455
 305116
 871538
 536588
 153816
 750341
 428518
 255519
 114607
 307971
 788524
 437065
 114342
 484104
 61844
 71505
 931069
 761968
 699816
 546783
 1077026
 1017137
 253231
 160043
 1052674
 349295
 366575
 469259
 119667
 443265
 797084
 498512
 312629
 783
 86665
 677662
 433615
 729553
 481669
 933649
 134117
 800424
 330295
 316700
 1006738
 993067
 848655
 43639
 293906
 985163
 640706
 226722
 1061298
 28078
 641019
 184450
 78915
 471701
 950874
 137164
 780115
 935965
 525214
 789902
 127898
 389241
 1025591
 959388
 215893
 208964
 633257
 39088
 456454
 938633
 698410
 649166
 1085079
 871059
 601037
 600131
 95598
 139882
 1087965
 31116
 322263
 103050
 795763
 1039632
 698503
 205103
 920396
 481975
 1079926
 812867
 699515
 571427
 971220
 852720
 406776
 805851
 726241
 221442
 958033
 81724
 899054
 446612
 201444
 665355
 676280
 223392
 925232
 109413
 856592
 734651
 819775
 302832
 503550
 586216
 258140
 378321
 899098
 759092
 144399
 44014
 224023
 472580
 183729
 81184
 1031171
 1073066
 175443
 669358
 177914
 805262
 746038
 850359
 1016186
 469868
 34271
 368710
 11420
 560504
 131191
 689212
 1040439
 689131
 311269
 146262
 814875
 1008467
 535594
 1013927
 205079
 483080
 555561
 345929
 165001
 466577
 447298
 538626
 1025586
 684361
 490404
 235674
 838660
 851593
 930747
 394167
 1031587
 444521
 1032589
 37877
 605122
 166035
 1080594
 73322
 66596
 69256
 426899
 438740
 467911
 960672
 611715
 883220
 280496
 68936
 260051
 9765
 582252
 636815
 846706
 618332
 908789
 16516
 710287
 661808
 639698
 643214
 456988
 875475
 89654
 735227
 102932
 572014
 247006
 65231
 863213
 627859
 410253
 1056974
 752639
 933807
 487338
 563180
 842688
 591564
 721818
 406737
 546587
 577950
 369341
 700983
 1041800
 450056
 628857
 231547
 526345
 64253
 387417
 493170
 891810
 225109
 860002
 419913
 268854
 47216
 431584
 723072
 66815
 164801
 664718
 40508
 509803
 628951
 1091485
 1083379
 643964
 300202
 995134
 877034
 1076673
 379254
 859700
 656741
 39371
 837845
 41648
 735826
 565594
 365015
 38523
 409917
 580989
 971219
 720087
 126506
 138422
 271587
 690973
 563218
 619465
 949218
 994815
 923123
 163302
 784577
 61655
 260521
 819465
 1055644
 738652
 58779
 509170
 767441
 103157
 1089069
 441808
 670367
 1049438
 41960
 628140
 591041
 1069853
 376921
 566629
 1082987
 321073
 623715
 747750
 668089
 233313
 1032631
 39725
 925231
 620671
 1033026
 60710
 1086134
 135306
 1040107
 762189
 321061
 69118
 359776
 561785
 1016558
 315574
 825307
 314103
 654269
 511512
 155738
 345848
 953940
 9965
 71176
 419297
 687684
 186106
 780091
 518317
 926666
 31731
 132092
 213095
 382150
 637748
 805373
 606467
 90851
 151166
 240638
 566934
 67780
 122477
 963551
 573834
 453072
 718550
 335126
 475996
 1018624
 159639
 517735
 905952
 10155
 324461
 93822
 594703
 600561
 648282
 563924
 1011390
 539176
 680497
 911723
 710160
 64743
 123664
 836936
 866284
 395513
 230789
 288252
 329780
 601902
 232516
 458091
 68296
 997888
 614679
 778126
 644131
 338334
 851848
 697750
 1042197
 138777
 804902
 622256
 1086283
 531944
 715555
 844335
 77378
 497104
 953291
 503256
 995935
 137739
 389624
 707146
 714934
 758301
 123009
 615857
 161365
 934372
 448116
 556062
 6869
 552576
 668474
 849735
 1063898
 107313
 633414
 379083
 592772
 443210
 627403
 1038026
 909000
 189987
 293651
 267337
 183249
 965990
 986973
 551046
 1081196
 323169
 823843
 909897
 90320
 399840
 293016
 888990
 616070
 56594
 521467
 460218
 97750
 396083
 864970
 1096559
 734679
 24819
 618903
 165518
 523467
 124027
 782867
 520645
 613060
 750339
 419633
 880932
 94865
 912939
 749501
 208191
 742473
 794647
 150762
 646167
 555411
 831465
 506388
 181895
 838003
 380740
 1056470
 865285
 400649
 465729
 403977
 1091541
 54870
 736136
 845645
 23435
 272581
 867984
 845192
 10078
 292434
 1019445
 771355
 928061
 822012
 98669
 773902
 306847
 115497
 530397
 487706
 1042598
 299690
 684874
 873474
 162796
 755078
 792429
 289816
 150501
 506236
 404941
 356043
 647334
 492307
 1056292
 634912
 263301
 455466
 445723
 705789
 231020
 941633
 545751
 1065857
 165150
 1083706
 368899
 866856
 1049534
 406968
 505582
 888801
 763570
 797738
 626718
 1013346
 500382
 838083
 715942
 6333
 235128
 882358
 687619
 46742
 907306
 1064542
 905931
 67716
 588482
 351211
 409693
 254282
 640663
 997041
 814530
 328609
 1043002
 164150
 557681
 163568
 553981
 963494
 387155
 608916
 500138
 237582
 805735
 205708
 146781
 270129
 942242
 689645
 106258
 198161
 533846
 472398
 269207
 1044904
 956342
 369617
 208460
 200990
 350289
 643566
 725091
 979862
 709272
 470529
 533021
 993687
 1032746
 843994
 855525
 901683
 812423
 822852
 1035974
 268391
 317960
 716493
 1011623
 4095
 329336
 958288
 703848
 337747
 784291
 487406
 512161
 198319
 484694
 133438
 413291
 461804
 399100
 285033
 295987
 260820
 313305
 491945
 329209
 596641
 773398
 929518
 503098
 541499
 638574
 237795
 175064
 128670
 897638
 642961
 737227
 574649
 498304
 455061
 787171
 847959
 77874
 136531
 332132
 533916
 553762
 940218
 209587
 966273
 1063221
 992580
 905798
 492337
 1019094
 50652
 988682
 461096
 376226
 104863
 697519
 618110
 825173
 10637
 929946
 156196
 411493
 874698
 372192
 108496
 1080446
 117891
 244811
