785054
 261836
 858909
 367793
 445903
 989953
 497178
 420628
 111580
 740227
 722718
 722195
 145027
 430450
 590207
 626211
 450101
 612686
 431366
 656539
 578313
 635294
 1057997
 119799
 451428
 105331
 647808
 896646
 1098331
 1047660
 905420
 554572
 922368
 746194
 332854
 965957
 865545
 533813
 444455
 372499
 850023
 886638
 859379
 758
 591718
 93953
 952472
 788444
 991660
 699262
 696940
 402858
 400305
 107177
 976457
 202650
 400099
 942863
 568780
 197258
 526821
 211061
 414775
 288551
 410602
 158111
 30656
 215049
 472068
 301641
 610358
 1099613
 605481
 524138
 794669
 598026
 432716
 424313
 965419
 510161
 436397
 550136
 826063
 327866
 561733
 722763
 345684
 944036
 850512
 693490
 339482
 726412
 829653
 584051
 982935
 60567
 609720
 229630
 461215
 84531
 803571
 708928
 591086
 813148
 9349
 430099
 905664
 684427
 24143
 942334
 1033469
 501675
 346653
 445341
 190128
 839251
 488754
 1013582
 457732
 5132
 918051
 278840
 116785
 1039354
 169412
 235220
 1074852
 128064
 826316
 373878
 648007
 202098
 1039099
 370988
 686505
 68110
 41868
 924694
 775779
 611651
 960340
 899880
 201622
 869681
 966005
 102205
 348950
 736798
 129932
 330645
 854114
 556947
 846250
 606665
 317790
 461897
 1029813
 513489
 806095
 295704
 684805
 974295
 542362
 367781
 286556
 659271
 773191
 102257
 365799
 491989
 374130
 684089
 1029808
 375992
 886079
 446542
 474831
 1002367
 915825
 122215
 707479
 395425
 402800
 755736
 321156
 461402
 1037742
 189089
 506002
 937450
 83585
 1019594
 487493
 279425
 534870
 623628
 622029
 84361
 506723
 852796
 1077766
 510882
 682333
 945066
 1099060
 597490
 1011163
 225346
 929468
 559968
 149678
 843793
 360164
 610680
 837585
 433992
 589577
 937158
 254423
 513926
 598543
 1032577
 1072438
 36303
 569103
 241098
 519978
 602038
 443291
 508406
 723674
 648914
 1097313
 966074
 346843
 837958
 288587
 176534
 209849
 194606
 699150
 827756
 116474
 999418
 780304
 527187
 710767
 514446
 826033
 199789
 242844
 732452
 38473
 1035406
 146012
 558466
 547136
 466486
 877969
 491541
 999627
 992315
 164629
 297047
 227940
 441980
 479344
 1075426
 714879
 411322
 1054355
 545658
 429282
 776486
 347621
 360194
 113789
 815599
 483380
 1000674
 198814
 934716
 179734
 906171
 973474
 1000107
 705550
 1078074
 135562
 610405
 503079
 386623
 15877
 748109
 830529
 454328
 253464
 669830
 159996
 892924
 186455
 233315
 168987
 76055
 207468
 1079702
 312556
 186600
 928756
 770568
 200946
 744983
 1004897
 129337
 492344
 1078914
 310748
 601028
 679944
 865928
 729564
 167641
 166722
 712966
 588226
 548840
 406163
 807396
 491872
 745680
 1039556
 320210
 447296
 331817
 769198
 888952
 239913
 1090679
 660478
 226066
 424014
 500436
 228279
 661173
 911973
 908076
 394223
 339175
 1045225
 146444
 902165
 336286
 376927
 718279
 966463
 347361
 561820
 131935
 1028498
 843693
 980866
 787221
 659784
 322905
 193744
 335310
 123666
 675691
 1086157
 385089
 187514
 857010
 85295
 441399
 299051
 720876
 774367
 1078603
 739986
 662722
 1020368
 145723
 1080559
 693453
 247621
 592223
 91977
 746077
 846452
 422709
 420724
 1057766
 172899
 773451
 677614
 1239
 587674
 70407
 414671
 188030
 748491
 246414
 249577
 883069
 895644
 450824
 1079785
 512835
 95756
 544877
 774792
 38544
 503098
 991278
 1083163
 798977
 960532
 113545
 263744
 209554
 266750
 251967
 335302
 922755
 931118
 624233
 1057631
 629268
 520254
 801724
 501239
 177982
 589466
 1015960
 478387
 405378
 893146
 672597
 838270
 562831
 729316
 1047147
 466513
 873106
 982231
 490414
 448291
 444608
 462233
 286873
 947625
 464209
 777823
 566087
 921692
 181670
 584359
 735899
 432276
 842825
 541596
 199947
 825307
 1055147
 1077099
 1017512
 134607
 497293
 245078
 298320
 814584
 92504
 207837
 1032783
 739333
 122527
 789402
 424453
 715365
 587750
 897721
 517287
 1052362
 722460
 65602
 948790
 657465
 661563
 387780
 220613
 42260
 57397
 912907
 78128
 1012797
 864117
 892265
 210673
 16004
 607597
 1008796
 385529
 374563
 240428
 486459
 629441
 35227
 154240
 365936
 909813
 149223
 426416
 1024963
 748431
 302867
 995114
 240228
 68541
 624224
 800297
 116853
 941396
 1057992
 667535
 1082020
 236718
 681348
 849718
 522412
 1011645
 39038
 726623
 433468
 292451
 860872
 934145
 530306
 896687
 371367
 387862
 32510
 253585
 975594
 1022102
 893281
 96021
 302560
 861563
 452541
 388419
 358464
 65344
 916088
 437138
 781631
 161962
 201278
 539967
 1042536
 962270
 276861
 1022907
 1067617
 530640
 1093182
 709007
 40779
 280707
 3944
 440798
 714889
 453461
 865124
 114558
 392097
 549769
 559162
 901304
 44433
 2435
 588482
 365402
 181919
 831389
 403998
 339223
 544194
 886549
 985401
 885634
 120845
 867547
 283155
 928791
 496269
 186797
 764430
 106463
 978284
 162601
 602976
 146717
 871352
 332354
 781976
 830384
 634079
 635089
 427405
 910836
 187648
 949814
 235872
 482016
 693538
 563714
 229586
 78900
 682727
 229740
 153880
 594296
 784441
 422661
 920670
 354431
 578432
 251015
 397002
 219558
 780674
 1065438
 595984
 854521
 223773
 779977
 933241
 1019772
 297564
 965241
 972406
 1048921
 617139
 627644
 496650
 487341
 735059
 925890
 1014921
 723819
 1008009
 554423
 759866
 894332
 734645
 143571
 26053
 630326
 412723
 213959
 215484
 377911
 976008
 362202
 568344
 147483
 473801
 360067
 359514
 571605
 268308
 1003713
 1037052
 1053839
 218997
 890079
 807203
 879267
 507444
 592628
 942839
 573296
 503474
 548087
 753397
 1033058
 464539
 639859
 184182
 1091350
 76119
 329909
 291739
 256579
 695226
 1044742
 929111
 337664
 1039962
 606810
 190763
 65508
 1044409
 853279
 882822
 891119
 500902
 387641
 182919
 127108
 941488
 843711
 193630
 938307
 1016731
 441784
 245449
 82949
 1087375
 917963
 1042089
 1095096
 831520
 101362
 958651
 562400
 924083
 506653
 493757
 576173
 87802
 728669
 622669
 642145
 895105
 737755
 486212
 1038257
 486274
 788875
 236216
 336230
 815305
 207768
 774166
 1000731
 380507
 309350
 722130
 814765
 70945
 553866
 899229
 811019
 951604
 499149
 916513
 389347
 210842
 1012102
 275622
 695168
 617650
 559185
 92748
 217237
 1089988
 771191
 846131
 124558
 305751
 731886
 992400
 806294
 145764
 527255
 346221
 284027
 200793
 68619
 161189
 810253
 522886
 445555
 419510
 92770
 1068192
 575547
 740369
 90335
 582562
 679824
 461266
 374663
 395122
 370794
 86551
 878245
 470092
 794251
 547948
 270174
 840692
 348908
 883840
 99892
 42536
 592519
 975777
 727203
 1029195
 650196
 82463
 236501
 999260
 587836
 236341
 103832
 580904
 187563
 1092330
 1007414
 362379
 131279
 881172
 886509
 831193
 843876
 594923
 753124
 823927
 92886
 190460
 821377
 16894
 50257
 151853
 462790
 500926
 110089
 836828
 1008309
 832414
 842936
 855630
 414679
 529972
 205721
 1051625
 996849
 591334
 45437
 1019396
 831319
 586264
 506827
 763962
 647857
 656842
 917307
 177740
 846212
 763027
 255584
 1026563
 1082732
 531709
 1079074
 589154
 499214
 1085113
 282716
 141266
 382080
 939370
 448960
 201909
 1045794
 351779
 532783
 975277
 910544
 459612
 700550
 133495
 614958
 47153
 21257
 848110
 148345
 577803
 34164
 531423
 360777
 193529
 1087871
 464408
 907661
 410833
 315415
 671328
 865369
 947864
 314515
 340681
 239127
 612551
 511075
 804919
 247986
 408835
 172192
 36567
 395327
 1059167
 642144
 759230
 362164
 954076
 325792
 297761
 635177
 111965
 386534
 25101
 514881
 1028637
 599750
 461773
 411844
 138861
 419645
 210294
 367581
 650306
 27595
 1071164
 38231
 873464
 653444
 802523
 905438
 401542
 766948
 653449
 410762
 812618
 130247
 765087
 399186
 453810
 892513
 832998
 703226
 791253
 3066
 23164
 722274
 886734
 395993
 580637
 610756
 988034
 1013050
 673073
 590596
 808142
 12482
 57917
 194185
 485474
 836836
 261789
 668661
 690225
 890643
 374260
 634359
 774694
 684786
 570233
 781492
 489598
 671821
 212265
 418819
 457481
 842195
 116197
 573511
 949358
 952076
 580102
 644791
 1006691
 376474
 493974
 855290
 861116
 77858
 633205
 123771
 295829
 814610
 610400
 36055
 363328
 949969
 964465
 1025229
 246594
 210035
 417764
 364341
 147269
 865844
 358432
 821951
 160362
 236365
 618411
 216216
 555105
 1051874
 682034
 1026100
 66439
 969730
 1076587
 28792
 788177
 1018884
 266970
 201803
 550634
 1057198
 572019
 659293
 280894
 198388
 789410
 979507
 151826
 403662
 706637
 982407
 225155
 134000
 603173
 267238
 843769
 93735
 583799
 644309
 848034
 339485
 970454
 583305
 365895
 837832
 530329
 557847
 307431
 1000804
 886889
 298137
 942058
 748081
 880104
 759567
 820583
 939241
 273501
 843354
 601760
 491429
 153871
 201801
 30613
 103653
 552031
 1096998
 709602
 356347
 858286
 638215
 339141
 944166
 692931
 1030653
 182888
 108968
 22250
 360963
 917844
 288821
 2427
 799139
 729203
 162590
 123869
 475956
 400848
 994675
 671241
 155312
 86008
 697170
 889542
 900948
 986444
 500887
 315131
 300245
 484067
 659630
 218921
 1045830
 99223
 1011284
 192417
 572934
 784823
 909906
 721257
 904831
 827551
 173343
 301526
 655474
 1097507
 18904
 787378
 714842
 648868
 189707
 195611
 93395
 902585
 885369
 449996
 932983
 286166
 593019
 178874
 1026704
 709236
 668042
 568256
 295238
 648928
 20168
 715867
 615787
 237393
 731684
 360213
 42483
 279860
 868577
 732158
 946219
 495520
 713738
 310562
 184453
 561788
 266374
 257635
 911820
 582906
 591553
 914994
 307222
 50293
 520347
 619365
 439996
 1075694
 982013
 731076
 477256
 1080743
 292433
 918920
 416188
 883700
 946051
 1077899
 304817
 936290
 179946
 166167
 396415
 63621
 436689
 773004
 878951
 203322
 263362
 300459
 1070407
 204785
 867675
 340870
 104135
 723649
 664836
 384218
 621822
 925750
 725302
 317532
 753641
 189584
 98046
 611142
 688891
 710326
 1023944
 188920
 1020040
 922070
 493674
 474661
 939130
 761314
 640970
 753186
 282083
 542336
 349409
 945937
 558288
 32851
 255401
 228949
 705766
 828845
 307318
 164326
 966581
 861839
 285531
 131252
 493903
 337340
 865559
 514641
 1082780
 374844
 347166
 528295
 237380
 880398
 300382
 800478
 1018653
 430737
 77401
 221709
 95008
 292301
 633884
 870637
 1022357
 854435
 965436
 250588
 162526
 693704
 501590
 527467
 237773
 864340
 674196
 517917
 81420
 786566
 308731
 375904
 630873
 120740
 343812
 421733
 717564
 1018645
 318070
 500106
 1066575
 132676
 7777
 257311
 383222
 405566
 434038
 846014
 758415
 122968
 269551
 114003
 762903
 377327
 1048748
 847575
 628354
 1091441
 610011
 412838
 59256
 866838
 520164
 896606
 818915
 155629
 66041
 803137
 405725
 208347
 400770
 619601
 174755
 368189
 887342
 569575
 227469
 697979
 596366
 577640
 973287
 160099
 532502
 404622
 596133
 1011916
 447992
 802241
 347851
 844901
 317798
 246057
 918945
 489456
 1001925
 798600
 315987
 797549
 140435
 810167
 738319
 1084257
 769853
 542361
 540345
 860869
 798349
 433278
 529612
 808508
 146481
 356210
 943853
 417714
 36756
 1005421
 363672
 702293
 759319
 738728
 46689
 994819
 378766
 343052
 1098264
 452755
 276561
 16092
 164281
 681985
 275456
 845830
 608324
 627427
 326958
 467060
 237101
 156140
 919610
 546130
 1029577
 882862
 666185
 333755
 55014
 646141
 390730
 822157
 1007865
 1084248
 1084712
 886181
 897135
 931519
 694701
 62430
 948949
 215809
 63982
 326336
 882544
 700079
 599705
 121992
 486404
 4516
 84367
 916292
 557819
 705412
 671914
 1022106
 650713
 203727
 18799
 152913
 218188
 76347
 424880
 579585
 377300
 569319
 1083001
 991822
 430150
 964285
 613441
 36792
 408833
 13403
 490228
 934770
 786330
 900039
 573620
 514959
 794149
 786699
 956796
 214169
 157303
 402052
 137642
 941444
 394724
 544150
 309463
 1031983
 272238
 760941
 478578
 792567
 680081
 62990
 35805
 939864
 121094
 560021
 1094647
 870368
 770572
 454280
 18845
 721064
 908299
 39117
 478008
 263660
 49873
 616701
 577948
 569369
 359576
 437623
 303549
 321890
 441992
 818433
 678750
 591882
 23374
 397847
 1004853
 410152
 1067749
 857667
 778955
 893020
 948028
 350681
 247209
 923806
 509657
 31649
 950880
 977331
 902360
 141955
 1058674
 19928
 1093246
 284235
 634182
 788346
 860292
 148365
 433879
 620105
 916881
 50307
 1040141
 97865
 1022945
 963822
 736548
 856966
 1047800
 965760
 932923
 446491
 170631
 265432
 181801
 490415
 94923
 1080763
 565865
 753624
 146248
 458937
 188055
 792290
 703370
 770176
 737748
 848383
 614232
 646438
 561053
 1021567
 156119
 673314
 298452
 1089143
 669595
 445433
 1034645
 252412
 1064238
 1001
 951551
 912485
 1019593
 838767
 180242
 842653
 911758
 112491
 900536
 92240
 560308
 139106
 285581
 715887
 970992
 700115
 742231
 2620
 356243
 299279
 595263
 226910
 228410
 5370
 592340
 291548
 670337
 47615
 192185
 295251
 1017964
 301657
 972168
 355213
 363072
 964559
 599158
 827004
 879511
 1089307
 461388
 482615
 322255
 457873
 984971
 676853
 70641
 846004
 395772
 818713
 185547
 326000
 901551
 187944
 221080
 661998
 733068
 988868
 332090
 845791
 380142
 478746
 923651
 1042871
 123912
 11654
 935271
 897074
 315582
 231309
 819723
 721752
 907229
 326333
 110734
 903384
 344049
 295519
 653021
 137233
 945634
 404468
 655821
 458559
 4222
 509807
 257244
 417638
 1057169
 431546
 1072048
 708995
 482930
 248366
 320086
 1026170
 799884
 905684
 98116
 789975
 623548
 599202
 478811
 815462
 36149
 802798
 586835
 879204
 783159
 371720
 908189
 252884
 806456
 246597
 483926
 735407
 250267
 786347
 313825
 140906
 852977
 166773
 277767
 757830
 997350
 926028
 92383
 656348
 831373
 211501
 287926
 576161
 466942
 350002
 416199
 255586
 769667
 1043259
 973785
 419495
 729533
 161972
 156163
 935565
 898490
 1092950
 1083300
 170207
 712281
 525383
 225927
 800826
 1093676
 535026
 331580
 824268
 721609
 207158
 760269
 136476
 987302
 978793
 559826
 876693
 1006844
 556610
 800532
 402009
 421754
 435618
 723352
 1001389
 1020515
 979328
 300609
 396558
 140278
 266816
 537601
 994364
 975379
 491765
 1000848
 390238
 484323
 507491
 98552
 594579
 643241
 974263
 923717
 468035
 340968
 1032392
 395549
 668380
 568510
 1067121
 661614
 860041
 939706
 98651
 245623
 14746
 880337
 261437
 1029527
 344455
 775643
 579189
 477840
 658238
 1000462
 660179
 929365
 463812
 271765
 943741
 648548
 1007322
 444468
 478236
 346355
 63098
 190993
 782255
 251011
 806879
 172443
 544973
 348176
 616376
 391196
 249205
 197926
 546064
 298975
 141302
 842631
 841693
 575264
 512380
 126806
 261024
 663905
 771682
 817786
 546056
 433135
 1021693
 149962
 465444
 620978
 987070
 142837
 141495
 29660
 881921
 485679
 223019
 55725
 740835
 84968
 87463
 448229
 636588
 812120
 707412
 1007924
 766954
 353923
 299506
 473803
 680173
 807299
 170325
 1017627
 278989
 39494
 707094
 857829
 136739
 724672
 447469
 1070417
 237401
 682512
 767960
 535314
 962205
 373063
 295203
 995081
 222378
 120251
 795525
 756069
 57356
 899381
 227337
 445023
 610643
 41622
 182675
 117264
 253449
 817167
 386466
 29870
 452481
 240683
 783921
 238421
 73060
 195150
 802305
 31747
 814667
 168197
 148007
 828902
 941574
 696037
 353012
 291988
 996086
 437351
 203999
 64444
 430777
 1066961
 26390
 772462
 476709
 785714
 916467
 254306
 626501
 272966
 970225
 329777
 735709
 818456
 239903
 706140
 958413
 14246
 855909
 820978
 268371
 368196
 617128
 1028710
 1001468
 275488
 1054966
 24088
 170958
 766293
 445221
 158072
 293376
 907019
 88114
 187642
 940591
 318348
 796958
 421880
 245609
 235014
 710389
 364672
 225810
 223499
 902201
 69806
 634205
 162831
 119827
 610060
 845396
 640685
 54016
 672649
 825402
 63849
 914633
 110918
 609515
 564127
 259735
 471656
 122241
 303834
 310827
 403933
 456120
 263977
 368537
 898255
 217875
 910353
 915546
 23430
 447968
 422067
 697426
 437666
 1021963
 1091637
 407812
 470413
 988879
 22811
 514457
 1008052
 21558
 47063
 826439
 606015
 1018319
 1005597
 988069
 564665
 785449
 98873
 259034
 1007245
 276736
 1082250
 216999
 394458
 405610
 536713
 440130
 654017
 251568
 450048
 1021810
 441477
 903262
 821770
 385505
 165784
 314403
 890266
 359402
 800459
 284393
 579133
 151513
 282349
 875970
 49446
 83114
 1038108
 805877
 193590
 214018
 553360
 1024764
 260786
 496281
 796838
 935418
 674198
 135308
 60455
 83141
 556757
 365318
 81790
 53930
 760975
 794475
 185791
 183852
 454828
 107214
 811151
 406464
 1058768
 197871
 734400
 1009597
 752305
 469002
 143488
 537779
 232070
 646486
 1071755
 1000186
 522770
 1021856
 1092030
 188975
 372607
 763175
 597073
 363913
 436192
 1064246
 506299
 444193
 1009552
 506482
 444285
 457909
 380622
 735590
 174824
 668258
 381239
 516205
 294389
 625830
 1068592
 484034
 946793
 327545
 215571
 886539
 881905
 390900
 270689
 174447
 318432
 951982
 423119
 912577
 69497
 758202
 787728
 568480
 74750
 145220
 631379
 88900
 619358
 1075966
 321980
 7963
 641012
 68879
 71127
 635036
 568882
 757643
 67512
 470167
 910640
 125056
 889757
 239783
 85585
 70930
 518354
 260718
 989510
 530997
 930365
 484963
 925997
 410140
 958139
 931110
 881597
 1050729
 111294
 78528
 685474
 38433
 371290
 523153
 306486
 919327
 271555
 373661
 831732
 562889
 651762
 424350
 198584
 991307
 196280
 872455
 662444
 115384
 694786
 229008
 595284
 149889
 823382
 404923
 762958
 15140
 494788
 786388
 48834
 1009762
 432619
 971857
 926291
 284213
 449645
 81411
 440767
 463875
 449790
 530312
 741259
 652313
 116310
 738111
 63778
 755571
 399650
 206739
 162001
 782558
 127253
 242445
 938143
 556810
 673239
 387916
 1038678
 469667
 1095738
 1036747
 987379
 1022831
 277497
 808333
 978958
 139577
 987052
 686590
 219009
 237925
 636860
 394288
 57447
 172996
 109870
 63712
 769562
 353494
 216224
 553332
 845982
 577985
 981459
 826053
 963786
 968820
 358239
 143192
 1051693
 843054
 834877
 967432
 565749
 615574
 36341
 341623
 649465
 1032659
 821110
 265072
 427513
 766176
 492402
 189672
 913460
 1058484
 406916
 746453
 100317
 573250
 1071103
 686621
 320468
 289654
 432819
 868794
 206302
 421774
 15263
 203885
 498370
 878990
 598335
 570118
 219902
 564857
 923953
 352467
 267836
 388948
 47207
 171689
 301146
 269638
 334801
 295341
 475675
 231527
 711521
 671718
 19674
 197611
 948777
 351425
 501785
 292454
 189314
 835610
 747994
 957435
 45372
 377901
 1061780
 111304
 953321
 129359
 703193
 637374
 744914
 890622
 630318
 503174
 997716
 845122
 821076
 620317
 852097
 48019
 24347
 897374
 798512
 852058
 105391
 732628
 528239
 848506
 470865
 280872
 941103
 345462
 317412
 356685
 764573
 168350
 82195
 361148
 660741
 934104
 88976
 1061466
 31830
 213941
 334532
 540908
 797773
 434774
 101193
 556949
 39163
 964868
 192565
 626800
 945164
 328688
 372473
 982885
 335213
 570789
 478905
 831097
 26982
 575838
 793202
 517809
 970326
 999380
 126109
 24371
 588426
 937137
 461887
 319895
 480330
 845104
 350209
 305616
 668671
 740330
 1011098
 214378
 991205
 995102
 663830
 423866
 690324
 85794
 686102
 1085694
 1067338
 895259
 399659
 345224
 592614
 468319
 835053
 436006
 184490
 145213
 161601
 256032
 417196
 11405
 1015264
 910724
 804204
 873480
 1047464
 1069996
 878967
 427060
 845336
 779380
 415755
 264924
 986947
 730237
 367303
 404824
 117600
 532772
 836597
 497554
 326494
 869364
 739064
 850766
 30945
 371109
 1041052
 126341
 84545
 140283
 927498
 965265
 219552
 647079
 61238
 22377
 308739
 867299
 743665
 220992
 998884
 384984
 402327
 178936
 738161
 97955
 975635
 480020
 527509
 946654
 400242
 17695
 757065
 74427
 1034811
 928339
 377783
 930390
 864160
 979140
 998981
 405117
 436343
 274107
 632841
 128953
 850457
 116658
 101042
 389344
 762116
 471052
 907978
 47131
 227853
 1040315
 464078
 1040181
 1083541
 709023
 490868
 663995
 761799
 1077680
 194913
 64058
 335063
 297821
 38401
 651380
 461805
 740847
 123312
 537070
 691946
 53462
 939062
 909946
 604394
 590773
 304171
 90885
 355665
 1089639
 752246
 554711
 968509
 689020
 713552
 523037
 81099
 540017
 69201
 253204
 94848
 614622
 680000
 632483
 981519
 395220
 730686
 23714
 996723
 651649
 226945
 525064
 822030
 994304
 300417
 47998
 664462
 154839
 26644
 414422
 102126
 215823
 352272
 483900
 490649
 585133
 945085
 929751
 1049956
 266585
 824449
 974271
 749153
 245152
 630993
 27753
 896125
 815414
 801955
 169451
 64729
 786230
 411848
 909045
 181653
 744480
 105241
 314647
 520066
 899521
 485640
 638681
 507363
 386690
 1085645
 136181
 1029395
 73781
 216232
 925347
 441419
 1022527
 1066192
 557891
 419130
 514255
 166675
 669720
 300808
 680955
 361981
 477224
 939246
 664329
 236376
 39690
 357319
 304562
 230679
 1038779
 569868
 908346
 840308
 816961
 250074
 4745
 803602
 456520
 498797
 104767
 505066
 862883
 836348
 889298
 218286
 396291
 5553
 457913
 310674
 283502
 786677
 985195
 248070
 704116
 1048667
 1004480
 178597
 1078536
 813539
 965903
 817936
 803727
 741209
 211994
 161321
 669328
 1098954
 763715
 526640
 1027535
 261708
 499039
 254463
 708468
 428591
 363807
 564056
 917315
 297345
 845083
 721425
 672137
 1067610
 6886
 493099
 975431
 732754
 717298
 107084
 1019477
 825653
 931523
 329787
 632116
 898554
 532760
 532092
 695475
 252106
 681209
 875208
 276183
 582880
 140117
 401475
 726665
 285538
 259429
 578844
 565263
 691977
 468370
 111805
 343583
 320737
 526306
 117667
 173670
 991085
 408265
 488405
 131348
 1031397
 293530
 471505
 909118
 179512
 1065558
 394640
 76884
 935213
 716694
 858738
 609030
 576493
 446888
 543335
 586471
 1044313
 695132
 395246
 959384
 74623
 764328
 633551
 213118
 877869
 1001925
 477371
 457662
 20924
 945156
 896793
 186452
 939342
 244925
 115615
 253714
 111541
 693899
 100997
 1056175
 451606
 995223
 872665
 44454
 1064519
 1095243
 914600
 519684
 327881
 716027
 434318
 529612
 255240
 430757
 748976
 42817
 196730
 789649
 221277
 887997
 203508
 614274
 900901
 808827
 578025
 765485
 549573
 94819
 95736
 707828
 1088205
 495907
 781916
 863917
 1067576
 253638
 557560
 88386
 7981
 1018162
 663256
 586347
 672461
 872063
 277618
 943413
 608272
 509948
 940085
 788010
 490357
 275026
 594237
 988068
 579880
 36922
 188605
 179252
 407841
 1005519
 12112
 226389
 178847
 881345
 272472
 785103
 932680
 253756
 656506
 945642
 316513
 386814
 69462
 95689
 720610
 111300
 680710
 203879
 600523
 1074850
 536772
 889649
 825363
 793025
 31789
 259502
 497288
 476867
 140247
 574749
 688565
 448745
 415132
 465794
 510148
 962347
 65841
 914780
 400604
 957476
 1003980
 877374
 432091
 839374
 63005
 516989
 405965
 115397
 443754
 309934
 955233
 909938
 317880
 575010
 858617
 249858
 285177
 845957
 426628
 421127
 666764
 702848
 153594
 618120
 182449
 433590
 343033
 196868
 413215
 507362
 364040
 589036
 20033
 439324
 233403
 146478
 904067
 32760
 507181
 112590
 733622
 586306
 397122
 466109
 303111
 747789
 369762
 144630
 124543
 7846
 707095
 1035865
 719449
 1087067
 1066022
 507414
 577629
 536779
 935705
 196302
 640156
 841085
 160907
 907024
 617702
 888479
 400926
 556717
 186689
 227363
 948007
 1059103
 501119
 882879
 106185
 980456
 571975
 141567
 607033
 151552
 192533
 335532
 398325
 301558
 926840
 817827
 802059
 913753
 497219
 511438
 695135
 3228
 679164
 450275
 79702
 801705
 442812
 105133
 290735
 429778
 369107
 1087353
 371775
 130748
 601008
 773285
 881095
 902185
 908800
 838443
 748228
 925459
 361782
 690909
 471393
 331437
 802133
 663752
 461697
 652811
 15446
 21190
 106854
 1031952
 436571
 128071
 142626
 781588
 179660
 158032
 611774
 240496
 130762
 492162
 677437
 838012
 2366
 131092
 684553
 395995
 838415
 1004881
 869902
 765557
 529905
 948917
 134320
 1001332
 282097
 136636
 451973
 715314
 1044776
 109589
 129392
 172842
 648065
 113242
 771600
 302119
 976080
 305606
 959392
 985329
 445277
 793687
 382495
 773089
 1079232
 470921
 155526
 972138
 698060
 702542
 726771
 854648
 947742
 497582
 149614
 1091557
 812519
 840977
 167139
 558890
 187769
 539799
 499879
 219194
 935412
 791202
 5322
 1047124
 1002009
 1030973
 463165
 623305
 1043023
 604114
 99206
 415291
 11272
 759733
 97769
 699332
 153828
 647557
 763572
 167679
 183181
 851326
 579265
 518445
 624902
 101097
 651540
 379247
 832882
 457194
 44401
 436736
 986611
 1077599
 648926
 473814
 702464
 764358
 492028
 883099
 436083
 879314
 422797
 871657
 7117
 293762
 502772
 444224
 504892
 626648
 864197
 206710
 917141
 70454
 237627
 668314
 512290
 1035561
 56624
 100502
 181818
 297718
 595307
 1030866
 379531
 1019435
 351774
 142988
 312977
 327614
 1033243
 760444
 614045
 1012630
 569953
 567033
 147058
 674851
 783488
 528312
 496726
 236104
 655614
 120899
 723718
 346272
 669201
 328072
 799534
 700078
 460684
 431756
 387144
 381860
 1031904
 881235
 6991
 482816
 748252
 637794
 715300
 485621
 386195
 567924
 809232
 639762
 129897
 1070892
 570087
 329081
 137081
 947310
 351099
 788439
 767928
 829603
 612009
 123241
 551702
 569223
 441117
 52689
 27893
 615951
 409763
 529795
 450180
 944355
 418089
 892388
 704695
 568535
 613317
 765193
 844549
 762014
 224914
 856517
 260702
 875650
 496157
 422545
 344171
 145223
 871782
 886948
 481241
 835072
 340217
 230083
 564067
 523989
 387360
 1032656
 851078
 1090671
 470973
 587469
 721433
 180473
 972391
 588523
 536348
 14677
 517647
 194620
 93325
 666851
 498426
 917064
 62394
 183874
 452517
 812925
 62904
 339595
 331863
 423288
 768141
 207476
 75505
 593067
 606688
 356120
 760333
 973016
 456633
 737309
 915932
 453633
 511479
 11993
 783433
 306593
 219364
 676411
 745750
 806474
 342338
 111505
 761403
 385374
 861848
 618292
 621892
 316081
 37162
 319484
 975600
 230864
 478290
 831390
 617719
 737621
 597006
 1017935
 535788
 360341
 285379
 1042928
 83317
 389595
 1051476
 696489
 77019
 493898
 660320
 1042643
 829390
 204714
 115860
 304174
 731165
 2216
 280854
 1006116
 158621
 508016
 137885
 501122
 352775
 1028607
 511469
 951785
 899534
 609082
 1062544
 995491
 982458
 117245
 316040
 598551
 198624
 477985
 1077935
 562009
 530075
 282897
 1072299
 968038
 882551
 7085
 501751
 776921
 857179
 181812
 295661
 137024
 37370
 152171
 194819
 177872
 725849
 856182
 1039448
 304836
 141773
 934533
 888308
 42099
 739117
 274587
 839191
 446803
 898988
 281758
 704850
 522271
 762894
 744714
 1033286
 415103
 852795
 1008946
 61922
 355242
 1043239
 312173
 52666
 1077051
 544599
 238034
 943169
 138646
 1003968
 800557
 833129
 254054
 5195
 817250
 530756
 420748
 52754
 87928
 651787
 897142
 749878
 200617
 806581
 431813
 109726
 554274
 85423
 500691
 286631
 241325
 230619
 208983
 85922
 604866
 312341
 1035417
 481622
 891102
 819863
 594080
 842553
 716859
 923483
 975122
 397376
 982816
 412334
 220680
 850667
 268556
 411688
 650444
 437340
 460862
 641129
 923897
 8000
 100603
 255806
 188436
 868825
 781404
 558491
 59597
 267857
 747018
 867233
 501932
 1092447
 748543
 813389
 531013
 908136
 806146
 15254
 843944
 940526
 408257
 237541
 165546
 297468
 602306
 95499
 226138
 1048446
 932580
 118295
 1010924
 798490
 1810
 153648
 911616
 707433
 626454
 439162
 399448
 392003
 701315
 275125
 384495
 675175
 1081363
 761133
 409520
 620766
 997491
 829808
 642375
 740708
 390502
 465569
 12723
 475736
 475534
 802076
 65106
 87459
 62937
 396585
 974188
 922826
 534900
 232000
 771386
 443049
 971640
 159413
 1066190
 62968
 66290
 623732
 74352
 449440
 744402
 729326
 416614
 515378
 797495
 639104
 328624
 406564
 836499
 932186
 280720
 944217
 407280
 970079
 976928
 976020
 1026699
 875644
 299076
 785581
 826759
 490567
 562328
 837719
 388944
 983469
 607129
 980980
 1023886
 35680
 730629
 999057
 734684
 418415
 226388
 509920
 318049
 250864
 615629
 1052536
 408505
 547694
 932760
 726726
 956503
 753656
 915917
 241655
 432512
 170111
 59650
 295762
 469304
 1053998
 906141
 264076
 908243
 198258
 106108
 353961
 23394
 50261
 396195
 383446
 56109
 281450
 248298
 716249
 108177
 216056
 333940
 405754
 1009515
 435863
 187667
 1054197
 341729
 268576
 700980
 66275
 248250
 1004430
 1020743
 686445
 603900
 193141
 539234
 77882
 155964
 582027
 425354
 944947
 366137
 426135
 987975
 36
 866029
 701702
 555369
 121528
 61831
 520026
 839393
 128823
 884976
 501061
 910281
 1030876
 695372
 211675
 601197
 32486
 439250
 689546
 790951
 422126
 281957
 15579
 28668
 79522
 982569
 1015906
 567650
 1080774
 588889
 986165
 168659
 348078
 1048503
 600233
 600382
 630056
 423491
 519547
 493969
 76126
 998229
 886845
 849601
 729051
 195808
 431710
 991018
 450393
 488980
 983224
 381187
 60387
 437458
 1040646
 239181
 823388
 216421
 362804
 33676
 99430
 730847
 198008
 635764
 275471
 779206
 439699
 885378
 179793
 125103
 412668
 444940
 257977
 444344
 553658
 211482
 822446
 258951
 238091
 467594
 508770
 234860
 518431
 793238
 793682
 295394
 217369
 525381
 619947
 1057138
 891767
 674547
 992126
 238352
 892300
 58180
 414631
 914807
 793497
 828145
 401254
 949361
 347357
 348957
 295588
 731899
 622985
 505529
 949725
 399581
 790348
 333553
 616693
 271944
 965698
 514260
 246659
 782419
 601629
 717324
 348541
 482791
 320869
 828743
 461647
 579562
 986068
 992943
 395379
 325873
 83472
 1001282
 120112
 222191
 820999
 891863
 1056847
 6275
 754048
 980828
 1019363
 107501
 981258
 644286
 487251
 39833
 1086630
 880693
 922718
 969794
 828900
 914213
 646727
 646016
 751993
 746983
 951567
 806020
 479482
 333799
 967291
 269903
 144640
 632953
 785790
 1095909
 698875
 217658
 535297
 475899
 337287
 223160
 625842
 982834
 384635
 166619
 202766
 600897
 22889
 852650
 1006208
 982827
 117303
 369897
 445785
 814270
 990729
 53554
 931305
 903679
 660574
 519970
 1007085
 47047
 531203
 1087907
 957998
 354830
 982907
 121473
 977244
 44376
 918052
 930743
 1061341
 700245
 88451
 858968
 350254
 205735
 493473
 68699
 955010
 11784
 208963
 400602
 495724
 338816
 31729
 612485
 661366
 987294
 1039589
 396069
 180623
 309865
 716313
 584276
 1074037
 813873
 424116
 482023
 810490
 785548
 1073616
 316147
 879703
 120325
 184291
 1080906
 923179
 458765
 718003
 131442
 899445
 1070176
 683613
 233291
 374520
 496732
 167753
 210757
 723574
 429436
 948936
 335044
 259416
 290607
 577849
 884615
 596931
 946837
 40538
 648559
 862266
 594243
 342454
 812450
 422791
 543527
 604474
 70825
 685592
 205256
 1063163
 494654
 816303
 711243
 951805
 382468
 269379
 434201
 830926
 285041
 898738
 836523
 315883
 611529
 208503
 579754
 1051362
 524115
 408172
 138262
 940800
 45436
 404324
 461338
 853238
 590065
 262220
 63490
 489070
 260571
 912608
 163571
 539589
 302779
 103418
 538336
 326184
 376266
 777765
 716931
 775210
 43802
 597987
 931132
 2842
 113351
 225997
 835969
 299447
 347644
 791769
 796054
 850904
 490562
 245600
 70624
 556006
 97320
 729930
 328517
 971153
 309667
 99793
 243389
 454983
 672418
 183071
 783209
 281678
 467275
 461660
 551831
 481658
 393554
 318196
 1011869
 645936
 529035
 240308
 171210
 176554
 1048775
 968333
 913902
 562831
 742534
 760120
 383887
 1068944
 684200
 511316
 25255
 809243
 744073
 489244
 556139
 551057
 432749
 422177
 309273
 630258
 136478
 943381
 897113
 849080
 923071
 98893
 1060719
 127684
 959752
 144118
 819302
 844412
 521509
 915198
 580237
 986380
 783314
 508513
 949062
 92819
 340071
 713972
 313908
 661704
 715369
 240175
 175927
 95372
 939568
 1071583
 653937
 61195
 1020190
 779889
 580496
 810928
 446186
 252885
 727648
 175043
 471936
 617677
 810530
 642460
 128278
 480869
 85727
 157592
 744036
 649472
 657263
 1089881
 898075
 904083
 730521
 935337
 990399
 21156
 124449
 883296
 39553
 389498
 925466
 823314
 640926
 199935
 638867
 722138
 284927
 235713
 415573
 553712
 309366
 989371
 537318
 316248
 407651
 1096244
 399565
 1028105
 880918
 301020
 891511
 33697
 466150
 640892
 707306
 159002
 25186
 417999
 601349
 146705
 761937
 535190
 752805
 798066
 840870
 157161
 47868
 1091112
 512745
 262511
 115971
 189462
 752994
 991448
 594408
 279643
 1005401
 32692
 203370
 426653
 966028
 172865
 516066
 968759
 928724
 436463
 31176
 450
 582508
 595547
 916722
 165022
 71191
 974645
 740809
 407496
 845549
 293674
 929145
 175109
 620373
 1099602
 74216
 647771
 969537
 869027
 64230
 713052
 556021
 109970
 979218
 442472
 223063
 89910
 303524
 541434
 15265
 320762
 740142
 442266
 142194
 752395
 745612
 84071
 175902
 612706
 29100
 479696
 501163
 535841
 954904
 1073043
 442660
 97689
 601752
 435033
 167049
 445558
 144104
 178138
 612306
 253593
 137735
 271874
 55061
 641983
 1037174
 926949
 249393
 955290
 180628
 124341
 517452
 165349
 282895
 33914
 365012
 40073
 421380
 156183
 775147
 16885
 809041
 458902
 976367
 1066041
 568568
 162775
 1090366
 1071165
 637781
 865280
 1018991
 524993
 80613
 273026
 206131
 411516
 730242
 123675
 567291
 722667
 211791
 668750
 539658
 230027
 52715
 1004711
 937892
 915914
 793919
 278251
 488706
 278576
 211202
 992172
 950091
 124423
 116799
 97709
 379356
 325640
 752100
 932184
 1037607
 138722
 307452
 760011
 1021897
 495368
 60607
 547957
 195327
 836756
 900920
 1053786
 121133
 1098962
 1094953
 936675
 749160
 44746
 706790
 286109
 484486
 820315
 768996
 553130
 258147
 782862
 183356
 83055
 701051
 801516
 184017
 50245
 736682
 412773
 590395
 600687
 1051636
 843327
 653385
 963323
 339047
 823269
 338469
 1005267
 692602
 837367
 520537
 939531
 570907
 501254
 708260
 156628
 545121
 16034
 711118
 138027
 76942
 918055
 1036182
 72489
 1044904
 379689
 1068023
 518946
 984875
 238794
 858359
 384928
 9274
 733235
 624147
 647398
 633535
 833817
 799943
 621970
 205843
 692513
 746115
 239034
 727423
 983550
 303374
 184514
 263281
 891672
 127460
 575509
 217086
 606710
 1057538
 491985
 179132
 225012
 618355
 96706
 304684
 243497
 851321
 683687
 274630
 369035
 110141
 168781
 1011247
 925486
 786511
 181913
 712463
 113508
 901762
 1085813
 407391
 960973
 646711
 843290
 28021
 276406
 147068
 746768
 55763
 196245
 572069
 336724
 726787
 498682
 579226
 747170
 367971
 630577
 383763
 187638
 1096549
 74875
 82538
 279499
 1039426
 322792
 807576
 602939
 414493
 987137
 681610
 381723
 228890
 291082
 174476
 413406
 923993
 143261
 183164
 168483
 660772
 827804
 937939
 283670
 600121
 930858
 5764
 844350
 537990
 400139
 497414
 1013748
 129881
 823814
 913766
 267368
 254589
 437935
 71671
 676053
 821582
 539761
 957294
 129976
 19617
 792127
 147515
 625186
 326156
 1003797
 652929
 901380
 903744
 522028
 608416
 858640
 1022981
 141268
 169652
 145668
 635193
 618297
 1064650
 913470
 1024897
 816889
 760396
 1012873
 642980
 462947
 218083
 317376
 1006316
 792536
 5920
 158871
 770185
 121987
 785184
 585373
 333655
 45373
 490160
 885390
 972076
 782063
 107324
 829802
 89181
 148123
 1087898
 446480
 76327
 627819
 759026
 350274
 567028
 1068224
 1024112
 311315
 582323
 452547
 951594
 231889
 1091612
 351904
 1096338
 435558
 821338
 583235
 685608
 955888
 222754
 919483
 752859
 233269
 371334
 50108
 1024284
 385165
 55113
 1032942
 834836
 992123
 695106
 523325
 292260
 69194
 548857
 635641
 1002888
 928859
 1078325
 457561
 1054382
 1008271
 540326
 594495
 816119
 620699
 566950
 501268
 739665
 98222
 484305
 815780
 750848
 452000
 920680
 379009
 382685
 55212
 430075
 223845
 984742
 5643
 524146
 1071887
 265836
 641970
 1052624
 638721
 81258
 505984
 815963
 617103
 79751
 106676
 254148
 462334
 394108
 171768
 868208
 224415
 20278
 207820
 989835
 908912
 69823
 114746
 470915
 699507
 531771
 360347
 156628
 299446
 561646
 1032788
 904412
 444138
 380211
 501399
 257960
 1052490
 360782
 41836
 323115
 818426
 744183
 487336
 1088114
 744907
 509310
 558945
 179620
 246739
 481459
 1008612
 551239
 438455
 63386
 388657
 1095317
 821616
 849457
 194200
 76732
 475113
 235177
 442322
 71797
 372714
 559179
 780994
 212341
 618756
 863799
 320812
 159692
 274529
 1022631
 927393
 873479
 432580
 1069121
 2841
 135082
 963893
 36337
 671763
 797704
 133554
 725568
 658268
 145353
 739076
 1076323
 106847
 770738
 757636
 35068
 667482
 473216
 974578
 726473
 952181
 1037401
 401011
 909784
 430491
 116207
 407221
 79947
 748046
 551772
 760766
 67617
 418164
 490597
 572749
 238053
 952374
 231503
 401517
 845825
 451804
 842608
 1020169
 1090558
 1054112
 791504
 456109
 535310
 939543
 480670
 867926
 522446
 326176
 807495
 1068313
 264106
 934060
 581177
 884793
 897225
 29085
 969381
 782292
 582705
 564375
 689735
 734874
 690063
 945167
 977079
 719524
 441719
 668561
 820272
 848361
 153231
 745353
 716091
 584914
 241046
 432523
 367462
 21284
 620996
 616215
 979368
 929574
 1081715
 740505
 879828
 1097684
 933870
 908551
 666212
 736642
 1078795
 167510
 138153
 776251
 347997
 112918
 1079678
 107821
 871685
 755015
 977737
 1070034
 76213
 720439
 371913
 61634
 613522
 805672
 548371
 29959
 258649
 990772
 303061
 282388
 949762
 951916
 3099
 122602
 65978
 228575
 895311
 294212
 220983
 863378
 341270
 880510
 1077194
 44069
 586132
 493783
 969753
 241083
 70907
 192001
 756850
 297300
 1082656
 333337
 241478
 102727
 560146
 193070
 462793
 1081401
 599680
 1028503
 751962
 413654
 199499
 142781
 330839
 825449
 71042
 225155
 956334
 136262
 250806
 1032342
 849227
 748282
 839621
 1039276
 273854
 1057578
 301170
 539679
 703913
 894942
 69885
 6365
 73560
 582187
 545608
 635753
 407073
 576821
 676867
 338140
 885974
 335950
 875825
 1088443
 523670
 632071
 191640
 810341
 370184
 235612
 613819
 843104
 613868
 326113
 426273
 794578
 708336
 950052
 918731
 286866
 1039693
 844951
 431019
 1026401
 967737
 283161
 233901
 190326
 866902
 739138
 1088990
 445526
 238663
 595225
 28852
 253428
 751740
 936432
 29640
 229766
 115458
 206287
 1093667
 574472
 480770
 137626
 894688
 871448
 450915
 211381
 24897
 822916
 405956
 662302
 766338
 494479
 773577
 1073904
 362434
 583249
 832444
 178476
 1007530
 71845
 635756
 948555
 460812
 788123
 823119
 513073
 568035
 866071
 638463
 956998
 600449
 862280
 587694
 296170
 242646
 587998
 651681
 946797
 833014
 112136
 202804
 472449
 64620
 118759
 746748
 717092
 258262
 424340
 499569
 232601
 673136
 821811
 59880
 884520
 291432
 1073084
 704132
 863957
 469248
 188128
 759214
 172101
 856398
 875457
 233893
 1012865
 512844
 295508
 443980
 597238
 828591
 255138
 974559
 96568
 1082683
 878842
 803642
 508308
 30500
 514816
 857729
 584458
 522539
 942558
 509265
 172879
 823459
 772222
 206
 821462
 1053762
 736920
 4839
 389829
 312182
 64294
 1051905
 142262
 424951
 939532
 758873
 39975
 355751
 716927
 590401
 511297
 386932
 115481
 864054
 619460
 68285
 496978
 1091419
 923139
 634815
 16169
 466959
 92921
 702298
 766081
 132822
 368425
 670205
 558324
 715788
 609655
 115851
 314038
 158226
 991567
 790157
 516209
 672642
 711613
 630818
 256408
 988181
 848369
 34049
 375718
 239783
 98423
 892358
 1080415
 1059150
 168461
 753684
 709494
 181745
 1076673
 810936
 960552
 957812
 975064
 680744
 1080673
 718139
 637949
 256247
 275248
 16896
 368024
 559025
 607015
 814797
 946183
 860101
 52588
 593425
 713835
 430730
 706432
 556772
 815242
 780482
 928432
 687942
 1071817
 588383
 871526
 851363
 599266
 976097
 1051718
 1013710
 642938
 953069
 545232
 1016555
 4507
 207720
 580867
 135132
 102130
 359010
 404961
 141341
 163177
 999050
 474454
 856221
 844244
 657403
 269167
 764050
 420349
 802300
 528729
 870596
 303839
 517218
 660174
 133727
 968382
 666067
 621148
 180166
 333221
 1092637
 435531
 422897
 1006322
 643391
 533403
 441371
 421545
 593141
 1033847
 1040653
 244398
 277791
 829902
 686725
 321738
 535803
 676268
 715647
 587295
 574313
 439171
 936240
 175080
 319588
 998239
 143831
 731715
 1023905
 429250
 380566
 706431
 1004664
 25103
 365711
 547970
 550378
 557265
 923914
 495592
 980801
 838270
 983555
 504909
 1052630
 16225
 702200
 829268
 389997
 201351
 599480
 989437
 819960
 538570
 10713
 367561
 408808
 134568
 601476
 239217
 1046917
 16118
 601971
 518507
 197313
 146340
 644799
 61931
 684422
 93584
 984203
 981984
 192727
 560221
 3119
 233346
 44018
 791131
 513061
 893915
 1011802
 313560
 562856
 629617
 432064
 505593
 7059
 555229
 467280
 146894
 212124
 48245
 243952
 454655
 704694
 578083
 829656
 104856
 1084202
 105499
 156647
 260747
 890735
 2699
 38258
 1096401
 253385
 686340
 708911
 1088788
 679525
 632046
 550762
 717360
 83766
 524757
 236518
 1022631
 624719
 637681
 181840
 659197
 900934
 981912
 684091
 57395
 635261
 568641
 271048
 242009
 900090
 530892
 241374
 322497
 264510
 31252
 1001399
 705919
 851855
 445619
 1076216
 1015343
 946461
 105986
 898367
 486665
 450566
 228981
 466981
 1045151
 309353
 763093
 204001
 641331
 431582
 297782
 504898
 161269
 763570
 548287
 281550
 238846
 1099157
 525572
 541086
 1089343
 278615
 716300
 253473
 660194
 61555
 270575
 383666
 861096
 1050376
 974437
 619125
 655458
 233366
 332566
 527035
 687351
 491416
 574317
 1050333
 697219
 491117
 491149
 1099210
 737362
 1002761
 452358
 1065351
 311198
 934681
 1027461
 150649
 156628
 997760
 830065
 815852
 222245
 800181
 644476
 460345
 215221
 136621
 821525
 920778
 1015471
 1022638
 888346
 230401
 86325
 833014
 241312
 715308
 442207
 976026
 803903
 478222
 924693
 932679
 610764
 671096
 314328
 573407
 411678
 1038968
 196810
 895799
 173869
 658883
 697033
 225317
 446604
 594013
 257953
 1025151
 954519
 690533
 768522
 185168
 55809
 367405
 870057
 631172
 151414
 404825
 667928
 775027
 469698
 835221
 575243
 185916
 520112
 852178
 192412
 975658
 732517
 494040
 345102
 449272
 725014
 665194
 984980
 465417
 34856
 1031837
 552743
 236365
 772791
 539931
 983493
 121099
 846858
 505042
 244562
 225502
 996621
 958781
 893657
 992511
 689829
 612422
 275530
 793446
 165513
 545799
 195586
 410131
 428014
 71086
 668244
 227813
 462775
 729432
 77595
 982282
 136482
 914166
 656474
 610680
 115494
 764118
 484671
 480712
 808462
 365203
 828293
 1048217
 454393
 55637
 190183
 501080
 277567
 785141
 305565
 66380
 880714
 1063151
 255258
 845725
 611137
 662977
 958759
 555194
 857607
 740465
 968737
 496173
 111788
 284914
 600739
 773390
 227599
 695522
 586373
 914777
 960436
 592171
 820446
 331796
 522709
 187420
 707653
 445735
 531730
 578559
 591219
 112695
 228756
 300284
 959803
 532143
 392912
 1063332
 30659
 1046203
 562244
 383621
 301584
 124159
 424401
 567489
 207751
 122666
 64911
 232181
 603020
 519713
 714454
 106245
 1041185
 362806
 677466
 897960
 137701
 44969
 364945
 386103
 1086260
 515332
 57815
 118755
 11430
 912725
 441274
 371227
 1009268
 305664
 838811
 646419
 334079
 446581
 903258
 427618
 183869
 751220
 453627
 1049981
 532764
 145031
 960612
 613759
 448699
 450962
 966443
 394025
 656118
 918154
 878361
 59571
 513656
 670271
 156803
 1039533
 473776
 711745
 184083
 825075
 844512
 593393
 92688
 62900
 566035
 762026
 747482
 980933
 1088545
 179218
 656298
 128414
 512367
 90803
 220290
 797039
 661626
 976749
 135851
 325152
 136797
 753709
 348327
 366987
 1035591
 635525
 570566
 204289
 611922
 545565
 991197
 423331
 65697
 521312
 671340
 305937
 588085
 178078
 202883
 771352
 13812
 301345
 191638
 626407
 831827
 429503
 711034
 743796
 947543
 582209
 367343
 1075674
 640427
 155381
 547675
 59143
 424197
 115980
 969615
 954904
 974301
 535057
 140033
 733310
 252027
 556363
 350003
 319850
 635022
 595825
 388583
 745562
 533074
 734352
 792825
 725159
 882484
 496870
 687835
 144605
 787776
 621239
 173544
 838705
 1076660
 570105
 333502
 861429
 499164
 890438
 129619
 692112
 910357
 555146
 196592
 217717
 172389
 552798
 156861
 981549
 610726
 902515
 1018264
 1035924
 900673
 133968
 301298
 709383
 122934
 265310
 973716
 622671
 137372
 733896
 1058163
 236076
 178928
 70124
 351831
 886874
 770312
 586080
 446001
 714743
 83163
 724131
 666278
 377237
 269613
 1057987
 424060
 143381
 130438
 322835
 859020
 511322
 99019
 683062
 595003
 40077
 576063
 860455
 405173
 594790
 80817
 942692
 709359
 261292
 997498
 459365
 22753
 681164
 505438
 184960
 398951
 967556
 874852
 189140
 294951
 816277
 1038344
 385977
 725738
 251643
 262974
 198314
 873544
 319272
 114339
 58770
 954742
 1004544
 506328
 304895
 544767
 438549
 705248
 430162
 847864
 1076702
 1044635
 489922
 521425
 588175
 1071711
 776532
 602103
 731759
 1051700
 65443
 249816
 214308
 897626
 915393
 823260
 483317
 794798
 973122
 925487
 91637
 855580
 779675
 246281
 1099553
 850669
 190694
 371430
 586366
 824276
 982500
 759528
 741912
 220224
 507371
 413884
 452571
 501710
 704880
 413358
 687607
 547470
 264838
 1003766
 466312
 746643
 618212
 802994
 589027
 771484
 733304
 1074215
 978114
 697201
 79636
 853487
 579989
 136760
 172130
 436593
 774734
 406947
 192600
 346893
 122705
 233110
 619020
 1063032
 452977
 573676
 275240
 181837
 521795
 1082308
 523623
 496153
 388963
 250962
 1067173
 31964
 871067
 777846
 1026842
 909276
 595447
 43419
 552946
 865030
 626464
 15970
 926463
 942919
 53123
 747193
 833088
 1091565
 336369
 195808
 86227
 932511
 828530
 901344
 873503
 645291
 188496
 691014
 136739
 206220
 600476
 462711
 83436
 406884
 288189
 808906
 943787
 470550
 314855
 184740
 516665
 949904
 10020
 1020875
 815980
 848365
 381995
 764650
 106773
 746488
 596778
 465132
 239342
 201979
 34949
 632485
 359896
 56110
 301077
 216736
 386737
 176169
 945860
 326275
 996471
 555322
 782700
 21436
 843254
 736330
 472724
 263012
 788586
 71104
 990299
 513619
 528390
 252934
 49801
 283695
 554391
 985498
 463334
 596820
 742412
 1004553
 1027975
 700194
 65014
 1091177
 402804
 878354
 596540
 815182
 541526
 668182
 98406
 151561
 337477
 823682
 829022
 859025
 77622
 108904
 231018
 39532
 432085
 76316
 177018
 1041729
 29847
 1027278
 757465
 266717
 622676
 92366
 925711
 516291
 183860
 46395
 615846
 362789
 618745
 977197
 765521
 847328
 367982
 934192
 953040
 1031837
 474935
 180212
 678184
 18752
 1043195
 239412
 7112
 1021210
 156581
 764496
 488469
 27505
 434738
 1019887
 660885
 1081471
 350806
 366137
 1046529
 1034636
 326430
 286440
 754302
 1080761
 805506
 900467
 492855
 896844
 703972
 994852
 436206
 27436
 264648
 689911
 621516
 180949
 390181
 1083821
 41866
 623340
 422594
 439113
 320290
 388431
 1053033
 562424
 254583
 516706
 830900
 1067988
 78556
 40927
 712411
 708037
 1066723
 791233
 309016
 604791
 407913
 530894
 364976
 338613
 913994
 197075
 875079
 567331
 920970
 415369
 613917
 162363
 678794
 311711
 787462
 143892
 256082
 512619
 550613
 1040393
 959626
 611489
 317011
 403484
 315196
 685500
 1041391
 846589
 562328
 90726
 411864
 511595
 1092014
 557957
 704765
 272837
 837976
 322928
 1092862
 976418
 1038055
 906193
 23145
 942202
 16475
 454393
 551834
 529229
 19701
 448728
 798226
 594674
 275264
 314358
 24119
 995013
 218310
 905329
 189636
 914239
 182356
 711919
 536290
 566273
 19296
 119382
 182854
 949419
 469202
 814556
 824741
 460107
 839939
 5058
 737841
 827490
 353786
 124601
 539244
 706239
 16542
 1091235
 269910
 678737
 91229
 1015659
 73417
 209632
 351541
 446342
 230929
 647737
 367919
 541660
 194376
 985597
 891126
 114132
 410092
 139295
 148707
 1091692
 273301
 988391
 1068598
 1011587
 281268
 520919
 517669
 228076
 658884
 153251
 664870
 404168
 773371
 530191
 969381
 1053427
 739931
 922144
 389812
 6950
 1033630
 574788
 735293
 797427
 1073808
 705109
 8341
 68855
 1065464
 561982
 892968
 934534
 145575
 589751
 753921
 1017182
 589500
 976757
 184562
 1007884
 192668
 807013
 100688
 803644
 506547
 566477
 885360
 892092
 243285
 264974
 1027629
 960360
 489851
 31658
 891107
 230507
 562192
 395465
 291269
 481187
 438980
 282955
 44898
 374466
 530407
 124724
 658813
 360266
 170307
 347470
 998614
 595344
 813076
 398334
 416175
 588511
 1079799
 550294
 866276
 809071
 804664
 472810
 932985
 1061328
 205514
 568963
 726141
 753777
 655719
 812919
 707363
 840565
 616740
 203720
 239189
 899141
 496865
 1076614
 181381
 1001600
 219597
 768392
 295226
 945633
 108242
 318
 202837
 178811
 820654
 1019516
 571269
 350796
 292166
 661337
 679203
 752118
 1003903
 247378
 269474
 655291
 842380
 892980
 747
 1010069
 407874
 831065
 238279
 1050402
 228349
 1003275
 52902
 866282
 684424
 1007251
 531274
 462939
 266853
 542534
 43983
 486408
 70609
 190522
 990033
 887718
 431025
 226742
 110335
 296373
 34819
 713928
 526647
 550337
 10485
 475144
 453348
 154399
 1040680
 1001864
 22805
 163080
 250023
 1022339
 3719
 210057
 644784
 970094
 862009
 218172
 352030
 641047
 1068818
 603755
 868640
 337067
 106285
 555834
 786035
 98475
 149146
 1016185
 792174
 1039076
 395460
 568960
 274429
 300110
 827038
 572175
 253884
 530670
 463051
 686933
 414378
 913979
 373000
 444373
 935289
 1050651
 1046266
 31468
 1089140
 766845
 497715
 571965
 822403
 46788
 133559
 553203
 469737
 501357
 303682
 197680
 1007522
 1033244
 142151
 471309
 855836
 83120
 369240
 1076520
 467105
 712507
 988724
 886948
 160110
 801239
 777023
 1041841
 788501
 1019358
 548958
 453312
 339184
 108194
 226810
 983503
 547959
 172661
 356980
 857436
 238558
 728774
 146913
 245480
 1033701
 1085607
 322721
 864205
 25324
 522209
 582751
 1008921
 30070
 817976
 964761
 1036920
 465345
 29514
 207387
 610002
 193102
 250582
 642318
 364590
 116114
 358
 533806
 732875
 472119
 559728
 190326
 211870
 332997
 52589
 569640
 477878
 480723
 1038267
 212468
 519178
 513536
 963700
 1024821
 780655
 774978
 625104
 511439
 273470
 981096
 825046
 951020
 392678
 816132
 930548
 69476
 540316
 27283
 661948
 816204
 515100
 844418
 647259
 214598
 54308
 500466
 710355
 595683
 882108
 743928
 386373
 485994
 649182
 242023
 951833
 848662
 70087
 323468
 130810
 537898
 106946
 409230
 343843
 1077944
 103632
 854367
 826661
 386169
 323944
 65891
 476122
 723469
 912472
 1008615
 846764
 182302
 753291
 992363
 41774
 707509
 539620
 151500
 228955
 274779
 817832
 66571
 989868
 514782
 109933
 836543
 439560
 598452
 821811
 378344
 363178
 597349
 247472
 458125
 787984
 1031142
 286384
 665704
 265739
 505573
 634829
 494222
 117309
 41946
 332953
 955235
 834841
 243522
 1091488
 32136
 596898
 529099
 437187
 689423
 693230
 194277
 164180
 325183
 1072208
 713423
 107052
 1037413
 15994
 199390
 20926
 84920
 842097
 785920
 645111
 253067
 320306
 611279
 551107
 619578
 772525
 755745
 715874
 56418
 845633
 261058
 472336
 866807
 479852
 382200
 370109
 732440
 465957
 598276
 944692
 441961
 492628
 206228
 310655
 174039
 419648
 439988
 1084129
 249159
 1008557
 120698
 359322
 513485
 853287
 761070
 318270
 240400
 674282
 834600
 768473
 567910
 517109
 1067436
 916681
 219358
 413975
 818285
 577690
 62130
 445711
 1098167
 136745
 33728
 14640
 236770
 614450
 574119
 23792
 962601
 221425
 569882
 354460
 350209
 861892
 191403
 492461
 1066670
 980402
 629981
 25689
 21327
 471621
 151855
 769805
 445961
 125000
 940787
 554587
 970936
 404099
 572629
 94671
 886317
 525879
 353719
 987868
 278442
 629722
 200811
 1038937
 582404
 615256
 921215
 920592
 312343
 882425
 743458
 156317
 124338
 617315
 388742
 3308
 19142
 167961
 328736
 912048
 347802
 428603
 877809
 952047
 1039998
 1006742
 631421
 186423
 1061814
 720390
 125352
 1074398
 545874
 132443
 368207
 874028
 456952
 293317
 256371
 862975
 206743
 46021
 179565
 567552
 309860
 341699
 847308
 87630
 610650
 747490
 358908
 514918
 71406
 312282
 683351
 654018
 484302
 444736
 392511
 728823
 134389
 717704
 862099
 582397
 185789
 683836
 722282
 1068990
 206950
 72978
 394784
 450741
 252624
 67071
 1024084
 993178
 490073
 149035
 818429
 910895
 972234
 120400
 368950
 781293
 799630
 255361
 767589
 347447
 32433
 564046
 378456
 889837
 143259
 556569
 13917
 42878
 1065533
 545470
 775905
 649014
 606465
 443130
 724024
 583274
 294192
 447510
 946212
 498941
 880524
 1098401
 199699
 531779
 1094090
 696350
 632479
 337894
 678571
 436760
 102598
 46485
 261663
 725780
 895725
 543217
 343625
 181492
 698353
 898525
 477795
 201660
 149881
 933899
 322814
 921963
 687217
 495280
 612842
 338541
 144957
 826242
 264068
 1049949
 1064074
 711543
 484440
 65429
 364015
 871668
 959838
 509749
 378620
 773648
 127701
 198093
 579640
 237591
 483269
 133384
 969531
 740949
 224222
 888919
 949250
 348890
 363246
 627372
 40829
 198631
 1014656
 953597
 828747
 717342
 877146
 636911
 930925
 627633
 955296
 94195
 115596
 760945
 998622
 622555
 38267
 830789
 1078365
 810914
 175548
 544935
 159727
 283700
 75559
 751596
 377660
 871742
 323043
 404711
 733378
 1013509
 784803
 1088703
 88363
 193561
 21204
 383682
 267950
 799392
 116522
 27705
 900705
 745212
 149003
 869535
 489843
 330721
 182777
 193531
 502166
 941613
 92611
 841909
 1012169
 968924
 581336
 445385
 762226
 736094
 402712
 281021
 619423
 334724
 24662
 511781
 242788
 372977
 145613
 872908
 179413
 780434
 30285
 559589
 486955
 791341
 1075872
 368832
 509889
 933000
 575656
 927731
 302792
 709671
 372482
 450861
 834730
 1067766
 682129
 649459
 837462
 761796
 478476
 449634
 557198
 1085523
 759138
 6619
 747724
 754033
 627163
 846638
 873309
 526642
 161688
 761253
 403366
 372106
 1027606
 1048728
 104588
 325152
 984465
 375095
 889536
 277765
 557081
 836358
 129892
 658865
 403627
 365055
 120154
 599573
 558727
 832558
 658839
 8364
 1007980
 244321
 307525
 880627
 501647
 666255
 857924
 439096
 43921
 252851
 665991
 491626
 53505
 52206
 653510
 806622
 862757
 736998
 977789
 627465
 262988
 226543
 101305
 299642
 18387
 1088724
 62988
 814262
 548692
 596997
 800972
 1051792
 524894
 359792
 846692
 871578
 833733
 171783
 894450
 370102
 812883
 643984
 223112
 746633
 597162
 378806
 759066
 309810
 830885
 564883
 34792
 61173
 621478
 932594
 876179
 473596
 4379
 462199
 509325
 163641
 948963
 670488
 233907
 967685
 604683
 816487
 1002574
 79374
 814475
 982668
 451651
 339556
 939372
 286257
 612184
 647911
 333448
 57944
 86419
 762523
 604058
 469472
 965793
 871024
 1076335
 1037540
 1044112
 424867
 231584
 946430
 474470
 835086
 1023952
 466026
 426747
 1061915
 808141
 825418
 1099965
 923824
 569555
 768663
 1011561
 913912
 280802
 1006600
 691666
 243694
 414309
 588172
 138428
 838631
 230093
 894606
 73947
 528063
 924304
 199624
 1096359
 563288
 1071582
 462394
 189689
 2189
 296239
 996599
 277109
 1004196
 485202
 122496
 1092304
 670654
 98162
 401034
 61664
 452044
 29876
 715807
 1097074
 328444
 528773
 1017468
 198558
 535442
 605149
 886720
 1091751
 1084468
 378221
 549528
 608136
 226876
 900530
 177641
 396716
 477654
 454889
 515180
 136271
 566427
 16902
 278954
 1024737
 980469
 690095
 258660
 625671
 390722
 183208
 380614
 798725
 379436
 726351
 781121
 414963
 308438
 940560
 68903
 934351
 264489
 279333
 964897
 610945
 85379
 988741
 683204
 384236
 541302
 76972
 449328
 443943
 961986
 878299
 749780
 255140
 756697
 371695
 943086
 905370
 777525
 895266
 64677
 438779
 164565
 308302
 693945
 693851
 785803
 536013
 487284
 515396
 327509
 1052586
 186175
 855906
 397567
 548639
 1094007
 462244
 997999
 711651
 257487
 1033785
 1087174
 530179
 586588
 823810
 920111
 165918
 710033
 483765
 571039
 736951
 912852
 476245
 836695
 37762
 648033
 681344
 79788
 885020
 934809
 1070146
 625444
 14105
 736138
 475243
 695480
 623908
 768294
 183824
 13100
 659757
 697652
 509425
 371974
 742673
 1026809
 287955
 851315
 354740
 985893
 590373
 43104
 864229
 153144
 1067948
 1083021
 747540
 381303
 972563
 1035658
 872645
 442483
 1023349
 1075496
 797704
 99137
 749855
 291286
 859302
 695144
 211502
 677587
 540091
 299337
 866827
 971572
 11078
 305525
 122560
 987431
 664860
 753910
 1098987
 611318
 902628
 141809
 440791
 186700
 319987
 486185
 998085
 447036
 255684
 507760
 332126
 797119
 330705
 479604
 206328
 549381
 933930
 282983
 181781
 205879
 352208
 602643
 480756
 651384
 827168
 177698
 213771
 688677
 769606
 831636
 628464
 138465
 1091114
 253789
 722115
 499372
 475708
 351979
 298927
 658007
 548591
 378344
 31275
 355996
 589652
 474579
 558153
 481229
 569729
 538540
 821990
 134418
 33890
 113397
 372666
 889792
 166736
 734817
 699923
 305285
 196232
 1000039
 835570
 1035718
 74798
 276742
 401007
 1025122
 672277
 77313
 426820
 143013
 227898
 542903
 430878
 85027
 261608
 910861
 223769
 475443
 235079
 801641
 1088492
 95279
 1089494
 675467
 640373
 530844
 664799
 846931
 88492
 963432
 60330
 1047417
 681826
 318886
 600012
 535246
 288687
 286167
 1062248
 644199
 658152
 275273
 1056
 214665
 477492
 992115
 484312
 472331
 852014
 163791
 3740
 884356
 157867
 947315
 737572
 925986
 81137
 978295
 821070
 1094820
 411741
 881926
 582422
 445861
 818601
 308417
 528042
 306885
 115731
 281305
 701910
 220285
 839395
 590093
 452311
 415868
 168813
 653712
 1099856
 752004
 572673
 241033
 1025680
 471693
 868001
 865006
 581865
 1083715
 81772
 414558
 833776
 606976
 44780
 552624
 929709
 297081
 610843
 736150
 538444
 1027609
 853310
 321621
 455954
 961228
 703404
 548810
 152645
 52283
 647590
 983568
 207952
 504984
 1067453
 450085
 885751
 620195
 812259
 175061
 1017653
 310304
 327569
 430444
 1033045
 1065276
 359538
 169446
 1029217
 639768
 767769
 627053
 538277
 942670
 119369
 739716
 389272
 1031457
 974958
 89511
 684368
 1000477
 124296
 336110
 305842
 145192
 631155
 533530
 441673
 565729
 53808
 504187
 65466
 999043
 961219
 303781
 276928
 150602
 184425
 119105
 358274
 423950
 565388
 563796
 539233
 22990
 242510
 1090676
 62362
 124212
 163637
 384212
 617978
 901049
 658850
 711907
 711956
 810448
 766385
 177449
 541308
 611627
 629307
 832803
 330564
 849932
 286745
 61946
 146785
 746269
 1078428
 648430
 682008
 234782
 669369
 518350
 808794
 1011650
 480788
 376504
 309191
 257220
 306349
 735865
 513071
 1063918
 554551
 1008031
 832016
 188991
 733476
 1019378
 534182
 837255
 395165
 483714
 1096767
 16226
 731869
 797083
 263980
 761106
 346394
 708480
 241581
 44091
 1020703
 294575
 555555
 1074592
 550895
 704942
 72635
 147617
 1031363
 117360
 44139
 771938
 300217
 76747
 114350
 404626
 940310
 602503
 700325
 68060
 849920
 1042156
 905011
 177588
 218501
 518437
 704037
 681442
 183936
 534545
 476374
 694730
 481210
 858621
 552647
 843266
 1058205
 604936
 289943
 140019
 788848
 123748
 387753
 78708
 315878
 232535
 357843
 335716
 409186
 1079149
 614435
 894433
 286724
 807475
 1084089
 993236
 1055162
 427145
 163017
 221685
 288529
 42944
 910660
 49554
 271508
 376627
 674870
 439314
 617835
 495870
 985138
 259375
 241145
 314690
 42573
 856294
 932009
 58049
 703020
 39550
 110726
 197278
 670750
 583448
 472597
 251838
 448069
 199702
 654970
 863350
 998654
 552057
 500282
 331235
 480107
 400156
 88679
 68281
 53459
 1007905
 959256
 622118
 568091
 571828
 152083
 231168
 1018389
 679980
 1045634
 613459
 919243
 235353
 104848
 391401
 762941
 563008
 586608
 1015866
 220214
 225313
 716682
 663899
 967927
 13406
 280200
 694880
 769435
 439955
 304822
 500477
 867226
 438134
 600602
 57257
 435862
 439398
 1029963
 888470
 219500
 742826
 128333
 404039
 131136
 927461
 1091731
 519730
 972215
 12472
 520733
 745546
 602621
 889798
 630797
 675344
 177383
 716699
 305801
 395652
 693696
 259405
 992631
 314334
 114706
 723683
 572146
 159786
 34446
 628447
 25345
 854945
 204985
 425706
 32170
 739283
 390400
 723983
 1066066
 49256
 1020339
 733512
 929890
 388148
 44532
 701641
 237689
 833002
 512897
 712811
 642798
 576200
 541354
 136719
 676599
 573210
 874524
 121376
 661133
 73010
 354558
 593554
 311927
 380059
 600351
 836801
 878236
 243792
 844189
 897312
 894065
 439643
 955033
 235648
 1089247
 68997
 321234
 149903
 537172
 796927
 396464
 984411
 1047930
 1001149
 418070
 647278
 563905
 582109
 769666
 709435
 651549
 1075795
 799194
 1074963
 873394
 800478
 515800
 76750
 419536
 607214
 639314
 992082
 840164
 174631
 647879
 438183
 834416
 1035311
 605544
 928514
 757030
 352794
 872383
 931884
 220188
 674175
 644875
 348451
 34402
 1068853
 775428
 42490
 1039725
 275090
 634568
 647507
 139038
 635049
 956142
 733660
 794293
 875753
 694123
 355699
 1054638
 709235
 317735
 896465
 1063015
 975363
 623038
 319169
 601780
 508199
 256619
 631333
 347775
 487724
 217628
 253468
 691333
 212161
 385269
 392675
 1023612
 1078926
 467244
 225898
 1030214
 451234
 99871
 352336
 1042115
 778677
 506805
 430486
 14735
 275437
 29415
 470220
 643969
 1071405
 387353
 789437
 750543
 595089
 302333
 415050
 679094
 92028
 150380
 186063
 1063366
 677432
 948695
 803361
 778352
 18563
 753390
 823287
 1071871
 676586
 108988
 400121
 62819
 636387
 615431
 698425
 142580
 898338
 111472
 243209
 429193
 97881
 583505
 574582
 564998
 913389
 381063
 153185
 57472
 860057
 1028142
 328337
 980442
 700093
 74734
 821308
 571179
 154124
 6274
 535780
 1068336
 1078004
 675106
 716303
 1048643
 682991
 379587
 325442
 493917
 895754
 710549
 596595
 610332
 101809
 613201
 849506
 648907
 19411
 928755
 358026
 838748
 1081566
 336650
 681622
 49031
 4907
 137172
 165907
 399430
 1035246
 681072
 620076
 1014471
 172676
 648253
 158259
 660742
 742674
 613168
 459578
 127776
 548231
 406734
 1075292
 819140
 803974
 492152
 408864
 110816
 541780
 87025
 721259
 214932
 786547
 923618
 858701
 247573
 340021
 187958
 663907
 314020
 1010031
 888989
 195093
 376765
 255487
 61648
 11921
 508613
 906011
 249741
 517138
 259248
 401899
 352244
 486326
 62407
 972611
 473252
 257620
 593858
 986868
 711519
 1024526
 517835
 942768
 552024
 1036196
 553279
 1069898
 745898
 961231
 31852
 1093464
 425498
 770704
 155636
 12007
 733835
 277413
 947452
 1015247
 853923
 573779
 395929
 3846
 1026316
 374554
 1987
 324970
 607461
 243382
 1004782
 363717
 459092
 441884
 613006
 76717
 44716
 304759
 501265
 305500
 236387
 225601
 1058126
 593791
 730859
 822308
 682873
 171449
 466800
 592298
 474862
 772391
 616321
 177542
 684497
 469981
 835299
 508824
 993507
 641586
 907259
 665085
 17237
 916793
 560671
 28464
 812510
 605256
 131423
 1037613
 1022556
 255094
 926312
 951496
 764449
 131240
 957215
 824169
 1012654
 520774
 656956
 320348
 1051822
 656947
 1007153
 546080
 823807
 426836
 995418
 50518
 605564
 586301
 528049
 1019492
 719837
 128022
 533404
 449364
 973027
 172048
 64658
 832263
 993586
 717505
 273754
 825131
 972837
 400427
 935653
 729476
 146130
 350950
 149673
 772112
 246421
 542972
 562105
 762800
 398790
 741337
 767961
 385297
 179234
 243599
 1091898
 746669
 174074
 406180
 38892
 204915
 19096
 305712
 15381
 899177
 784749
 25217
 440885
 791074
 130340
 888297
 530623
 676481
 545908
 514748
 664148
 230434
 343649
 271066
 163788
 428755
 238896
 979159
 31057
 662721
 963420
 715918
 735053
 214938
 30317
 616070
 326273
 44615
 427367
 1035169
 368286
 1007473
 215746
 290761
 578855
 369504
 363662
 994776
 761616
 133991
 946256
 718073
 181942
 1038606
 675285
 5142
 527767
 25896
 226877
 581499
 142192
 808702
 452486
 949128
 1037907
 418203
 522176
 262449
 325349
 915584
 927764
 55776
 367817
 396871
 685215
 1090570
 515834
 767320
 107428
 23422
 1058108
 169291
 417551
 749078
 721371
 292040
 620605
 128010
 288578
 207
 633967
 3125
 446253
 717580
 412987
 174730
 312216
 710478
 353423
 254490
 593341
 5525
 241090
 864085
 184893
 77142
 186926
 172265
 698497
 835609
 642435
 818881
 419902
 798479
 616219
 643579
 892915
 757511
 327681
 684089
 844606
 172476
 276912
 462326
 233333
 721800
 561178
 268948
 964413
 160844
 682191
 308106
 1040373
 94978
 237374
 17045
 596583
 490140
 938081
 157529
 239640
 432435
 447986
 964431
 963048
 925351
 432157
 1060023
 411102
 798590
 232107
 677478
 523880
 436575
 500009
 406857
 318559
 248428
 1051801
 1024672
 692962
 619099
 51461
 888603
 378382
 116710
 189986
 244676
 1027337
 618161
 166560
 787978
 622167
 659408
 998327
 508205
 864616
 688979
 529089
 632287
 418821
 290114
 527557
 113866
 986717
 1060955
 580882
 331038
 397057
 26310
 886599
 545178
 268202
 157507
 396123
 904783
 688144
 978277
 43689
 917462
 1025252
 666941
 592628
 1023024
 527186
 693187
 111701
 534662
 837911
 232923
 927788
 137552
 566868
 464397
 484203
 687172
 736589
 1037335
 1008340
 260676
 371035
 181048
 304189
 305892
 261437
 142548
 257827
 88194
 91105
 862874
 1026327
 155024
 309238
 934007
 673759
 1032602
 625788
 760330
 40573
 132983
 1043018
 303467
 184713
 820836
 274503
 657273
 975682
 296898
 186964
 211660
 990027
 48310
 831599
 684467
 485003
 45721
 1077136
 409510
 384079
 487869
 1046496
 737952
 746763
 1013421
 114721
 436880
 687702
 343256
 53025
 52974
 234044
 1032948
 919569
 625983
 323954
 881562
 387083
 913021
 1051633
 317028
 502933
 28804
 29659
 698164
 294179
 624042
 928428
 966665
 509651
 177646
 130168
 260570
 381664
 732253
 113223
 1072247
 629226
 890663
 574845
 371467
 34141
 156208
 98692
 577521
 103176
 590062
 207318
 147910
 659274
 848442
 696749
 197118
 574956
 529959
 589970
 518979
 290263
 371852
 648691
 329511
 271871
 484139
 264209
 394604
 89271
 132337
 585317
 643808
 1003520
 1087964
 73094
 193409
 375538
 1032284
 987736
 1053936
 369707
 393456
 387595
 658260
 546856
 55719
 689805
 409016
 35768
 374794
 652329
 770618
 969422
 671031
 526541
 395471
 699563
 1031392
 655301
 124228
 1006750
 454557
 1009658
 220356
