149803
 631503
 941156
 729881
 271783
 523973
 967864
 702629
 230184
 251223
 375346
 462741
 1035300
 1000479
 555177
 177037
 813022
 103628
 146719
 762263
 581268
 942116
 126109
 540286
 633005
 829221
 122803
 905587
 937196
 701310
 487105
 844872
 830353
 44150
 675318
 131894
 421853
 601097
 549816
 198417
 448384
 779946
 893757
 484716
 1031208
 616551
 301503
 229830
 430369
 960876
 721536
 27786
 826772
 67134
 392419
 1035831
 775985
 30483
 966775
 644920
 1050257
 419452
 340161
 974552
 1022495
 230559
 153651
 664036
 226562
 635382
 1097172
 784896
 759133
 116542
 905141
 305496
 99639
 487910
 302199
 493902
 1044739
 275336
 1007576
 472586
 811019
 773363
 184374
 883652
 687022
 383391
 889906
 314713
 798603
 990164
 46609
 723874
 902370
 493868
 748664
 931371
 289294
 794637
 405505
 94515
 425771
 251263
 302722
 672033
 123053
 269411
 12728
 527401
 969725
 362961
 1007710
 359467
 487435
 971126
 538996
 837061
 715937
 514062
 335670
 869858
 174682
 999895
 749816
 58298
 231652
 782250
 851685
 981286
 354853
 911153
 253454
 981558
 161602
 286363
 771453
 799844
 473783
 998359
 525802
 100857
 418027
 723324
 754265
 353896
 739137
 280788
 1084465
 153714
 533754
 881790
 618563
 83681
 669796
 213859
 262910
 650216
 664103
 610941
 393137
 361628
 401996
 378500
 64354
 243773
 335781
 82994
 941108
 243250
 563664
 830610
 952491
 102292
 860862
 846652
 1055390
 94893
 797237
 833812
 945738
 669100
 975881
 433094
 943081
 1047570
 574353
 330869
 817379
 25345
 296745
 991159
 99167
 315296
 906864
 751262
 761839
 45258
 1087315
 975108
 604870
 639701
 350963
 1032108
 141954
 338940
 838764
 90889
 416312
 485800
 451889
 1050919
 784073
 911378
 239188
 924380
 154062
 790681
 177426
 951635
 1090565
 732778
 376751
 567096
 1055587
 10207
 935039
 61848
 469341
 225196
 1078731
 609740
 861448
 919507
 92372
 40055
 342533
 1062000
 44394
 397934
 930908
 878217
 977193
 716903
 29044
 758750
 56046
 514643
 41204
 38201
 1096431
 341212
 1073766
 388847
 629844
 458409
 361789
 1080538
 215426
 186910
 305370
 334621
 1040390
 233008
 843661
 51561
 948059
 560261
 120265
 838391
 1013779
 688506
 205013
 3797
 584276
 439250
 608307
 566259
 813473
 343801
 902200
 477066
 664519
 108051
 293745
 718226
 639139
 1085143
 543442
 757055
 297725
 678818
 239323
 951296
 4193
 877552
 671111
 423676
 865373
 95901
 1009345
 72983
 139670
 816401
 996159
 532371
 721559
 1049702
 623021
 981236
 136384
 475143
 533908
 473525
 70480
 2556
 393225
 49080
 1050905
 900629
 537021
 716621
 635642
 624158
 857778
 724354
 925860
 979105
 996792
 609047
 456528
 121674
 603822
 391717
 230051
 540738
 1008927
 242374
 485288
 1023334
 992225
 1076481
 197301
 129802
 435132
 541803
 437106
 786342
 707267
 58445
 464162
 637557
 319813
 259763
 51754
 715639
 993389
 288937
 421672
 58353
 570349
 974748
 595978
 477142
 402403
 250711
 2237
 536133
 503065
 759993
 828607
 131917
 196588
 115786
 179767
 283762
 313765
 139476
 859750
 11254
 685768
 925892
 420751
 699261
 829707
 986772
 337947
 62622
 345017
 401340
 303985
 1023419
 255489
 612862
 1096590
 946396
 1031337
 517437
 573175
 460343
 1080083
 835114
 460952
 189390
 265990
 290201
 104143
 633396
 998899
 1017337
 560255
 496003
 398338
 787447
 919588
 864856
 840693
 688684
 955121
 835130
 276306
 876162
 751475
 280838
 546313
 236569
 22802
 432722
 877994
 40082
 966828
 253292
 838029
 752511
 150641
 536633
 688397
 977669
 340833
 934439
 652161
 729082
 228556
 752256
 911865
 95123
 656409
 448488
 668550
 160089
 239952
 20464
 191395
 768435
 522940
 663749
 412938
 1088604
 331498
 606643
 960302
 378336
 354407
 652455
 772105
 847446
 217169
 921932
 124652
 176202
 259513
 1077402
 298080
 480578
 286750
 508834
 342597
 635505
 310376
 182573
 524758
 133800
 14434
 17297
 441537
 668813
 1029432
 125777
 55247
 665769
 282255
 951426
 596875
 410123
 606848
 380733
 753408
 476712
 1082394
 785160
 121094
 985168
 1018574
 583200
 522190
 474795
 1058436
 168534
 25699
 521452
 946362
 796332
 1048281
 686912
 200174
 823382
 121731
 908795
 710220
 270412
 431862
 361816
 1037260
 815824
 778217
 217073
 1060578
 99699
 1040941
 140054
 436984
 926330
 1065617
 716488
 739580
 835483
 843829
 1071682
 53249
 982102
 491220
 443837
 799709
 372642
 388038
 940130
 750070
 450201
 693564
 492917
 585018
 778273
 7143
 75070
 686422
 554760
 1031667
 952818
 501311
 624280
 731834
 815839
 711814
 598311
 1094178
 340891
 784084
 399171
 966645
 309023
 341731
 1067809
 662117
 190580
 144327
 75717
 574661
 844629
 1013801
 924610
 1057868
 31971
 496697
 976721
 136281
 237015
 937932
 461039
 116005
 570992
 387013
 841859
 817091
 647522
 826480
 227695
 403142
 188414
 591591
 188725
 361
 179500
 331583
 1017291
 159946
 863981
 274539
 64695
 722501
 890528
 151170
 532387
 746562
 1038327
 445130
 877387
 221723
 186892
 376351
 597861
 126036
 1069571
 686504
 502475
 989409
 550169
 1089128
 615033
 498360
 600174
 937208
 703199
 978002
 330884
 602153
 81504
 709629
 615527
 38234
 55518
 346393
 133641
 146380
 1022501
 967012
 538789
 630629
 81161
 127175
 369847
 109177
 734930
 1059529
 442103
 430136
 307811
 700902
 386248
 387323
 193664
 129272
 632954
 993129
 889350
 824166
 643151
 919238
 219063
 764016
 296438
 796718
 936835
 55930
 990555
 340723
 1098626
 932961
 449975
 487794
 397323
 377782
 423386
 795087
 310552
 718487
 627207
 517680
 856693
 1086186
 656480
 78164
 591296
 765497
 335591
 108649
 425940
 450400
 268216
 277541
 218919
 242554
 421385
 963642
 629760
 64809
 74618
 390555
 959181
 139275
 148012
 51174
 986619
 47158
 250420
 431073
 461717
 203876
 60831
 804094
 1019156
 689142
 722147
 371275
 946515
 819057
 919321
 311906
 410043
 73809
 816638
 488138
 1074858
 375064
 486820
 614304
 814306
 24708
 298915
 704851
 750854
 397534
 616278
 929491
 373499
 929483
 696012
 110341
 671572
 556118
 461481
 128923
 1036941
 778342
 456059
 813162
 959415
 461256
 553560
 866681
 690456
 504995
 540569
 899170
 11392
 352310
 36953
 316528
 918799
 531490
 1024833
 580372
 1063343
 805936
 833390
 947673
 555802
 857068
 539672
 724523
 173143
 582524
 1010202
 824257
 463677
 646067
 196958
 906423
 616594
 368291
 1041503
 1081444
 861860
 293391
 141695
 436230
 324390
 495399
 2849
 1009096
 894722
 65258
 277102
 893232
 884551
 1067376
 117778
 757885
 238179
 100780
 659247
 257145
 33297
 391502
 56006
 770729
 222678
 614818
 848890
 944383
 449693
 201659
 934660
 395055
 846540
 844524
 190643
 49998
 175241
 943701
 876303
 810670
 1041425
 23635
 991784
 685057
 915452
 41046
 11896
 873457
 241532
 969645
 886
 636333
 168038
 898134
 446665
 476954
 733928
 548642
 203108
 315498
 20957
 549643
 303575
 669183
 453263
 447657
 916069
 104428
 115063
 464727
 1061833
 173694
 63649
 987304
 284126
 680911
 209569
 954449
 606213
 366646
 260300
 464926
 520841
 296432
 272404
 473414
 172960
 483771
 526607
 110229
 340313
 394609
 721533
 295096
 971406
 948658
 230405
 265318
 485863
 243204
 88744
 1076430
 34233
 902676
 1015473
 85781
 761587
 774731
 365240
 334499
 517720
 1040647
 383831
 60333
 107672
 177582
 718459
 726968
 453398
 665097
 979005
 725180
 902396
 239679
 265666
 700525
 1096565
 717554
 555606
 249676
 802438
 509328
 42334
 227021
 71852
 123103
 576789
 515252
 185860
 117496
 425557
 719400
 509923
 164057
 1090866
 749259
 290204
 924554
 87410
 272804
 159069
 504960
 539351
 325780
 18012
 84523
 400385
 82148
 327261
 133520
 726870
 734951
 443492
 1030927
 1059236
 383591
 1058222
 722175
 129496
 334771
 695934
 385056
 631132
 681055
 241126
 219650
 813444
 879504
 943967
 621901
 456346
 1092358
 971138
 958743
 538196
 693093
 77425
 1053189
 821138
 984310
 1029502
 253081
 380914
 501525
 869372
 612667
 466358
 359497
 276367
 1010586
 169636
 498967
 786093
 332118
 1033542
 276879
 489822
 255950
 739274
 820107
 229725
 699129
 75547
 584291
 569031
 867887
 430321
 639152
 653078
 87418
 274981
 935609
 299634
 159994
 592520
 757111
 266287
 173179
 405373
 1530
 461574
 848672
 884642
 717845
 964752
 2048
 1077569
 812132
 978061
 351137
 357635
 263803
 1045595
 450476
 700679
 550134
 692113
 793
 179666
 181126
 45893
 622168
 520783
 904241
 701219
 296437
 1002922
 583912
 350064
 900580
 799858
 72260
 809578
 992609
 408300
 843278
 532031
 750421
 777380
 706796
 731552
 306491
 672338
 478371
 713506
 187278
 768969
 51180
 538648
 915326
 686004
 801554
 825856
 877099
 10511
 637420
 208442
 791601
 875577
 646401
 160818
 100483
 835031
 528389
 118643
 53177
 804246
 1094629
 697688
 634131
 847580
 824213
 500690
 435338
 231131
 215933
 1043833
 689496
 850586
 667980
 955892
 805291
 970587
 1091699
 781341
 1087822
 534564
 502092
 594329
 127977
 1039208
 950875
 310419
 1015732
 792862
 1077577
 368819
 991691
 561624
 766720
 826565
 337154
 495377
 371986
 128579
 1056358
 314171
 661374
 35106
 586226
 75009
 316789
 708680
 753965
 1091934
 617157
 1048624
 45022
 448407
 1024465
 428880
 668723
 558455
 507220
 644122
 874522
 593062
 1043384
 957096
 212043
 557332
 305085
 182364
 42604
 808242
 384889
 408354
 230780
 702038
 1064461
 691852
 795668
 237436
 237203
 415006
 767354
 692178
 35215
 207181
 333965
 790919
 373577
 439136
 96698
 825763
 997420
 794216
 329614
 611139
 906296
 449873
 833427
 299751
 839328
 559606
 582272
 376963
 960329
 145257
 159653
 41573
 821191
 1085471
 1067031
 122310
 677991
 884435
 962368
 972145
 946525
 810752
 40133
 993513
 221078
 537033
 634258
 87492
 1003232
 394474
 1064853
 521454
 149159
 21286
 511775
 168614
 299799
 407958
 2311
 127114
 263761
 447913
 741059
 1068860
 746627
 325163
 204828
 490043
 852502
 432090
 10529
 536272
 83624
 24508
 816768
 37246
 967230
 631789
 705757
 298763
 818021
 344557
 547199
 243717
 787437
 30180
 347606
 305301
 864972
 949782
 523923
 114052
 893439
 718123
 864793
 535858
 928471
 425910
 74549
 493140
 835562
 886175
 131352
 362114
 536326
 285194
 117458
 824952
 26091
 113355
 538039
 288562
 997073
 1057604
 828418
 651958
 728228
 498600
 255993
 475818
 896125
 201103
 989757
 975155
 975622
 1073633
 679320
 874908
 499647
 467616
 533935
 585575
 550131
 276261
 196052
 553736
 699090
 746248
 366849
 994214
 896830
 471065
 970219
 531740
 84039
 289285
 95446
 284474
 877313
 621955
 616953
 591412
 75847
 909695
 957617
 783167
 975581
 292807
 549803
 302701
 370212
 583254
 594821
 311075
 648343
 885044
 896892
 1095882
 547741
 854111
 840828
 918431
 13908
 1008777
 131057
 540270
 786768
 797832
 956008
 570488
 499786
 599860
 456765
 42073
 803414
 1066407
 113364
 128947
 916392
 252585
 381067
 431262
 771455
 27182
 746477
 803030
 1013539
 1068293
 871531
 948049
 731187
 586379
 1006861
 337447
 423248
 308000
 148145
 550804
 435391
 1072294
 111891
 270657
 1008685
 473328
 140933
 441393
 535915
 937008
 582464
 103962
 16131
 950269
 1088949
 1044747
 886391
 422081
 1012104
 305151
 810654
 241351
 248811
 242662
 589279
 675373
 796589
 22503
 154986
 328369
 337762
 617170
 261371
 507773
 927179
 626048
 1037962
 563175
 602216
 825904
 1033248
 939678
 132288
 134881
 528797
 183854
 538324
 714539
 492091
 625988
 71568
 687621
 127344
 92824
 272635
 842131
 479614
 526690
 376762
 576491
 1294
 654005
 944750
 250373
 871426
 546520
 205168
 92102
 387513
 478552
 569870
 934306
 1032327
 1034113
 976273
 243977
 569723
 411176
 1062675
 377937
 974668
 431612
 700136
 859926
 703231
 815382
 961006
 78017
 379565
 1049045
 39688
 814709
 13763
 549818
 151707
 783239
 756886
 139892
 271843
 845675
 646955
 522803
 826719
 837372
 709398
 955913
 553403
 772559
 1088448
 340233
 538632
 234963
 228263
 722451
 151751
 343567
 476100
 154063
 21302
 336248
 702999
 273388
 1029475
 323338
 359576
 371961
 218456
 627255
 100951
 1059310
 738862
 607715
 313245
 883300
 53159
 305826
 470331
 972293
 544740
 267067
 460914
 158702
 1011677
 826749
 170032
 147893
 856585
 378854
 534826
 100785
 655955
 1069863
 990993
 183152
 651958
 349192
 1053234
 833537
 980626
 1099774
 740569
 591532
 503072
 851131
 220431
 584742
 123034
 836791
 936125
 813284
 254812
 493173
 41056
 505768
 451096
 368587
 904367
 259719
 660124
 662544
 748188
 954475
 222763
 120473
 100654
 1000027
 57905
 464780
 917653
 727509
 767339
 288018
 806876
 808419
 1072612
 365309
 754410
 309973
 318238
 695434
 590513
 427304
 53314
 1024743
 1029516
 739585
 350711
 483363
 143400
 94773
 569863
 163672
 671385
 466286
 372879
 915326
 292360
 201886
 1030843
 617197
 739296
 812981
 80213
 143333
 530748
 37862
 892945
 1089137
 1097221
 1057865
 733519
 499431
 1068331
 370248
 21189
 211883
 365883
 341133
 715631
 323050
 642186
 230889
 779045
 494939
 988090
 710870
 685698
 909244
 925415
 858349
 500667
 38707
 855117
 689016
 728298
 145815
 65459
 1060306
 724132
 680660
 418407
 486549
 648818
 903389
 232094
 831009
 1050744
 98967
 530313
 24452
 1071983
 326268
 1073838
 364988
 788288
 182188
 94192
 682510
 1049266
 1076778
 325035
 143241
 226338
 589169
 299969
 1087744
 1087645
 396285
 601856
 183971
 831815
 695993
 77858
 664652
 389328
 258740
 246241
 550658
 988695
 114576
 459541
 903858
 462677
 981626
 639308
 1036910
 324556
 350737
 190359
 241605
 1042801
 860802
 372451
 13801
 500515
 838933
 524909
 649746
 1071235
 226709
 84743
 247920
 331101
 790295
 348521
 799244
 87372
 678274
 566959
 798422
 277511
 335827
 952462
 819584
 623168
 771945
 844143
 917294
 935686
 674591
 35045
 384961
 1013794
 453542
 1024752
 650628
 939101
 1065395
 385786
 965514
 327617
 905694
 267446
 575674
 40996
 568087
 845098
 780375
 926595
 83862
 694623
 437151
 84769
 467709
 899048
 153117
 919125
 364032
 791892
 881111
 963136
 1017023
 498164
 589170
 577729
 790008
 565608
 430978
 539103
 287224
 523084
 1080146
 81643
 759718
 127964
 1017937
 68314
 658304
 1007608
 953205
 383709
 714689
 376146
 210688
 519507
 766279
 762635
 305674
 147104
 653175
 931434
 207603
 44847
 1019657
 196090
 540882
 809016
 956470
 312046
 411587
 69194
 305497
 913826
 836805
 1072014
 982818
 240298
 858491
 207000
 239612
 212
 1038501
 869633
 951339
 595723
 452820
 373905
 736425
 834519
 787413
 229358
 556857
 471657
 845850
 802602
 764133
 322749
 467408
 1052514
 61716
 415462
 564813
 1048455
 352003
 820401
 97605
 493853
 438499
 185643
 4306
 569036
 370591
 40143
 448421
 11087
 414962
 907192
 786975
 486395
 258014
 924180
 340948
 1085404
 580559
 258320
 741293
 822268
 57699
 514448
 972941
 305624
 621314
 373164
 865364
 237755
 394073
 143283
 303960
 150287
 89204
 835165
 289645
 365849
 697154
 73981
 226601
 626658
 960789
 409384
 257709
 365062
 845634
 579604
 1039660
 50411
 90577
 395905
 458330
 653560
 796866
 783535
 134485
 344210
 32291
 931446
 757041
 798088
 911912
 733052
 965740
 92170
 866803
 881710
 621439
 900618
 121232
 583954
 416592
 660267
 48128
 505771
 188079
 48716
 651831
 956243
 167240
 376675
 468697
 1003357
 727532
 575853
 707853
 1048700
 523900
 364956
 856080
 704545
 188260
 723991
 1020756
 369590
 602629
 612523
 173780
 853183
 759423
 765591
 384455
 778615
 265202
 913875
 92159
 773280
 505359
 931973
 197430
 445682
 13102
 591922
 183925
 712669
 127599
 218072
 230279
 506792
 591218
 678865
 843038
 1057316
 520922
 909935
 541610
 367680
 564211
 1030639
 1048886
 1075683
 610800
 912330
 514257
 691866
 728914
 410893
 329233
 868276
 261834
 456475
 849538
 760048
 154138
 59045
 773755
 129421
 65354
 186310
 547184
 908144
 129600
 994814
 469634
 333067
 853957
 4570
 966246
 926437
 410629
 95324
 134512
 727653
 381465
 1005075
 1034511
 359178
 980068
 101588
 1072694
 185151
 489475
 36847
 492195
 909625
 156707
 182031
 219390
 703580
 538177
 5747
 461830
 116433
 944910
 979338
 786717
 1071296
 388111
 703413
 113509
 448513
 480052
 829735
 604308
 820108
 768486
 248407
 241960
 707124
 385974
 1041585
 470382
 932149
 576764
 104955
 188118
 750101
 318086
 585464
 49235
 979919
 762011
 364948
 744610
 788489
 827284
 975157
 553191
 290984
 267009
 947229
 49860
 152274
 454232
 638632
 58680
 550638
 722078
 264258
 178840
 214184
 187661
