81752
 995966
 362824
 600268
 637012
 1075377
 1079043
 647036
 127013
 274441
 168895
 405219
 1013799
 354601
 362762
 1081180
 51480
 1070145
 1045837
 260910
 110420
 1050397
 775266
 589722
 950146
 427706
 667221
 182320
 123059
 477316
 301278
 900294
 605942
 394252
 165165
 1073872
 28658
 1071264
 244934
 267753
 810818
 586877
 630786
 67274
 529012
 872066
 707703
 565278
 935266
 1064121
 63967
 252237
 72147
 65604
 8556
 541082
 14889
 122903
 518234
 882031
 730873
 659884
 111588
 519
 723168
 860154
 330438
 396080
 109246
 211843
 1041421
 398423
 84540
 634523
 853312
 405513
 702990
 343223
 862734
 928043
 44956
 64797
 357622
 785893
 848002
 321503
 398134
 279329
 455844
 1097365
 5122
 360414
 668369
 738270
 71562
 616924
 891291
 903022
 201735
 1004802
 450988
 281302
 993010
 752356
 28424
 454779
 451197
 247404
 369542
 937720
 934662
 481962
 450463
 288485
 697415
 773807
 321726
 61353
 968778
 583509
 431847
 570929
 1065426
 999991
 165157
 505281
 483525
 789324
 428874
 818031
 688009
 717808
 57337
 107190
 55050
 744514
 265028
 511347
 686280
 869027
 163617
 782377
 398892
 190164
 12333
 276823
 160589
 679959
 449300
 1053130
 213771
 239653
 73436
 655437
 1064195
 273582
 1064711
 301536
 873601
 982454
 299287
 897828
 362286
 800939
 215061
 314121
 367074
 544290
 63737
 83851
 996989
 1016709
 798460
 417929
 460826
 43429
 613174
 275793
 751000
 112150
 875956
 160607
 125175
 770914
 612896
 204310
 516757
 961613
 766542
 859751
 642053
 792269
 1359
 1052852
 687082
 528368
 1005381
 78348
 176672
 987826
 231379
 741630
 994139
 922999
 726492
 880949
 868619
 760106
 983666
 223917
 549142
 861637
 617028
 561929
 12779
 1045446
 1070336
 550750
 491952
 810151
 84866
 17630
 621445
 740385
 175592
 246120
 180813
 743781
 25206
 953103
 608891
 393809
 698395
 778478
 523997
 260307
 1097748
 425078
 881006
 570772
 1038399
 825959
 894662
 467733
 897853
 474662
 62383
 1086325
 257046
 189139
 546164
 182896
 817599
 926188
 149784
 1057240
 80774
 160402
 273781
 971314
 127610
 985923
 433399
 266517
 747378
 1024158
 605347
 414966
 899589
 479144
 594200
 677420
 657693
 745745
 946495
 869296
 1046524
 406893
 232952
 489567
 362713
 944953
 725856
 474367
 12632
 761279
 997219
 812869
 1031016
 915755
 437457
 882887
 1082446
 886149
 666998
 786765
 1061910
 602254
 828567
 328393
 611693
 735179
 269317
 913843
 877954
 712725
 245457
 359543
 66577
 582111
 290484
 361620
 585924
 60958
 800163
 784087
 410347
 779389
 535930
 666534
 910639
 556128
 147812
 512059
 266518
 263692
 692547
 44692
 1030291
 1004458
 69702
 53327
 124258
 72970
 624674
 284999
 323003
 745551
 469069
 672437
 106383
 959640
 6010
 1031825
 769206
 375643
 101483
 210498
 482004
 669738
 151008
 684744
 465447
 1096504
 126345
 778671
 621933
 7108
 113978
 831595
 516058
 927700
 421101
 780519
 46154
 606493
 640201
 933568
 524905
 402259
 528558
 380980
 874982
 321046
 39222
 80104
 763359
 645652
 228824
 231572
 969935
 639377
 799633
 16579
 788352
 42226
 714026
 672329
 833305
 1018123
 109683
 945585
 308806
 51262
 135242
 292632
 1061672
 861464
 418040
 587987
 592350
 384747
 132924
 218495
 1032222
 719015
 12223
 54783
 331537
 516794
 98420
 877336
 824912
 382477
 491317
 1051273
 534685
 407177
 314476
 131065
 871712
 3422
 548908
 490764
 706589
 1027078
 661381
 39534
 256338
 901290
 188534
 573876
 1087119
 509807
 452953
 915971
 95357
 839146
 195342
 924323
 975281
 913148
 629942
 556721
 531711
 86514
 691570
 69961
 237827
 375618
 969319
 114000
 741820
 264567
 269007
 157314
 383217
 270017
 15064
 462420
 63447
 847214
 931405
 362561
 174797
 440646
 1084604
 366184
 933208
 300225
 781517
 200906
 618103
 457553
 46653
 683143
 469994
 1024728
 593237
 686865
 791836
 873161
 1000305
 19908
 310568
 317642
 506783
 484970
 42272
 175788
 460809
 205340
 715809
 668880
 388989
 791672
 841875
 879634
 295046
 386348
 162178
 850742
 1090451
 969725
 355801
 523215
 1021385
 739456
 819126
 447643
 532412
 53040
 115372
 822014
 700250
 843650
 550580
 675489
 933700
 289941
 1065488
 893982
 268982
 870732
 430977
 1020474
 191335
 658086
 582871
 674695
 784973
 938236
 494584
 454090
 820172
 58236
 61813
 775845
 769037
 470073
 791764
 670687
 244602
 107430
 24476
 329987
 1029777
 17034
 579729
 1013342
 953327
 850459
 660439
 142073
 912771
 927306
 738464
 810350
 504179
 997519
 1065812
 348413
 987238
 890281
 510879
 962456
 437116
 136834
 561236
 45381
 1045843
 747330
 323930
 27650
 418416
 187216
 162527
 348173
 236138
 448782
 441571
 98741
 648018
 898787
 260697
 320117
 145305
 463793
 1021581
 819323
 629828
 374181
 398933
 553312
 388319
 628399
 242123
 763299
 809381
 439163
 504114
 953715
 685613
 423991
 179306
 963561
 1607
 311467
 1008952
 5391
 719670
 401546
 759427
 466736
 956781
 466523
 914116
 606750
 920944
 445710
 559195
 44546
 852470
 838030
 206573
 923586
 914721
 555673
 716505
 472085
 302045
 96364
 756022
 748545
 210184
 1098965
 298585
 723123
 697711
 725418
 347603
 178236
 33501
 891598
 546663
 14026
 848272
 692530
 227628
 723630
 646096
 434758
 84470
 193470
 52996
 248262
 630274
 44778
 492563
 158417
 1097985
 464163
 556428
 1088762
 140230
 959663
 425437
 172513
 177365
 443358
 724481
 878624
 274212
 503091
 744018
 413202
 543851
 128390
 534030
 767477
 276244
 731276
 954907
 303380
 207610
 602864
 948713
 18429
 623177
 597927
 1061635
 398579
 850055
 791012
 416168
 114214
 866761
 824410
 360943
 669308
 1015904
 752656
 791154
 223723
 862987
 768056
 123766
 350557
 191020
 716607
 754342
 273575
 387051
 1094916
 376989
 694577
 1080585
 146822
 724232
 954364
 135343
 985065
 465148
 285526
 524569
 866282
 636890
 637490
 295923
 508139
 223214
 960903
 753073
 611713
 26752
 673264
 1033817
 70958
 364809
 1066842
 243540
 812201
 1033180
 223364
 931315
 882568
 78698
 397676
 194017
 778975
 166182
 829557
 720687
 208632
 598219
 405289
 1092210
 645081
 1020566
 1070446
 814041
 712037
 279009
 582553
 225229
 605193
 877313
 235417
 236920
 936255
 1027538
 975258
 953925
 1089402
 220334
 768301
 142962
 23976
 663407
 128280
 691954
 644842
 95904
 578320
 1030640
 865252
 342562
 282144
 230103
 46204
 545296
 645210
 228346
 18226
 894345
 445505
 830167
 1019346
 358360
 238161
 625181
 124779
 202399
 621770
 340555
 466049
 186157
 415320
 346089
 40626
 70921
 357221
 684700
 446025
 88780
 267350
 76415
 563012
 262545
 841812
 759900
 647598
 326686
 368305
 530808
 295713
 839577
 163359
 697052
 752137
 635220
 240727
 1023671
 223982
 446455
 816623
 468620
 543733
 648456
 820165
 375938
 821970
 821493
 473732
 618063
 151854
 436101
 212295
 874834
 68229
 742618
 286754
 192569
 287154
 912841
 955611
 339993
 527756
 1019850
 126178
 731063
 177986
 763717
 678259
 819379
 792658
 508060
 608567
 1001280
 934787
 983658
 855017
 431464
 106266
 223348
 360818
 91636
 579318
 705902
 35172
 97859
 596281
 906848
 835790
 748154
 1005594
 516395
 1033251
 92784
 379008
 223986
 218639
 116209
 482027
 346610
 509616
 896531
 829131
 787140
 221962
 127598
 1091407
 8659
 1022495
 216509
 58278
 352259
 768780
 193010
 494227
 1005154
 591405
 257510
 513857
 272854
 40167
 958913
 443957
 710888
 1036968
 752141
 705942
 37103
 606580
 760844
 895721
 155024
 29697
 420845
 373201
 59992
 879353
 305622
 93317
 243883
 871562
 546539
 766828
 82235
 563404
 383739
 1084848
 935661
 1000666
 194458
 695530
 237436
 342520
 356131
 169217
 958835
 254305
 1026115
 19846
 43189
 219015
 843523
 573440
 567118
 723077
 1072193
 962453
 738464
 161703
 1012065
 77232
 937584
 215
 809471
 89452
 789608
 615035
 495318
 562056
 1097909
 363868
 881510
 125712
 515701
 440925
 1099680
 507899
 727370
 1054229
 454481
 432103
 769963
 473852
 230999
 896966
 129343
 907430
 909733
 178763
 154112
 755620
 89410
 78549
 573111
 857397
 749847
 799500
 715418
 746807
 74119
 1044075
 2592
 96780
 977897
 633196
 170458
 599617
 359788
 217154
 846831
 84369
 649153
 247364
 415743
 783777
 236091
 317032
 348340
 535488
