200935
 352993
 1059096
 243991
 848465
 1038425
 774355
 708302
 352507
 44260
 793764
 1074703
 746647
 962491
 624006
 724626
 524438
 42014
 107097
 635594
 359699
 163052
 988348
 267209
 1011833
 563846
 470345
 7544
 1055515
 1035394
 2336
 258603
 811805
 593450
 14168
 550194
 106724
 558913
 212696
 698436
 305116
 241526
 1014846
 274170
 428387
 811316
 511578
 1000856
 674260
 528910
 1078124
 724236
 876268
 479590
 369879
 395849
 14397
 606004
 795125
 808352
 883881
 158744
 923964
 351979
 694331
 286238
 129394
 772777
 96419
 152993
 299399
 439511
 428401
 615710
 798526
 64591
 792756
 99195
 974145
 25040
 40739
 688092
 672222
 647706
 996905
 530294
 134083
 668688
 669372
 198115
 766444
 296321
 364145
 858436
 51241
 499616
 135060
 39874
 851073
 990610
 92226
 721608
 64333
 758188
 323234
 318742
 419606
 423704
 22242
 822655
 485950
 376779
 815687
 743900
 684287
 913110
 216423
 1029879
 955191
 976940
 758841
 104130
 710905
 740769
 200571
 1006317
 471219
 430978
 244449
 402181
 47449
 616876
 79504
 715831
 787670
 183760
 828596
 1001391
 988388
 985280
 780344
 1087676
 55265
 464961
 639056
 397615
 133604
 318166
 1024794
 784201
 703211
 582542
 298027
 338719
 1029057
 643224
 435232
 27414
 151858
 73314
 101734
 280515
 1066874
 442677
 681165
 596933
 407139
 864218
 747036
 903264
 1003958
 861300
 257581
 917178
 393655
 22044
 97774
 507826
 942720
 942340
 442698
 1099978
 88934
 106537
 741407
 154445
 618033
 171264
 772194
 1055961
 347357
 626368
 1056308
 816280
 680979
 137066
 548508
 260353
 193048
 587712
 89366
 698048
 359525
 629192
 297164
 788809
 239488
 283263
 101840
 364748
 746717
 273556
 1050549
 214714
 398797
 517010
 293280
 524729
 29410
 773797
 487948
 620147
 585911
 7220
 239057
 564766
 708258
 424725
 538043
 808149
 961503
 818186
 500582
 404291
 729871
 876480
 390780
 741127
 1025616
 280129
 439250
 640425
 17442
 200216
 255896
 238969
 1089080
 876860
 339645
 877270
 511972
 984835
 173492
 494623
 999332
 601645
 360773
 1041725
 154899
 962588
 988052
 319107
 1079118
 589294
 122043
 698777
 93664
 1009495
 787114
 479013
 450303
 518494
 398365
 459202
 440874
 910533
 756885
 892645
 494058
 794301
 100769
 688780
 390706
 472337
 1014428
 664918
 214029
 661664
 679285
 971095
 160084
 521252
 551727
 882204
 571840
 255259
 752927
 830217
 294430
 685175
 178123
 967357
 223700
 32682
 1073081
 153499
 962105
 194910
 91441
 875171
 926647
 210627
 175086
 24955
 1065242
 562268
 413370
 193083
 929398
 1074828
 422852
 947535
 736385
 807347
 1056742
 461859
 252216
 680233
 409079
 77072
 374506
 1048754
 515193
 183483
 213850
 652386
 161067
 553140
 573178
 954270
 437295
 447026
 366781
 523444
 886891
 578806
 956113
 432169
 350809
 888188
 99414
 537288
 217995
 693290
 221879
 169418
 761132
 536081
 840800
 917128
 669827
 125219
 338060
 1054005
 405376
 824469
 246374
 816944
 851928
 900924
 981512
 952699
 606744
 1094570
 684503
 506273
 947860
 445920
 705838
 522528
 398845
 97271
 721194
 557763
 62060
 338208
 691556
 500852
 52007
 374975
 1067719
 1030020
 623081
 291375
 1068824
 84136
 1017296
 1049730
 7357
 606867
 925515
 260584
 554622
 338406
 755207
 538129
 392041
 64214
 340495
 6141
 60911
 845285
 344106
 178931
 959447
 827654
 198817
 838218
 201095
 364723
 125421
 84390
 291513
 782730
 310776
 37335
 951913
 1066459
 716683
 1050303
 947191
 1030877
 491832
 623988
 593385
 788359
 1034457
 528718
 951329
 224129
 939166
 840510
 517325
 237478
 334684
 854747
 889951
 995023
 1059533
 676439
 819210
 385169
 171026
 151862
 364772
 467844
 807555
 1037130
 583997
 83307
 914565
 905571
 176583
 488332
 64629
 759941
 22396
 419828
 252563
 857644
 12346
 241102
 650550
 802435
 858993
 607526
 490337
 845087
 1013281
 906958
 916933
 944513
 9280
 20325
 692626
 171659
 185307
 823493
 238684
 695309
 447630
 568267
 386702
 18161
 650063
 131469
 784642
 379134
 533716
 60405
 147762
 235722
 229337
 857918
 993385
 900376
 182403
 619175
 494658
 928695
 281013
 688197
 136127
 119883
 556101
 982890
 13334
 536990
 49229
 73441
 991830
 56648
 561113
 945473
 643675
 508533
 860496
 1082491
 416955
 575595
 701435
 815775
 141812
 742614
 204131
 281931
 246437
 1021104
 434709
 533930
 772145
 394550
 843989
 91718
 414686
 207945
 828892
 962646
 845584
 82746
 66054
 550796
 924987
 1085968
 794406
 661074
 412965
 892308
 698698
 427756
 521776
 938466
 31357
 827919
 753361
 220220
 21196
 396590
 232607
 864087
 38759
 165392
 416607
 266130
 859933
 868370
 575041
 94590
 136743
 229076
 260895
 73366
 553848
 988194
 216833
 839584
 248782
 67673
 578282
 600141
 895035
 507138
 62245
 288171
 1053275
 911622
 507673
 643281
 35860
 25415
 462131
 474536
 54740
 845117
 417700
 214494
 405876
 148335
 676317
 914371
 686824
 987311
 281977
 158561
 496043
 354243
 735787
 37852
 48002
 562484
 866669
 866399
 622755
 119355
 239165
 108149
 14575
 437219
 44853
 417771
 291106
 167200
 783019
 987917
 940608
 962728
 157621
 1046150
 713698
 655769
 1047377
 720544
 571873
 389
 838317
 227347
 646032
 627456
 913407
 785251
 520874
 269622
 647065
 774545
 620940
 368494
 200927
 19123
 741996
 722107
 765237
 229567
 768744
 102305
 588002
 842874
 684247
 910384
 554949
 36636
 392893
 964535
 847664
 57297
 375138
 35427
 604653
 955704
 410288
 440023
 232909
 673465
 918393
 996038
 909519
 419312
 510634
 973238
 582388
 407550
 542207
 654590
 911419
 649941
 839112
 456917
 432102
 1004911
 431078
 494682
 96145
 81963
 1045328
 375164
 1003957
 930640
 1069645
 431346
 966365
 978791
 344603
 1016399
 810818
 924373
 293079
 114682
 476666
 167632
 706263
 759824
 950336
 309649
 715808
 409360
 554442
 482888
 907984
 1013003
 373550
 699754
 308826
 981082
 425406
 135594
 414902
 866022
 771721
 549835
 467186
 586686
 702682
 1033683
 203844
 763287
 663949
 1097294
 492602
 1095564
 140262
 615175
 336343
 563144
 211388
 525992
 31885
 900783
 576254
 654915
 26364
 703944
 337684
 416671
 215188
 479495
 895265
 63307
 357921
 10689
 870964
 569162
 784995
 225794
 158025
 397088
 187406
 1052307
 1000138
 56518
 148505
 325975
 829877
 731313
 139036
 120445
 451564
 296921
 181164
 339940
 503547
 528575
 221659
 911292
 955597
 167101
 562190
 1016101
 480779
 144442
 484106
 405816
 1098992
 369751
 1044875
 493408
 607563
 934281
 764565
 66034
 271506
 323400
 296495
 283258
 83088
 505210
 49049
 962371
 448689
 997559
 1094442
 143372
 373326
 35968
 325603
 76937
 938179
 355572
 564637
 1073970
 331958
 1016892
 609946
 327806
 391597
 950648
 385366
 932298
 374946
 963732
 965247
 485993
 333531
 179980
 709468
 388774
 762887
 498872
 163609
 921878
 919222
 489979
 358970
 413454
 271161
 521193
 678169
 190631
 942933
 231567
 482258
 770807
 801636
 297398
 493421
 98191
 293217
 878301
 751874
 930323
 430395
 307560
 74434
 603321
 135578
 1086992
 147939
 480955
 141634
 874511
 68869
 806149
 204912
 1063635
 478801
 1069546
 173238
 527393
 116263
 25743
 402995
 185578
 424003
 643664
 1013178
 582644
 345593
 390730
 435589
 156543
 130246
 506769
 93481
 460505
 796487
 298884
 112072
 1034276
 140766
 985462
 609419
 903607
 182287
 430602
 617405
 234843
 449609
 1017088
 816049
 214310
 15745
 210859
 582475
 61887
 116791
 44036
 639339
 266358
 187942
 1069050
 738475
 862743
 951493
 988508
 439011
 914788
 799876
 59205
 519197
 561434
 659137
 263329
 1052645
 739153
 1057148
 998176
 178209
 597856
 845782
 458573
 40894
 1045806
 685185
 320055
 308195
 15219
 1096055
 303486
 1041587
 499620
 353093
 928866
 470747
 880768
 120850
 459260
 984363
 533272
 414850
 382806
 697326
 875626
 560289
 748894
 155070
 377039
 297449
 115994
 1086688
 170077
 495636
 764659
 790627
 932327
 155151
 826486
 316452
 466336
 1007477
 427528
 320296
 220287
 939207
 13163
 682977
 25220
 1096431
 507877
 851486
 286226
 660126
 243307
 452939
 595009
 83345
 713870
 461265
 971758
 587093
 949018
 403460
 1096565
 218857
 590276
 33171
 178788
 140272
 630479
 1002682
 974561
 444302
 901405
 54046
 912946
 950173
 135860
