957052
 942749
 829066
 592709
 878249
 486881
 519454
 958214
 847853
 837195
 1080283
 18086
 144328
 307451
 93373
 471644
 508379
 591671
 410995
 654892
 747512
 18167
 657489
 811690
 82197
 443884
 143854
 18543
 991997
 286256
 678237
 339597
 689984
 282873
 543846
 1034794
 672718
 2771
 302582
 465501
 1099394
 203704
 425831
 905454
 96351
 188831
 545173
 592214
 823866
 461812
 922661
 1019141
 15894
 961805
 1025685
 616395
 600199
 209496
 533143
 112213
 704556
 988002
 290091
 382780
 396219
 647079
 496729
 585562
 823322
 748946
 533529
 214298
 737446
 636742
 440213
 248727
 89717
 956113
 176645
 650197
 698576
 562636
 393401
 513348
 107970
 552292
 310243
 642991
 479748
 99350
 211715
 867381
 1074576
 1095040
 870255
 899443
 177326
 933135
 877714
 227346
 441545
 675012
 990767
 769050
 589896
 490529
 464310
 1087994
 181129
 441358
 172642
 997908
 652802
 972022
 594439
 511457
 763234
 720458
 714071
 872096
 527558
 236687
 270650
 858134
 710527
 282052
 24087
 1034490
 964086
 975291
 596057
 698175
 753109
 372216
 51219
 15496
 1008802
 259335
 898669
 866381
 735225
 726802
 782040
 466641
 808570
 53386
 508049
 11220
 351444
 118566
 599752
 539433
 252773
 908257
 1010675
 892600
 565932
 264108
 64695
 909701
 660725
 743602
 932491
 913811
 463749
 845186
 880617
 1020510
 921685
 556157
 8271
 298835
 838609
 822193
 148209
 20696
 923678
 196341
 493237
 938275
 168682
 189222
 15114
 527365
 445994
 513452
 603226
 228267
 715981
 666851
 595446
 919154
 771280
 115518
 1051986
 153427
 474206
 995927
 374967
 526012
 620715
 221267
 326079
 1061759
 838504
 1073961
 510501
 118487
 724151
 221953
 384861
 505465
 339083
 1086699
 684071
 569031
 567615
 255939
 676158
 426595
 979522
 1083654
 849390
 323752
 534865
 1043155
 880963
 479070
 293273
 948987
 529958
 39132
 341888
 852787
 827952
 447582
 781407
 328882
 122688
 519983
 1061150
 220206
 388491
 172919
 404654
 236553
 312636
 905163
 703822
 484057
 402272
 515304
 811786
 436206
 534997
 997992
 191750
 102312
 1003400
 974050
 150236
 669485
 126078
 270569
 643736
 316464
 771332
 662636
 374925
 318942
 780391
 944614
 969549
 86496
 1064885
 93462
 496484
 269535
 676727
 1014233
 301084
 367913
 405474
 576335
 949836
 599138
 286441
 810316
 809470
 886720
 466196
 680902
 618248
 289228
 118650
 69724
 391367
 576917
 830927
 458439
 1097903
 1014092
 97715
 84068
 285422
 756228
 361092
 130018
 142342
 638054
 995442
 712551
 558728
 481755
 990286
 641453
 1087838
 786071
 278681
 1050323
 32910
 59537
 265919
 410334
 460009
 927404
 303378
 640132
 650527
 788320
 9471
 690814
 432085
 317635
 6997
 106347
 860021
 386925
 590590
 596996
 484046
 542690
 933827
 437402
 776195
 876696
 353521
 804287
 111588
 579502
 957341
 192990
 588473
 324723
 1088318
 661604
 666775
 464971
 441188
 977755
 339532
 609843
 595560
 188450
 705349
 197302
 175830
 792123
 464707
 506767
 168784
 717605
 383921
 1083325
 555977
 1088582
 1083214
 54657
 297122
 476819
 433575
 115640
 756978
 575239
 835936
 628408
 277854
 142655
 1021966
 655314
 983689
 966449
 121501
 603325
 163188
 1010711
 635184
 44226
 147856
 593346
 196579
 411192
 675135
 413571
 1006484
 606691
 832778
 123206
 309228
 555255
 944336
 871148
 330219
 244338
 223084
 989638
 58862
 172015
 873209
 712016
 87216
 108115
 1073554
 1012532
 893945
 479281
 668771
 711802
 703293
 939990
 110111
 928602
 37432
 598901
 48295
 353915
 872564
 1093530
 236324
 615377
 773788
 641964
 573877
 461394
 416014
 655308
 394318
 947210
 962602
 206124
 84791
 658509
 973798
 296905
 885519
 855228
 46061
 375703
 765158
 158404
 394233
 1034346
 594406
 725696
 154620
 506849
 232042
 644897
 839821
 85382
 348676
 535708
 698604
 343628
 1071992
 154602
 565166
 917513
 636417
 529444
 764570
 797659
 993539
 299185
 612274
 594936
 925947
 429164
 227743
 230485
 333516
 1060874
 960986
 194151
 189164
 848354
 1021244
 820404
 1007053
 237706
 310317
 300577
 120943
 149444
 584824
 938778
 1004024
 915032
 41023
 294411
 897105
 996130
 411347
 438989
 84235
 914900
 216479
 585633
 972563
 697435
 924077
 214864
 844743
 895591
 101828
 1035110
 237977
 13348
 51117
 802483
 678407
 952596
 480364
 393254
 534166
 75648
 592653
 230345
 349908
 783300
 718145
 440861
 427675
 979244
 696065
 997578
 694499
 616893
 728559
 658004
 176587
 965459
 395883
 541584
 1040273
 288361
 860160
 1071956
 372797
 906056
 548048
 53231
 410592
 938037
 370706
 326215
 321895
 119890
 529740
 426228
 374703
 578747
 482043
 510122
 1066769
 449458
 911392
 584407
 821259
 344917
 707005
 1066135
 1084258
 167882
 528311
 659153
 15315
 160218
 686043
 416120
 575888
 99880
 799685
 816059
 818980
 930964
 404997
 847342
 157061
 530360
 921428
 801867
 288312
 782706
 964531
 1037889
 559311
 901899
 112168
 785670
 1091360
 613800
 235511
 94786
 183618
 790207
 816697
 1079732
 230814
 167149
 409854
 376174
 484403
 431075
 1046406
 695953
 1057854
 643321
 1099658
 775803
 729865
 359577
 600917
 533381
 669742
 257733
 844328
 626484
 818950
 294381
 698636
 1046174
 324962
 116836
 1021185
 393758
 563988
 351550
 904993
 17421
 907741
 503880
 520151
 771373
 917344
 998286
 9401
 114686
 470229
 395926
 216149
 458722
 273553
 556678
 608128
 264339
 577176
 358665
 627830
 1085503
 416078
 652312
 924578
 667711
 248480
 1026447
 589420
 808018
 851175
 732827
 900517
 450374
 924910
 597301
 837384
 720212
 206361
 457909
 795502
 301516
 1009552
 752652
 196121
 1093154
 534277
 549678
 111261
 8998
 617116
 398357
 170693
 938542
 1004391
 1065367
 500388
 1071227
 379434
 561029
 125307
 202595
 405149
 640084
 90563
 161295
 793518
 122601
 302835
 684691
 635459
 601707
 226676
 675957
 463659
 349239
 791840
 595073
 809605
 172256
 209147
 234916
 581350
 502542
 69353
 166354
 1031732
 737445
 830550
 956133
 378343
 132981
 796466
 889026
 576725
 742928
 977231
 257382
 561724
 872368
 582834
 132962
 521228
 420559
 514115
 370659
 242372
 288079
 449532
 299287
 387254
 762260
 817973
 446891
 731548
 767493
 527388
 976861
 841631
 1079212
 5474
 533295
 266879
 9629
 635651
 903847
 375331
 455634
 158323
 436030
 1074657
 1045494
 482293
 638243
 186885
 473280
 588653
 1091936
 172861
 1003839
 942357
 786850
 114772
 659295
 319427
 177750
 697949
 7119
 991681
 565714
 217068
 318745
 1081024
 634816
 901548
 80263
 248306
 955567
 429172
 656043
 816580
 947117
 780109
 860926
 131858
 874357
 314954
 958540
 939479
 596556
 530650
 776648
 377717
 917629
 724561
 129384
 849807
 911211
 1007707
 792343
 1030567
 547248
 716204
 529113
 750451
 915416
 48138
 1000192
 650359
 206031
 981880
 142826
 1047570
 359382
 761422
 897339
 62221
 217246
 451003
 997596
 749209
 1086701
 786235
 620061
 233571
 605695
 551393
 575691
 777089
 986886
 1002042
 48715
 446181
 712719
 764386
 769592
 1093593
 984702
 793333
 332296
 703977
 920151
 640654
 1034336
 282656
 457931
 133870
 512039
 1056577
 440874
 167212
 548946
 774639
 511025
 362316
 1067585
 231091
 804137
 372138
 223151
 866405
 149764
 835669
 618053
 44153
 935639
 814983
 319083
 111923
 549407
 354949
 51649
 1030490
 403111
 335307
 776207
 283283
 99123
 664411
 967109
 262884
 196064
 43601
 304176
 40666
 432294
 561798
 1084720
 739116
 916700
 781387
 452034
 687592
 668190
 775921
 167876
 1004752
 517733
 722536
 218126
 665452
 177512
 950230
 1007293
 455908
 99077
 48492
 253945
 512668
 264651
 796179
 434978
 990253
 617009
 555384
 627808
 352153
 61595
 423955
 366133
 132494
 1029664
 745927
 388852
 776256
 1058205
 255162
 760247
 587169
 270215
 691516
 353353
 562970
 191365
 704760
 688428
 1084628
 336706
 532562
 974976
 878529
 641171
 1037555
 425301
 394420
 124097
 760196
 130730
 540478
 130569
 1015819
 3849
 699572
 522782
 343701
 9252
 280866
 81388
 269870
 116909
 708300
 816643
 491419
 516559
 154667
 588406
 633126
 1095125
 581325
 733172
 1040185
 265257
 1033347
 799871
 472510
 473096
 548316
 721853
 656376
 742130
 426746
 801049
 788495
 824742
 23918
 354805
 296466
 1001446
 900745
 249340
 291465
 61356
 468899
 793032
 700851
 973921
 743245
 16259
 545745
 1052031
 246445
 1030314
 982789
 601432
 548593
 836049
 758823
 363996
 776496
 140138
 935123
 298620
 745287
 531257
 718815
 127739
 427989
 249518
 80056
 127507
 613187
 60040
 144723
 560570
 886767
 758219
 416187
 251616
 544335
 134962
 376731
 191570
 544997
 970747
 274881
 429893
 544069
 883609
 517066
 259972
 1044715
 125298
 242622
 9285
 125758
 854465
 723739
 369969
 797604
 434429
 105100
 586101
 977464
 363769
 239674
 783185
 425660
 367222
 868861
 33051
 941065
 110506
 527266
 753277
 651921
 1091022
 1042453
 657835
 608777
 542874
 288336
 529258
 355689
 165549
 911555
 360526
 350541
 530772
 1003617
 211572
 350985
 196611
 508814
 778053
 390780
 915347
 487944
 806244
 1017272
 217948
 410084
 599627
 136276
 587120
 777611
 147943
 126487
 608157
 446183
 652844
 842318
 893372
 965421
 1065618
 537926
 256187
 514006
 1039515
 442511
 698967
 784939
 370882
 449604
 1091728
 156179
 1002501
 955968
 420805
 1063684
 851729
 294777
 735559
 283389
 903596
 865809
 504168
 480388
 815044
 34892
 12795
 201320
 166849
 463321
 54529
 351492
 1091293
 672160
 645913
 621149
 126542
 44420
 584291
 165854
 67468
 328342
 1053090
 840740
 291987
 827564
 628513
 28288
 745883
 748391
 778686
 182408
 312480
 964573
 204276
 259639
 688999
 273924
 911771
 570611
 338149
 959049
 605416
 937139
 607627
 1052865
 826707
 242077
 91412
 276764
 977725
 341522
 546269
 912414
 124663
 506952
 103343
 511502
 380451
 895584
 240981
 911834
 769718
 965162
 905920
 169780
 628859
 189353
 475358
 916972
 522677
 299622
 798424
 634420
 816961
 1019890
 630386
 64365
 651361
 33935
 906175
 1082290
 276184
 7174
 293225
 102708
 1085875
 650692
 368449
 688266
 933175
 564732
 1046703
 510322
 202961
 200243
 200689
 325470
 18885
 890986
 155142
 1018034
 656355
 233737
 873030
 290794
 153746
 183053
 1095736
 334377
 1074156
 66505
 1050873
 489976
 703751
 908503
 530532
 584342
 584229
 575176
 769507
 512740
 166782
 697145
 420204
 209684
 897026
 890576
 888988
 729169
 88644
 996049
 923339
 281511
 107728
 961867
 841081
 79878
 466933
 362831
 118311
 991383
 1033862
 182843
 1054724
 615175
 206386
 976734
 407990
 558926
 498949
 81215
 345479
 629539
 893697
 159651
 958467
 984987
 710966
 640079
 206944
 160886
 1099237
 786542
 238572
 985530
 10327
 405822
 573899
 612051
 769521
 1050488
 6011
 290669
 543740
 226513
 862986
 971507
 205791
 560789
 1037976
 202958
 244505
 849104
 677125
 248428
 415232
 951398
 538701
 756538
 405260
 782594
 560568
 511183
 366724
 913803
 153772
 965847
 616511
 1017914
 960490
 49893
 588036
 12292
 630507
 121384
 998106
 240329
 10783
 920991
 1053527
 339878
 944076
 417020
 120250
 482303
 148421
 295661
 794130
 553937
 835698
 74573
 917686
 599452
 1024094
 1026442
 441598
 333173
 128338
 440200
 122744
 477061
 925630
 470131
 172677
 693339
 1066236
 982498
 940127
 996850
 792713
 941016
 757678
 1062867
 561341
 375068
 991696
 1051298
 329218
 148641
 564483
 958028
 1036666
 504603
 318403
 387531
 721757
 190851
 1088025
 670841
 878217
 512058
 271528
 294392
 784557
 594395
 354267
 39383
 491300
 753833
 783148
 134169
 608838
 1033623
 1038732
 677704
 1018102
 691304
 1078428
 156020
 726609
 948014
 385904
 593231
 572968
 459639
 374583
 610058
 372581
 531521
 383120
 352061
 209550
 279209
 791300
 433429
 9606
 544818
 1093563
 27937
 958026
 784888
 29613
 971670
 84327
 416882
 431242
 1049770
 1023643
 115743
 826786
 584163
 216456
 220873
 300745
 551702
 1001499
 1042483
 982558
 858157
 718902
 144930
 965396
 868774
 1069964
 1084892
 112132
 799051
 780056
 762430
 457898
 1009455
 593078
 295942
 562778
 676503
 519322
 725185
 50827
 69639
 300284
 1006036
 1036981
 549140
 145143
 616457
 870793
 490980
 273559
 402868
 1083218
 707266
 1011770
 42008
 907971
 1002273
 10735
 549676
 55137
 838330
 366700
 417261
 992723
 50778
 244323
 945389
 346486
 850670
 849684
 6429
 992394
 939016
 834199
 1017690
 913013
 946940
 431131
 85785
 724676
 73835
 289826
 675473
 808775
 1040433
 303052
 430063
 241593
 1032172
 749917
 18812
 37314
 699103
 1073535
 1053829
 283600
 299315
 339815
 1052644
 263554
 105372
 653910
 281827
 359108
 69279
 213833
 361811
 309382
 831825
 313668
 789378
 336397
 125728
 83401
 175975
 636599
 321582
 991642
 618428
 478676
 335740
 704957
 416298
 413502
 649432
 1079987
 254310
 1020154
 358508
 668954
 59095
 336011
 57800
 415468
 598268
 164270
 759944
 563237
 349495
 960018
 673805
 841653
 126172
 300258
 988696
 221888
 1007773
 379002
 293416
 239679
 582138
 910757
 1087145
 924523
 82969
 842528
 199785
 738183
 82599
 390917
 786852
 463428
 1066956
 6145
 114414
 411064
 649813
 1093225
 360237
 581194
 442742
 63481
 937323
 183324
 739601
 794991
 1021880
 973764
 167996
 1064870
 512242
 683685
 382667
 158746
 553313
 38346
 594233
 565901
 17549
 242505
 475806
 558306
 883983
 96496
 195668
 491080
 515567
 652564
 876020
 315062
 29923
 1076344
 427596
 352594
 616349
 186210
 910554
 1003913
 738078
 412458
 618943
 647414
 1050214
 931204
 1058667
 404088
 479839
 50444
 525583
 73708
 364414
 715523
 454925
 933818
 988665
 148023
 669383
 299260
 471968
 213064
 15116
 768441
 612040
 63754
 93937
 949599
 992691
 180918
 1002121
 458971
 860655
 414134
 835895
 29460
 656349
 348793
 889810
 260115
 821799
 1011880
 339776
 593408
 676671
 701719
 460938
 289696
 1006572
 568274
 419683
 326408
 720174
 608272
 781930
 263826
 398388
 77989
 531708
 651601
 487585
 368645
 1056338
 461383
 853331
 281346
 238443
 1007476
 12534
 1044820
 764337
 672930
 1017821
 1075608
 1065065
 436701
 941752
 344284
 422204
 274528
 1009227
 249873
 389593
 141575
 130908
 28178
 266371
 167100
 437198
 631946
 214791
 1080996
 959524
 511047
 725671
 6660
 1056440
 401271
 744195
 835179
 605710
 85298
 481246
 190918
 292218
 301648
 829509
 1088346
 930463
 817017
 628581
 59516
 358144
 301195
 757202
 209513
 359959
 908792
 614608
 153801
 962207
 509669
 593389
 965351
 639576
 450425
 402691
 455909
 1019451
 920084
 442052
 388915
 880999
 791384
 339907
 518807
 774050
 314189
 456055
 498056
 830113
 49907
 811150
 327376
 952703
 692738
 229837
 564857
 768878
 480025
 704069
 729094
 622025
 174640
 271517
 392522
 885599
 141557
 495409
 539070
 126980
 581635
 1006537
 413549
 703658
 648324
 590959
 941637
 806632
 254438
 201296
 337979
 250197
 559290
 103756
 118718
 455579
 824700
 674670
 394530
 124403
 582918
 490447
 423653
 1093841
 903793
 465482
 931550
 143608
 296099
 194691
 1042897
 412940
 561112
 684734
 436401
 173517
 845977
 402979
 318902
 954062
 1092808
 10735
 161356
 724380
 49971
 100261
 11376
 53680
 245199
 279648
 731934
 829638
 1000389
 718149
 480907
 614959
 342937
 966194
 241494
 481914
 846621
 787074
 452321
 640967
 170943
 851105
 820988
 283184
 77485
 586082
 497857
 406839
 777426
 69547
 157643
 985324
 800324
 426605
 470736
 567447
 763263
 592630
 151563
 155016
 859206
 1033165
 274362
 310058
 11098
 925788
 410670
 71588
 912211
 386551
 122374
 347374
 184829
 922784
 420798
 277292
 764724
 1021205
 41066
 569715
 1077139
 27898
 968724
 282281
 440786
 640583
 754755
 1003097
 876732
 254069
 1080862
 487234
 83488
 1012950
 806106
 501772
 413099
 966237
 1062256
 822363
 52633
 745697
 743179
 37500
 673734
 1075766
 1066768
 527588
 808766
 317794
 569118
 670557
 472836
 359123
 121351
 415511
 1073403
 27438
 98666
 1074816
 186724
 79377
 144390
 156948
 193641
 832293
 512012
 619407
 628020
 108896
 1031178
 150502
 453096
 220494
 75123
 423864
 887164
 742661
 847698
 945908
 151890
 1057064
 196066
 580902
 662550
 955489
 749966
 194773
 13884
 717980
 135433
 3263
 645050
 482465
 511627
 42660
 163451
 193433
 294429
 134037
 933963
 1094115
 81274
 431541
 392490
 540644
 720134
 1016002
 641014
 624443
 450684
 128073
 385540
 890527
 483058
 398947
 882942
 544007
 273410
 595533
 857770
 1032341
 258657
 985874
 784668
 369402
 446628
 880004
 635637
 606634
 580728
 700346
 286072
 525137
 942792
 899151
 1033443
 373964
 861127
 560322
 249998
 87305
 181974
 558925
 870615
 567610
 580882
 580723
 824429
 329952
 1011294
 879135
 385150
 648407
 905630
 816258
 93835
 839031
 1002356
 778594
 303583
 333970
 609323
 184364
 325434
 33993
 215770
 1022827
 62408
 48674
 908784
 414451
 1024080
 393015
 15126
 838009
 161563
 400989
 785307
 367243
 889251
 173991
 326095
 892570
 132359
 1034748
 631050
 323480
 147334
 274401
 516659
 344681
 994104
 638382
 537278
 165566
 121677
 718509
 249942
 387848
 47979
 92061
 131385
 106553
 834941
 13927
 528139
 38854
 1052746
 510455
 394572
 462618
 746914
 654601
 651296
 623147
 277157
 421377
 579393
 922136
 751990
 463742
 924795
 501429
 851756
 1026527
 256471
 420689
 1057411
 686959
 631228
 164392
 339941
 804969
 588441
 1039727
 286512
 609115
 1009564
 969031
 472151
 839980
 485193
 103131
 1053182
 832851
 708213
 967970
 959302
 291614
 539472
 659732
 88599
 1086395
 683070
 825878
 1079695
 593100
 180636
 154120
 414696
 305627
 192597
 1018770
 157287
 718525
 792925
 19625
 408866
 396840
 13232
 404505
 513011
 475016
 577024
 277232
 509223
 668467
 996813
 962915
 271867
 347493
 420373
 72761
 940414
 1060106
 394325
 1043327
 117105
 670475
 604338
 886833
 245854
 1024294
 849243
 792313
 257864
 980244
 721387
 528601
 920388
 738441
 689664
 573091
 170760
 652207
 235886
 126783
 111884
 237881
 493856
 840211
 48599
 83553
 391845
 864645
 896283
 275119
 926962
 687141
 1084746
 724949
 454472
 659984
 617374
 107169
 889963
 816599
 205031
 122266
 143187
 265338
 355561
 275581
 867654
 1038749
 517525
 610380
 954470
 410343
 960678
 517139
 786024
 733831
 440404
 321357
 269677
 181977
 963344
 507394
 772167
 26992
 1093130
 776016
 866721
 761432
 111806
 367133
 844613
 524373
 857334
 248502
 834560
 189124
 149080
 977994
 960337
 993590
 300453
 954861
 771554
 445605
 583945
 536146
 1044745
 389153
 56952
 537679
 908278
 413307
 138040
 1071975
 696182
 146345
 1049183
 603465
 413418
 487176
 179478
 405927
 56912
 122290
 846821
 576211
 869060
 808133
 834687
 692245
 479684
 593488
 70680
 160552
 735106
 982122
 259151
 361586
 273949
 1092429
 367063
 216673
 981082
 350234
 164443
 1053122
 476562
 509097
 788051
 1052594
 1050268
 47678
 1064954
 184348
 545574
 684946
 311587
 223341
 206284
 713303
 1003682
 1328
 659400
 592304
 1038757
 404534
 790500
 724269
 746845
 524438
 572282
 129057
 662239
 966237
 529301
 1030483
 35966
 51396
 980192
 918088
 752428
 416028
 192373
 125243
 208318
 939932
 204996
 757287
 797463
 685732
 980867
 354497
 748814
 110592
 428615
 396281
 453824
 946740
 261992
 711769
 822297
 606490
 196158
 745186
 898493
 423931
 1014506
 369708
 377600
 736342
 20640
 669134
 314663
 224497
 956833
 87069
 392971
 621841
 314958
 1042628
 444141
 954647
 520803
 604341
 568875
 359797
 227984
 210283
 989635
 892734
 226326
 305727
 616067
 574909
 1028741
 689470
 86277
 518877
 461208
 957930
 993891
 313680
 610704
 810781
 324645
 1068158
 804469
 1035413
 942427
 992678
 790315
 589916
 766060
 169390
 241338
 413318
 328317
 531316
 348172
 1029042
 384363
 901581
 1090052
 334880
 663251
 575024
 1090432
 1091784
 282790
 468961
 4307
 231316
 590367
 433437
 593532
 965663
 255494
 377138
 261380
 914707
 649259
 256501
 1065094
 723863
 332331
 958498
 432701
 716863
 560637
 98063
 1027335
 237140
 160932
 796694
 776980
 126961
 475774
 588821
 643357
 297797
 434818
 623982
 1074112
 614919
 273509
 312954
 61071
 476453
 164996
 250410
 222717
 342728
 643638
 269174
 1074028
 406352
 65882
 330958
 161788
 163159
 823839
 885200
 292147
 527713
 142195
 109411
 756385
 78676
 813617
 467636
 271190
 838917
 420494
 436448
 555263
 787772
 499440
 992582
 1068197
 1040653
 896895
 444926
 588413
 1042010
 454607
 958856
 768976
 356026
 470850
 815691
 501930
 478045
 1033677
 892328
 901732
 244600
 150682
 283217
 269529
 315107
 1054461
 351466
 270940
 312420
 3645
 652905
 777204
 653663
 587424
 833917
 557696
 1006557
 521943
 711399
 805460
 996063
 601252
 937969
 1052119
 745608
 826461
 35701
 616011
 292438
 666389
 917320
 686280
 644330
 340059
 421254
 659509
 652140
 920906
 672511
 1000969
 505450
 458409
 114227
 119675
 203530
 183690
 270189
 644609
 639731
 872745
 155761
 551684
 108949
 855823
 817620
 522759
 963691
 738121
 594531
 282677
 990380
 916974
 62892
 101527
 103234
 765454
 163687
 56423
 251667
 408723
 967718
 1076429
 898360
 943600
 973039
 258418
 603965
 985649
 11221
 22477
 554055
 664901
 990319
 381530
 20345
 565678
 1072909
 631672
 119479
 73590
 1098400
 1051249
 935582
 145684
 186132
 235401
 627526
 175029
 1076057
 745760
 567167
 284587
 611540
 206194
 453832
 514438
 402969
 112458
 167327
 774437
 438539
 763853
 932648
 37503
 115010
 503381
 1021114
 954939
 889632
 198830
 363799
 780779
 334728
 664459
 854559
 327391
 602156
 307391
 1066938
 508551
 885194
 446309
 512350
 57617
 975281
 281094
 1002745
 810255
 903743
 1073583
 216545
 501037
 1051821
 231263
 854690
 615045
 980413
 158118
 418151
 410288
 272196
 854314
 571514
 574496
 407553
 852336
 402517
 159762
 1050351
 736316
 839303
 672496
 23396
 27562
 965938
 816754
 20064
 639426
 404443
 70365
 822622
 188418
 894821
 126715
 221537
 80952
 1040583
 81758
 757698
 599881
 1081967
 769003
 491126
 130309
 276846
 1057082
 549561
 455750
 281157
 741114
 1089437
 499367
 64641
 790915
 189602
 369750
 298168
 100492
 337792
 721915
 744699
 855067
 918095
 826849
 575027
 579133
 910563
 89805
 357957
 523459
 1045116
 30237
 518996
 30042
 168095
 553560
 639220
 615004
 460986
 453815
 357271
 469676
 334677
 376164
 518501
 609328
 26261
 386166
 553442
 316548
 518782
 327822
 800589
 1034753
 406163
 772368
 737451
 692256
 687335
 750773
 487962
 944764
 518793
 499713
 918668
 282505
 697069
 106933
 744449
 366045
 873072
 980528
 967313
 705132
 523584
 664439
 985076
 844638
 747185
 784628
 732975
 1015575
 516766
 821064
 835309
 77643
 725161
 427999
 273706
 820959
 1018405
 451590
 242977
 824656
 940440
 710055
 763367
 155694
 789625
 922407
 77904
 225859
 214799
 254609
 849135
 345450
 537745
 1073160
 496939
 59186
 669592
 125640
 181674
 155170
 49914
 1058931
 807990
 268565
 169295
 409728
 71781
 55377
 153946
 943532
 633850
 267609
 1016430
 288027
 107855
 212225
 326553
 205043
 129076
 48497
 408248
 22506
 214511
 400315
 250242
 571716
 645476
 794282
 4851
 223644
 1093193
 255465
 933473
 323231
 718619
 252385
 966072
 359977
 1089817
 8998
 873885
 674100
 252035
 36745
 1039583
 633892
 338792
 119339
 205479
 358931
 619259
 1090345
 228323
 26306
 471711
 555712
 471414
 667956
 108394
 744382
 697006
 659111
 130157
 670637
 1030168
 19275
 789739
 169522
 641221
 84363
 719409
 140226
 1033768
 349019
 676864
 943631
 918870
 1034093
 833070
 51216
 438575
 913084
 381125
 1051618
 834514
 866903
 202887
 539779
 689553
 609365
 49103
 635748
 532616
 285060
 445324
 491604
 370560
 748491
 710168
 222245
 730975
 220711
 766953
 179121
 462008
 153763
 191354
 1002802
 957942
 415044
 678239
 14551
 174856
 1082948
 752405
 358460
 553651
 792998
 568631
 531071
 251740
 190003
 708364
 202559
 758955
 227149
 555265
 505900
 870625
 710626
 767343
 522432
 1052467
 1083862
 409527
 422412
 562914
 270776
 455219
 598657
 706066
 187526
 5801
 399394
 863110
 542149
 294727
 266021
 899351
 131323
 216679
 844946
 773893
 164768
 459947
 140554
 97330
 616484
 381141
 368680
 660311
 295796
 180059
 228691
 34184
 258447
 741032
 1015042
 1038799
 238341
 217158
 1049799
 1029635
 618496
 770380
 691055
 657690
 811204
 281323
 180751
 347327
 456697
 233738
 194018
 926450
 1058591
 806104
 920605
 631782
 530466
 1049861
 763232
 1017860
 495926
 381881
 369731
 212715
 900704
 800254
 584209
 232748
 503179
 854052
 220574
 835383
 275823
 1034807
 793334
 745470
 528088
 654328
 1022864
 538211
 1000042
 412455
 287169
 108314
 815834
 467231
 775901
 467088
 542452
 194721
 742845
 317040
 225712
 308913
 747126
 959595
 328970
 75845
 59746
 273154
 898866
 74143
 513029
 707832
 745220
 366341
 503154
 822521
 727405
 902536
 648439
 234119
 1064566
 839983
 272873
 282246
 19525
 268035
 178593
 323487
 325500
 439761
 1044390
 866481
 634580
 32738
 1016957
 403127
 894842
 47018
 368142
 829335
 446881
 1046860
 268955
 765018
 893466
 404044
 610618
 840594
 357855
 262103
 907602
 405433
 255530
 233456
 160106
 833413
 53916
 713251
 887898
 554408
 1086236
 375890
 574553
 871539
 943308
 201510
 690057
 828129
 604175
 968183
 1038097
 1016571
 863231
 621113
 693882
 967380
 928811
 924668
 1055638
 964635
 228105
 717443
 167357
 558463
 26661
 878033
 556161
 892467
 679640
 154719
 808700
 472730
 700194
 862064
 542531
 576937
 847814
 460639
 949287
 855239
 958998
 204521
 508992
 13350
 657391
 849133
 203653
 398150
 518616
 1049046
 268253
 354179
 376729
 616222
 960154
 72844
 159049
 986323
 1062167
 1003286
 389629
 929505
 784935
 551266
 866040
 434928
 961184
 1035899
 244503
 1056291
 1086048
 31479
 750114
 667667
 904606
 285830
 707202
 490221
 20150
 495262
 800975
 1063260
 107515
 927357
 562592
 461759
 421517
 789533
 77762
 932203
 22075
 494121
 834261
 67287
 1049536
 492752
 1077949
 482251
 689270
 452193
 549971
 881399
 330231
 186467
 1039396
 583413
 679273
 126361
 555061
 923620
 797704
 804450
 299128
 841211
 136472
 192314
 155070
 859370
 826728
 177997
 979457
 419158
 1064308
 51829
 773579
 767520
 714391
 278032
 326233
 881177
 1021964
 165748
 272413
 775844
 112869
 346535
 1006404
 90254
 874588
 843357
 857389
 29732
 442423
 554477
 94341
 499077
 694144
 567224
 913604
 975208
 401644
 800459
 772785
 772073
 707834
 303719
 1070122
 918363
 661024
 26259
 1067522
 420228
 1006455
 308509
 184798
 240396
 869303
 76911
 1058884
 581866
 790091
 579311
 1041215
 834399
 126120
 237015
 1072845
 8149
 1039014
 476343
 135182
 878755
 554472
 112129
 674859
 337817
 680612
 341152
 590378
 1005621
 238447
 106130
 407020
 723276
 701752
 773835
 96808
 920257
 209573
 846714
 70951
 947816
 334284
 971311
 1052342
 707673
 166667
 922436
 301066
 167538
 940842
 1093013
 809991
 255726
 743298
 296938
 944775
 735293
 414874
 408279
 112183
 979749
 374486
 474335
 275987
 193047
 788083
 763830
 956043
 575438
 311737
 469624
 272434
 664550
 671335
 43327
 566766
 362309
 533466
 388451
 446531
 292924
 625821
 552003
 308526
 549506
 567258
 217048
 28954
 105523
 1073590
 342010
 464964
 578194
 815996
 570244
 252014
 463686
 744401
 629268
 1014243
 860472
 929224
 346484
 738051
 753017
 10910
 459301
 882041
 476098
 364908
 457418
 598339
 289280
 714401
 89293
 500467
 156218
 131208
 214057
 145679
 943452
 400001
 384701
 716267
 793491
 638641
 378273
 433436
 467791
 893221
 1072005
 462087
 538479
 500171
 127556
 438181
 532940
 89928
 649634
 260126
 700675
 937480
 302053
 664590
 338339
 472077
 643381
 346789
 596527
 569344
 269857
 966436
 817927
 1040252
 362488
 923019
 237738
 390146
 1098347
 400912
 532439
 690265
 405983
 249658
 168306
 526608
 295428
 775091
 962560
 737113
 702656
 556860
 207623
 674290
 340437
 94958
 446220
 735570
 301170
 132553
 823046
 884166
 651247
 679013
 396755
 391873
 820736
 208296
 476435
 261939
 1063135
 736985
 592250
 86088
 410089
 783528
 188470
 1054604
 1095790
 595917
 562215
 1045775
 758045
 337005
 496723
 324369
 448911
 529614
 665466
 445187
 222274
 436888
 338679
 964321
 479416
 995117
 203522
 715859
 901851
 178672
 280879
 275679
 351842
 666719
 680023
 416219
 1032124
 812073
 13668
 567580
 5367
 388065
 697280
 641637
 1020384
 336619
 235236
 975748
 487047
 573520
 94800
 55554
 184280
 184055
 399446
 903204
 296869
 773446
 53493
 740401
 935686
 992757
 158918
 123102
 991631
 827994
 328734
 831813
 1055389
 188819
 478412
 567699
 121218
 432814
 874277
 948260
 463502
 64371
 795412
 1052579
 586156
 958803
 901385
 872422
 239750
 472583
 991525
 780852
 1020802
 272665
 958765
 73504
 947950
 336352
 816105
 894625
 500215
 906622
 205893
 693455
 389273
 1078528
 370556
 196986
 780290
 565783
 587639
 79511
 567224
 82948
 748095
 461968
 744044
 816259
 333119
 431561
 962647
 508003
 595863
 610597
 922965
 307746
 382020
 183348
 715321
 140350
 541987
 120127
 360264
 291597
 431240
 734954
 288057
 540245
 707076
 136931
 1024720
 1066257
 393563
 1035407
 533222
 436888
 258382
 334972
 431925
 707041
 328414
 384048
 508862
 1085273
 276515
 672648
 452029
 911623
 948415
 273558
 644431
 266595
 26127
 447490
 497181
 929605
 641541
 723928
 626195
 990540
 599105
 975010
 753063
 906645
 253948
 523399
 174104
 38720
 455828
 225726
 109644
 444782
 535993
 934054
 214308
 118630
 824336
 1020861
 818164
 806208
 590517
 1052522
 377360
 181897
 547866
 644561
 329667
 957970
 916043
 903808
 967925
 887157
 962926
 217806
 489604
 1039739
 1070961
 289111
 11444
 332353
 421642
 1070596
 235540
 502998
 529031
 355458
 832264
 28154
 329277
 517613
 747786
 112797
 87761
 954593
 913261
 269582
 406691
 525040
 10764
 331628
 235011
 3508
 943456
 931219
 172697
 490872
 674111
 344974
 372950
 488187
 219123
 72175
 740571
 61285
 387132
 488562
 99841
 808564
 6733
 356939
 768723
 561966
 51661
 778837
 22599
 474626
 137239
 422019
 459159
 894514
 945304
 781220
 803904
 11572
 418348
 286658
 226019
 262137
 5588
 663401
 961169
 380517
 862022
 137371
 1083999
 51079
 379016
 209204
 549343
 268941
 711390
 116338
 915978
 876473
 976222
 403623
 174500
 951660
 888280
 458733
 687553
 405886
 808846
 656633
 746935
 851405
 347786
 923988
 539988
 799676
 963405
 730392
 333852
 523927
 649647
 12567
 983894
 812535
 964061
 683506
 940888
 404115
 207211
 610418
 228645
 271516
 667539
 319816
 662584
 27154
 534295
 89024
 689638
 614562
 57301
 1049495
 177294
 1069448
 108258
 141321
 1076000
 49327
 499385
 904617
 478996
 39157
 74492
 93654
 271219
 862489
 211319
 268404
 786559
 290558
 438929
 538804
 691197
 316170
 1044197
 103595
 462493
 708683
 914463
 197414
 271928
 354360
 55898
 825774
 557764
 161953
 750578
 1044835
 366656
 378026
 828488
 922027
 680890
 360916
 719149
 335928
 627706
 767365
 429269
 266297
 548172
 866200
 711138
 1030718
 9878
 123532
 472019
 647415
 99456
 674130
 287677
 328651
 173383
 45524
 364037
 800659
 389258
 648384
 720081
 70400
 372908
 235406
 897538
 374568
 772935
 716872
 844546
 118161
 172398
 235588
 376407
 1002570
 1084861
 59783
 559432
 476507
 972124
 510836
 841243
 769442
 538146
 295594
 1024736
 751132
 663232
 732692
 103942
 1047701
 1003940
 88999
 685268
 735631
 605705
 107600
 661663
 550341
 141771
 1093723
 14081
 189659
 209173
 994546
 800388
 767294
 173801
 17190
 499863
 790293
 1019404
 55541
 448159
 1024989
 814347
 676732
 357777
 856701
 386765
 637667
 332161
 738401
 83498
 646425
 1083784
 300169
 301963
 26517
 293187
 599614
 93344
 665365
 537628
 103527
 128744
 292426
 524491
 1021990
 963983
 996987
 116204
 1097070
 414369
 152386
 264254
 359490
 255460
 591061
 233252
 311349
 827206
 820348
 148126
 408520
 103532
 658295
 39404
 266741
 772718
 871116
 238341
 1046718
 913803
 112611
 222878
 851254
 755140
 144575
 363536
 236018
 427275
 676556
 61958
 804989
 696787
 93054
 712953
 645860
 15844
 276437
 496863
 986888
 190453
 714079
 689147
 809042
 86759
 1086155
 1038837
 556808
 1024559
 940182
 231844
 133782
 224954
 1045250
 722218
 422436
 674091
 1095844
 460433
 839947
 230201
 797040
 467142
 1056391
 501783
 210775
 390361
 943607
 911641
 524018
 355849
 107653
 321667
 619496
 447576
 417274
 590327
 703001
 1000425
 420646
 1024782
 16792
 780004
 633169
 1018305
 827772
 822152
 468357
 898792
 132676
 352091
 927735
 678025
 434005
 781397
 44194
 485906
 371498
 330812
 486598
 819854
 441479
 691974
 17330
 511736
 457960
 608427
 634906
 1027760
 952520
 626194
 319317
 574936
 826095
 731320
 556998
 102997
 677926
 648636
 797661
 1082738
 990153
 120444
 181861
 624066
 863660
 613607
 52678
 57166
 674752
 146975
 32610
 741938
 397576
 573787
 843675
 577404
 1096085
 1084997
 279006
 191979
 806162
 831691
 162955
 917521
 118615
 520906
 1070900
 575853
 9187
 390685
 5674
 403327
 621573
 627973
 766156
 279043
 1050144
 741024
 678670
 969987
 145028
 609860
 875538
 435386
 80069
 638303
 425228
 430519
 1078923
 25379
 474207
 87320
 86556
 375465
 539397
 907123
 305146
 38094
 356637
 426098
 288029
 79
 1060775
 227277
 747346
 255446
 604097
 531353
 513601
 1091273
 686802
 487198
 268886
 475936
 60216
 98923
 824787
 372130
 290977
 876373
 318200
 547617
 592986
 863940
 796951
 570448
 489754
 320012
 1038139
 45088
 390935
 235733
 259753
 293823
 820287
 631568
 823947
 674588
 50064
 612088
 813039
 310962
 753001
 155833
 203793
 106205
 328453
 835746
 279676
 234297
 794275
 852082
 171348
 17711
 335759
 408085
 180325
 515711
 525924
 985980
 765900
 214635
 550130
 1004255
 789780
 552172
 322688
 164609
 72568
 722882
 1079072
 745690
 497815
 351528
 616107
 481209
 304498
 417339
 862615
 649145
 658702
 568606
 451217
 266694
 519215
 459185
 812156
 142060
 195308
 629767
 733746
 365217
 430734
 206460
 140046
 878716
 195087
 905049
 527785
 862549
 641219
 515917
 277642
 411546
 282306
 305404
 57698
 913520
 496319
 500569
 157170
 272695
 1060355
 217204
 365555
 173356
 656534
 674058
 1060186
 206276
 1098083
 653642
 171349
 58818
 306377
 696294
 352575
 958436
 673119
 145236
 389485
 441175
 44857
 561630
 165931
 784487
 714789
 597236
 221134
 1015419
 436112
 78892
 850309
 929485
 853173
 1015555
 761254
 889203
 751984
 328067
 445014
 882232
 640024
 616282
 529132
 399594
 174334
 191380
 642870
 815226
 25584
 511691
 657799
 604608
 298469
 295271
 184622
 127247
 597569
 1070135
 255515
 843695
 249763
 753937
 136716
 1081471
 684562
 507963
 589940
 314757
 829256
 93870
 342997
 83741
 815026
 560301
 433334
 1027672
 426469
 629694
 136163
 89377
 917645
 223656
 429971
 449772
 744586
 408724
 1079439
 189864
 350164
 1024091
 287098
 586309
 90008
 1042590
 64889
 134529
 423
 317314
 603768
 611681
 680220
 967124
 644452
 308313
 280149
 32807
 1087498
 126601
 408954
 245049
 1004940
 948810
 811830
 260749
 604129
 93191
 619193
 808540
 1047703
 953683
 1077084
 31151
 754889
 417831
 895959
 530339
 767319
 775432
 1033566
 983984
 817134
 897841
 224107
 1070517
 265642
 473066
 762862
 518187
 21824
 389623
 639169
 254740
 1074008
 584440
 248266
 564124
 929984
 651227
 977536
 759227
 647608
 499463
 239847
 130690
 69150
 329580
 529949
 344029
 182237
 627831
 1013305
 1098088
 30082
 107633
 132879
 810254
 298793
 991538
 928407
 372656
 771587
 36142
 90940
 1095778
 60941
 620755
 1059814
 1068513
 878248
 1011925
 135806
 359243
 520029
 811189
 763151
 1070262
 613772
 997010
 64600
 307353
 381917
 345910
 1007520
 878012
 1007146
 739415
 176581
 347387
 353169
 396926
 117678
 582588
 128375
 808795
 583934
 204679
 53359
 153670
 580161
 157658
 901212
 781646
 665416
 88770
 598187
 699009
 1079973
 22619
 1097722
 230038
 253536
 858204
 679375
 277428
 188074
 877411
 1006264
 1000792
 742408
 720748
 39454
 16251
 267892
 696140
 694617
 998913
 727060
 837315
 108054
 432501
 259420
 980859
 334680
 1001875
 1090530
 543552
 660619
 766975
 1033828
 328998
 140618
 206474
 46335
 863116
 1023242
 45751
 1002772
 538096
 274917
 168247
 699140
 533618
 280071
 300639
 478197
 6690
 813158
 711729
 1015292
 868414
 53418
 275307
 657310
 908358
 254200
 536312
 675592
 480636
 464006
 973171
 100854
 462514
 485023
 547151
 205243
 847112
 839877
 285686
 218835
 707331
 259058
 831966
 714378
 30757
 402763
 409128
 949521
 986519
 453257
 470161
 851601
 595182
 475400
 267936
 314342
 15055
 695592
 131838
 1008764
 829960
 1058615
 1014539
 855591
 414222
 981357
 1027896
 834703
 311731
 476902
 453119
 104039
 669038
 1004934
 1096905
 1077625
 866803
 1083367
 851147
 332080
 514958
 143260
 843411
 1048154
 596442
 689727
 449146
 170976
 263510
 86873
 78625
 1015353
 959318
 990127
 461953
 537043
 196302
 586292
 894860
 531084
 312880
 149715
 834762
 1235
 788319
 857955
 153792
 1047335
 93732
 117171
 927249
 905007
 233830
 381419
 513884
 627545
 457238
 819389
 263453
 55348
 936698
 225652
 427682
 352
 570825
 446470
 894939
 637872
 7657
 618265
 659179
 456572
 91005
 131696
 1099408
 582170
 1028018
 703707
 720399
 421901
 67910
 425568
 913215
 315879
 439043
 416849
 505338
 1073136
 686101
 206416
 875480
 541631
 78601
 764623
 966310
 244381
 531191
 274157
 11526
 139424
 574539
 589484
 78239
 459705
 1053190
 468981
 568353
 507074
 746761
 693216
 109866
 473708
 190127
 1016295
 481806
 486864
 894762
 847315
 322071
 90483
 415169
 505113
 515871
 1083700
 406535
 1091963
 883884
 274518
 543648
 1055569
 520774
 933310
 24290
 401356
 1002820
 82956
 534352
 88185
 280106
 291524
 260358
 736913
 1014561
 656573
 248717
 802502
 473693
 340525
 158414
 562937
 357978
 277875
 154972
 455417
 788910
 1005830
 329989
 247958
 451705
 264588
 982482
 585371
 213411
 1026105
 930284
 577517
 870817
 135974
 401373
 719682
 720076
 886651
 804604
 319452
 504898
 73403
 1084410
 674359
 895911
 508519
 161982
 35395
 986043
 175887
 707557
 500281
 290584
 629289
 298003
 755111
 884479
 372407
 331154
 954914
 343606
 293212
 369560
 912215
 1015006
 260539
 24470
 617352
 998076
 872501
 341185
 1058621
 194877
 207906
 71137
 790525
 584777
 529017
 821442
 1054617
 420971
 424042
 206409
 294721
 254661
 822526
 1096734
 195696
 353894
 797939
 717063
 219357
 306966
 757032
 232424
 573937
 1066457
 779750
 809646
 114823
 97331
 1025710
 781239
 712512
 604953
 486709
 603419
 907630
 544721
 695747
 312214
 192439
 161422
 218170
 1052445
 54485
 137780
 1078439
 148683
 242591
 234693
 3168
 999351
 408261
 770828
 855527
 919023
 1061966
 834201
 363220
 223590
 236299
 616817
 876629
 992804
 483406
 997192
 1033294
 442659
 238997
 985562
 408128
 398655
 128502
 338738
 756240
 543851
 536563
 161780
 232926
 463266
 846770
 1032327
 648585
 538236
 1030590
 1063277
 913112
 923016
 1026971
 23614
 286263
 269260
 153684
 268017
 572677
 128954
 182010
 248265
 71897
 486133
 411522
 790382
 230307
 398974
 429679
 901008
 476039
 915958
 1067386
 343558
 235988
 729894
 478879
 1067563
 163494
 280221
 666887
 727197
 514714
 990850
 257769
 133087
 424080
 585113
 585221
 670149
 73560
 426348
 789583
 198961
 881582
 887686
 1030234
 326370
 983637
 895980
 1052545
 303178
 14459
 886210
 652093
 332790
 612864
 1003003
 198451
 101287
 480568
 325095
 1006290
 679373
 394894
 397515
 743930
 680220
 942798
 98895
 123564
 649415
 157730
 557922
 183278
 159891
 321137
 1017915
 902267
 941601
 20240
 373961
 901955
 243715
 171422
 743589
 436345
 327523
 256609
 182143
 127868
 596597
 799081
 99263
 348213
 82868
 1001965
 47460
 121176
 148196
 424462
 27779
 211454
 8184
 213295
 896026
 528826
 187770
 135903
 1087476
 973355
 565088
 913829
 299677
 853194
 688344
 447902
 458172
 986342
 463567
 507230
 479744
 32059
 108418
 789758
 330390
 482624
 941987
 241844
 1081438
 182908
 1010741
 134452
 226009
 92018
 96507
 1093660
 398802
 613596
 231032
 937646
 928413
 915304
 186848
 406136
 164587
 677386
 369676
 453726
 1094488
 578604
 217920
 802220
 358412
 158292
 309312
 842237
 331611
 85645
 125854
 849305
 593121
 811579
 281190
 284551
 90611
 107686
 311831
 605405
 1098627
 217729
 58499
 128320
 582621
 250107
 776792
 1032098
 767736
 852035
 487000
 699458
 679062
 466057
 1099568
 968214
 579536
 230353
 669596
 145146
 859583
 39494
 176851
 226988
 684885
 46009
 255241
 677034
 367700
 496860
 541903
 943576
 614719
 305296
 419494
 895395
 759845
 750961
 445127
 665496
 359235
 132824
 1051228
 535676
 810519
 155068
 499046
 693207
 574258
 485639
 705273
 21761
 692105
 1032836
 94480
 586736
 1030345
 566637
 1099324
 1068123
 1079624
 23681
 216594
 633264
 1059778
 518335
 299247
 1014848
 792531
 624878
 1390
 623355
 434700
 78897
 697588
 31253
 777848
 466984
 103288
 455377
 94271
 1093709
 402245
 488591
 75105
 77792
 1094868
 442262
 812968
 1071450
 39923
 845374
 698395
 615791
 148772
 703137
 979782
 665768
 689087
 816165
 613877
 1049015
 945281
 132741
 1082809
 495147
 41212
 482805
 966231
 628350
 310475
 103896
 1098583
 459366
 1070612
 103334
 428641
 349172
 89202
 887228
 117317
 267889
 872522
 1009396
 451710
 806024
 933657
 487206
 1042836
 209914
 305726
 555197
 702789
 486033
 179232
 389064
 37925
 189650
 50676
 1043911
 173074
 424169
 329992
 734853
 560623
 501478
 273687
 718638
 643569
 556562
 635524
 112522
 1053261
 1085954
 757815
 361354
 896817
 499866
 171137
 287978
 288822
 697533
 563715
 461790
 439736
 610634
 322775
 691492
 832028
 77655
 428223
 190028
 632382
 400393
 1006419
 978675
 1072670
 317478
 26640
 72964
 619726
 1033436
 905962
 318115
 486376
 766801
 584628
 720381
 1047333
 1096347
 358207
 60597
 65919
 794795
 312028
 854300
 879473
 772770
 832906
 572116
 926281
 796968
 775908
 116868
 997258
 206860
 409026
 199938
 751344
 80319
 734056
 468143
 442067
 1053664
 416421
 823845
 250730
 638679
 73021
 688755
 133227
 595638
 396241
 140280
 812372
 1033414
 941960
 1001303
 890856
 263742
 737426
 998203
 296091
 552908
 979176
 975310
 408525
 976736
 909360
 920802
 467825
 114602
 118902
 292613
 1060404
 684848
 416864
 658154
 50415
 804568
 207895
 453944
 100144
 981898
 436719
 503892
 585960
 46577
 480272
 970724
 483672
 412581
 721320
 69231
 691199
 149057
 121506
 1036916
 77506
 185103
 872055
 890303
 249494
 862443
 794768
 1078936
 246975
 583032
 885377
 959468
 750892
 937343
 701284
 437634
 619415
 173533
 474972
 923170
 797398
 973400
 1082835
 650154
 128414
 1022963
 302276
 129734
 545318
 856129
 758266
 229692
 251997
 1014652
 805619
 558653
 151000
 817907
 1088694
 357344
 784857
 763939
 993307
 595567
 423331
 686390
 976498
 766109
 81619
 762850
 792451
 565175
 400557
 196919
 95280
 845591
 1004484
 234409
 328303
 458287
 416561
 259429
 55498
 243191
 932409
 670137
 192654
 430666
 686293
 858109
 927779
 632988
 656865
 929575
 642953
 329898
 380726
 349050
 549670
 351840
 431130
 196152
 106916
 750762
 12517
 47587
 533681
 449295
 375998
 863285
 128421
 83842
 359652
 901915
 273616
 415480
 826635
 252580
 538496
 118340
 297465
 594762
 294357
 109890
 845146
 925733
 530064
 727428
 1021808
 106363
 474598
 40647
 84930
 317253
 12869
 581327
 757201
 1027388
 1099432
 1039761
 217058
 1088230
 142896
 1065738
 451643
 814714
 101232
 713936
 949777
 1040344
 656462
 681078
 564833
 293215
 682828
 459051
 290924
 1077059
 861054
 615811
 204196
 890733
 771161
 1055744
 860220
 822349
 590611
 352803
 194366
 90949
 755290
 82800
 1096495
 776843
 1043267
 246932
 300586
 445062
 792437
 712304
 851840
 848316
 533145
 949298
 351786
 659329
 527531
 874589
 873725
 256262
 886613
 463243
 801774
 36433
 278254
 731539
 994104
 848836
 372166
 284768
 12426
 749695
 515344
 665373
 857186
 56344
 650175
 1093781
 150082
 948140
 366561
 536040
 208083
 149925
 593259
 306603
 898891
 1026854
 359448
 835968
 736616
 171817
 364006
 134325
 1064685
 704497
 237103
 26115
 155486
 943594
 230478
 259818
 1020990
 195989
 1039
 268048
 912492
 1028586
 703058
 452920
 748561
 415862
 957440
 1001368
 51616
 454443
 1063532
 599110
 84269
 951475
 1095326
 284326
 737653
 59605
 1037765
 730132
 276435
 727649
 201026
 671989
 553655
 970464
 536335
 1014427
 241458
 373100
 219978
 621296
 275245
 972306
 663251
 303549
 847684
 189348
 168005
 246454
 792590
 421077
 137062
 449265
 490717
 744771
 235378
 318973
 642363
 320087
 584051
 454928
 439961
 18347
 227371
 441412
 491684
 711900
 533567
 100649
 222720
 339053
 2279
 1021599
 964106
 899452
 193294
 785786
 723252
 563412
 951691
 599740
 1042579
 352815
 643983
 355031
 408244
 123886
 329455
 1035797
 764548
 361370
 525648
 821365
 175144
 641292
 441256
 121768
 316150
 742558
 542668
 101217
 172074
 580003
 716696
 988944
 847486
 556669
 213560
 288690
 14065
 983903
 1027571
 800026
 36815
 343566
 290573
 1043480
 630909
 823986
 81325
 32464
 870816
 427707
 518002
 67117
 680642
 208334
 623892
 551472
 1600
 161138
 280981
 824058
 130623
 915350
 582385
 938086
 360591
 954678
 647832
 800913
 748288
 736713
 124448
 307115
 653429
 509544
 43989
 492421
 688116
 400759
 379280
 1039137
 1002465
 1074389
 389033
 12884
 390712
 902053
 509122
 572022
 896405
 946780
 908293
 369459
 632021
 318967
 66594
 271268
 420082
 726471
 772477
 14787
 461291
 823516
 434122
 757218
 232490
 707876
 235915
 647408
 723451
 442604
 946845
 280771
 363898
 95778
 528564
 395396
 998147
 727654
 70520
 335936
 34820
 877875
 272773
 894248
 978113
 811128
 344732
 946318
 567438
 305264
 288855
 730404
 1064997
 137183
 295783
 341846
 888416
 1017905
 676309
 997853
 782861
 350603
 747978
 193570
 157276
 938386
 179027
 1010675
 19600
 613374
 643477
 1038158
 19959
 884604
 304561
 552534
 922626
 417980
 1019035
 51324
 438951
 729644
 81506
 238913
 92433
 160381
 973629
 979299
 229518
 110642
 349730
 224292
 525761
 719911
 163632
 68168
 527144
 521156
 245960
 103888
 183238
 494261
 1077875
 584469
 566555
 1001501
 708647
 414806
 742203
 118139
 63402
 182705
 471183
 789615
 129787
 907631
 924508
 1081909
 465885
 269938
 732675
 109437
 717359
 421159
 254924
 1064879
 140926
 202781
 475511
 699878
 577743
 860513
 982343
 951448
 775655
 551080
 151719
 237144
 930358
 492520
 599737
 987057
 935214
 10351
 286606
 754994
 1022197
 1098102
 751135
 865809
 451191
 904456
 946720
 762476
 319103
 775161
 964475
 930970
 736351
 293782
 1021776
 383626
 838385
 797596
 253670
 785643
 1031814
 275301
 46318
 814478
 1007556
 355199
 793128
 544655
 560507
 298779
 212997
 1006372
 87889
 1046117
 478898
 688001
 1017101
 253900
 97856
 181150
 982460
 726509
 418143
 561502
 973244
 285771
 242875
 547162
 81262
 188538
 874236
 812785
 351771
 376018
 406044
 928279
 464494
 912534
 544135
 23561
 318328
 749127
 897807
 456345
 455286
 731443
 652377
 540507
 40292
 209191
 279708
 895324
 189951
 1068380
 886890
 219869
 1011449
 136944
 953015
 1071209
 671110
 54836
 1018574
 782526
 638439
 400929
 798013
 444269
 678126
 86189
 1026817
 55696
 566844
 622094
 497414
 51186
 923804
 471269
 911658
 447610
 830280
 718617
 1093425
 641835
 652366
 191703
 1039987
 666682
 466055
 647040
 26455
 313960
 776515
 909484
 202529
 368577
 805340
 147811
 1063053
 567189
 301107
 324985
 441143
 727356
 764885
 65710
 805431
 208363
 900912
 192040
 1021432
 364748
 861894
 420858
 769679
 201784
 344979
 658969
 355606
 685297
 688464
 579323
 925225
 740385
 637389
 170347
 895300
 549951
 184723
 395329
 758713
 293170
 1062391
 240898
 58102
 371972
 610298
 437560
 45244
 230678
 315945
 636548
 393281
 716987
 91545
 359027
 617588
 960875
 920834
 841921
 624640
 909575
 405891
 669498
 439097
 1050164
 118826
 122474
 1052583
 543494
 1023384
 724167
 72908
 797695
 271108
 165993
 519159
 831771
 361728
 315386
 729131
 521566
 60702
 299103
 975404
 11921
 101808
 649110
 38527
 535951
 864628
 952897
 871750
 151052
 13694
 597968
 847009
 151418
 542681
 799526
 1008777
 166337
 739239
 801357
 230159
 765459
 982938
 1070096
 1081419
 402275
 873793
 757084
 911958
 390690
 627978
 710663
 292569
 729673
 781086
 723558
 191275
 606171
 357077
 183129
 505075
 185346
 1048797
 699405
 570683
 143751
 527336
 556683
 265666
 788454
 388507
 34321
 132126
 178228
 27616
 1027464
 677862
 808393
 183016
 507690
 117605
 281849
 729112
 580773
 31610
 355334
 24401
 879045
 663276
 902210
 436490
 178616
 759480
 198526
 114669
 31870
 500185
 973580
 754290
 538123
 933447
 898310
 197505
 8917
 188123
 397366
 734108
 957596
 754550
 1064615
 1038980
 843136
 748429
 344050
 1026010
 814560
 880057
 662280
 273002
 414373
 136089
 1007605
 573289
 627601
 257477
 614034
 646512
 1010726
 104281
 1023764
 307851
 358794
 529287
 972450
 805115
 766036
 805569
 643247
 901122
 493998
 1066992
 135395
 288012
 517009
 196794
 989979
 866398
 147991
 622737
 751752
 382925
 270273
 535926
 81348
 442384
 485657
 483758
 301933
 471071
 1060525
 34456
 763174
 637903
 655347
 360014
 511026
 321291
 320935
 199995
 240018
 275225
 378718
 1002510
 1014206
 495803
 562928
 961742
 39643
 848165
 858320
 853215
 625816
 278281
 874400
 142794
 158612
 344349
 142064
 424820
 679401
 406675
 1070762
 891843
 1081117
 320166
 247594
 724018
 1060670
 25765
 297001
 25605
 63452
 397839
 435887
 682675
 677492
 46771
 16130
 252321
 18777
 120973
 135801
 452035
 578970
 315956
 400445
 350148
 316840
 858145
 237187
 51613
 287813
 866873
 250255
 1047365
 809180
 273897
 444225
 557163
 1025591
 591012
 565276
 629112
 358976
 495607
 103871
 637478
 860671
 505648
 866391
 895981
 281090
 191555
 302482
 685863
 3964
 790958
 840468
 1063373
 408718
 904869
 985563
 357128
 405531
 199854
 582128
 1065849
 813285
 659770
 1040050
 1070063
 799563
 1034557
 487176
 84743
 158472
 510573
 244609
 1021060
 565212
 690789
 859606
 487397
 863168
 877176
 979642
 513910
 453559
 864595
 1024200
 394075
 206090
 636960
 971413
 1065046
 1053150
 1034703
 1034247
 115661
 909964
 1076523
 1009177
 729212
 1004548
 607485
 533900
 787154
 988507
 575314
 898149
 545657
 90595
 619675
 486304
 468516
 952354
 1080233
 108500
 819064
 4582
 1020547
 820719
 742739
 590677
 161690
 805592
 878544
 1060723
 91847
 472663
 364098
 545213
 34358
 260995
 658499
 1034034
 879505
 984881
 788397
 1094293
 550188
 83536
 556707
 232150
 842523
 68662
 457740
 966138
 461633
 917203
 329298
 738617
 106773
 555290
 49499
 1090390
 796737
 104016
 808178
 731322
 154759
 601864
 943007
 780213
 362280
 437227
 747077
 597808
 1036788
 164275
 153636
 607509
 128742
 996531
 995043
 599683
 1049380
 954436
 834876
 625911
 687940
 640355
 610880
 882788
 995113
 616919
 133856
 191150
 942027
 682557
 138441
 234224
 534340
 792948
 350808
 623370
 567651
 11416
 262090
 530232
 201513
 351972
 502450
 638543
 123862
 342124
 705313
 487016
 529473
 14471
 1030384
 196078
 402330
 27395
 739373
 1050147
 620685
 845377
 848293
 606725
 807347
 701437
 114567
 291494
 691210
 470796
 867887
 64827
 498994
 624478
 995209
 282536
 450443
 199245
 994551
 64560
 772600
 883070
 181376
 740850
 1008588
 405417
 792050
 809811
 1077689
 677653
 651400
 874766
 236515
 74047
 754360
 881620
 303283
 115395
 63437
 102957
 1038299
 196389
 404846
 117352
 755548
 278096
 1029725
 749344
 437529
 277018
 962347
 946605
 978559
 200413
 1036924
 295555
 330077
 491326
 988985
 237797
 106793
 408812
 461541
 29218
 1083242
 256891
 172174
 153800
 746301
 82934
 870279
 1002404
 159208
 861671
 343792
 765119
 668596
 1085052
 238500
 1052323
 207009
 754963
 861772
 282662
 502016
 35224
 135379
 618009
 975305
 696446
 287579
 170723
 928167
 598426
 814412
 449736
 1062648
 575822
 477934
 858734
 887767
 40106
 182714
 693598
 237596
 941219
 5616
 1080318
 1015735
 333719
 105485
 38349
 306038
 129530
 358511
 1033229
 1085083
 692945
 21353
 356237
 761706
 428014
 899037
 28946
 1051583
 1014631
 950907
 873581
 1069198
 594382
 205407
 1094400
 173220
 694299
 822696
 361147
 1024957
 55435
 276080
 1001488
 1048524
 264405
 196901
 82085
 169261
 12485
 161712
 1008328
 523137
 775251
 799769
 54217
 781504
 484271
 37239
 332939
 476527
 899584
 1070389
 1095071
 800322
 970081
 424172
 511966
 438556
 625545
 854667
 1035298
 957580
 695709
 876890
 277366
 325334
 850059
 104550
 538978
 421978
 771874
 246614
 920714
 79088
 29272
 749940
 207380
 714930
 259332
 465760
 109217
 891290
 310101
 925412
 615761
 706901
 113925
 627369
 650238
 420298
 9946
 704555
 398249
 429461
 231961
 558078
 409202
 716728
 473675
 348205
 318501
 628399
 473481
 865278
 1048783
 837900
 721326
 106585
 582458
 257106
 349380
 565175
 698294
 80734
 113167
 64794
 56060
 195410
 701601
 1004956
 354936
 17466
 982401
 997297
 500826
 719680
 893687
 805018
 513098
 13903
 780032
 906109
 1027443
 483604
 657548
 365704
 917895
 203468
 932032
 211296
 679917
 103721
 268034
 728622
 428594
 1022841
 983913
 1094062
 632109
 105019
 311820
 50919
 919631
 88158
 989210
 124271
 1006390
 731697
 154918
 138609
 22221
 1067036
 690681
 409000
 215084
 661072
 350397
 751706
 1049239
 514912
 172728
 881829
 1032170
 433878
 1040885
 795795
 1020260
 396825
 479934
 719755
 1099444
 452010
 227137
 36374
 672401
 984049
 57370
 84034
 929662
 901117
 549005
 648685
 753579
 493667
 599960
 132439
 973857
 690092
 990155
 592005
 781222
 835848
 415969
 948251
 1003252
 572591
 185404
 974971
 146831
 373760
 561149
 827066
 9923
 182508
 824580
 1026763
 988119
 832936
 986633
 659612
 934410
 936712
 258897
 653336
 910627
 233124
 503654
 583504
 58388
 411300
 642046
 805232
 925600
 811435
 1000441
 615382
 874100
 218431
 196417
 272779
 263965
 959852
 461004
 470574
 487129
 964296
 175561
 449110
 713033
 677730
 845630
 170569
 476522
 407224
 443459
 410655
 633429
 1035836
 159735
 1060527
 1018414
 735631
 40895
 752875
 212059
 543953
 526049
 653137
 135674
 291645
 99593
 558352
 595409
 495020
 987735
 247268
 204639
 539263
 746453
 366551
 792311
 301807
 852144
 455484
 919897
 1043313
 999666
 514641
 373613
 1043678
 99791
 445789
 829517
 321698
 501267
 765225
 1052587
 224508
 602153
 587067
 982644
 9706
 261410
 318426
 70428
 446670
 465361
 463948
 1087286
 640009
 929324
 838710
 1012106
 1067083
 937408
 1029974
 611123
 430666
 967351
 579142
 55904
 1041072
 28493
 259607
 92581
 979574
 494703
 894408
 1779
 877653
 656077
 232004
 127549
 874513
 1063327
 1087308
 410054
 11726
 331027
 142470
 633099
 289622
 968939
 993930
 718248
 297213
 775313
 101291
 751303
 569174
 176031
 54568
 528359
 590660
 321940
 775242
 138211
 558304
 300167
 745190
 636848
 919571
 183564
 819666
 950357
 315336
 244046
 1011634
 327867
 765542
 47732
 997067
 950892
 368637
 498444
 1020074
 171766
 586082
 171111
 880834
 367787
 356087
 459561
 799081
 1088571
 537377
 806194
 256156
 1016181
 517710
 227757
 635428
 865027
 192972
 923652
 66273
 267018
 949032
 837754
 593601
 1090089
 925162
 525896
 412342
 126948
 715098
 368001
 28473
 979813
 400497
 553782
 774129
 205653
 1076065
 610853
 546328
 782154
 527125
 916149
 1077569
 2527
 264198
 300753
 874313
 912309
 1034033
 1030046
 727606
 817199
 560445
 132151
 409665
 867903
 4879
 789307
 83902
 1013389
 175689
 575992
 89421
 340614
 572572
 997695
 96886
 493179
 17392
 175257
 126347
 975402
 386570
 691594
 680837
 1089378
 509190
 61427
 405484
 1015809
 478298
 162796
 571281
 579350
 787439
 415566
 793351
 623556
 151530
 1098727
 247414
 1062326
 453893
 212400
 527089
 719221
 1085840
 201454
 218061
 128045
 888833
 305645
 869782
 884956
 812509
 952601
 824050
 859669
 1083182
 421227
 953233
 720162
 522006
 826320
 1033792
 941869
 1082397
 761624
 487928
 992002
 364533
 343235
 641118
 934930
 192258
 679814
 408368
 154853
 495031
 703466
 16792
 202777
 564068
 248930
 498143
 911879
 811070
 983076
 202195
 383976
 920219
 1080916
 151292
 808105
 479148
 922145
 175723
 444608
 739922
 43158
 764359
 977149
 868600
 62340
 225036
 899079
 638833
 341282
 526757
 447350
 338301
 707098
 747813
 42712
 826590
 243807
 393706
 171795
 835793
 675293
 148360
 872365
 559666
 826345
 729208
 988573
 929705
 166469
 828057
 265209
 398944
 630769
 584585
 581413
 1024662
 547307
 505296
 214871
 137515
 19308
 649078
 34259
 242265
 130122
 549034
 206901
 272684
 66259
 486896
 322870
 92261
 1056921
 289154
 95773
 78117
 1032653
 412514
 331846
 789956
 309332
 893213
 824121
 1041999
 101022
 834778
 422860
 758242
 835005
 163948
 107167
 1050119
 343830
 148385
 686383
 485499
 843096
 363423
 945074
 259603
 60747
 56365
 1027426
 871438
 508500
 197772
 333465
 475730
 299360
 202191
 1059581
 760060
 980252
 329678
 775512
 387577
 746296
 104098
 669988
 706541
 63168
 188090
 35855
 1032919
 532044
 147137
 390672
 426575
 944446
 906944
 1043339
 620413
 1043496
 858894
 564752
 796745
 917217
 149193
 412880
 959066
 874299
 409143
 247808
 1026504
 195356
 808612
 828849
 855098
 732553
 825746
 343472
 176934
 29977
 110497
 287979
 788934
 571553
 743060
 1050803
 182925
 880658
 982314
 920962
 317249
 793925
 972278
 342861
 42776
 716760
 816020
 427206
 92620
 923464
 175989
 1021229
 1036001
 794558
 330578
 511047
 475664
 378916
 213482
 215163
 620191
 728475
 199367
 576079
 620672
 635081
 64483
 76256
 834624
 211596
 149153
 935420
 959347
 1033589
 842328
 677539
 589895
 21695
 630286
 402335
 93361
 898151
 140191
 700749
 249247
 617381
 400663
 275223
 549893
 1054479
 618819
 251998
 465744
 583234
 790827
 790318
 104218
 698391
 221101
 143329
 897429
 658199
 632698
 1024021
 955051
 1068723
 328180
 396050
 307836
 884596
 1033890
 961247
 472110
 496923
 998524
 478967
 1001472
 890931
 922861
 489979
 1098829
 196854
 775344
 901225
 338301
 264399
 1057180
 1022574
 734596
 748440
 1009
 945881
 241543
 592391
 24634
 187504
 983832
 902889
 849014
 646703
 877830
 858769
 824428
 59289
 606534
 671713
 422608
 500873
 727131
 725594
 508945
 408868
 187825
 558832
 338433
 504041
 1093052
 1097281
 663330
 48093
 863567
 1063303
 734314
 1062614
 107088
 55094
 562635
 166096
 523703
 485984
 879287
 900765
 381735
 634274
 287715
 721395
 1047906
 489827
 636575
 1040062
 691845
 646105
 29292
 154798
 804762
 267566
 526559
 284210
 278141
 417242
 903927
 1094152
 598914
 407331
 1081894
 286736
 550053
 462721
 1002736
 179
 175064
 1076685
 972826
 1000417
 1007357
 190711
 1043799
 985713
 880523
 233809
 389713
 376644
 123240
 317029
 760543
 67577
 243383
 198550
 79217
 628545
 422478
 902224
 839358
 977147
 840874
 403987
 511955
 263775
 639581
 905002
 383904
 258591
 923876
 509990
 1050623
 468767
 479231
 707218
 46596
 1015442
 632720
 22151
 967280
 29149
 107212
 1039693
 542443
 178054
 264303
 740421
 206366
 44286
 135210
 419565
 181517
 56680
 173126
 884963
 1047225
 848144
 1069453
 680446
 653960
 762517
 804428
 590584
 251727
 186214
 77909
 682141
 75792
 801942
 365964
 296248
 735742
 280898
 707232
 657414
 916286
 965692
 936652
 1016248
 1058709
 160241
 126357
 837327
 617621
 283471
 414322
 839175
 571733
 133317
 188132
 1007806
 856469
 740332
 910671
 77659
 448302
 1056751
 548297
 134078
 687370
 1046322
 317623
 606269
 1091683
 840421
 973170
 622737
 637026
 242074
 55352
 292534
 10414
 499241
 424444
 7760
 786646
 729795
 18884
 238996
 158252
 124486
 11678
 973935
 148821
 1081328
 417550
 724238
 428203
 316178
 826284
 944882
 274218
 138885
 1051162
 763699
 1047461
 419495
 207283
 155934
 1085630
 687809
 310035
 440534
 534754
 401965
 343439
 450236
 290961
 312650
 968765
 786426
 294689
 1018740
 902114
 1098411
 432906
 704635
 78895
 41430
 1016196
 334862
 1028443
 945973
 617451
 945337
 762015
 674951
 75054
 116851
 410937
 974307
 39546
 455115
 594602
 423176
 147891
 375027
 677252
 598535
 922415
 120447
 25631
 495564
 252232
 553539
 63692
 1093799
 661389
 256116
 445319
 781899
 978845
 795915
 1044344
 269227
 829004
 453749
 907730
 964885
 245034
 445646
 483381
 207428
 873796
 363787
 797284
 289568
 50831
 34145
 746128
 783542
 776403
 341134
 108521
 246974
 993714
 995507
 338159
 937987
 727699
 511613
 32428
 1027068
 291650
 777838
 565321
 587172
 446753
 511420
 613106
 651826
 422682
 1027558
 879887
 603818
 885573
 881813
 892953
 615947
 37793
 1074589
 845487
 764383
 2734
 497847
 350778
 364368
 4811
 904121
 73591
 579439
 1044417
 607836
 843169
 576938
 213450
 487350
 498562
 11192
 669259
 63374
 648674
 247991
 602857
 570571
 767713
 257381
 1066727
 837507
 408195
 93430
 720406
 570646
 8929
 347553
 1024415
 228967
 481878
 699457
 800494
 843667
 208730
 521534
 405400
 249780
 286037
 1073439
 775592
 298638
 226348
 685108
 120954
 590287
 674686
 557482
 166047
 446604
 793734
 53750
 567137
 182368
 280145
 464376
 480822
 44764
 184711
 226029
 69290
 630845
 986740
 317044
 549437
 344905
 980177
 766372
 191523
 344158
 578777
 226421
 195873
 211544
 965279
 559676
 431443
 715216
 9526
 626205
 562947
 747493
 383735
 177226
 305697
 800765
 763553
 225208
 13975
 240697
 676714
 1074142
 284594
 571705
 1044063
 503240
 400901
 823996
 709900
 16684
 455917
 1085647
 852156
 698089
 262937
 224389
 291202
 869629
 632921
 874364
 45351
 810200
 848584
 360752
 457019
 1037247
 451457
 1085021
 407053
 347485
 220903
 401133
 133951
 57274
 425189
 466256
 740502
 414316
 117687
 670429
 840064
 622901
 605349
 1064439
 542138
 817407
 778838
 348948
 638157
 157407
 649408
 741332
 506842
 176138
 413239
 234567
 475766
 979537
 1053366
 310578
 972048
 117410
 300368
 445955
 707521
 474785
 545373
 4341
 419042
 428222
 973777
 1022584
 285662
 842492
 785537
 1027209
 333101
 865468
 591683
 253375
 166944
 407441
 64064
 765910
 44257
 731729
 902843
 936610
 16612
 473677
 576776
 759076
 472073
 667574
 575174
 88760
 665531
 682098
 169760
 253761
 805642
 470167
 246980
 391900
 493803
 110146
 573119
 728435
 632624
 931321
 935744
 1009406
 366300
 382775
 166352
 198042
 599451
 1009775
 138966
 1080040
 375860
 574290
 836898
 41498
 752940
 807554
 844020
 506793
 926151
 1081255
 1024651
 222243
 1043359
 436655
 945206
 712161
 760903
 439130
 654880
 1047615
 769870
 722953
 533986
 692754
 726668
 225588
 204254
 1065344
 379849
 524515
 905957
 743081
 274510
 297553
 438230
 767449
 425401
 739412
 1074040
 224301
 204486
 815639
 530590
 61580
 1026342
 658576
 316520
 415422
 880870
 430895
 620461
 149731
 1056781
 877617
 433485
 1088824
 622090
 510142
 860880
 560593
 887291
 1007822
 400125
 385918
 805068
 273048
 55362
 650348
 156409
 30669
 957314
 441748
 991793
 193932
 783542
 749083
 817565
 283197
 632037
 232697
 686498
 739466
 88373
 298164
 322818
 949890
 402439
 809941
 823038
 421349
 486785
 374325
 250661
 152148
 561153
 292312
 894119
 18894
 352286
 78880
 312169
 909870
 907344
 919266
 197756
 756931
 752655
 785106
 543016
 304188
 405363
 697066
 712481
 970954
 170189
 676674
 388093
 536866
 94004
 722016
 457910
 851428
 1030498
 829094
 721863
 621286
 774427
 66373
 930809
 808839
 539271
 1069830
 172568
 677946
 709943
 54352
 765943
 624146
 782139
 674120
 394217
 483736
 260440
 19245
 1081360
 855398
 404700
 729028
 291029
 871426
 491469
 1012071
 887859
 294581
 217755
 937669
 889234
 618019
 911685
 588521
 279381
 555943
 781457
 589467
 914259
 941646
 128059
 143923
 719869
 419251
 756217
 172891
 62992
 542702
 629107
 285319
 800084
 596895
 121059
 777790
 799688
 346183
 758372
 184516
 727293
 638803
 12461
 769556
 1003938
 191731
 378218
 1015413
 1021389
 285943
 1073254
 768986
 435084
 1065179
 753633
 449034
 489088
 974747
 918135
 137107
 621416
 782701
 41411
 1018060
 1030997
 212228
 978361
 941173
 257009
 232149
 185470
 1007571
 190777
 931319
 28368
 144223
 783181
 465689
 963757
 487900
 730552
 780624
 122464
 277981
 1011453
 391148
 175472
 960751
 175665
 502117
 780830
 206692
 166968
 367823
 859877
 67028
 26653
 867609
 934205
 60775
 479502
 527935
 736514
 1011544
 1011175
 755506
 107129
 393338
 368836
 1078715
 668822
 249454
 100281
 921640
 959426
 754794
 889182
 803847
 400250
 875363
 559353
 462028
 711803
 158869
 610443
 863850
 75924
 71029
 416336
 163384
 1037142
 584358
 106987
 884341
 54062
 742840
 723146
 477555
 598184
 346424
 758652
 476826
 514729
 659921
 1001497
 521590
 689052
 553377
 261051
 105758
 787597
 1054746
 187781
 302963
 1043438
 167375
 700439
 660548
 839538
 591
 334364
 278327
 586345
 43471
 912794
 765211
 307106
 275884
 234105
 512409
 291456
 547960
 232895
 254754
 884569
 269883
 337844
 746198
 339086
 880664
 470759
 949375
 284901
 726081
 1075947
 826789
 17100
 992575
 923072
 447146
 247344
 828647
 1097473
 321174
 709501
 876916
 974382
 935392
 958560
 861153
 85250
 883841
 1064818
 314497
 204558
 379768
 1047234
 86896
 729914
 906013
 547866
 1075323
 755902
 722301
 842287
 311069
 210036
 503069
 307520
 397530
 939692
 427971
 635263
 884419
 742060
 75216
 237142
 303633
 396212
 159100
 501074
 48469
 457026
 628368
 236901
 535322
 24417
 464739
 1037982
 418807
 644469
 525757
 226110
 12995
 161835
 971513
 183518
 105613
 720410
 826837
 712750
 398476
 221465
 973369
 1019802
 772185
 538227
 998055
 913217
 384138
 36644
 686553
 732820
 691385
 22551
 909553
 838114
 153971
 393053
 452914
 1038494
 208808
 241762
 186061
 681522
 824374
 540128
 750634
 899221
 819117
 680992
 980142
 597938
 913981
 349710
 527126
 1004128
 775501
 739247
 273086
 418029
 638607
 311992
 474753
 1040860
 698667
 99215
 45877
 279521
 1044095
 451822
 433030
 794822
 1002652
 126094
 268435
 982519
 1088643
 425424
 140678
