845329
 589118
 66560
 239823
 189326
 911181
 382535
 520313
 453457
 1033177
 907902
 154399
 876867
 865941
 387316
 711406
 867487
 374832
 543865
 1023253
 925112
 149232
 461963
 1000480
 962329
 994534
 573025
 678151
 955170
 557370
 192701
 60417
 663666
 163478
 366774
 802405
 505743
 298781
 377804
 614249
 86129
 901015
 401971
 773376
 98910
 1009299
 376876
 1067914
 843306
 389033
 83463
 260466
 56756
 136201
 606039
 498131
 699993
 729896
 163545
 671913
 362193
 169166
 586398
 765354
 916598
 551662
 737976
 287154
 871030
 438166
 839562
 8219
 685473
 188310
 400606
 464458
 257067
 252801
 873218
 264622
 41672
 695879
 791146
 216795
 932795
 427828
 163741
 104277
 157740
 515687
 209179
 579339
 277944
 841738
 903132
 155402
 464733
 280189
 138645
 582308
 83877
 875530
 960591
 712690
 239464
 503587
 1043163
 285468
 1090831
 306185
 235198
 539394
 193557
 922525
 810189
 211900
 1003009
 545181
 619068
 1086900
 498157
 55970
 492194
 922240
 188633
 366493
 954162
 450814
 527368
 631590
 590985
 950809
 1044441
 652310
 879713
 146317
 297375
 310185
 467110
 858839
 752369
 1000208
 210921
 508087
 35942
 903920
 788860
 1010608
 444292
 508805
 629510
 260782
 190513
 637820
 1009725
 743525
 527903
 7248
 383567
 440130
 954232
 1078169
 467744
 502581
 83983
 682877
 673783
 539617
 291249
 137663
 541459
 30588
 189339
 377452
 305806
 517946
 1010525
 43949
 918094
 18624
 442421
 841167
 1419
 67846
 101363
 125528
 727071
 975592
 243886
 57681
 304299
 1019039
 413613
 597718
 84550
 318163
 478524
 1094310
 155913
 590361
 7801
 294187
 1085730
 430301
 491738
 61982
 159677
 685413
 211309
 947542
 1046717
 711306
 878793
 704569
 228678
 101232
 964403
 995545
 42647
 885998
 374079
 324165
 957337
 826010
 944966
 719248
 832827
 307157
 88778
 832416
 822342
 773744
 960177
 175406
 682548
 236407
 40336
 733610
 611809
 71868
 609468
 243825
 335845
 822882
 788716
 956269
 506013
 792485
 607902
 1092203
 898966
 855814
 806489
 671830
 722554
 660970
 233694
 1057873
 54080
 670875
 424183
 698724
 360606
 998396
 235659
 32361
 196793
 611857
 665807
 188998
 847000
 281140
 578171
 249481
 538931
 376695
 558103
 627169
 1021048
 732542
 1075038
 922488
 265402
 916935
 110947
 447304
 1097436
 852504
 843324
 503623
 366043
 40664
 1073711
 148766
 964701
 940300
 434661
 792733
 1046027
 738
 128176
 343167
 558394
 1002310
 343776
 1026765
 595554
 168905
 939406
 955201
 376746
 1025164
 508080
 1013594
 626793
 710038
 252165
 1070344
 173285
 717141
 139004
 333787
 155733
 221485
 307552
 876302
 376756
 728891
 1023549
 54857
 768246
 215273
 63478
 355177
 243793
 779376
 1082986
 157890
 209150
 969108
 499198
 774424
 385580
 114479
 1041914
 492331
 394163
 588651
 4630
 972619
 326363
 873755
 890699
 904663
 889919
 254072
 711383
 960576
 405438
 922144
 662850
 1004844
 379874
 173810
 931151
 121177
 545368
 199073
 726768
 878454
 456352
 903217
 447680
 96466
 923157
 836591
 221199
 1014804
 924915
 71851
 311665
 531901
 40206
 847719
 622414
 22018
 1093167
 899626
 645843
 15038
 456883
 547336
 601989
 704442
 988655
 400908
 149926
 755865
 553144
 359900
 644276
 1023040
 617721
 823540
 393486
 190168
 920051
 556853
 161100
 472943
 249009
 892866
 571067
 916955
 834482
 9910
 302240
 267668
 225872
 1008988
 382493
 492070
 1085810
 150045
 945357
 632749
 431146
 885975
 375787
 111520
 1016235
 346795
 556916
 811525
 857744
 116873
 310767
 238684
 879985
 435420
 239003
 655208
 397193
 214720
 123458
 674357
 23701
 913520
 499786
 253168
 1032310
 640750
 122457
 608945
 187187
 299014
 63190
 684331
 686502
 861146
 756363
 1082437
 1052363
 704307
 478367
 429393
 1068615
 560074
 248711
 508472
 1072148
 1005119
 139161
 905287
 476981
 438067
 260851
 753131
 545417
 326178
 587147
 300750
 304211
 828747
 605770
 663075
 607310
 767035
 47953
 457741
 220214
 383656
 861661
 603746
 740631
 931141
 909384
 459716
 539902
 128815
 993249
 813530
 558849
 853803
 921466
 343428
 471551
 5575
 71164
 774195
 140338
 59881
 559116
 968443
 317699
 129009
 691018
 595058
 121515
 309853
 99901
 512418
 816108
 200867
 53586
 1056271
 131424
 139055
 925027
 989687
 358014
 973757
 543284
 13181
 308572
 825053
 391675
 654927
 761500
 826183
 302370
 695066
 927854
 829624
 1071263
 552721
 889641
 877058
 342289
 93441
 951145
 29538
 424215
 788419
 351906
 329917
 628696
 22192
 2213
 762498
 320093
 636324
 53732
 1098089
 1050629
 387736
 46721
 698869
 582667
 216499
 597689
 454865
 966915
 335596
 1036195
 784603
 853056
 1015450
 58121
 499787
 548506
 505010
 286156
 4659
 934014
 312886
 1034166
 514789
 760107
 935390
 389532
 318040
 784554
 393920
 653170
 607213
 853452
 416672
 369329
 864635
 1080474
 978216
 708718
 930294
 109750
 1378
 832401
 1024246
 174393
 838220
 771071
 855968
 908825
 225485
 343493
 508885
 469256
 840321
 346616
 279425
 1074127
 977963
 962918
 44849
 1053033
 510715
 409060
 476958
 425880
 992939
 524515
 688594
 646942
 1045509
 250993
 367687
 538872
 414298
 787067
 1016081
 691564
 818376
 138528
 793258
 460387
 698184
 155454
 742906
 660482
 647538
 1036163
 902491
 741521
 699939
 231853
 948459
 250236
 1034772
 769786
 265676
 913689
 693319
 408713
 180185
 713840
 555370
 242021
 159892
 906781
 1072474
 882591
 554876
 574026
 777712
 894737
 773628
 588454
 239380
 513022
 123761
 546534
 473041
 345061
 645951
 60816
 548416
 574261
 720723
 889120
 372574
 274131
 178881
 815467
 925780
 815379
 521529
 672313
 460803
 760693
 99355
 475336
 1006848
 555247
 35640
 1023609
 123443
 891578
 680734
 746517
 1001600
 713478
 548662
 719117
 1091499
 65229
 75968
 752334
 474408
 543600
 319625
 1013527
 710701
 371243
 730422
 421950
 442029
 989432
 51979
 348717
 843539
 542196
 1027734
 783109
 121146
 454080
 570480
 1084927
 883824
 169334
 98809
 398601
 715705
 295323
 351087
 338104
 874919
 376903
 871133
 790944
 12542
 970303
 215663
 628220
 277645
 98898
 152565
 454927
 342750
 210382
 731168
 429201
 24887
 363815
 1043142
 955448
 447994
 257058
 971925
 634700
 701692
 609548
 101269
 934236
 396198
 488751
 945614
 31965
 843932
 378229
 57712
 553939
 340756
 686143
 673006
 563132
 918484
 912952
 371220
 563185
 950338
 698684
 605206
 911903
 553706
 214682
 807962
 1064797
 1028677
 271589
 205768
 309343
 257433
 710671
 646729
 132524
 607288
 112881
 47892
 399270
 785785
 412243
 915963
 270995
 499138
 680452
 42539
 174054
 535984
 761509
 494374
 363151
 1033041
 513502
 448892
 1012047
 375977
 136408
 430555
 396905
 1002779
 560893
 300203
 607374
 827262
 166052
 899512
 899734
 349746
 134585
 1004021
 465095
 31048
 241829
 803990
 685881
 931868
 23042
 184914
 768983
 369387
 542937
 1023587
 674941
 599354
 174650
 759502
 200079
 448552
 176876
 565931
 929689
 274290
 744404
 17179
 920164
 20260
 837349
 332434
 48575
 503001
 548309
 732444
 381853
 628552
 604755
 199697
 1075600
 500377
 21875
 112167
 905728
 436379
 1026562
 66872
 596878
 641659
 518377
 590174
 1083810
 629645
 942533
 249323
 865288
 21282
 889083
 777503
 520308
 518111
 1044244
 287878
 161652
 1063524
 106796
 946448
 552482
 743651
 305410
 1036757
 830577
 1019595
 987439
 556846
 1099901
 199559
 88816
 1003596
 2418
 509473
 1020408
 799677
 1033741
 441796
 465269
 314756
 690608
 946948
 611699
 174699
 318396
 622268
 23447
 405496
 690032
 105252
 930636
 364038
 1056410
 1054893
 803017
 870476
 865629
 592145
 516669
 623637
 496239
 964441
 964162
 882926
 723732
 267983
 1060394
 886387
 499287
 363902
 1032131
 709430
 844877
 134211
 454924
 646801
 262768
 348001
 421125
 180791
 416346
 893661
 282335
 596319
 659299
 906806
 224596
 806741
 81284
 1067643
 575528
 858444
 929542
 547650
 180325
 811736
 248708
 768328
 824827
 227936
 882924
 930813
 734793
 185423
 967460
 500467
 79898
 502325
 688332
 150361
 1011482
 243634
 789415
 161903
 474185
 19923
 855746
 1078783
 1028359
 992307
 785641
 750434
 192722
 75989
 914662
 975164
 688152
 875661
 80573
 383942
 548426
 437708
 1041256
 444241
 931170
 500169
 498299
 39286
 252426
 839732
 488427
 59436
 669331
 513805
 845392
 494812
 968704
 434663
 293863
 666482
 1090608
 1077811
 205560
 63708
 885147
 34144
 547325
 19893
 454085
 295332
 657895
 239472
 797311
 1009432
 1059174
 432693
 559037
 910967
 887421
 133231
 724661
 473552
 746996
 298587
 302640
 968
 650786
 250742
 809900
 980857
 768165
 10076
 187257
 369854
 963571
 119338
 790211
 1033795
 366283
 334654
 435960
 563111
 277631
 270766
 748905
 580612
 861581
 225438
 110528
 177750
 215414
 659598
 1088519
 280304
 229419
 466208
 802862
 424772
 478875
 669675
 716517
 212717
 538244
 23312
 771161
 897851
 798213
 500443
 733195
 509824
 785260
 447753
 335440
 69368
 153796
 631236
 889864
 819150
 293724
 180151
 326753
 892488
 603174
 536795
 776336
 622447
 73191
 892250
 1073170
 969582
 741544
 664016
 444340
 1018867
 844708
 1090176
 942076
 78270
 551037
 281179
 742059
 1011753
 831631
 285483
 888235
 864277
 604579
 570565
 752349
 599050
 110857
 42462
 847629
 891531
 807301
 287504
 1051950
 182270
 175529
 693470
 931045
 64215
 163438
 1060489
 127068
 993965
 401298
 606427
 439029
 668452
 935421
 140921
 683792
 329444
 421493
 163152
 509919
 844318
 183697
 544836
 296792
 192986
 750807
 159754
 872961
 124461
 337448
 421868
 837475
 535222
 520437
 770509
 207454
 657058
 220131
 513850
 434030
 917350
 709969
 85935
 422248
 1096201
 477229
 94906
 144276
 205387
 307368
 45431
 825798
 565625
 473904
 161510
 247641
 447633
 354149
 467758
 11777
 309133
 708578
 263966
 990420
 1049005
 785808
 503524
 1051468
 137799
 592504
 892010
 227761
 750735
 518346
 945636
 465522
 740252
 363616
 106342
 1073049
 440528
 365230
 264210
 176700
 1088728
 623272
 560871
 855482
 57833
 166033
 916617
 667757
 260729
 159595
 653931
 36190
 574170
 437044
 48190
 523390
 666087
 552844
 833260
 54069
 442123
 366390
 694397
 259325
 728137
 1075545
 333941
 919293
 881542
 973751
 620235
 211817
 731546
 22942
 966468
 796195
 979453
 437045
 65413
 1085434
 1083336
 1028767
 572145
 861171
 498100
 530652
 22695
 602901
 645327
 532779
 213018
 885461
 700649
 160637
 161835
 276846
 975309
 239811
 1022115
 901315
 274110
 744081
 917199
 868848
 546109
 64604
 854185
 495333
 531180
 461529
 337647
 926615
 885925
 766423
 267511
 962528
 213150
 968115
 519467
 571601
 258500
 596708
 526574
 932287
 843400
 413941
 747665
 373442
 600110
 97261
 280790
 841187
 434296
 792930
 890238
 227436
 1031928
 430903
 572252
 575727
 103097
 606899
 170495
 966016
 805388
 869274
 606612
 290904
 657276
 391149
 648686
 517816
 541087
 362907
 755030
 163720
 649342
 236086
 774809
 681587
 100650
 571798
 543505
 1040406
 896043
 1039517
 861145
 560020
 516529
 1059774
 900864
 529091
 437861
 892784
 543460
 183453
 46869
 361079
 1505
 75298
 708288
 866010
 430729
 151671
 168511
 402742
 41280
 931719
 990830
 267801
 837984
 78008
 165393
 981283
 867833
 359224
 606668
 73585
 236148
 162022
 330282
 848105
 1084586
 1042542
 373739
 175222
 437617
 269558
 862332
 656181
 408010
 125409
 584866
 835909
 932340
 195461
 184086
 642033
 983762
 370009
 964779
 426848
 1042128
 83027
 307336
 561091
 945670
 392970
 1098213
 736297
 812791
 525022
 332849
 454042
 983011
 84981
 668511
 12846
 622562
 664341
 963220
 529929
 93937
 710033
 703063
 544279
 815551
 366203
 804328
 413199
 980943
 376906
 164108
 671711
 258937
 20499
 464385
 341212
 325343
 685521
 638367
 451758
 852194
 541023
 1025075
 14975
 81232
 535780
 896571
 350294
 309936
 1067745
 605162
 140610
 576678
 31112
 677940
 32321
 631714
 225544
 786326
 28236
 683806
 240092
 733209
 420882
 955260
 733960
 90758
 68280
 305169
 313580
 410562
 393997
 844207
 688959
 301498
 930416
 436818
 360235
 919868
 1011438
 998021
 361791
 229246
 909991
 807538
 94082
 423933
 703959
 703835
 148988
 138810
 212083
 656583
 1030840
 983844
 710549
 336860
 1083482
 769041
 88705
 98324
 819991
 457532
 522270
 816098
 966003
 1063985
 894121
 592333
 15137
 400710
 564038
 798680
 621355
 525239
 345377
 871246
 170028
 590271
 1028976
 711688
 427410
 257194
 43721
 850095
 108522
 736484
 708960
 49136
 289178
 1006381
 929604
 673800
 369849
 1050973
 756709
 763817
 216945
 340536
 1000308
 1065000
 383617
 905326
 376070
 302791
 1063231
 512756
 237175
 133680
 88202
 571240
 484542
 268611
 532292
 853929
 577060
 323657
 708970
 162596
 695192
 479721
 689246
 616681
 604432
 1008178
 832573
 550992
 45892
 260873
 941925
 629673
 315121
 521401
 159365
 599901
 548200
 260517
 761181
 502666
 501236
 15465
 142173
 342366
 529916
 665119
 139165
 428084
 965656
 796153
 1033996
 443443
 198427
 817710
 1090860
 458143
 289917
 135313
 690328
 989707
 273997
 577628
 65733
 479045
 305994
 309582
 980941
 502907
 950052
 145862
 559454
 408485
 586620
 214079
 310904
 325852
 79094
 827717
 915512
 288017
 717980
 809801
 10947
 1652
 314388
 33253
 688245
 409215
 166016
 285686
 218000
 657855
 5445
 319249
 283827
 733962
 891190
 1092496
 1074874
 619273
 298478
 948301
 236317
 155592
 641762
 310122
 780559
 999796
 3827
 609075
 611073
 1056085
 401636
 375871
 275629
 1031866
 159115
 116141
 400412
 333923
 590383
 451543
 213156
 626548
 693021
 459345
 502519
 645950
 267960
 426276
 508193
 89286
 305298
 306215
 879724
 939183
 106594
 691828
 537826
 792133
 799218
 325170
 824868
 400218
 1074671
 720085
 786810
 915351
 645367
 542187
 872967
 53809
 128940
 576180
 967737
 552289
 758846
 512558
 271597
 804692
 422925
 909503
 289647
 476543
 257310
 182556
 904213
 1054247
 65398
 207728
 338029
 959262
 612124
 555065
 455684
 836341
 852321
 1047877
 570542
 593540
 1075291
 246992
 1020895
 362960
 615574
 978230
 724545
 691133
 526002
 1066757
 955009
 452250
 712391
 298906
 43600
 466
 486972
 263620
 477002
 41999
 698646
 317173
 554153
 518963
 365848
 780698
 489393
 23370
 565757
 412020
 402704
 328595
 135374
 549442
 967501
 761741
 240947
 606452
 75626
 686367
 131464
 512440
 215758
 608211
 53521
 844636
 203131
 103373
 209352
 417508
 412692
 702310
 117207
 604419
 1038611
 936679
 359163
 414933
 277090
 668323
 524937
 200838
 317823
 789074
 125308
 759966
 642893
 996395
 825451
 570098
 20387
 796719
 698329
 788799
 479084
 535853
 3936
 493436
 288618
 372985
 910707
 522812
 113556
 461763
 1098737
 849521
 377408
 865360
 1045271
 558782
 914613
 180238
 372815
 484303
 532353
 445613
 183417
 926014
 103101
 17973
 323080
 155690
 775326
 740517
 738317
 893386
 199287
 413965
 617766
 803359
 323524
 820445
 1025691
 1047576
 603660
 1026058
 132601
 866306
 647966
 1010494
 343299
 349669
 685625
 133859
 189239
 541974
 713557
 199228
 259206
 432433
 511249
 319446
 1010685
 162224
 423916
 973521
 997587
 1031713
 1031840
 888418
 288962
 240645
 154338
 135729
 48826
 862572
 528262
 309935
 783984
 208774
 710721
 312208
 766777
 470057
 340038
 273275
 93624
 509292
 978492
 984516
 398520
 913165
 273042
 221810
 600295
 895183
 1006009
 170915
 824649
 798315
 408896
 381352
 644861
 402121
 972949
 47951
 206398
 541041
 118368
 964007
 821651
 688081
 408625
 40591
 607806
 561098
 290407
 83385
 625842
 694805
 201632
 705723
 433802
 48048
 235065
 268970
 937073
 598315
 762589
 94564
 816162
 54005
 269000
 928405
 345279
 515267
 722856
 413752
 874700
 656248
 681506
 1016395
 295294
 924796
 751176
 873907
 867663
 781441
 658099
 452197
 303455
 833542
 919536
 3700
 1061553
 523017
 798141
 663180
 65524
 477075
 132546
 460193
 65628
 363098
 548423
 449047
 949126
 368149
 430649
 819144
 862038
 382957
 548338
 581337
 714662
 306629
 758875
 282143
 750663
 1083749
 715093
 324788
 32535
 939341
 817414
 873207
 110689
 224000
 978124
 561013
 321548
 956982
 754841
 97202
 916519
 471118
 688413
 669850
 600377
 319930
 162263
 447845
 170226
 183507
 619778
 55171
 824922
 834184
 899821
 1046005
 1091531
 687184
 416603
 380557
 165787
 534025
 254423
 471671
 1048425
 252987
 479503
 257809
 678494
 990251
 213852
 391726
 199788
 207131
 232304
 345318
 1001729
 746281
 212673
 795334
 480304
 514918
 131626
 657042
 911645
 1058055
 971260
 1085351
 456089
 763185
 894417
 347485
 1029342
 759976
 1077777
 1034127
 881131
 479399
 883868
 564145
 700064
 89038
 277803
 623095
 19254
 547489
 362286
 117188
 448002
 422351
 286957
 723951
 564950
 748832
 375309
 342007
 529036
 596584
 260380
 165772
 329207
 226923
 118396
 873912
 557091
 52114
 795544
 63657
 573319
 71931
 1016976
 101052
 38040
 445197
 909388
 1058488
 1051482
 180708
 711216
 362946
 832582
 612967
 216366
 838531
 200486
 293408
 475605
 238013
 247363
 989130
 258982
 432389
 857567
 462990
 941666
 1060874
 891625
 265254
 272814
 776747
 340934
 281820
 854313
 455264
 917439
 1035560
 564603
 881886
 605219
 786565
 344098
 217629
 865694
 550296
 291501
 61947
 716926
 388075
 535961
 908218
 178074
 371419
 870681
 828626
 291016
 952725
 812990
 904973
 15477
 370254
 307906
 703721
 199728
 488483
 69319
 697415
 871096
 98471
 801720
 830438
 193984
 560754
 538758
 32433
 719792
 160424
 988936
 708785
 353280
 1023328
 1055890
 799583
 395781
 1020898
 153036
 343980
 1016518
 612849
 289775
 480792
 625659
 355618
 132254
 768974
 889218
 455278
 782449
 240438
 990764
 120999
 992499
 452279
 314397
 119415
 478439
 506431
 45684
 698561
 601340
 277622
 1003218
 962397
 221942
 858242
 1016049
 10102
 878658
 68884
 637278
 863544
 949958
 370837
 614609
 320376
 1044701
 251395
 449255
 968115
 678750
 720877
 818527
 141819
 811580
 114587
 147992
 885308
 217808
 377807
 666328
 588247
 440530
 173763
 638854
 564609
 1012620
 962355
 975216
 12450
 656715
 648573
 179016
 261890
 651522
 8697
 823238
 531552
 1059068
 365903
 503407
 693494
 888813
 431149
 393723
 552917
 684345
 738328
 541689
 624790
 118839
 184508
 669175
 395193
 1061230
 680929
 657922
 538849
 295152
 481666
 952457
 703291
 128154
 533467
 879256
 920576
 1039358
 1076850
 854193
 822710
 926526
 58499
 870477
 1027648
 926312
 738738
 56096
 387794
 488966
 775832
 433485
 620406
 178071
 179906
 460209
 974258
 232477
 966946
 281314
 631405
 1001306
 96192
 1019408
 427336
 579491
 36260
 856763
 1018528
 1040431
 421953
 599572
 891411
 56887
 1035184
 829723
 909640
 897161
 385246
 724451
 643942
 931275
 469707
 574390
 791129
 517659
 674831
 664671
 20264
 829611
 780455
 551650
 245757
 896575
 810018
 354767
 1086879
 691055
 83192
 599536
 479044
 603595
 1005645
 513241
 1076155
 106813
 666752
 854090
 435155
 728015
 207173
 640989
 251248
 1089413
 105355
 52216
 877855
 881649
 332627
 192295
 604341
 495695
 964299
 946002
 221770
 491854
 345790
 41913
 1030204
 940989
 175351
 270468
 587870
 132782
 121738
 875595
 910929
 505681
 422746
 401228
 873187
 139687
 784481
 152713
 587521
 286748
 740288
 435457
 430913
 746576
 1036713
 433702
 1044710
 108853
 59444
 1050605
 1078966
 166563
 128157
 689069
 878778
 178331
 909317
 960623
 677872
 238029
 817261
 189516
 179308
 989153
 1014653
 322205
 832691
 13813
 1083691
 1035642
 559545
 886989
 815428
 223717
 823828
 433872
 590044
 105058
 466281
 920323
 974294
 407703
 14859
 568217
 849502
 249816
 954259
 702902
 1000708
 915579
 762834
 558150
 84542
 883525
 1044919
 999762
 274293
 774854
 608193
 949457
 1043241
 286047
 19089
 385252
 174898
 272187
 1087671
 370463
 958312
 741013
 300796
 444741
 903082
 102402
 135024
 622366
 420413
 577346
 543081
 1098288
 65790
 161327
 39308
 237457
 817311
 946098
 263229
 90811
 166993
 914248
 441349
 561277
 717405
 282306
 109471
 388492
 943129
 338018
 987483
 42092
 739323
 547066
 797865
 960044
 415076
 64660
 467072
 304652
 1069540
 51071
 36278
 258111
 851301
 269455
 51697
 206923
 958949
 163852
 643958
 419241
 168795
 355845
 160065
 375647
 945461
 334925
 826323
 129113
 109422
 608056
 216759
 390259
 1094417
 160938
 612918
 396824
 386826
 68811
 112127
 932310
 831020
 712951
 997557
 946918
 151917
 125341
 814230
 458738
 719481
 747926
 729848
 517352
 909128
 985471
 681425
 80995
 1051158
 319108
 990372
 320908
 409521
 988182
 869178
 379149
 850167
 247339
 376608
 810835
 376350
 906242
 285121
 585143
 968489
 290213
 735940
 555426
 77098
 981064
 203159
 1076698
 101103
 65172
 633891
 286901
 1007955
 426465
 783167
 965584
 452015
 432625
 882645
 62359
 765340
 193715
 822898
 634083
 418640
 763378
 399952
 893665
 1046658
 770305
 543242
 1034516
 283583
 7270
 743012
 631565
 912751
 1073375
 1022069
 767546
 167682
 194399
 628934
 493621
 462093
 726996
 531339
 727952
 983787
 936738
 981380
 572863
 338870
 43338
 917829
 986549
 518631
 447140
 918438
 614040
 1015807
 580082
 336701
 564640
 71227
 747441
 883467
 981646
 935983
 917504
 635254
 798560
 619333
 591417
 602716
 845825
 375359
 884148
 1012399
 312583
 757980
 13341
 316970
 242027
 410352
 230040
 368340
 871929
 753969
 160089
 252079
 433703
 477419
 318670
 725304
 48000
 503797
 541310
 878218
 863066
 129833
 753778
 16848
 585305
 632950
 955397
 775490
 346320
 461506
 775174
 610473
 824672
 458308
 179167
 578640
 82191
 812728
 596340
 981306
 1068860
 575174
 556342
 621349
 635227
 721631
 475964
 151310
 750046
 204656
 179410
 563768
 36697
 273570
 392788
 77737
 862992
 593711
 306933
 1066640
 368196
 966100
 1020856
 451825
 740614
 684558
 931378
 962708
 609751
 302995
 207596
 639922
 33087
 589494
 396921
 622542
 974361
 1067153
 463844
 1019827
 300020
 662742
 323447
 91352
 467664
 279271
 81772
 932932
 893271
 29683
 900504
 174434
 447333
 454616
 1024968
 257
 350802
 512410
 713835
 912761
 16760
 933034
 740427
 648036
 1013188
 718121
 539169
 320932
 522168
 822427
 160729
 949094
 97795
 404770
 857537
 1023795
 128106
 361531
 15716
 351575
 1079843
 233982
 376639
 954121
 899655
 273560
 328875
 1020337
 179518
 447912
 752587
 248907
 459151
 411698
 321334
 467637
 291900
 272561
 719326
 222414
 925051
 1021646
 118016
 152806
 937800
 907102
 308917
 1027379
 307641
 953970
 993629
 563465
 760541
 944024
 6242
 525104
 46702
 375488
 940213
 459679
 177892
 28704
 810397
 91362
 543262
 607054
 267416
 992847
 931445
 633194
 382558
 526434
 56600
 303424
 669697
 356776
 961937
 621851
 625477
 707975
 287908
 711817
 389691
 776071
 1045121
 1099637
 301708
 188904
 869061
 963453
 416434
 304595
 678406
 67610
 17977
 792036
 890035
 834976
 1073467
 586114
 732072
 450720
 106630
 106362
 1078382
 76202
 575002
 311099
 665037
 735787
 504303
 640336
 754287
 271107
 220728
 98695
 615457
 3261
 992769
 567757
 194601
 417491
 932073
 701872
 297576
 573773
 735114
 532154
 214775
 478995
 1053009
 976402
 432004
 856072
 338807
 426663
 379351
 635350
 644861
 185290
 208046
 971327
 6628
 490774
 168015
 243011
 572497
 618289
 399039
 1070497
 816416
 616619
 114063
 959138
 1016967
 1056519
 180033
 617521
 164949
 681888
 916263
 341692
 560887
 307127
 385781
 990049
 494200
 722307
 622187
 767529
 705315
 610636
 986244
 845536
 744014
 841494
 616246
 537204
 1041452
 241995
 446186
 699286
 860335
 60593
 1034411
 771154
 280604
 12536
 1060568
 30855
 584396
 262801
 174753
 629050
 797954
 792298
 103582
 639141
 763244
 1098663
 506275
 1049963
 11646
 72271
 1036318
 21185
 1039543
 794837
 914757
 744270
 33146
 559949
 835389
 340571
 834438
 510005
 152232
 25409
 41633
 960954
 763907
 1033323
 629746
 1010816
 827385
 502513
 29367
 1040449
 959355
 102214
 148679
 451778
 1028944
 989364
 291258
 723103
 784497
 950574
 465655
 740318
 895583
 594313
 442911
 168878
 358287
 526364
 565084
 683824
 585887
 532988
 168726
 912009
 429212
 775460
 951568
 364913
 14653
 829071
 436611
 815444
 649564
 784026
 596969
 309389
 367997
 502455
 276428
 312194
 277894
 1084917
 1006280
 175947
 867755
 794174
 365286
 391536
 792585
 850181
 299888
 24452
 447643
 1076851
 95940
 78313
 343990
 287585
 669014
 161723
 240780
 499941
 186332
 223072
 161908
 1008217
 298351
 35455
 945563
 116860
 76286
 49563
 612678
 839553
 505264
 43106
 567243
 276295
 237057
 1092202
 730960
 207037
 924322
 933669
 673696
 751501
 898172
 714101
 791538
 382009
 158489
 438307
 7276
 279850
 868824
 959579
 839813
 626664
 284583
 478452
 521902
 1075227
 472701
 67261
 421175
 753291
 714731
 574625
 572990
 1079439
 374373
 13588
 374554
 876813
 937215
 882628
 869158
 86424
 7603
 323739
 857190
 1068610
 546208
 601368
 1079477
 553905
 545712
 9109
 460996
 147350
 66966
 883942
 885166
 653582
 110304
 272445
 294874
 302166
 225764
 678581
 929311
 687033
 891180
 565895
 1085633
 517041
 628391
 212479
 204913
 1030405
 439887
 858872
 565543
 706346
 265699
 101741
 586780
 83082
 193337
 80515
 661562
 659081
 102484
 769541
 659229
 1042163
 914947
 984518
 419734
 845474
 874368
 252554
 9238
 328575
 772102
 603096
 873586
 305264
 277945
 190619
 184494
 1015896
 9602
 832149
 1083313
 1030507
 97972
 508647
 1094793
 811960
 232636
 392898
 240774
 446466
 734068
 902592
 1094084
 1001217
 558964
 654296
 36009
 630497
 833066
 658779
 882973
 700030
 953484
 435655
 870826
 133381
 1056299
 1092426
 141529
 399913
 80785
 108094
 937420
 829944
 423728
 751110
 212878
 788539
 354955
 593317
 600391
 408413
 262886
 111533
 616440
 234062
 1002336
 455513
 576424
 835296
 377685
 379353
 809877
 426630
 549231
 258388
 489271
 655861
 344352
 1019760
 827991
 619373
 80677
 403936
 551276
 97330
 219007
 371234
 573501
 985696
 424567
 1081861
 487062
 631461
 1068924
 1072706
 837844
 321131
 508953
 428459
 976895
 646256
 644360
 897248
 305497
 408401
 630195
 513856
 376186
 555424
 824851
 815572
 933759
 783927
 362635
 89192
 833508
 718804
 636262
 698439
 1017556
 269210
 28031
 640985
 667564
 434770
 830517
 89839
 948555
 959575
 928911
 231247
 1096629
 825387
 440194
 518097
 254278
 426047
 619030
 831846
 535289
 507942
 462039
 567187
 934289
 658795
 17749
 409812
 730475
 410378
 549879
 50634
 735901
 207630
 203318
 218303
 569335
 973578
 520225
 888797
 723085
 807179
 359468
 926879
 48267
 34862
 888926
 638772
 802893
 162942
 313395
 840747
 1031008
 989329
 672384
 425199
 910929
 672333
 521391
 777376
 281874
 168266
 909220
 1057216
 565927
 307257
 839080
 145650
 1084482
 845376
 58634
 1036446
 852869
 511879
 858495
 591378
 1035500
 1077264
 146205
 559794
 309936
 13919
 937553
 736687
 805651
 218369
 1037391
 708826
 366720
 305906
 422535
 510024
 1047243
 585341
 902134
 65711
 765046
 676254
 1045938
 264010
 1097644
 878629
 1023666
 234646
 245557
 201538
 321565
 174153
 160954
 170615
 444556
 343821
 1060965
 735569
 895383
 491802
 305076
 408667
 565122
 496546
 241301
 62223
 395535
 1019715
 1013373
 966740
 895688
 430734
 52623
 208737
 383131
 399275
 784585
 386200
 547439
 420120
 22500
 1025491
 878202
 202026
 704959
 612043
 164634
 367848
 804254
 298965
 225923
 178149
 651049
 751386
 814653
 253638
 137624
 513576
 604156
 409659
 685063
 926437
 534025
 1005957
 947462
 420319
 356387
 136088
 271356
 75057
 150296
 185258
 175328
 224367
 432945
 670027
 1035378
 828246
 889612
 544952
 835675
 1051976
 277591
 639557
 867966
 921043
 839140
 636215
 606944
 304337
 1073684
 169705
 796167
 96141
 559548
 857242
 1033007
 178042
 577782
 499630
 1094411
 758350
 43252
 28324
 571568
 94873
 1088741
 354983
 877525
 879795
 524562
 1091273
 724676
 416586
 251725
 542827
 70516
 618007
 530698
 573026
 692142
 692633
 985285
 543934
 663387
 177214
 801865
 1052796
 552709
 195061
 470704
 712473
 421666
 963254
 1056203
 292866
 721373
 1052350
 553673
 6741
 565421
 87417
 452808
 711291
 10494
 1098299
 423977
 977697
 1095591
 1014468
 670914
 557119
 88896
 913631
 682002
 721643
 510767
 1099613
 415613
 322726
 179016
 684508
 902574
 568284
 664264
 729170
 234872
 1007498
 473095
 523252
 89456
 1059793
 164235
 714718
 403276
 26702
 526064
 210970
 682744
 564767
 483842
 558668
 648121
 129714
 1051268
 226024
 919719
 190065
 491564
 873514
 158986
 404332
 951994
 271700
 532770
 329885
 649298
 16995
 603325
 391713
 790791
 72953
 582455
 364186
 460857
 240639
 1046053
 751788
 489285
 41116
 531267
 310944
 846085
 257286
 518934
 20474
 514898
 313234
 927992
 861926
 118
 746616
 181413
 816252
 937300
 487073
 890439
 109999
 307452
 582936
 241799
 779027
 321138
 210195
 665336
 82331
 16384
 775592
 755606
 416464
 1057784
 170424
 254375
 1020144
 53937
 190099
 1067763
 371930
 911339
 408451
 660637
 1085001
 538454
 226533
 277750
 263329
 675203
 573791
 436803
 383888
 621275
 1099792
 549375
 1083888
 993774
 243470
 921841
 1085886
 828806
 1029301
 291828
 377724
 1069723
 527155
 51823
 633596
 294592
 601904
 62414
 388555
 686680
 105148
 142911
 418545
 397771
 382201
 1005144
 643201
 440273
 677767
 876345
 266585
 947987
 309667
 610588
 326473
 149504
 715917
 678609
 841534
 145246
 766571
 173195
 450877
 990860
 862714
 733828
 1038119
 816462
 3283
 209255
 1066796
 697190
 399637
 509579
 641378
 355381
 728230
 789369
 297430
 612432
 826668
 580484
 992598
 247693
 608105
 222830
 225888
 160827
 1079781
 1038022
 303413
 754586
 485480
 972307
 323967
 957180
 220916
 194694
 994793
 466409
 244919
 365848
 413682
 1022843
 711133
 267448
 692763
 671661
 1066731
 339487
 82280
 955558
 851061
 828662
 714511
 59052
 975006
 107628
 653726
 466480
 980458
 491666
 347901
 57342
 646449
 780627
 377168
 323697
 91157
 417621
 445390
 1015304
 445676
 265498
 343315
 230715
 842744
 431417
 656188
 110305
 1063300
 1090565
 158499
 73698
 966554
 495120
 35430
 249345
 662241
 859944
 824754
 370746
 431073
 735363
 411269
 973890
 951748
 1020994
 582899
 365663
 377986
 465923
 630170
 521371
 1017112
 790018
 374256
 741772
 1061677
 120300
 869182
 541803
 838298
 1030730
 843390
 121845
 884171
 899496
 431769
 126756
 724445
 124779
 94080
 845553
 790342
 972053
 181634
 551838
 479530
 494115
 376291
 86148
 1077231
 698441
 972142
 504226
 388342
 93547
 307501
 553690
 953772
 365414
 385416
 270532
 679245
 64465
 1036062
 109919
 819121
 456016
 160701
 1036244
 38830
 113975
 26065
 597222
 1010599
 898672
 576183
 1026822
 591198
 793012
 64143
 431101
 861993
 987447
 164708
 609855
 390914
 545035
 734617
 392657
 1078956
 308511
 63644
 192972
 699332
 669337
 1019095
 407099
 269256
 803408
 431014
 180350
 861225
 653574
 657759
 241107
 225129
 398812
 551983
 503174
 1034453
 700732
 53730
 891470
 549351
 196929
 341791
 269972
 818671
 836447
 971884
 81148
 543689
 328216
 192325
 220352
 346637
 347017
 250582
 95838
 530426
 345078
 70061
 272069
 1015115
 519950
 215032
 640624
 1023936
 265401
 95975
 342027
 315733
 17252
 743573
 843492
 335342
 122283
 720333
 1038161
 222994
 428935
 71712
 835710
 1042068
 316801
 821098
 469764
 275991
 165507
 184474
 867911
 840915
 1065526
 187798
 835981
 86756
 1050451
 1022019
 809632
 1089887
 897179
 14687
 308664
 153409
 891939
 749944
 660609
 162524
 143470
 1000233
 324788
 374327
 674830
 57221
 642679
 299187
 129448
 683416
 175571
 681722
 682736
 359562
 84510
 232936
 112581
 464905
 828389
 731440
 984227
 139281
 831141
 593552
 984916
 165735
 870266
 429168
 427103
 444690
 210293
 735320
 80374
 726764
 680642
 90167
 767858
 1059986
 406079
 536631
 748359
 55645
 718395
 293691
 284565
 297776
 444011
 164135
 258595
 866954
 434493
 579621
 28577
 607845
 1044630
 17463
 763782
 1091394
 515255
 238146
 751093
 1062890
 849129
 629121
 579948
 211913
 345503
 144685
 687514
 187263
 283241
 492768
 1088776
 673051
 652818
 45524
 96248
 963011
 898361
 339442
 529269
 850904
 700795
 839143
 623139
 199875
 960359
 324540
 627289
 774439
 419468
 509799
 597968
 860643
 998220
 767766
 796853
 940365
 17127
 142498
 850206
 99182
 790860
 937918
 459238
 637655
 604732
 826946
 12504
 651318
 172646
 767905
 1089056
 716172
 895207
 827664
 961098
 521411
 64810
 876240
 741515
 1022479
 981205
 505749
 729712
 792552
 223306
 318321
 862524
 815145
 647421
 126424
 407956
 20007
 1054549
 669586
 922956
 308565
 564481
 290125
 299971
 953515
 312652
 333917
 964683
 604862
 375555
 652247
 595128
 1053501
 588565
 62260
 710985
 219705
 94235
 410622
 145732
 1065134
 882766
 982289
 861154
 113087
 647431
 311025
 161273
 205639
 417493
 581677
 532569
 703313
 861685
 1007574
 423108
 319976
 354772
 679841
 474952
 1032697
 83224
 158313
 565263
 797393
 297135
 680614
 468344
 718425
 550864
 279385
 732319
 921166
 331359
 1054632
 1086908
 814622
 878613
 429665
 745272
 19417
 984283
 284887
 590464
 343731
 109345
 462375
 810132
 474033
 752952
 576831
 915372
 404947
 176869
 335042
 42068
 597
 487124
 1027657
 168795
 403741
 416041
 812917
 496194
 173293
 636853
 1008254
 238704
 968416
 632035
 134954
 750581
 709728
 990038
 757085
 504535
 470990
 833363
 139844
 425763
 829113
 968511
 106541
 603481
 833806
 399888
 203227
 101832
 707097
 1078893
 239141
 331969
 451037
 684158
 732131
 164380
 482702
 523307
 1090720
 29352
 609611
 355147
 673533
 827056
 595028
 84837
 767543
 146302
 876092
 4715
 75835
 158679
 362078
 326286
 454070
 6894
 517785
 177583
 1052733
 297851
 383977
 288372
 591128
 208632
 59892
 252184
 1092568
 207910
 867200
 997571
 512069
 182552
 556594
 555623
 1011940
 247930
 525882
 443980
 371152
 255775
 207703
 839869
 581882
 584232
 346095
 547761
 958717
 805398
 747386
 718691
 132876
 944965
 848186
 713632
 495920
 1015326
 982470
 619838
 21841
 751231
 309734
 910427
 1084896
 741504
 524852
 706689
 25576
 502778
 101793
 733954
 384676
 899345
 690736
 1023118
 673214
 136057
 836978
 287303
 873412
 83294
 810147
 79866
 151876
 990511
 811987
 435530
 816704
 652783
 614239
 682114
 269070
 64831
 87543
 151541
 765353
 250482
 689380
 586650
 786827
 1041682
 568002
 815121
 889481
 469979
 600974
 600462
 161414
 363245
 16076
 350149
 925545
 656094
 387267
 143353
 862808
 576565
 638420
 834906
 155887
 592412
 564437
 738220
 1049765
 202296
 435827
 751451
 199694
 760158
 668991
 606940
 829108
 42701
 132143
 31738
 452096
 329936
 790822
 817518
 330026
 205030
 507906
 236599
 424827
 801123
 70566
 730386
 551004
 504815
 861107
 912915
 1633
 851597
 516364
 307272
 1098827
 843163
 1035780
 334344
 961580
 246845
 995333
 874785
 943738
 844548
 726174
 424570
 362022
 346800
 683825
 881875
 608554
 684183
 1093347
 540050
 464514
 924698
 762297
 709061
 290559
 720507
 611326
 945891
 952484
 449558
 839292
 436875
 828820
 969221
 970889
 73595
 205992
 123457
 22173
 945717
 216717
 592543
 554449
 1098426
 976756
 934337
 567229
 1053918
 660041
 741937
 1076166
 953141
 131196
 667466
 692728
 347326
 742930
 175031
 78655
 974532
 735316
 179110
 697259
 1007895
 576060
 176565
 951252
 209020
 910784
 532834
 234321
 1030707
 243596
 553767
 174995
 61379
 829083
 231711
 252889
 211542
 382396
 1066016
 1092815
 1062110
 873681
 467201
 418060
 474555
 577648
 979159
 372396
 878848
 110255
 801571
 59602
 799019
 912647
 642194
 713413
 63702
 529267
 411849
 712808
 635047
 301550
 485059
 216023
 381514
 1093233
 39730
 795439
 658592
 829121
 102332
 792505
 234114
 862314
 343806
 314158
 715830
 528230
 880519
 85211
 54685
 138546
 672639
 210113
 777811
 440365
 632977
 822742
 533174
 1065193
 341052
 502218
 1088385
 690869
 158091
 778931
 1067127
 685227
 645448
 940424
 952054
 72500
 578369
 927683
 167654
 1045166
 705637
 706722
 696579
 1025648
 883614
 954516
 741798
 961029
 167059
 325092
 97091
 306836
 941538
 190811
 621990
 515541
 653767
 398138
 599953
 27385
 58261
 103236
 422285
 38950
 836931
 593791
 656870
 711968
 441444
 510112
 69323
 736666
 693358
 655291
 710784
 1065011
 236714
 952827
 810946
 201873
 941699
 481139
 887166
 660153
 701291
 812360
 350601
 678754
 954569
 719567
 236735
 598257
 815305
 17716
 295709
 730221
 240036
 922511
 306484
 911584
 327751
 471513
 97170
 420014
 175297
 1072104
 114709
 126022
 798094
 554234
 1094722
 372120
 822022
 419265
 921347
 458968
 1046814
 903642
 863617
 634639
 532757
 341143
 372601
 778807
 944523
 622260
 993573
 973714
 83814
 459214
 978700
 810514
 517990
 823121
 389060
 331552
 944305
 435841
 831294
 1020682
 624306
 417578
 779451
 290172
 931133
 1098461
 70600
 712350
 1031580
 207759
 576049
 416572
 485115
 611379
 1044197
 66201
 550826
 908009
 1062732
 381002
 606762
 707190
 427964
 403267
 1004041
 429017
 323396
 620878
 19356
 849744
 24354
 963748
 376385
 990977
 391964
 920409
 80895
 871728
 952722
 452111
 884308
 252501
 441438
 561702
 939258
 770652
 392078
 68922
 842734
 169751
 75689
 742837
 140146
 589447
 30928
 375831
 455694
 241938
 848303
 1009928
 44925
 561396
 194154
 327773
 1041271
 355786
 361229
 420699
 683401
 505842
 131389
 494909
 741482
 389179
 1065829
 20772
 661621
 159242
 242838
 402024
 699375
 14240
 938169
 946668
 623804
 93209
 628151
 739519
 1092701
 306089
 67198
 1080791
 329766
 776821
 1078481
 2588
 301801
 557911
 703916
 279196
 107137
 1082345
 375885
 921069
 385208
 500927
 674660
 266366
 460724
 37605
 650989
 465996
 650591
 859853
 339636
 610525
 974865
 618240
 320535
 753074
 384421
 193653
 455380
 942108
 618281
 364882
 199996
 67458
 475919
 204340
 898874
 413470
 264909
 427470
 134398
 1042924
 180750
 811677
 310030
 486057
 49376
 209112
 813237
 571427
 1038143
 1075662
 1098713
 98651
 675929
 153267
 82077
 1044303
 1030124
 580644
 649553
 585611
 179024
 147934
 621872
 448214
 583978
 725310
 973940
 613957
 806369
 1071656
 1076618
 496455
 1075079
 365097
 70219
 539760
 838430
 720081
 1024107
 110557
 541411
 928551
 574717
 896330
 558219
 137423
 1080131
 342370
 862821
 166101
 176916
 1086782
 797608
 179697
 952856
 870639
 152562
 556169
 353519
 375252
 636261
 238691
 609323
 239844
 117439
 23387
 1092731
 731598
 213160
 1069374
 726370
 731397
 442213
 793780
 480119
 1079228
 788785
 9963
 258023
 994075
 640810
 636776
 968117
 165231
 621469
 98775
 300292
 976630
 778883
 912615
 74101
 566125
 478796
 523985
 157317
 448420
 288053
 949280
 47269
 469598
 820625
 846812
 463955
 1044047
 768381
 538468
 908424
 481036
 246980
 393854
 73604
 93450
 652975
 901990
 717762
 728841
 47255
 387712
 990138
 441268
 1077409
 776679
 936512
 502052
 820851
 185625
 233440
 1008850
 573422
 472006
 1064641
 1081398
 231554
 280468
 43535
 382016
 991519
 301773
 465933
 81093
 918938
 635134
 569415
 357601
 193469
 366738
 23586
 827892
 433298
 334263
 287869
 754313
 255159
 652551
 270008
 311090
 265168
 892404
 159132
 266229
 111029
 609969
 641300
 146223
 390239
 452576
 1076441
 771379
 325336
 559077
 525930
 871843
 188486
 113691
 945890
 7563
 595443
 429086
 210013
 100210
 602242
 636856
 287248
 547582
 457473
 100066
 683023
 872606
 154250
 175989
 113091
 385962
 312652
 793441
 573295
 528691
 1015856
 1060660
 473816
 598970
 633683
 102831
 814437
 927052
 894083
 170725
 109810
 364822
 290622
 334476
 207299
 124782
 721137
 486549
 748150
 860068
 210293
 811892
 840259
 661812
 828898
 114947
 799066
 493054
 947075
 631669
 451343
 822637
 426122
 1047761
 268883
 935050
 535142
 727141
 1072984
 84459
 162551
 221496
 1072161
 450712
 328135
 654087
 78027
 725764
 663084
 876309
 805749
 98639
 365727
 359774
 1016547
 723673
 447246
 767416
 1013876
 437978
 303040
 26467
 206039
 783971
 260620
 222559
 113835
 71747
 300438
 507698
 644048
 1024372
 908617
 984900
 445731
 226193
 482664
 704578
 372337
 54826
 544459
 648473
 473909
 411612
 770153
 834293
 308880
 532363
 94937
 637073
 268785
 471714
 500457
 743442
 259254
 95602
 542558
 501615
 749782
 189939
 906469
 666416
 638209
 249487
 1020355
 202059
 603742
 136586
 471738
 200400
 575888
 863889
 162863
 409031
 109220
 1046466
 695897
 174930
 112069
 1035315
 289772
 1044899
 218876
 428799
 125076
 761069
 572853
 904191
 419983
 1023523
 861759
 805811
 498986
 321993
 336606
 1094336
 532889
 377371
 935674
 365774
 586136
 2261
 524284
 451671
 1043071
 110079
 807451
 388571
 889138
 2180
 711247
 695096
 852806
 799178
 542969
 92416
 138329
 279149
 455915
 83222
 1001084
 554002
 955282
 427040
 377567
 61668
 684075
 62495
 270803
 429453
 239121
 702384
 607615
 542864
 41123
 73821
 992117
 863802
 127888
 1010896
 399230
 370135
 659027
 409216
 589652
 131356
 791117
 487379
 102469
 297432
 640483
 503782
 46451
 473219
 823235
 706647
 655965
 756008
 788010
 732194
 468239
 708235
 758467
 768694
 262599
 357533
 314027
 784030
 122389
 159256
 634526
 630102
 163672
 599323
 982805
 491485
 545453
 588138
 529695
 986783
 901177
 568734
 762480
 390781
 99055
 180377
 531658
 1098006
 259042
 104344
 270985
 575475
 67377
 970618
 575048
 14313
 790888
 469385
 199996
 761172
 679189
 380493
 827640
 627733
 241409
 429310
 750019
 378507
 666725
 777095
 352698
 983143
 759451
 1087563
 375093
 24306
 804822
 392341
 573772
 651962
 380338
 558567
 964651
 535242
 635009
 430687
 498899
 326920
 427649
 594893
 857077
 854401
 837864
 461603
 165871
 384828
 821670
 931075
 218093
 772291
 417858
 7539
 740195
 27603
 82535
 405827
 480339
 554977
 953596
 1031852
 843541
 866290
 51036
 137878
 745239
 116242
 327271
 1041661
 269748
 250813
 564402
 457897
 755773
 87055
 1072359
 817599
 666728
 1074208
 190008
 646470
 876913
 164090
 571092
 12290
 584113
 38777
 424968
 280266
 14331
 824017
 904321
 447827
 19272
 164984
 776448
 1087092
 665790
 320553
 987024
 118059
 813089
 402553
 760686
 903170
 248620
 897350
 706992
 594743
 323279
 798048
 15122
 908708
 281096
 540864
 221722
 784456
 820029
 997692
 594530
 253127
 438324
 875228
 1073201
 460914
 781087
 86390
 898269
 648090
 932090
 353873
 684116
 209284
 13754
 597800
 796690
 127491
 760482
 760265
 550767
 728046
 475488
 257895
 809796
 937027
 873968
 1055695
 336355
 319917
 857218
 501116
 407148
 197342
 497716
 278057
 162084
 585054
 137800
 809377
 436514
 364453
 418553
 1082659
 688904
 101835
 408091
 876723
 276373
 1095216
 68636
 124180
 713447
 149625
 980008
 214314
 582554
 965274
 776681
 1052400
 552973
 37686
 417527
 224643
 589600
 702623
 768654
 325530
 406362
 1060256
 1026956
 917117
 700021
 681420
 179506
 498853
 824616
 1073248
 943166
 149125
 633070
 854541
 660181
 505756
 583828
 337342
 420118
 658472
 253466
 299997
 447347
 1082626
 39280
 49082
 732693
 790199
 91040
 1035485
 411040
 284444
 135694
 679472
 633294
 979116
 713214
 1040348
 687855
 505872
 154113
 987407
 366026
 276612
 111500
 577949
 12625
 1067873
 227837
 808654
 141871
 725961
 1070245
 152741
 672254
 109196
 498762
 297254
 796982
 994570
 537952
 584874
 945503
 124581
 318992
 538208
 1091393
 460854
 79092
 357034
 798236
 1075781
 877070
 101469
 305722
 379703
 199907
 411228
 1099137
 348194
 647174
 53710
 1045927
 788779
 477745
 1089179
 505059
 1012553
 212521
 818289
 165645
 803291
 37678
 722367
 436833
 278005
 295134
 864671
 365412
 582845
 308302
 822846
 395215
 429417
 939905
 501612
 189138
 903641
 329195
 124885
 561131
 961254
 113693
 379254
 26277
 473218
 307269
 1083523
 142137
 489520
 166686
 20417
 307899
 319488
 773922
 524143
 861907
 477295
 93783
 777769
 756494
 361678
 771207
 676347
 332378
 318917
 347007
 75866
 485997
 297078
 794053
 665679
 724033
 282645
 452052
 169594
 327332
 738665
 638429
 73589
 931020
 736605
 681762
 953334
 470397
 1050748
 224141
 286844
 466518
 51198
 912114
 558089
 983209
 734929
 843890
 831598
 767294
 725902
 1055053
 728918
 487283
 524863
 584725
 167497
 315855
 520407
 406797
 2638
 208486
 628832
 253933
 361421
 659305
 719231
 58669
 166579
 38141
 836512
 98717
 260073
 190091
 538382
 367495
 12133
 592273
 536603
 844323
 873427
 116159
 434530
 285262
 1014104
 484456
 98328
 1061391
 953448
 156259
 389970
 318145
 639979
 1032844
 539714
 342444
 209771
 1046384
 571970
 380230
 952115
 757558
 52226
 82688
 664005
 968187
 731993
 958733
 871529
 106894
 527095
 544966
 776173
 118893
 774230
 837318
 512190
 829929
 346863
 924731
 301517
 369863
 595287
 1098408
 584689
 511612
 497224
 962578
 577835
 157466
 1060518
 729394
 329981
 440967
 401994
 106537
 354053
 1026532
 909477
 1081922
 312902
 448011
 396281
 670795
 58504
 995950
 1023088
 549195
 1011051
 382560
 202888
 54985
 102339
 62012
 466456
 847181
 294186
 912730
 365905
 616190
 952031
 516198
 237722
 257627
 861769
 169767
 330588
 629902
 103096
 253140
 269244
 786752
 672174
 793443
 892608
 896271
 312163
 724798
 13398
 1020043
 508091
 907396
 809762
 366967
 436845
 297619
 864544
 379390
 336878
 109060
 291329
 237542
 879727
 261433
 509260
 810263
 775335
 583118
 908026
 374337
 191404
 795906
 673642
 781134
 591366
 1097498
 892898
 707835
 906109
 225762
 944372
 549302
 481852
 1007561
 865649
 469707
 842580
 504489
 229114
 211321
 460039
 289032
 620441
 862813
 8774
 1029646
 331528
 460078
 517086
 882213
 382832
 757366
 176078
 492772
 279949
 366135
 148521
 946082
 312476
 820735
 140282
 391266
 761005
 1098476
 828325
 486509
 572879
 523261
 1071959
 302685
 845461
 1000169
 395800
 25364
 438574
 348715
 965772
 72125
 1097751
 692638
 891148
 765968
 81881
 44208
 284071
 229700
 656872
 114037
 688933
 487599
 22707
 983258
 855110
 16006
 530910
 428877
 755769
 308953
 990318
 659944
 668122
 1098030
 97844
 531047
 1043353
 729429
 235068
 346123
 483115
 442933
 127014
 118423
 628740
 65487
 329508
 713593
 714070
 1013536
 462439
 288374
 803120
 563221
 135462
 641008
 719506
 103805
 9047
 156271
 709950
 1097102
 327052
 481977
 762441
 502860
 1003480
 1044052
 886013
 213964
 654214
 612988
 745788
 12573
 911672
 136529
 389242
 267405
 1057011
 668126
 662655
 725288
 355780
 926260
 270662
 1052489
 620538
 843477
 620418
 830726
 1098289
 713217
 534080
 638730
 839329
 1083943
 270042
 167102
 406447
 45226
 820840
 106858
 293545
 427016
 438628
 66938
 810261
 63141
 999054
 962017
 957324
 923381
 1039359
 880645
 185876
 115616
 604888
 655235
 698738
 729890
 940221
 1000913
 491558
 1026550
 371281
 663227
 740666
 947574
 1009361
 60778
 682812
 435310
 837472
 692395
 357140
 221499
 778010
 879524
 105427
 1013795
 577232
 564898
 1003354
 560871
 61153
 374391
 316681
 857717
 374657
 958624
 270612
 1004381
 870414
 991550
 724544
 118199
 422626
 183372
 120675
 1058009
 781687
 1092904
 845263
 1085421
 391715
 157315
 282332
 406655
 926057
 986486
 31812
 620915
 88320
 56559
 923712
 1018526
 83020
 114469
 31100
 88200
 401593
 759305
 1083061
 242663
 876408
 873995
 291724
 626862
 746399
 1067274
 535146
 49841
 912941
 382237
 659774
 511546
 243208
 92159
 1052976
 250301
 231366
 107363
 930265
 789487
 361108
 345096
 782479
 561281
 1080042
 783361
 339057
 424145
 936552
 651045
 442837
 612659
 79084
 916745
 291222
 432420
 268141
 913286
 172436
 715687
 979432
 39627
 416061
 77449
 633349
 849594
 894134
 517529
 732440
 587038
 308520
 112989
 635703
 1079630
 147584
 416001
 138656
 235828
 593994
 139325
 1050575
 14756
 998981
 366577
 562278
 135890
 198674
 169040
 729194
 111058
 117895
 305270
 899972
 605725
 219966
 691006
 689058
 387864
 724445
 342249
 328900
 1038500
 727778
 49233
 486836
 483872
 937087
 445465
 794552
 446300
 919531
 585777
 208628
 339243
 899214
 1073348
 244387
 358993
 2251
 426470
 405916
 326414
 42506
 582055
 762380
 271440
 334035
 915679
 821315
 197108
 818897
 518651
 906478
 1080953
 959787
 743738
 929913
 369451
 4800
 29692
 96213
 696225
 844672
 875014
 1001429
 62190
 18054
 588852
 448765
 454207
 928503
 502223
 34241
 673946
 936384
 543414
 211014
 810446
 965904
 768821
 826907
 157619
 450522
 418190
 240736
 909772
 708793
 621257
 901397
 264634
 80860
 229726
 1042513
 506486
 578549
 51548
 173329
 82232
 951277
 422808
 907564
 212297
 647945
 689914
 213601
 54114
 100616
 196302
 1075960
 29109
 482262
 973220
 242444
 873641
 447465
 785632
 260641
 354958
 731938
 577207
 784172
 326058
 1088027
 1009912
 1054443
 776539
 1083527
 570742
 713843
 578565
 592943
 1038510
 711207
 377211
 650895
 248346
 280400
 821881
 145375
 354561
 631274
 889047
 1098494
 717316
 614553
 578842
 27665
 927819
 833405
 689135
 529583
 531007
 8876
 614936
 84711
 738003
 369998
 928904
 592162
 432228
 901042
 665458
 796082
 576714
 889170
 566658
 161457
 342843
 692270
 238111
 388651
 1021960
 862619
 925958
 744725
 932859
 171678
 668760
 1066182
 94312
 519975
 407730
 202340
 233930
 844683
 337407
 649981
 790523
 534293
 914711
 910255
 368235
 169184
 761719
 690426
 315823
 148376
 8237
 822440
 796699
 895596
 382479
 544100
 1053869
 224890
 305390
 196352
 94366
 279542
 554488
 44317
 516813
 1099243
 410733
 8869
 65946
 757626
 420672
 706792
 635456
 297438
 453817
 1071315
 425820
 1013334
 324960
 637308
 15079
 869315
 394363
 415403
 1001789
 946159
 382568
 1023615
 776831
 808039
 996823
 946839
 313376
 882574
 246155
 83627
 579893
 533751
 133569
 1093283
 749708
 407981
 294534
 320103
 338146
 427710
 279521
 451696
 13965
 56562
 172774
 259680
 132573
 658447
 955794
 638754
 191733
 1056215
 213385
 116020
 194577
 363265
 76014
 751576
 521147
 942570
 686403
 197334
 890616
 195496
 310820
 413415
 1099188
 816767
 1038640
 159706
 9422
 942279
 1003123
 1073327
 270649
 535529
 781508
 321431
 714350
 701407
 581575
 706283
 205705
 24700
 701763
 167338
 119507
 42930
 610529
 626780
 136573
 968378
 313004
 853490
 168670
 472340
 545766
 888611
 791715
 394762
 507008
 151588
 668281
 926626
 459426
 91892
 239642
 256020
 103625
 474576
 628518
 377638
 635047
 1081159
 735622
 34964
 416044
 725761
 716233
 1044386
 41867
 79073
 634979
 884757
 682950
 364233
 885934
 884534
 1043773
 676238
 711063
 690316
 25372
 703292
 374629
 225028
 127384
 253386
 960518
 994204
 607683
 965770
 1071344
 478596
 42919
 491438
 709753
 836430
 189443
 466723
 897873
 279080
 806507
 584604
 270640
 194862
 648282
 15818
 538946
 284919
 63279
 774519
 307367
 767454
 843318
 632826
 448920
 275762
 1025578
 372989
 503064
 859910
 750030
 52187
 731024
 856471
 294772
 513937
 428764
 814760
 617511
 409321
 200911
 254324
 171116
 769841
 276915
 861301
 576483
 19748
 944129
 821926
 965212
 664730
 871534
 301646
 304995
 390072
 595516
 210930
 708783
 630915
 692954
 1005840
 821036
 621290
 376448
 840079
 798480
 286745
 246607
 1033215
 880403
 598094
 267151
 176336
 75815
 118664
 489887
 217893
 110300
 952297
 243479
 198520
 399144
 348825
 1019384
 247578
 303656
 114742
 240469
 810382
 836662
 1088068
 709167
 670742
 347768
 134592
 1083416
 506000
 699472
 831058
 912715
 162295
 603806
 148362
 56128
 696084
 577196
 707014
 727207
 1027012
 495585
 172169
 157221
 191979
 165917
 523617
 502519
 508460
 601892
 895532
 120823
 539770
 1048928
 220961
 965028
 624673
 74866
 881421
 525708
 334582
 803269
 811116
 564898
 60125
 682091
 246776
 446062
 354052
 112543
 208373
 169474
 598584
 1086330
 986843
 824287
 474970
 717245
 1090360
 1075296
 1049119
 135805
 263884
 569630
 673295
 383243
 402243
 114012
 780781
 1037947
 1076571
 373276
 516215
 661874
 1065967
 854455
 516157
 401872
 52220
 26237
 550264
 759866
 756406
 409232
 190074
 868527
 1084139
 285932
 453992
 338151
 957194
 1076762
 241615
 219692
 77670
 395868
 259759
 541408
 235083
 1021008
 172302
 540114
 102122
 318562
 532668
 1088737
 80117
 761938
 947126
 934754
 797652
 437690
 997393
 320357
 1082413
 192559
 920577
 139031
 976897
 791513
 605105
 826092
 150400
 219446
 1056592
 501049
 634381
 856210
 413580
 262475
 974984
 491646
 47698
 329888
 614436
 385791
 419759
 566633
 881486
 1018134
 798527
 1006950
 535872
 104458
 872567
 465282
 57548
 375606
 594386
 471155
 451996
 303840
 647325
 62309
 1026558
 1083023
 474617
 899266
 532092
 983332
 76841
 513301
 672045
 284571
 514643
 739997
 29317
 33954
 311280
 250245
 515849
 261999
 891665
 887901
 201162
 931347
 1026960
 191098
 333441
 328245
 1031586
 317729
 20478
 395812
 314754
 81866
 252638
 307455
 215447
 13767
 22728
 944723
 244671
 825528
 322044
 543447
 1033101
 1064069
 602548
 560562
 409094
 555625
 1047016
 59366
 448639
 343282
 206349
 146730
 939837
 259150
 455827
 295101
 845792
 722016
 664451
 972372
 17015
 546299
 407509
 964503
 603381
 189072
 341183
 895543
 1035936
 92474
 314968
 498079
 997391
 561664
 137489
 983410
 848524
 40047
 552961
 937349
 480321
 529554
 878119
 286171
 278723
 714018
 621792
 914393
 970861
 416206
 636519
 137998
 36867
 42950
 958334
 318330
 63140
 417491
 326929
 845984
 664443
 814548
 508079
 121571
 734269
 1092779
 824372
 1028722
 578464
 990746
 780414
 923009
 980678
 266079
 159785
 1010913
 861488
 819909
 1000471
 477726
 338331
 867403
 210539
 59034
 453163
 363239
 125331
 691185
 87682
 157198
 22388
 694298
 244506
 626643
 762954
 168439
 129307
 870699
 357930
 511032
 746581
 702762
 649448
 23947
 540398
 967762
 443967
 919320
 231979
 825178
 211454
 781291
 588637
 989866
 497119
 754693
 932268
 637046
 276596
 725984
 282524
 249859
 641928
 785168
 598148
 818604
 1060570
 721023
 402570
 165696
 443693
 78162
 350920
 588666
 539172
 474993
 264108
 706612
 795412
 719565
 679891
 356425
 193831
 844762
 417003
 616582
 994929
 596673
 671001
 592849
 287223
 845724
 762079
 183126
 864533
 883266
 429666
 63986
 1053464
 509095
 313908
 395219
 102554
 583517
 825399
 698478
 444624
 314689
 928907
 470340
 881149
 187396
 410835
 955907
 563099
 346364
 433688
 68693
 220710
 142022
 905207
 133638
 435421
 498196
 961778
 68355
 715383
 721770
 818183
 30312
 307668
 941967
 599615
 137409
 208421
 15360
 969938
 126440
 1025902
 792738
 49119
 259353
 930434
 43263
 53389
 955905
 513009
 144255
 53708
 29845
 1052043
 683192
 600814
 1063904
 431556
 951895
 490325
 781654
 143827
 649655
 987702
 215935
 290882
 945507
 444225
 18218
 234272
 93992
 203458
 68863
 239308
 533733
 301170
 123794
 578572
 239602
 1097904
 889744
 933604
 441066
 378118
 608940
 70742
 987021
 10549
 340116
 847935
 300317
 509717
 737174
 65822
 535935
 515323
 349451
 776720
 400731
 519779
 147463
 301338
 734660
 82153
 1086066
 840449
 644568
 537266
 735452
 55216
 914299
 597456
 653557
 191026
 812875
 537104
 795882
 492946
 745791
 109053
 232971
 85326
 269995
 289120
 39451
 448037
 647819
 143254
 657360
 243541
 896321
 782680
 324344
 540317
 145794
 275663
 567268
 64100
 1030702
 1094393
 711788
 506380
 255954
 121061
 394259
 1083321
 912194
 259456
 846462
 200230
 1080191
 101734
 129948
 874877
 504508
 366894
 890354
 277310
 739290
 51257
 115288
 567902
 4138
 679592
 1068817
 120764
 695289
 538076
 1031901
 575325
 384671
 708800
 838096
 547942
 1020963
 222161
 1003742
 377446
 205217
 668198
 384299
 800828
 552802
 738379
 921044
 493930
 1035817
 61295
 392154
 290060
 61376
 616224
 528992
 600147
 1094010
 951241
 337073
 664980
 1088723
 772556
 763213
 709222
 416583
 513590
 645636
 407211
 584974
 298643
 825753
 1052625
 1091541
 378412
 486381
 562671
 71334
 294503
 185510
 275966
 658256
 575612
 359932
 817355
 806307
 500226
 83625
 563162
 983635
 14091
 70319
 579697
 595995
 597811
 194538
 187517
 1027080
 222872
 550296
 199893
 967394
 916725
 50654
 148023
 539448
 801975
 3004
 861238
 786013
 723498
 1043819
 980275
 1074951
 753979
 487730
 562199
 328512
 559235
 173090
 751017
 559894
 278473
 118177
 350643
 639544
 732081
 129442
 328272
 779190
 953931
 248755
 83770
 525003
 634054
 185875
 260734
 61687
 108436
 794853
 580710
 392389
 419582
 674669
 379357
 944814
 981653
 926525
 470194
 341107
 458395
 147374
 705531
 282716
 668164
 88101
 843873
 762124
 388962
 1040888
 822390
 243829
 162329
 469905
 26204
 941808
 363703
 70012
 177243
 840538
 652240
 950821
 205760
 993643
 275532
 103611
 124398
 199287
 251526
 623793
 960684
 1098563
 121422
 708393
 719614
 507975
 1078446
 683894
 246595
 354342
 506531
 942763
 693517
 535506
 766961
 972603
 1041501
 1076823
 129631
 100996
 411097
 831846
 397851
 521847
 381198
 403886
 234055
 499968
 136564
 341646
 653674
 868710
 548858
 642447
 1067273
 1002543
 197604
 317315
 435955
 948207
 455101
 478717
 1099864
 208738
 581936
 597813
 460175
 254559
 308569
 145200
 635824
 807922
 193559
 815651
 24909
 956277
 258146
 442949
 454366
 711616
 361070
 980438
 196077
 572464
 1086316
 411912
 476988
 439197
 131398
 19958
 691392
 57281
 485850
 667190
 277192
 611402
 221283
 323807
 624456
 56309
 786379
 122300
 1059409
 160072
 625282
 111247
 464558
 784783
 1019357
 612575
 1037972
 1071307
 369599
 398775
 361532
 67723
 345232
 124811
 33793
 844655
 23735
 921551
 755260
 234031
 749578
 576161
 204285
 305431
 490853
 23738
 31567
 340900
 386359
 797040
 135524
 340249
 776688
 1034803
 530990
 1029581
 733846
 150275
 263655
 578789
 494855
 709465
 785181
 1060691
 1008059
 1065362
 135463
 274903
 253301
 821739
 155031
 373149
 468933
 531847
 199489
 1098714
 1076724
 174558
 564904
 921706
 677376
 625879
 56376
 714827
 519898
 816765
 85923
 444208
 5557
 378674
 947190
 520181
 1080711
 646532
 500956
 220017
 1055772
 235230
 94878
 186920
 650920
 104346
 789935
 569499
 165564
 308363
 976745
 708941
 107560
 554523
 325776
 396441
 343715
 578535
 244425
 81108
 442246
 97504
 845478
 420920
 873569
 975710
 452551
 361568
 450024
 362508
 596213
 273263
 987961
 56850
 897575
 456241
 143436
 794724
 624532
 657566
 44948
 147093
 150254
 661039
 526735
 910676
 215019
 996394
 753255
 740863
 345081
 280337
 522794
 623780
 491318
 550905
 730280
 578016
 54067
 272728
 118181
 663961
 476662
 854147
 426478
 847662
 326105
 201775
 579801
 2096
 267214
 615720
 893027
 617973
 879523
 849373
 868715
 309569
 951505
 652452
 467663
 1093615
 274368
 268566
 782757
 1034284
 710470
 467918
 206073
 94246
 621324
 663439
 490802
 581813
 483481
 61309
 477451
 903056
 713950
 791588
 617845
 1067932
 302867
 993590
 171351
 789791
 487515
 671816
 817454
 372557
 980162
 1089757
 479499
 180915
 873803
 395514
 508276
 363774
 708272
 604706
 689927
 674983
 692078
 605541
 1013691
 195112
 691991
 450619
 1020845
 487847
 338304
 72384
 1084305
 628075
 1079825
 11559
 617903
 284878
 883090
 497362
 984675
 708318
 245238
 949420
 39647
 537608
 719015
 20879
 700604
 271682
 958193
 624238
 490614
 809918
 653522
 782187
 1055871
 167375
 385617
 292586
 14827
 139441
 846445
 541434
 172793
 379068
 138455
 325123
 348139
 951099
 972798
 459890
 211032
 632255
 343747
 156376
 296970
 352853
 287135
 446652
 691364
 550187
 322453
 930254
 205716
 27599
 342254
 763701
 803741
 410885
 360055
 656900
 957981
 874927
 976127
 266594
 554944
 252434
 927167
 523710
 446457
 470734
 728190
 157674
 811952
 325653
 654982
 762550
 778330
 592839
 239342
 408224
 378344
 715620
 290383
 1003693
 26534
 817121
 927842
 757
 910359
 1065877
 405218
 569062
 178306
 955267
 261200
 290960
 320930
 605927
 731880
 672863
 599384
 895248
 421491
 846400
 148003
 489009
 220138
 376764
 744668
 30742
 558244
 405286
 576144
 99734
 621551
 451180
 421934
 796747
 806473
 110777
 12276
 1087200
 727282
 528254
 863006
 834822
 690762
 877526
 206037
 772708
 229259
 475830
 962393
 839055
 1011775
 387274
 160319
 322861
 735464
 501546
 76725
 70752
 458933
 219683
 10637
 410772
 516905
 187952
 959488
 544195
 576496
 66379
 191492
 222481
 66935
 167561
 461945
 228194
 492154
 265260
 968984
 888719
 842559
 688847
 750386
 573423
 870098
 359922
 376006
 727592
 475818
 877953
 991383
 189615
 1038447
 677395
 940110
 79372
 1012878
 224628
 631976
 431641
 914973
 538471
 750573
 147718
 850162
 613861
 225317
 720248
 507681
 244635
 896986
 499406
 848057
 253165
 298356
 416268
 103923
 864266
 555648
 1091235
 689152
 714307
 882414
 700643
 958187
 841820
 1085101
 366491
 17191
 614057
 706632
 288878
 502785
 129918
 972996
 180034
 654155
 721587
 520243
 15693
 938178
 697107
 426998
 675513
 1059821
 795511
 780179
 50718
 382124
 54433
 596773
 796857
 212488
 210110
 133313
 224218
 884595
 78126
 576833
 1048078
 825165
 1074212
 467520
 627241
 229390
 481623
 875288
 612693
 754977
 663846
 232669
 883796
 740099
 144069
 661211
 845604
 753085
 284071
 908163
 687355
 382174
 395169
 7000
 709347
 463451
 206246
 339425
 474495
 714331
 910877
 930239
 190619
 679606
 775045
 289634
 440882
 360983
 339812
 668812
 1068752
 82707
 66441
 1011591
 995176
 1055164
 931234
 540348
 881516
 790902
 565164
 222424
 496703
 1041638
 664750
 393574
 1606
 413724
 704499
 492059
 661583
 247657
 676911
 281592
 1095752
 941359
 764182
 516929
 655214
 240454
 1090560
 667044
 69509
 1019195
 781316
 88637
 418114
 984233
 520760
 470163
 53237
 248888
 396751
 181586
 185254
 1069234
 42021
 723218
 409100
 136502
 1035375
 629965
 967719
 522012
 36561
 572640
 76456
 829735
 788990
 1095611
 234481
 188074
 495434
 856549
 183939
 220377
 183198
 1049684
 447701
 225115
 448562
 1005921
 186003
 807284
 368180
 111976
 317020
 201986
 740672
 352436
 245726
 801797
 290494
 409439
 1069402
 312319
 826519
 986106
 966907
 290136
 479657
 747273
 296870
 733839
 583090
 627564
 203317
 691520
 477970
 255363
 300543
 220430
 21121
 775200
 974723
 946701
 1073029
 527818
 795646
 219844
 737377
 537052
 23392
 598959
 143383
 612337
 987461
 449555
 480605
 188287
 223574
 395458
 1090135
 1003648
 245652
 646630
 855786
 782213
 110521
 988840
 892971
 395652
 670204
 100019
 504228
 512558
 27259
 887621
 50341
 782982
 963142
 675932
 1034633
 648559
 1069254
 724190
 344862
 288928
 573384
 623767
 917241
 158395
 757678
 79270
 600871
 580717
 1069974
 658720
 401797
 981973
 390996
 123916
 452421
 57669
 281115
 19712
 465723
 1065829
 982353
 822682
 1048113
 715576
 226287
 769547
 261114
 368834
 1006638
 438516
 195912
 1070250
 133634
 635093
 284462
 404988
 260817
 1047488
 203305
 779301
 58242
 843019
 436725
 606634
 547791
 749043
 632938
 265025
 430997
 386368
 426138
 68471
 474657
 93431
 440293
 455661
 593577
 357543
 492150
 270068
 276988
 550982
 653780
 965787
 189506
 585397
 296653
 704307
 955765
 764205
 966830
 933520
 586869
 954349
 92819
 319666
 571476
 685899
 245818
 106198
 1056794
 383571
 869171
 687015
 109119
 47201
 783012
 455765
 750455
 468867
 586807
 39427
 628020
 831988
 614492
 494909
 267949
 474636
 82067
 516486
 16114
 704908
 978985
 37217
 754370
 270882
 88151
 265423
 935833
 362629
 152526
 768083
 382616
 706515
 237251
 943995
 957281
 245614
 837863
 796019
 968615
 12704
 158379
 852925
 680177
 927362
 930260
 571328
 323632
 375137
 72497
 361272
 395273
 655191
 459038
 41465
 292750
 110210
 938867
 326336
 455739
 961108
 269521
 605405
 962021
 127123
 1052273
 6983
 2412
 91571
 878418
 52664
 193521
 53668
 14293
 701483
 389440
 582653
 1038880
 659684
 292133
 694463
 217736
 552013
 730324
 623845
 747006
 592984
 121725
 382560
 253057
 1061317
 299586
 115551
 1099906
 594911
 22427
 638614
 734814
 318427
 9220
 759561
 92798
 495761
 532269
 562269
 1087845
 577574
 646727
 773015
 1015069
 502383
 984548
 549512
 156016
 890003
 396661
 264146
 866000
 935959
 731649
 318161
 362380
 775409
 495520
 1021094
 1092697
 421320
 296741
 672846
 12731
 394837
 768864
 115819
 843744
 911603
 164931
 705198
 549598
 673143
 602009
 503443
 448128
 637508
 900037
 390699
 574350
 1010307
 648597
 408992
 864247
 561959
 642584
 489954
 865994
 364951
 482656
 484699
 272619
 105996
 566350
 412777
 320285
 125638
 303091
 55365
 838626
 602875
 450894
 207995
 780381
 737304
 900350
 939131
 957178
 694385
 257409
 841273
 166242
 574463
 757868
 784404
 277840
 590273
 1029672
 1024626
 565734
 962890
 201110
 358903
 133266
 1025988
 166065
 1075249
 858487
 110347
 697960
 978540
 668300
 1021235
 585233
 297175
 11776
 825834
 365049
 554732
 1034216
 10569
 610024
 317777
 642567
 256477
 471349
 381313
 911568
 531917
 1029303
 439915
 531544
 677175
 964904
 1001660
 1077201
 661210
 237519
 102744
 823284
 278959
 835049
 195005
 674575
 382061
 138952
 472787
 26100
 307622
 855906
 281658
 998165
 554415
 977736
 616111
 577115
 1063874
 1019730
 687851
 246720
 62397
 1090772
 738356
 358903
 893488
 271374
 299778
 471464
 794307
 393767
 349959
 452124
 950312
 734401
 727392
 341190
 177619
 1080512
 1043981
 137265
 628004
 925869
 565298
 1043880
 528892
 418289
 604641
 587346
 545582
 535212
 289715
 448277
 315178
 624416
 747614
 477083
 478292
 869781
 663134
 647883
 293063
 795213
 883722
 569792
 435778
 489334
 365364
 643408
 443553
 582872
 1052350
 418394
 638643
 582329
 165682
 846520
 771440
 305505
 950627
 18334
 830433
 6349
 1066095
 358558
 615979
 301114
 325382
 389957
 26339
 38685
 102562
 1070132
 261793
 974996
 1077362
 865416
 590640
 545135
 616144
 680975
 444712
 506783
 915571
 202445
 690062
 225706
 612750
 710353
 934950
 723352
 416248
 178238
 416619
 720
 990221
 562444
 541733
 891810
 677132
 960215
 750381
 1001030
 97144
 302601
 693017
 728228
 695249
 59826
 4472
