816840
 408037
 909766
 513722
 196765
 481841
 271128
 672355
 754166
 79484
 822185
 107967
 268979
 481125
 411924
 424841
 561402
 707441
 409695
 159896
 329240
 392396
 172590
 330048
 656106
 16608
 586231
 155733
 262849
 997823
 552069
 876876
 697871
 768159
 908589
 388149
 854439
 494845
 228679
 806601
 234450
 957312
 784911
 868670
 977442
 527312
 497654
 587306
 87951
 962293
 830979
 297890
 696726
 494776
 525558
 690513
 457664
 345494
 306122
 592719
 763193
 608096
 916241
 1055801
 859808
 428119
 552220
 311619
 863150
 765940
 365401
 167012
 1067129
 295416
 922736
 751412
 975502
 46913
 482953
 1093230
 696147
 179537
 749691
 402407
 778083
 935613
 439756
 764246
 268222
 538698
 663531
 365677
 504735
 94426
 999682
 661670
 586615
 470035
 446635
 68325
 125717
 682747
 936923
 936714
 939979
 168822
 542530
 234394
 517978
 195385
 1055857
 952628
 638864
 106327
 758509
 988386
 856061
 905141
 763269
 382840
 790010
 933137
 356641
 726836
 1020362
 466766
 751345
 500064
 166512
 263316
 374306
 491924
 495886
 273203
 760850
 842657
 5423
 900849
 680618
 731959
 661671
 649903
 13572
 1069644
 555993
 678228
 505003
 953351
 289399
 4654
 67411
 93750
 703489
 87684
 382209
 989622
 175065
 752402
 687361
 238451
 778354
 713163
 891940
 568891
 515217
 746351
 736139
 724758
 372940
 366874
 434784
 231029
 602530
 1035368
 461785
 174146
 178959
 382914
 537945
 366926
 46574
 1064606
 931304
 883719
 434234
 788995
 862401
 1014133
 1073712
 867942
 388236
 132780
 463615
 902312
 672766
 385664
 680735
 869938
 62439
 475251
 140773
 755761
 652809
 973335
 934610
 1037099
 20247
 273212
 1092003
 448741
 507731
 526031
 883139
 210200
 486300
 347856
 489719
 619064
 861022
 305477
 478342
 268552
 1088143
 385344
 1031979
 310910
 1006018
 487108
 363135
 559723
 773034
 444736
 1095081
 889636
 309290
 35381
 442799
 492550
 267524
 814567
 49426
 704986
 574939
 755037
 330554
 639484
 1075854
 839045
 1081730
 916299
 399672
 1006093
 806060
 700205
 226174
 474636
 817789
 487598
 632533
 296512
 664549
 13463
 981208
 745534
 939440
 220826
 794938
 356660
 380493
 329173
 320641
 420228
 45785
 324683
 1047017
 548499
 108584
 52035
 232292
 586542
 915113
 1027987
 81842
 597721
 895473
 840124
 612208
 357925
 523237
 1091898
 780228
 480217
 833538
 950655
 373618
 762137
 185041
 190091
 170782
 1038682
 877963
 322792
 590028
 379781
 713939
 158494
 563223
 634952
 1086224
 901785
 250729
 489087
 38057
 796776
 553306
 149272
 1051205
 1040787
 760533
 478322
 358463
 1021710
 867676
 605147
 606188
 628405
 828532
 307581
 643136
 313674
 970904
 819608
 77777
 920029
 864141
 612260
 732753
 78894
 377253
 498238
 675491
 245020
 190925
 973505
 564100
 1012576
 949804
 271119
 541313
 303221
 577870
 989891
 36706
 682666
 463008
 601189
 849659
 193842
 25698
 271890
 856736
 519219
 149127
 113965
 852185
 520146
 1077282
 1042412
 265984
 1099613
 674364
 222940
 322065
 28922
 196253
 738168
 840981
 934498
 244531
 494598
 267923
 185771
 56645
 871307
 254975
 175639
 36231
 655059
 48222
 856261
 875734
 728512
 76163
 377375
 170203
 541397
 890417
 489223
 752782
 926916
 1082504
 190859
 654348
 1045213
 843316
 1096841
 488110
 823041
 739141
 631443
 51228
 240843
 132284
 526138
 704638
 854612
 27599
 904225
 272232
 923475
 419823
 288475
 649166
 58332
 525126
 954116
 1034389
 210517
 1009282
 254854
 578073
 694214
 324068
 203678
 825774
 343686
 450638
 581849
 132294
 497771
 818534
 521023
 681616
 778167
 395085
 593076
 293558
 800659
 838869
 234694
 968787
 865891
 970223
 667827
 621268
 511815
 280903
 386626
 455509
 937817
 1046352
 425354
 587019
 676961
 975363
 686099
 281345
 177890
 868211
 479816
 864156
 649192
 784977
 569503
 570649
 531292
 544509
 255567
 797599
 16662
 496279
 75491
 747775
 975804
 746237
 25647
 468230
 97327
 284247
 499598
 361657
 570501
 1027577
 92544
 266782
 688758
 110882
 30141
 451564
 379901
 724306
 153654
 512267
 432457
 831038
 182035
 417470
 509925
 821041
 709796
 59956
 751207
 448589
 138029
 326438
 236313
 430877
 428826
 581614
 405144
 375835
 1057221
 715294
 41547
 740150
 995366
 944932
 241379
 325683
 857445
 323023
 48798
 292450
 236707
 739515
 186670
 459490
 360530
 1079074
 64097
 442579
 110180
 496416
 3221
 884720
 667002
 601031
 560999
 152576
 22857
 759355
 964107
 730098
 751135
 105549
 1059619
 897938
 554456
 268161
 160754
 536569
 690585
 459029
 1011620
 590548
 129338
 776500
 369811
 28703
 1087270
 96833
 914441
 958592
 1094927
 748015
 708990
 324551
 781281
 1077685
 769687
 793073
 429272
 20305
 128495
 83632
 435296
 641983
 761054
 439018
 925643
 1033314
 620383
 943713
 706198
 785544
 608991
 275707
 331889
 279127
 610771
 848971
 396507
 709416
 108811
 337715
 143607
 374745
 355128
 603245
 846458
 551064
 430974
 881048
 57982
 904562
 536210
 3686
 533529
 434672
 853028
 432398
 204316
 905091
 928756
 3246
 433392
 906540
 695892
 1032366
 1076061
 563568
 560849
 932634
 744463
 618296
 385173
 96814
 999920
 970527
 37199
 432203
 991964
 1084892
 949832
 273130
 889986
 1039823
 498433
 378408
 838561
 582980
 771377
 1055903
 791254
 199269
 665793
 1095250
 634958
 866178
 516894
 436488
 864641
 1074080
 740803
 585801
 229051
 815615
 467393
 252316
 664105
 447939
 629980
 183896
 844854
 189286
 982095
 747568
 335727
 555448
 918507
 474431
 394484
 711793
 52483
 415639
 242670
 532951
 729245
 535413
 170899
 3517
 571200
 746610
 545112
 770029
 1060423
 778127
 49949
 159649
 634832
 510782
 418544
 1011972
 114869
 952621
 23793
 665508
 1061063
 668230
 99538
 462229
 965025
 505111
 1061359
 915945
 445681
 653313
 941631
 325345
 507797
 342779
 587525
 701393
 139172
 790058
 714541
 556896
 286637
 110948
 901734
 65030
 1079216
 963046
 189103
 426353
 417444
 837883
 473648
 343859
 982785
 460104
 212045
 96417
 554568
 4371
 24003
 119118
 279176
 558417
 1034897
 1023373
 84899
 810595
 413263
 446749
 461359
 431894
 248646
 204020
 200761
 170165
 161949
 426080
 1032392
 151274
 986911
 778010
 785149
 696217
 285551
 666575
 1015737
 637174
 304388
 681966
 418249
 984839
 149378
 214039
 766672
 266574
 902336
 982512
 1075752
 740171
 317005
 108036
 114273
 874694
 532349
 365629
 347196
 915036
 259228
 56281
 101681
 656005
 434945
 828369
 502146
 501809
 640339
 214683
 785349
 761271
 759250
 533264
 367963
 967717
 945161
 242849
 381517
 573661
 272659
 901475
 14130
 641197
 395565
 776408
 764948
 941258
 907842
 133021
 678629
 323847
 657083
 893176
 30497
 480781
 259694
 981027
 393592
 443546
 795935
 728019
 349654
 461984
 878884
 116216
 160041
 957889
 97399
 311475
 481256
 966519
 1063442
 991837
 714032
 636072
 768702
 5435
 1012899
 408067
 713086
 204275
 808044
 1058048
 290256
 889566
 370068
 380955
 912307
 123232
 660731
 425915
 450004
 473969
 936812
 896355
 516649
 583457
 367142
 475018
 801192
 501095
 46454
 903059
 1067340
 1024322
 654142
 81353
 122096
 426020
 238008
 31220
 350246
 904829
 299467
 176564
 1041203
 739382
 477480
 971723
 10733
 422556
 432730
 814163
 997858
 911870
 347384
 1035207
 452050
 207650
 203985
 93614
 160346
 789887
 363976
 674818
 165830
 1011520
 1035018
 1033351
 509356
 929863
 21596
 1052342
 812331
 829613
 90903
 695715
 54961
 1063355
 147121
 380427
 125302
 726732
 559678
 225745
 352684
 547204
 158284
 522303
 769873
 1009929
 651059
 916029
 423030
 1052614
 161179
 619539
 381428
 994263
 278526
 8611
 681765
 963247
 709421
 375056
 715318
 1081881
 103227
 153805
 584574
 853091
 275224
 722577
 471936
 586363
 307953
 1010747
 137031
 457356
 681286
 539896
 952349
 1019975
 237665
 810685
 106322
 810786
 995664
 1038830
 259628
 1073274
 969196
 951199
 165739
 737589
 216457
 954661
 966679
 920519
 917176
 647122
 581826
 313428
 178061
 175551
 494691
 943007
 1071583
 329543
 703555
 817904
 992950
 348630
 182392
 306908
 778575
 823373
 977436
 518365
 373268
 354916
 904630
 46453
 1032285
 571480
 507829
 751498
 285329
 4473
 942603
 34412
 349565
 131011
 443899
 572729
 835339
 329781
 352799
 592386
 704349
 987386
 127442
 444676
 653167
 74955
 765473
 390552
 1043200
 615367
 60158
 452400
 842964
 1050676
 615920
 105716
 250251
 493526
 701372
 622879
 598939
 138327
 321061
 283349
 194433
 801246
 593860
 515764
 762629
 1010837
 326494
 182835
 929287
 172269
 695517
 487080
 383005
 220173
 302671
 284725
 662444
 1066256
 8157
 865182
 233083
 835966
 465521
 412933
 445147
 723726
 702739
 561709
 856973
 1021619
 940170
 1073617
 623718
 328735
 1053426
 190141
 246569
 267072
 533956
 292397
 823090
 598041
 927734
 362727
 406014
 200585
 678662
 221931
 94081
 167611
 412871
 264864
 562670
 427482
 908522
 670579
 554077
 411724
 478987
 307128
 936476
 519243
 395922
 1014346
 158402
 298476
 553551
 10827
 154974
 498666
 821178
 52921
 103345
 434386
 164890
 409101
 156722
 19811
 556908
 189948
 600279
 409723
 906279
 190831
 354249
 903583
 546006
 914496
 56911
 701634
 461425
 499628
 913091
 879106
 735730
 353738
 394480
 1008288
 366270
 464887
 716524
 244106
 722996
 1009789
 944133
 18909
 471071
 294003
 180156
 108817
 488673
 784143
 896531
 598012
 288288
 119088
 1092478
 852842
 58010
 346145
 133769
 484001
 561163
 293053
 1086636
 150659
 1049127
 933753
 592196
 900997
 1055663
 363730
 225153
 501882
 568136
 711498
 480300
 586297
 870785
 921454
 828917
 888932
 771170
 538437
 763810
 268369
 1065771
 345697
 786109
 649035
 929592
 1095626
 909465
 232597
 851549
 700601
 1004020
 619813
 165270
 133304
 388156
 640460
 199370
 485016
 855614
 296636
 650462
 336624
 617763
 689334
 1047983
 744211
 169349
 293292
 76881
 1007102
 489964
 934960
 872695
 643319
 312937
 753485
 22874
 1026909
 695696
 671160
 620331
 646325
 941754
 945240
 522317
 548109
 542185
 973826
 361803
 391553
 885419
 452956
 704796
 807068
 789224
 719910
 511187
 420223
 1013851
 832864
 15468
 699720
 634943
 249113
 154417
 939993
 1025677
 60507
 749989
 57609
 941069
 306020
 371341
 624882
 606907
 384214
 233210
 661446
 609345
 100728
 1079597
 32463
 740373
 440536
 23020
 1033741
 965428
 29738
 1047189
 538730
 667767
 684299
 340168
 592420
 201778
 670760
 1023746
 932394
 222534
 793697
 178477
 163755
 547797
 82884
 890868
 995587
 132041
 731474
 166489
 881665
 321558
 152058
 454187
 394788
 329939
 674855
 230468
 810720
 43025
 760925
 444691
 396487
 159089
 306675
 1022433
 99405
 296076
 249427
 722721
 498571
 1059768
 122104
 499603
 931810
 480931
 633907
 297830
 568149
 866499
 638099
 446153
 898856
 621570
 89359
 139716
 451815
 680815
 838521
 588267
 548290
 1092948
 603859
 1057574
 542233
 997445
 21368
 213129
 163297
 871264
 542260
 918684
 828600
 705725
 988351
 727516
 522004
 124721
 440495
 55611
 631475
 802515
 393157
 717298
 391475
 334435
 383701
 778703
 468028
 872689
 1039982
 433904
 165222
 137363
 845292
 621494
 374468
 108243
 763935
 597135
 307252
 48361
 837584
 753440
 938883
 82288
 513983
 208867
 659887
 1090405
 283094
 399048
 412599
 167411
 614774
 762133
 820260
 214682
 233313
 321516
 617184
 383377
 710551
 665466
 501406
 499551
 500085
 69884
 381081
 196797
 569727
 766440
 631644
 625181
 120994
 99390
 295719
 480092
 301413
 813364
 533861
 729153
 40851
 100198
 440523
 169823
 713043
 142940
 463236
 731295
 253178
 830168
 736111
 774804
 782919
 895686
 388074
 762337
 621546
 902003
 968517
 811405
 807130
 509728
 332076
 629595
 273175
 429351
 863572
 446785
 191588
 373999
 654417
 302620
 258116
 780493
 780941
 245557
 768789
 1039070
 224546
 218723
 762122
 347206
 208677
 226637
 788685
 84838
 54255
 360563
 166893
 733163
 99913
 939971
 992516
 1078166
 1048710
 949691
 62928
 969803
 772964
 379859
 682114
 337856
 624207
 967474
 988629
 1058536
 251641
 534865
 58220
 151702
 170894
 410605
 968925
 357292
 65334
 635321
 880264
 692615
 996120
 419930
 252613
 978885
 483447
 962418
 377669
 775218
 1021526
 842957
 456896
 939431
 620741
 232304
 868398
 305775
 702463
 677723
 367317
 1063028
 1079956
 898723
 1024701
 569607
 877235
 392351
 458290
 606402
 936910
 71859
 830389
 601553
 421844
 441261
 754911
 28020
 680068
 627305
 240993
 898229
 568340
 861568
 144754
 531372
 56425
 580833
 61618
 800158
 693305
 747620
 286581
 1024983
 318935
 1064009
 743875
 268462
 161401
 298625
 863828
 66067
 440935
 182599
 524382
 88329
 654459
 760144
 464478
 314775
 647940
 911712
 199082
 385209
 540581
 524912
 838955
 246322
 614009
 514359
 850996
 981302
 687923
 996471
 119917
 108265
 737361
 740897
 597742
 191455
 585874
 56255
 984126
 516339
 121021
 497989
 753727
 294974
 1020211
 630919
 158307
 22181
 917325
 699865
 127839
 1037155
 230584
 44523
 172585
 176332
 751250
 442280
 277937
 864352
 609352
 705431
 727078
 828698
 602267
 62457
 773968
 1064164
 1035707
 368441
 1069870
 89861
 189608
 352149
 1047137
 546513
 863349
 322322
 749679
 580302
 269437
 345199
 673754
 114197
 428154
 428472
 998924
 770624
 90010
 164537
 155399
 56746
 677492
 958173
 813745
 125646
 423816
 12097
 427531
 780352
 260525
 1010793
 501907
 508113
 371969
 421860
 921695
 643617
 810842
 210942
 479834
 165962
 74393
 602431
 84343
 332711
 956734
 1000001
 43689
 256266
 173157
 443573
 652555
 356498
 174952
 64613
 335313
 80277
 133779
 917358
 643545
 1038712
 463114
 143563
 657201
 415260
 213985
 811062
 29852
 199196
 880266
 9771
 42609
 497244
 628145
 765395
 20438
 166902
 80691
 1075334
 563893
 352906
 294915
 862940
 710881
 1037179
 1013166
 588038
 1084500
 426345
 273360
 1004857
 453045
 807911
 673350
 1020257
 63365
 301718
 800598
 961604
 746012
 849651
 1059928
 98769
 989338
 1023549
 30415
 678490
 517602
 360992
 896615
 995374
 730511
 109083
 1081094
 920389
 185873
 664057
 512480
 461930
 748421
 356234
 656532
 671876
 783255
 867103
 961309
 961479
 310424
 380830
 601225
 1064563
 994097
 363436
 735935
 409449
 123188
 684720
 188523
 1055221
 229725
 65535
 455095
 111619
 97407
 427056
 519291
 145442
 671811
 983735
 248854
 898683
 471876
 1094967
 111392
 302289
 956201
 368541
 653390
 577165
 916421
 557941
 521230
 48457
 925702
 679182
 716743
 664847
 378886
 677698
 590352
 485477
 857048
 52341
 211773
 565434
 262389
 954761
 638358
 119274
 998090
 764963
 745513
 595669
 919656
 806135
 719746
 1052436
 585482
 810170
 231608
 738138
 44656
 1043918
 663774
 297989
 255754
 1012061
 425169
 735596
 325999
 572857
 436035
 506725
 704522
 761629
 464712
 204741
 233128
 1016411
 526582
 767001
 774285
 741436
 196888
 655902
 847072
 1079936
 988639
 864311
 938271
 623403
 849797
 438874
 1055789
 807005
 902013
 724868
 315457
 692729
 883846
 751365
 783638
 657088
 447122
 941980
 353305
 493895
 585780
 5761
 638616
 941668
 892657
 909473
 526728
 791913
 654252
 203095
 314881
 705586
 766291
 111122
 543826
 359350
 572372
 711747
 58520
 164395
 15325
 242443
 405518
 928397
 440036
 974542
 786608
 447459
 344554
 165791
 1011524
 797259
 282232
 401665
 206056
 519487
 138005
 734276
 192243
 449990
 785743
 804368
 132489
 152567
 818738
 668105
 843296
 836085
 1005834
 68481
 499129
 403819
 189184
 29491
 652959
 40655
 853136
 300284
 489019
 636105
 602819
 482208
 1054301
 162860
 821718
 491303
 383526
 559019
 334440
 353083
 793612
 910943
 427710
 639834
 531127
 670497
 873570
 42864
 744014
 173688
 950020
 786230
 554088
 563685
 1081587
 150777
 6379
 224951
 567618
 311448
 276760
 10782
 888775
 883233
 1034156
 962338
 592335
 547310
 685255
 66305
 556549
 992788
 68015
 407793
 438456
 122685
 986914
 900408
 659095
 1043011
 943962
 1088610
 829741
 869850
 182381
 393901
 110272
 765490
 829870
 545106
 725231
 8103
 258580
 834290
 189759
 988260
 522006
 249917
 968476
 369768
 849063
 104353
 220899
 652473
 861189
 844185
 139696
 2160
 1028322
 427950
 852815
 266025
 28643
 182266
 517048
 352438
 544298
 603560
 67788
 1069017
 994584
 1025243
 440446
 815485
 182107
 198885
 839863
 273323
 964929
 24076
 580904
 200285
 468971
 179963
 333581
 1022717
 453759
 602565
 557735
 795871
 408389
 274565
 180460
 284640
 679578
 500697
 797820
 965175
 536446
 415087
 572794
 90785
 677642
 827502
 768974
 1061113
 89860
 642859
 829406
 649678
 1019957
 1017345
 150620
 1066463
 699359
 733015
 486588
 208558
 773457
 835424
 654988
 1052049
 1026651
 507334
 143097
 701232
 175588
 1033654
 1089585
 989351
 431164
 787391
 988874
 1099068
 998037
 800528
 307559
 932587
 32831
 780821
 902419
 184215
 120029
 693515
 180312
 463908
 617066
 117943
 62204
 477505
 742404
 914913
 627413
 167760
 1092691
 610809
 57908
 928205
 498451
 1005627
 712284
 1022399
 1055134
 1036461
 1064970
 387340
 955771
 430998
 284550
 1008895
 619902
 534161
 711312
 711669
 526826
 1014680
 474754
 570049
 1027300
 343556
 535467
 493688
 79602
 413040
 389028
 514917
 780009
 788161
 672571
 620234
 842741
 211989
 762388
 265043
 99474
 523525
 240384
 236131
 432067
 988661
 253620
 193034
 741573
 1087287
 437389
 504228
 337414
 337963
 773919
 468746
 809985
 329649
 1059935
 291770
 448751
 230521
 693025
 963554
 1014377
 887740
 883467
 537292
 611783
 1078895
 526316
 436600
 564416
 1065472
 29852
 591015
 620096
 607981
 881968
 909834
 1000789
 348067
 1007752
 412467
 709491
 880414
 391759
 755201
 159123
 142455
 835953
 368575
 1099718
 767636
 71349
 97573
 766225
 259366
 808036
 838560
 246636
 158204
 1022058
 889358
 364063
 187423
 338970
 362642
 438374
 791356
 107484
 470038
 233758
 399358
 512099
 432904
 767118
 1024115
 705459
 402735
 776487
 187918
 446517
 136828
 281085
 136614
 367047
 143361
 520169
 444862
 175630
 205053
 228629
 88184
 1005902
 868932
 358593
 839709
 299892
 283949
 811589
 471406
 958024
 177161
 184638
 770326
 815798
 405681
 908367
 862109
 429197
 242241
 766645
 257309
 10502
 392113
 1050243
 531073
 52402
 325508
 525796
 1058399
 911881
 253302
 317033
 117245
 636156
 303897
 865633
 606708
 353946
 968685
 1021514
 269494
 551616
 132243
 923734
 178402
 91103
 799719
 736567
 859402
 273359
 604942
 65380
 633321
 186201
 36484
 332613
 549439
 778792
 541324
 205960
 46510
 763911
 429104
 135880
 340368
 857220
 555624
 420272
 310780
 728384
 1097908
 15960
 145572
 921242
 1017747
 948013
 864015
 228287
 27667
 170303
 985797
 774539
 989812
 698607
 625003
 767332
 404322
 915764
 926201
 1012969
 145663
 893767
 884398
 103175
 752010
 751709
 464796
 796585
 1086415
 806557
 481586
 66184
 785675
 47441
 783061
 400054
 254514
 923249
 386390
 984976
 46721
 323590
 26505
 941407
 843879
 42551
 171320
 417397
 814315
 943682
 277708
 704884
 24289
 683970
 426280
 538921
 491075
 520281
 530342
 73304
 642433
 230776
 540871
 220132
 193190
 611575
 331982
 1087248
 502575
 519406
 827737
 634164
 212166
 332505
 822705
 958579
 1016698
 587377
 202715
 3581
 337848
 488983
 245612
 611733
 626864
 735916
 748477
 191492
 685438
 774706
 172187
 553610
 69034
 299298
 542703
 89707
 535290
 126487
 1051439
 410018
 85296
 199173
 973866
 720044
 531641
 893485
 406031
 165628
 968543
 93146
 187799
 557695
 933996
 51327
 80149
 308146
 965704
 586840
 458696
 674194
 670178
 258316
 305922
 215539
 689648
 901583
 538518
 115419
 711288
 19062
 1082834
 420793
 442420
 31579
 893979
 573867
 873449
 977787
 454431
 997411
 110212
 912484
 803840
 153637
 334717
 298625
 627411
 71617
 309474
 1030314
 453762
 1045485
 687579
 465526
 1001619
 928585
 838068
 451165
 720188
 37898
 59139
 453795
 284859
 1045432
 851741
 394097
 502447
 636391
 1677
 829782
 138817
 195710
 811240
 660177
 203374
 240157
 619208
 278296
 286567
 324981
 772253
 958867
 432730
 320410
 717555
 957924
 243944
 419162
 77267
 498560
 12210
 899754
 166954
 207468
 163420
 213506
 283111
 789336
 556389
 464530
 879320
 150948
 608055
 917169
 849266
 848132
 891485
 766096
 230133
 141951
 419611
 822234
 947219
 753057
 586301
 715035
 1085634
 377445
 1011006
 926500
 233126
 1091941
 17729
 146063
 728287
 293616
 879671
 900145
 907731
 757712
 234168
 1015698
 153588
 349526
 294018
 563540
 1022115
 1024603
 1094211
 251104
 140180
 323486
 1095273
 209576
 961731
 413967
 878767
 591222
 33121
 232826
 458536
 315044
 1011730
 121375
 901601
 362222
 626333
 798145
 184693
 420844
 68540
 769126
 123467
 385661
 552586
 131612
 1044661
 887356
 1063275
 181760
 154177
 379001
 710685
 375096
 578912
 776697
 193817
 247400
 996527
 452677
 403550
 1050414
 1036537
 694069
 15418
 581833
 205356
 315783
 355899
 870326
 805057
 559295
 634086
 963746
 34772
 259389
 461261
 595017
 280230
 1027090
 730547
 798550
 899847
 926096
 11325
 612639
 196002
 711207
 213977
 514255
 254221
 570803
 438
 719790
 534964
 858384
 147079
 574485
 1059015
 736120
 940173
 1009367
 174044
 582540
 352117
 47464
 940051
 331287
 135228
 1064837
 868695
 1051016
 180067
 450125
 742094
 390832
 467767
 947681
 271670
 657209
 143087
 426822
 91146
 1018048
 140180
 913209
 766536
 465044
 860740
 644413
 814589
 701650
 1020224
 215240
 95995
 548387
 489947
 788231
 1004975
 222523
 1039320
 876631
 1050876
 592391
 1057120
 110439
 718261
 620980
 789283
 667206
 954011
 34135
 791533
 119891
 908642
 488761
 645305
 758163
 504605
 712472
 1021885
 920935
 621394
 54567
 54018
 845661
 785699
 507315
 105572
 839834
 915982
 346093
 287809
 835991
 826798
 764173
 517925
 70456
 533734
 99217
 972640
 343887
 552431
 445745
 926541
 1010710
 950034
 882514
 729106
 900683
 576498
 441966
 110773
 293399
 1079735
 1000375
 267572
 815303
 439725
 99675
 316063
 783642
 490914
 865329
 1069102
 732864
 528551
 515524
 1023096
 1080084
 159100
 925895
 801070
 751368
 954272
 440397
 431824
 833351
 66713
 258938
 1032861
 208473
 177621
 948485
 403769
 131522
 858097
 598618
 50670
 924491
 1886
 285636
 64701
 823345
 794012
 50008
 204346
 334820
 140315
 967363
 969529
 186704
 284748
 463806
 751346
 850543
 673061
 20907
 551113
 772939
 1045308
 318474
 618537
 749214
 223168
 462143
 882397
 489838
 524452
 798022
 433190
 181431
 246216
 425907
 1038511
 516255
 271885
 1039343
 813266
 1007603
 965936
 1097623
 845433
 813803
 767556
 786085
 1039229
 304522
 549172
 196694
 606153
 26459
 608344
 413865
 674635
 587860
 108449
 850647
 839340
 964848
 770045
 884155
 546275
 131547
 799791
 652142
 293588
 630486
 714967
 574557
 864282
 317729
 867766
 296455
 707774
 935145
 768938
 115494
 272538
 1024966
 749999
 944138
 910874
 242186
 412467
 206284
 946263
 258829
 519216
 584867
 853420
 1031508
 800781
 101844
 590642
 794302
 808572
 319268
 997086
 240951
 102419
 439848
 275653
 765520
 766364
 6896
 604277
 174494
 259647
 801784
 215470
 528957
 501067
 180492
 894431
 362611
 1036711
 248730
 805746
 1046982
 1096860
 763161
 885776
 40079
 759593
 24468
 886639
 1078801
 20941
 641026
 747929
 661954
 992666
 18303
 306032
 670536
 327065
 738883
 839934
 298640
 461766
 126863
 923279
 732615
 583080
 1073077
 269476
 675781
 523904
 522513
 443548
 631591
 717234
 545694
 313858
 395509
 672642
 920139
 819373
 153445
 97512
 997064
 94090
 15104
 849600
 264146
 709139
 30798
 680259
 1022930
 880421
 136402
 926894
 717341
 163478
 506017
 8010
 363988
 666404
 687488
 363594
 643586
 1023615
 782712
 684604
 888094
 1093424
 300224
 747618
 924133
 505443
 68861
 614015
 239265
 352508
 772570
 577403
 165644
 347972
 144232
 286729
 1071048
 399305
 1084293
 796129
 22321
 1018189
 212316
 41354
 1088765
 491746
 686150
 608546
 28381
 583211
 567188
 159285
 121111
 838027
 10615
 999229
 55193
 700745
 457565
 128796
 749497
 302179
 712729
 383279
 572682
 213301
 689041
 100414
 215975
 1008181
 310864
 970885
 1004883
 993846
 1025461
 834090
 621307
 117235
 627886
 672638
 928612
 545849
 59953
 1087431
 667289
 23406
 88333
 630625
 980673
 815689
 665532
 1035680
 142058
 101251
 935690
 951800
 343629
 1070240
 96359
 162950
 706712
 834045
 8773
 239060
 818178
 328162
 409663
 579962
 590801
 540368
 198728
 164463
 795449
 858203
 450399
 858986
 865779
 269509
 60724
 83209
 291549
 47423
 532518
 613990
 525239
 806251
 210638
 549853
 894803
 863945
 1085510
 313298
 959530
 343007
 131969
 336090
 520666
 891383
 863008
 802625
 887645
 269285
 686634
 676882
 904582
 911401
 933193
 544184
 40092
 288020
 948607
 309920
 401398
 912763
 445801
 606243
 288864
 179965
 177303
 1031191
 758540
 803870
 349818
 534830
 257110
 1032347
 414977
 409388
 737289
 395818
 1088005
 184998
 340728
 30030
 279781
 489872
 858776
 14588
 923008
 351070
 533291
 1005227
 911836
 812993
 893101
 152420
 807141
 345748
 108890
 856325
 408304
 380852
 512753
 254874
 18339
 428114
 666578
 516219
 1028392
 108338
 1087429
 823800
 208662
 658671
 452516
 75526
 488005
 772344
 401024
 1072846
 199483
 871963
 89098
 439030
 260515
 935675
 773909
 1059891
 625061
 42099
 478424
 581849
 68933
 806938
 561779
 1043142
 752214
 327969
 340494
 566455
 620205
 26540
 1068896
 158432
 223139
 22083
 697842
 600184
 642403
 737134
 733085
 588845
 147303
 27532
 915023
 753426
 875800
 214283
 835541
 66347
 570934
 726957
 499907
 701744
 1079463
 496930
 542138
 1032575
 989411
 528988
 609184
 843242
 819217
 349961
 236948
 915091
 900251
 234975
 715393
 548338
 525969
 624513
 946483
 302806
 959406
 351514
 423517
 453330
 213487
 415205
 403834
 741802
 1087040
 464987
 561957
 847447
 872211
 956315
 136637
 231772
 471767
 347112
 282219
 74078
 1076918
 593795
 615146
 971677
 341804
 464474
 29843
 737934
 846039
 204183
 215222
 362744
 412200
 235909
 270307
 960234
 165673
 170078
 473647
 12303
 56698
 833785
 813489
 499793
 596985
 625404
 949156
 215594
 1004819
 1079616
 455674
 748899
 536068
 754672
 1099459
 464897
 649698
 1083333
 240105
 49426
 605572
 348193
 390035
 40752
 73221
 126216
 171897
 882885
 379858
 927637
 444279
 471732
 629704
 636161
 985445
 205130
 186969
 221304
 375817
 168472
 665398
 1078871
 27653
 965493
 895846
 979314
 701996
 705829
 882046
 706516
 674815
 393572
 379120
 296763
 770747
 532146
 676459
 997260
 894192
 232306
 875472
 291807
 629125
 135712
 815439
 449914
 79142
 135242
 301134
 524595
 563740
 317188
 167235
 860926
 392829
 729154
 123470
 306072
 27706
 103728
 543110
 539255
 1079633
 34091
 830775
 268027
 15432
 969208
 849307
 983208
 767264
 704127
 812058
 735703
 486005
 815849
 564427
 189116
 472043
 1046182
 951956
 795528
 602612
 596078
 1003368
 13187
 802603
 800253
 332779
 166180
 589068
 577594
 770338
 571641
 1014209
 821617
 524827
 851744
 740224
 2249
 446995
 799253
 641481
 1000988
 189725
 724291
 188184
 908528
 69335
 206449
 38720
 406584
 649699
 414090
 1035565
 217550
 73770
 1076319
 225528
 708374
 442471
 196814
 568960
 58695
 818941
 1034128
 1066178
 904153
 1025573
 581384
 516488
 655571
 276236
 628304
 741658
 575268
 45336
 714811
 730670
 882170
 131383
 921643
 278422
 827637
 522361
 697678
 413124
 447617
 659751
 266005
 1013775
 548327
 512346
 488058
 49178
 515204
 44517
 550681
 188672
 801034
 191419
 1026639
 490459
 560042
 994210
 26368
 467899
 577620
 21835
 399188
 650081
 441264
 334760
 232286
 151625
 648287
 562764
 867107
 965112
 610153
 550905
 448386
 392966
 453386
 364380
 963713
 750154
 70903
 653556
 260628
 949753
 686796
 372010
 601963
 168883
 801838
 489365
 724695
 625402
 43943
 678873
 643197
 265048
 466278
 621350
 630187
 164673
 1037735
 989580
 662300
 452626
 898967
 849066
 242925
 74830
 496510
 214185
 363846
 430944
 912600
 341310
 1020422
 173715
 874042
 871065
 366845
 925869
 439725
 171944
 819826
 433663
 132428
 603110
 376847
 373703
 101412
 1094420
 155510
 484520
 41703
 756930
 765257
 515068
 90549
 561602
 183496
 749487
 319300
 1045719
 703749
 802342
 92089
 67184
 12966
 594844
 683798
 341724
 95883
 573137
 1075325
 608874
 76781
 1075879
 224254
 789040
 895963
 61625
 483085
 430826
 244777
 79259
 249530
 220198
 577364
 771971
 110059
 132425
 4598
 749854
 243085
 445101
 889780
 326490
 965055
 469614
 906060
 86587
 84116
 43199
 710558
 368529
 755725
 557841
 753580
 782057
 617986
 516601
 206524
 296553
 241128
 487769
 82626
 818234
 429795
 860091
 334852
 124318
 794365
 825872
 1022374
 897685
 1039693
 414155
 604579
 631274
 785981
 150440
 440565
 954432
 552821
 333421
 113391
 690586
 422354
 359836
 49869
 1081723
 598124
 400542
 555396
 890132
 771524
 495728
 596443
 1018375
 378245
 255402
 424348
 757725
 921475
 339781
 165019
 951609
 277209
 751247
 158244
 386416
 1070244
 495506
 161019
 743935
 497336
 1008081
 236518
 309342
 585469
 405415
 470523
 871748
 376720
 1013597
 1080118
 1056108
 1039506
 661642
 731173
 333570
 5305
 764135
 235145
 574703
 455447
 130129
 667418
 432603
 916104
 857521
 806477
 692099
 375436
 464610
 297529
 870589
 529044
 374799
 15565
 1086736
 773784
 805179
 1059222
 915056
 803304
 573409
 822597
 796136
 503652
 113025
 1081422
 653294
 843609
 593019
 269991
 333847
 341525
 415509
 205507
 729915
 66472
 191755
 40489
 351078
 526738
 794680
 563448
 394982
 859312
 621203
 288548
 721550
 278957
 871492
 963902
 696818
 161249
 358589
 98621
 263213
 296858
 683476
 157213
 442305
 618439
 969695
 603181
 1089333
 352865
 274122
 1029871
 501636
 649268
 306749
 458136
 49211
 627117
 611885
 91840
 406374
 23283
 744621
 772149
 477956
 1026456
 365985
 387987
 889968
 6847
 1071150
 31190
 811748
 605235
 793745
 742577
 813969
 935683
 240120
 287829
 422862
 469000
 956419
 434274
 472195
 198414
 308333
 884160
 604755
 316812
 1063549
 750839
 273049
 1000132
 11586
 590335
 705073
 1014076
 554017
 724371
 947601
 1001850
 257501
 349598
 1049581
 8865
 186816
 425908
 308710
 775822
 99766
 679760
 607330
 236425
 35967
 796923
 168095
 46563
 144115
 164781
 498393
 891120
 915284
 59942
 528100
 1002825
 826747
 991078
 287627
 1063892
 736965
 790532
 519302
 431820
 986400
 657530
 570451
 295946
 128092
 994701
 942760
 199913
 166140
 13226
 40303
 746219
 450578
 452030
 901479
 576920
 851179
 53848
 988251
 888267
 641399
 1041504
 381546
 940829
 142935
 247365
 942745
 454959
 1006645
 1059715
 265939
 858274
 182685
 767613
 479634
 913840
 816494
 884033
 296069
 719555
 96644
 1065573
 863448
 251930
 641245
 324060
 404265
 356844
 748118
 470617
 631843
 98964
 88740
 315174
 925005
 912570
 374266
 602200
 1077569
 1036371
 205102
 1040406
 394350
 326677
 512500
 971259
 876540
 389857
 843854
 726619
 57940
 904311
 49866
 434715
 152077
 986983
 603930
 758666
 131798
 35575
 731479
 542087
 663952
 219792
 414325
 797666
 702609
 1018112
 191740
 635453
 243422
 67779
 706177
 809751
 412927
 302953
 991473
 311655
 128992
 579286
 456702
 1088514
 326170
 144951
 475101
 547857
 82201
 198725
 916705
 918532
 447894
 718378
 687212
 808438
 277125
 1069574
 225200
 795732
 869077
 938799
 359753
 121043
 342593
 348175
 658771
 646908
 648752
 120453
 393794
 352330
 527115
 196681
 188552
 805858
 810216
 135753
 968434
 807232
 578412
 203181
 274668
 793875
 1003075
 1005893
 946343
 589056
 1095829
 378336
 340877
 181588
 569864
 922412
 518925
 157087
 169194
 820347
 589118
 869430
 419133
 8546
 306074
 829574
 561709
 861930
 324484
 856934
 80071
 458191
 926855
 518524
 856395
 31638
 1051991
 667832
 302564
 582277
 931922
 11396
 1037636
 796983
 302973
 367139
 1046949
 43426
 537926
 434300
 229211
 634515
 1046938
 557517
 727383
 777866
 266430
 491125
 921669
 138177
 865988
 119890
 194591
 774436
 37948
 938472
 163590
 594256
 503325
 213137
 542372
 239266
 1046438
 411524
 971968
 940171
 893548
 335757
 824711
 265197
 344140
 256595
 1072362
 310276
 395609
 809523
 840407
 148541
 1010784
 400806
 384572
 958319
 572562
 785374
 202072
 467045
 1025623
 667303
 117955
 28023
 234257
 966699
 450052
 508415
 799723
 497872
 731674
 1089325
 138162
 838747
 576255
 916143
 977688
 612299
 996900
 1896
 291086
 941010
 22486
 120204
 847260
 818576
 295434
 128525
 813808
 997040
 106398
 562302
 128686
 235548
 57825
 508659
 374614
 629787
 200441
 1000134
 207947
 333825
 756499
 209907
 56476
 495905
 790301
 819707
 55816
 989364
 492332
 645016
 108116
 72846
 532379
 338046
 906932
 480655
 863529
 554455
 732772
 930746
 923623
 35119
 683703
 394762
 403716
 49603
 332713
 764379
 723198
 226831
 712113
 1000711
 520881
 671970
 898203
 1002332
 966311
 707927
 511415
 622834
 921342
 276185
 998408
 1066080
 477936
 964153
 143319
 937267
 1221
 796160
 619764
 783520
 856225
 316320
