800120
 288164
 707889
 591720
 716105
 1008895
 33867
 977658
 214609
 419748
 607840
 561489
 681854
 118078
 632784
 565965
 878583
 706877
 367268
 776331
 964690
 483030
 859540
 617830
 205445
 1093076
 694800
 184921
 497640
 455205
 701687
 831868
 170163
 665156
 529088
 1082809
 4980
 646249
 201995
 632755
 252779
 366155
 1193
 508482
 658892
 509061
 553819
 1060619
 680000
 564768
 12856
 40822
 708166
 372739
 311810
 514804
 513815
 877222
 797212
 1054170
 505688
 2329
 709141
 125657
 448054
 768098
 650026
 448055
 402947
 663486
 239681
 1044860
 32908
 391584
 778283
 202949
 23298
 1078498
 857120
 846709
 1007393
 277189
 989244
 929522
 637455
 71258
 691536
 748656
 856023
 647747
 1048812
 605374
 93452
 761345
 969241
 823300
 732125
 168062
 93841
 531485
 239130
 1040942
 4588
 639462
 295528
 14347
 866421
 256569
 324893
 381049
 269523
 752867
 413704
 613363
 467838
 885754
 440026
 468528
 12312
 825048
 655967
 16321
 387136
 911648
 297448
 208724
 789041
 451666
 633597
 866539
 150576
 345497
 800515
 545336
 454064
 702803
 1849
 823846
 572066
 813397
 592418
 557892
 641824
 1012497
 1081770
 159236
 656060
 525119
 345037
 907201
 887797
 575371
 827007
 954522
 957243
 136603
 499686
 906967
 991059
 898410
 186455
 604442
 196079
 255241
 934629
 463240
 634699
 260448
 404122
 531925
 170975
 266370
 753551
 411094
 409025
 989621
 387541
 309291
 735493
 115010
 506449
 1011179
 692947
 693966
 637572
 460738
 452869
 479807
 1096326
 867954
 779863
 595545
 125170
 250318
 321316
 421232
 200755
 838799
 575833
 212149
 1049450
 243622
 909322
 942123
 549654
 1067706
 294988
 714024
 500818
 987015
 24225
 644807
 636754
 662132
 1093137
 113471
 970422
 1046911
 575773
 39904
 95183
 519785
 331508
 11560
 662805
 82184
 178123
 911845
 799538
 321669
 737218
 116370
 558249
 980583
 1060783
 578077
 534416
 750482
 937999
 722411
 1038816
 718896
 1081529
 708648
 135188
 1099976
 106707
 553413
 897024
 691164
 836919
 289858
 915210
 304914
 135892
 911529
 148707
 274110
 803578
 1080319
 624595
 564167
 977013
 295490
 592768
 631660
 818923
 111035
 406999
 942694
 787444
 486536
 523680
 477880
 891434
 146401
 428745
 973384
 183870
 347016
 347234
 711070
 631151
 111146
 80337
 568713
 266735
 216638
 474891
 974826
 324147
 954827
 88676
 483292
 867565
 983
 1027517
 897441
 316553
 45522
 628966
 593112
 294192
 320980
 1000371
 549144
 626278
 222185
 450917
 397345
 161134
 301279
 664722
 300492
 583428
 591043
 220962
 214977
 75562
 383738
 180507
 828479
 717804
 467482
 830519
 833467
 1083930
 482807
 771612
 737917
 137726
 536968
 775261
 1088215
 688002
 586064
 489812
 920482
 943491
 342386
 946887
 1093808
 851913
 519230
 315599
 765444
 449451
 1092183
 339856
 372852
 259504
 281790
 113769
 802654
 270946
 863290
 17536
 465537
 1007986
 498335
 654010
 268022
 48882
 794919
 960892
 711850
 215869
 897305
 693796
 298965
 512564
 380173
 1591
 912263
 36586
 1078213
 102128
 94866
 26530
 857986
 578454
 99648
 173075
 688827
 693960
 336283
 504942
 482357
 1060107
 150630
 551098
 311948
 1034441
 184583
 102936
 773704
 279142
 173443
 979400
 402767
 565962
 288849
 595962
 840549
 303620
 85763
 23701
 659797
 254344
 1068856
 1005381
 85702
 1088626
 463656
 490811
 742320
 182234
 255733
 176066
 294312
 88716
 117889
 758689
 171814
 882272
 524399
 578633
 699850
 662562
 1091617
 893633
 215042
 504023
 636686
 796768
 445207
 417096
 399532
 973829
 316011
 212269
 116147
 153308
 58500
 563304
 33266
 950614
 660403
 1052024
 1057376
 316216
 280456
 750192
 689346
 364575
 721286
 150978
 616997
 820327
 406512
 515529
 362766
 361207
 234373
 151190
 934256
 677910
 487941
 1075659
 58750
 737531
 540773
 649615
 262205
 743085
 727861
 960745
 416703
 436400
 989840
 292925
 1030595
 1062341
 276871
 430077
 446502
 194306
 870048
 590611
 849379
 835550
 234583
 608101
 607561
 842404
 431030
 932552
 917872
 171925
 615425
 207224
 140926
 537875
 537123
 888028
 782623
 523732
 559068
 956367
 601737
 423726
 463140
 386626
 686929
 825572
 258049
 205186
 76704
 876803
 955471
 1017235
 396027
 17103
 1039097
 385063
 149773
 882899
 363642
 982556
 639111
 319560
 578568
 493225
 368093
 810664
 857688
 573470
 433168
 496784
 983293
 280469
 22071
 372726
 778445
 953625
 973412
 734379
 816469
 900555
 621275
 481887
 581903
 426348
 649275
 707578
 331876
 535207
 485087
 579586
 1000337
 66283
 102664
 305198
 526635
 447255
 201618
 391219
 202492
 139571
 282420
 1053778
 821783
 646534
 836841
 898198
 443946
 893163
 712081
 558328
 575956
 994594
 217923
 955513
 97860
 141493
 634155
 504715
 514993
 118797
 695968
 231400
 1062814
 851726
 155437
 837246
 132903
 743307
 571217
 9161
 124977
 293455
 821614
 835317
 543447
 1009081
 537515
 350861
 128000
 503776
 986653
 542464
 820831
 104915
 946569
 192833
 41569
 319810
 493825
 34898
 323112
 318701
 964554
 90727
 212658
 407926
 18210
 202667
 734104
 481095
 699053
 735863
 963471
 996547
 991088
 192774
 1046584
 972548
 141061
 640268
 939975
 878694
 381083
 534366
 926399
 371230
 255732
 893619
 742944
 78720
 736524
 893217
 566304
 299381
 845124
 697690
 606318
 241998
 919701
 787997
 1029369
 996439
 771294
 622021
 429006
 845752
 624390
 700035
 578260
 563292
 493128
 921115
 525133
 87928
 237174
 409943
 135586
 451708
 687170
 159835
 844430
 697935
 390832
 583212
 322571
 473355
 22833
 24977
 899277
 677475
 438240
 334502
 232108
 431484
 1004231
 373920
 131976
 142669
 90530
 102451
 834237
 436666
 403350
 980659
 82787
 206975
 869913
 744193
 878181
 505359
 619423
 842222
 217451
 386130
 1067634
 641071
 1050929
 892670
 530460
 496039
 483326
 771831
 296166
 718877
 740670
 670872
 584623
 1041279
 134330
 163331
 515248
 365467
 792907
 881792
 356312
 232641
 440496
 358225
 231172
 936506
 467320
 49661
 1034763
 68741
 339805
 272625
 476714
 371122
 935964
 156801
 955404
 205292
 791487
 605113
 116918
 248701
 198291
 337842
 177017
 824459
 414472
 909192
 237387
 680670
 857333
 573122
 142481
 1079749
 500478
 46045
 353134
 397481
 635133
 1023560
 827047
 74661
 373112
 682973
 250686
 1037204
 679954
 908543
 722033
 583387
 867385
 931257
 743053
 8755
 946123
 547973
 238560
 874185
 319076
 390538
 363819
 823841
 1073553
 1095907
 120284
 430602
 540832
 448647
 943835
 1087755
 333739
 192078
 742681
 536465
 380701
 152169
 474580
 39996
 242692
 766872
 913765
 328377
 892720
 1008344
 667875
 261494
 1020685
 914044
 359303
 981642
 439608
 246383
 809761
 73920
 449686
 828118
 804343
 477838
 1064560
 1057948
 681292
 640559
 532425
 823299
 342314
 640805
 324097
 952465
 99178
 554518
 969962
 302971
 589733
 571343
 1046216
 718233
 714954
 769022
 166990
 1067386
 656437
 618344
 256372
 275191
 77501
 273643
 192529
 550332
 271658
 761277
 725720
 230623
 994794
 1063943
 940501
 454604
 661061
 7119
 414618
 228695
 1057267
 18895
 191030
 619290
 521404
 119411
 831729
 236159
 944528
 898846
 431072
 153935
 214734
 110053
 704319
 111672
 765293
 1032498
 41898
 1003813
 521741
 785355
 511365
 284225
 115258
 586198
 482365
 70538
 797703
 321886
 947035
 443285
 252874
 922770
 560331
 164625
 4927
 296699
 813762
 10332
 170794
 504882
 572932
 96583
 794869
 980550
 488927
 919353
 37136
 39569
 147314
 286702
 649754
 328907
 47991
 699001
 1058111
 1069093
 22094
 108799
 181529
 21548
 1035900
 1095702
 674598
 589454
 970090
 775099
 683432
 705336
 980510
 692831
 36792
 313093
 841831
 596828
 741453
 815503
 671722
 920142
 321497
 426721
 855162
 30637
 208373
 945789
 184735
 322087
 745151
 979776
 134576
 61403
 844625
 773382
 349593
 898128
 38550
 848268
 1069211
 893237
 278108
 1029710
 703425
 692385
 41099
 598573
 344868
 242844
 364611
 892948
 358743
 1005284
 296751
 68907
 311232
 1088896
 620136
 554219
 1019626
 277617
 464437
 135418
 670355
 196722
 1070485
 544375
 133595
 88456
 423146
 799652
 704952
 496427
 320124
 455379
 737760
 879011
 984948
 908390
 699663
 932001
 518511
 371140
 203371
 911252
 853032
 738614
 56610
 196791
 821346
 198682
 49880
 753377
 588105
 489658
 1023250
 519567
 853317
 654992
 622626
 816884
 52960
 550546
 485559
 389939
 292515
 721594
 515541
 1002970
 433163
 542867
 440847
 165032
 1057944
 32771
 582930
 939576
 943859
 140200
 787026
 788824
 3657
 299514
 7521
 470719
 552317
 702350
 383426
 660700
 105885
 1092457
 268822
 591618
 949026
 713991
 1070110
 420562
 939138
 549428
 733988
 1030343
 320169
 581749
 173754
 1081184
 227128
 395251
 725570
 66964
 767467
 70424
 422813
 579070
 840276
 51536
 621378
 434783
 122025
 710437
 463770
 785645
 1025075
 833242
 993141
 792209
 998614
 438035
 279879
 497673
 331163
 300378
 874625
 6001
 926814
 712543
 468981
 795859
 376996
 395313
 526712
 932579
 334410
 571252
 1035281
 115633
 75758
 120282
 543277
 612672
 455817
 487367
 560361
 546109
 456594
 857600
 249694
 372232
 175369
 791393
 288511
 1037820
 522752
 237762
 666236
 140552
 169196
 981047
 442835
 463492
 484871
 920605
 832598
 633231
 925246
 234429
 831530
 312572
 827175
 472220
 578864
 268662
 309757
 268831
 855072
 991332
 913961
 539265
 264248
 1022746
 537051
 161151
 12667
 1027975
 874514
 1088680
 923054
 661895
 203412
 326898
 518366
 1059922
 549005
 394665
 235356
 1077493
 261676
 1029264
 959813
 404118
 879659
 312070
 118252
 5652
 314524
 296289
 104506
 31485
 807328
 249555
 443404
 273474
 504370
 309452
 143589
 693552
 1080807
 87132
 120243
 33464
 168337
 738886
 920616
 562599
 617161
 920791
 250334
 760360
 479628
 258689
 126774
 133526
 465826
 850341
 697253
 838526
 15288
 643243
 466849
 884813
 442098
 138583
 338503
 464048
 959357
 404139
 150192
 67744
 180402
 736763
 463299
 350267
 808645
 86934
 881658
 448266
 927535
 632910
 633503
 787365
 746333
 707989
 1069426
 957431
 376450
 894452
 347568
 58611
 114700
 541777
 829745
 196656
 293617
 628128
 1025662
 493019
 172678
 482040
 161
 408595
 648012
 151150
 812792
 392732
 231296
 585756
 411999
 252168
 146383
 149584
 360442
 10640
 33413
 230441
 356129
 811349
 479989
 446183
 1016689
 581330
 160178
 125267
 1009188
 795464
 11458
 709107
 1043057
 359191
 991149
 593311
 264746
 699
 928475
 400274
 525011
 801348
 742442
 542051
 368677
 440949
 861453
 673580
 188814
 72095
 28536
 527332
 742293
 712842
 159797
 448118
 13298
 82530
 286887
 150796
 1020308
 1058641
 171545
 548866
 922450
 806595
 566798
 32525
 167013
 178593
 489590
 162356
 697349
 566593
 780618
 562554
 347071
 476259
 904119
 367667
 106243
 1028116
 385745
 708749
 940352
 138035
 567572
 585634
 617621
 31854
 384958
 837236
 1018247
 350407
 24326
 435643
 67126
 1061866
 900039
 1048442
 477013
 274420
 1018792
 770679
 530069
 779174
 93649
 143421
 1035951
 115888
 677524
 1026369
 731011
 408989
 763598
 703073
 401808
 789123
 1045637
 217350
 864979
 961524
 865049
 121856
 48084
 433688
 96745
 733544
 540504
 197746
 410003
 618842
 366971
 1068271
 655630
 1012541
 841989
 714799
 814959
 954441
 372024
 895467
 1053022
 898860
 568152
 530011
 241492
 721467
 576176
 701050
 364412
 550499
 555996
 833503
 364001
 914402
 761760
 1048490
 30960
 279984
 264200
 393760
 4636
 141433
 506827
 430536
 12001
 393438
 1008099
 515035
 677796
 1060375
 696147
 921824
 350358
 1001165
 168975
 235854
 877123
 1017701
 35488
 929851
 1039135
 42178
 461462
 133708
 777961
 1031125
 884109
 335281
 560817
 588568
 1054142
 270835
 119347
 17415
 521367
 998383
 465173
 203937
 946222
 582430
 634019
 675033
 234707
 357994
 874859
 1036382
 368550
 782165
 180140
 778239
 641884
 7402
 611101
 819341
 197035
 458006
 50711
 755167
 1095956
 1079238
 698281
 1078798
 340054
 186914
 315981
 337061
 642503
 578214
 222820
 836205
 311747
 973125
 462537
 71647
 444233
 233297
 688350
 13753
 1042894
 908296
 895663
 944623
 391099
 646191
 906210
 1092310
 881676
 240385
 367264
 275291
 675685
 761675
 1083627
 1076495
 316235
 284818
 535786
 218452
 307707
 1069454
 1067234
 718265
 166249
 571127
 744411
 284579
 907549
 648248
 420125
 621279
 229431
 855233
 596993
 513629
 864256
 900700
 190243
 760436
 594452
 839550
 235793
 568300
 231840
 287494
 903807
 954596
 606529
 218878
 206566
 561039
 49699
 912797
 845637
 607624
 106782
 884333
 735923
 396253
 409750
 769414
 718954
 881263
 249423
 1011085
 124829
 1026015
 190532
 753218
 412406
 794655
 1020319
 615488
 478874
 1072876
 373403
 741344
 260424
 149844
 813390
 973144
 295286
 451991
 725431
 801138
 330965
 234779
 57202
 536990
 80738
 190126
 347269
 672740
 768425
 378788
 853550
 593583
 463259
 377488
 657188
 518784
 647154
 235288
 1048378
 777962
 401730
 332610
 92939
 929120
 292623
 309496
 783653
 619849
 400170
 230094
 296157
 887808
 284713
 968562
 936975
 514830
 1071909
 613381
 642100
 102291
 821997
 305862
 664879
 719659
 839204
 1097011
 770716
 594135
 61627
 349439
 841326
 53776
 604198
 187021
 413433
 32225
 939276
 612478
 947558
 890576
 859578
 778357
 61435
 859
 499406
 595392
 980186
 3911
 626363
 86806
 306306
 56847
 774896
 908539
 885158
 344842
 837259
 312494
 249426
 526114
 618177
 299029
 615702
 352743
 705932
 421923
 516255
 730512
 860959
 331459
 837104
 794887
 201521
 723186
 664232
 846510
 248181
 19717
 871618
 924377
 1084740
 1059396
 714126
 649393
 268591
 975428
 674396
 120539
 644139
 799794
 940268
 31849
 553816
 99659
 282167
 517825
 41018
 393112
 723800
 404449
 663674
 610128
 1078237
 546939
 339413
 216952
 377653
 260054
 174529
 293193
 268378
 840355
 915703
 480019
 90715
 274767
 801009
 606275
 408906
 1058783
 145015
 438545
 1013734
 117674
 498380
 888920
 1089327
 195837
 375370
 921638
 598850
 617468
 10394
 194388
 809109
 103046
 881019
 858030
 899218
 116926
 890771
 234734
 149709
 809777
 524906
 709464
 516989
 657261
 25289
 704832
 131380
 164029
 885845
 118030
 289647
 105886
 775162
 250665
 589571
 138806
 89110
 586171
 700209
 1030323
 181485
 140745
 503049
 611298
 1079302
 1015678
 468241
 250654
 639019
 262617
 257482
 461996
 543667
 261829
 713166
 245336
 444693
 228148
 571274
 723023
 865564
 461261
 76584
 129476
 918807
 1037835
 873737
 571936
 496069
 527460
 1040630
 213328
 811729
 303115
 908319
 800157
 916809
 45917
 67437
 428008
 963856
 651957
 837046
 214952
 948005
 489105
 125310
 627129
 77435
 529531
 525448
 751270
 500289
 1001723
 202275
 461117
 309325
 729766
 780874
 179402
 872806
 321626
 427979
 52320
 901293
 750783
 500511
 1095965
 107724
 983793
 784095
 68696
 298597
 26366
 510924
 163011
 118169
 852057
 752582
 140470
 1072694
 418572
 668701
 285984
 966603
 688748
 256902
 877206
 340138
 807389
 588849
 47560
 67507
 447879
 525272
 135095
 336866
 300894
 605079
 161727
 471411
 168898
 642930
 985526
 433733
 113361
 176368
 503515
 639218
 491207
 909111
 354357
 136767
 647626
 431749
 749890
 557964
 1051478
 121842
 131649
 692502
 94446
 338104
 28237
 107598
 84522
 190440
 116907
 135637
 537889
 142517
 191996
 447132
 930062
 903729
 629489
 623769
 22314
 803528
 854958
 1091010
 371846
 313486
 575593
 589701
 786547
 566040
 470183
 202057
 103797
 155596
 473847
 52942
 752328
 480346
 723795
 24951
 153161
 882941
 316308
 1059023
 482723
 22651
 215800
 244220
 169748
 79660
 317622
 761775
 668091
 988404
 297464
 382232
 179378
 93885
 916159
 37485
 745573
 254346
 393158
 406821
 74060
 762256
 473745
 1077708
 1022296
 324574
 1054670
 3049
 498642
 426008
 48429
 348372
 444859
 980649
 780002
 455447
 196614
 306240
 284408
 738616
 655551
 947358
 639258
 259620
 910548
 448153
 1010570
 818732
 1067859
 766835
 430242
 934174
 754489
 636086
 168391
 731345
 1088562
 989392
 959733
 814870
 1043308
 39928
 58844
 1037607
 419788
 1024169
 314851
 282876
 115635
 629580
 832079
 67336
 290009
 572112
 144895
 710678
 845223
 678151
 379775
 734368
 222558
 493820
 232676
 27260
 897037
 521583
 996543
 1028695
 315311
 296471
 944221
 366357
 441751
 301045
 140331
 49287
 380348
 437776
 621552
 1082325
 857185
 1015696
 716268
 373770
 568953
 698681
 603132
 399735
 498264
 289819
 982570
 320207
 760205
 810196
 737640
 763341
 907305
 287537
 818366
 877344
 686467
 9628
