101309
 283429
 905394
 11791
 348464
 1042056
 849988
 196659
 563371
 293619
 880839
 913514
 111631
 32181
 136398
 730219
 780818
 914926
 374547
 557311
 525206
 638642
 586187
 147698
 176994
 930570
 224703
 266630
 907492
 832561
 95219
 653318
 493652
 895905
 756394
 877308
 157714
 836626
 51790
 416954
 198
 1028179
 336686
 284439
 779952
 84898
 28076
 950120
 1013312
 249987
 246876
 897437
 998037
 965484
 890621
 636609
 9639
 486929
 880112
 73139
 147563
 444798
 513794
 974814
 712710
 218348
 12110
 431996
 213662
 737635
 890851
 451418
 470790
 90847
 307542
 567859
 414596
 46805
 323414
 1097347
 1047603
 932103
 248581
 1088868
 105511
 104726
 878137
 952238
 205414
 144353
 405030
 479525
 817248
 859298
 545072
 106481
 243678
 940028
 978769
 824057
 929137
 723047
 673981
 243561
 154768
 793025
 680893
 616037
 132172
 11750
 404985
 614467
 470301
 75386
 594873
 322529
 997251
 125807
 457292
 730980
 456328
 987954
 1096521
 604351
 1070756
 448832
 923316
 849307
 703021
 275344
 73984
 259277
 760308
 627757
 588082
 304251
 19607
 635024
 956889
 436836
 599744
 109725
 9903
 382806
 73349
 273691
 319855
 926600
 52704
 414464
 950965
 181607
 430239
 1031426
 675525
 859918
 1038926
 210521
 728607
 887153
 171001
 897282
 966410
 906782
 480611
 341923
 718898
 797893
 50100
 591143
 294349
 310136
 628215
 272669
 351350
 797982
 156680
 73817
 492118
 311737
 137834
 263631
 192040
 156554
 1010999
 781993
 263981
 589896
 76257
 202947
 899739
 502716
 739280
 463029
 967474
 1091604
 145787
 337356
 347103
 382865
 797643
 180748
 40704
 779667
 659160
 990748
 787062
 485202
 626346
 775980
 790007
 209976
 946683
 220372
 66365
 134846
 545934
 271329
 169338
 89261
 314095
 551232
 128204
 900653
 788953
 559846
 295511
 678655
 642495
 874029
 35415
 794101
 570273
 586814
 654019
 385784
 895013
 602084
 285130
 325521
 346124
 424700
 442879
 153746
 433159
 1094884
 110939
 544248
 284654
 1037866
 714402
 580343
 496197
 667416
 431706
 125097
 460240
 306906
 955539
 931234
 873897
 287194
 579680
 131779
 708809
 949991
 1037152
 389009
 1070716
 883699
 63486
 1051728
 174459
 509007
 502901
 431046
 186139
 270173
 830554
 712430
 46539
 214712
 329431
 73544
 114105
 753682
 1047239
 919507
 620802
 1052847
 332777
 765900
 784732
 484547
 535987
 50641
 661530
 195952
 504976
 332636
 795237
 466797
 488482
 760355
 17919
 507359
 140437
 620980
 1003121
 843061
 662823
 908343
 593047
 1084359
 125507
 480192
 664607
 586369
 378708
 785338
 108955
 315353
 776483
 738509
 1032149
 543757
 96570
 229894
 932274
 16065
 48215
 300896
 505644
 87202
 423564
 98644
 918941
 957922
 502510
 489605
 700893
 672308
 200608
 1032216
 776580
 635104
 844450
 398660
 733607
 332585
 188336
 1023716
 630544
 225361
 800487
 44396
 693605
 691975
 493040
 841381
 327161
 128372
 42295
 744248
 382250
 604021
 739807
 189446
 565088
 584130
 178297
 721887
 600828
 677213
 485367
 70761
 578864
 30109
 906784
 1034776
 883134
 284435
 22850
 503172
 767086
 961795
 701826
 206689
 337502
 902140
 209076
 177312
 193104
 1051815
 314131
 1029407
 1006588
 685614
 548513
 373339
 554734
 529851
 351533
 999748
 132577
 243527
 300360
 281723
 530191
 820899
 720106
 1068102
 132746
 273383
 128726
 422457
 778380
 124594
 40229
 113121
 1076873
 310106
 861408
 823195
 496081
 1010050
 887835
 120257
 711587
 307314
 622768
 233759
 828772
 1019731
 615175
 663636
 267718
 357904
 692742
 404874
 512830
 363955
 801159
 978369
 190596
 364135
 1043278
 353483
 135187
 590112
 305155
 1026148
 625818
 370700
 773648
 168561
 283540
 692010
 305623
 1016978
 548257
 1022537
 202584
 704323
 815825
 760736
 412992
 332063
 584037
 828898
 1091408
 85611
 33383
 298208
 296266
 806286
 114063
 488599
 781737
 770106
 584730
 394708
 638878
 809099
 148107
 406408
 999362
 541480
 20941
 807751
 549839
 599100
 369603
 690645
 892710
 565541
 905730
 791356
 908182
 543986
 469127
 721344
 313743
 617488
 141179
 563137
 1069090
 979465
 1080019
 442068
 280662
 1090180
 326104
 107733
 1005064
 213651
 186025
 548152
 977247
 1045708
 741116
 373727
 1018391
 808478
 532095
 949843
 90066
 497672
 508449
 48347
 572184
 196506
 324625
 75906
 618151
 17127
 1062111
 628476
 26576
 49361
 70304
 1096163
 124618
 654676
 1032115
 769574
 312503
 701851
 897507
 109193
 24522
 768151
 240608
 188952
 702383
 305592
 524745
 715144
 301312
 358074
 446577
 1091248
 463982
 954897
 882410
 526273
 335411
 875314
 853022
 1071333
 881679
 320861
 753526
 690873
 451419
 395680
 613831
 930246
 506652
 127902
 357069
 584997
 379891
 505726
 544108
 229055
 932301
 571075
 576043
 915434
 15457
 383718
 973521
 81481
 1010947
 262125
 523125
 156963
 819913
 699996
 181635
 136439
 194896
 274090
 710601
 608336
 495321
 1075442
 734864
 592961
 12348
 1066136
 357542
 1250
 766914
 993070
 766216
 191050
 23350
 810678
 44494
 1099672
 296143
 1036373
 666640
 461823
 732532
 846650
 122733
 366412
 76645
 948592
 405984
 920186
 203927
 174431
 1061953
 704196
 327450
 225043
 897561
 248102
 839345
 352566
 845618
 564399
 131316
 783935
 882373
 727771
 624470
 781948
 119875
 454878
 266097
 823141
 714908
 452793
 672657
 450418
 381642
 1000463
 714262
 635502
 957663
 71181
 1010569
 803909
 40360
 803451
 371870
 74308
 486849
 124583
 890074
 851860
 813082
 771765
 333792
 254988
 1061170
 800587
 544411
 819898
 247022
 312521
 405745
 919246
 688579
 167540
 48119
 309631
 870067
 143338
 363082
 768601
 395245
 636968
 723052
 105515
 966638
 358000
 231403
 298417
 78720
 128215
 655964
 529526
 722603
 1070244
 775930
 332557
 229584
 111759
 387920
 550408
 805707
 97049
 119746
 184457
 55062
 1015621
 858566
 231626
 536991
 700263
 617243
 529490
 531057
 613462
 206357
 209423
 968370
 1057231
 236732
 1062733
 861781
 826605
 1015131
 1089658
 920187
 863801
 538125
 637059
 947403
 547959
 204755
 309951
 668783
 328807
 784916
 815523
 990757
 562641
 423001
 220589
 13779
 933398
 82971
 932636
 491728
 624958
 277294
 62906
 192342
 528046
 866735
 1016674
 635306
 37306
 156587
 329771
 954921
 635173
 570947
 343080
 399201
 398099
 135469
 1004928
 1094295
 388264
 51596
 575073
 217970
 347897
 800255
 579441
 451454
 438661
 293173
 483244
 501090
 1051428
 235682
 566449
 760004
 709431
 261653
 287874
 488659
 404525
 466681
 329478
 938062
 232617
 571358
 909040
 791312
 238146
 137031
 930194
 231026
 567317
 786625
 769406
 26281
 616201
 991034
 726272
 1059379
 76291
 193451
 703039
 559603
 699718
 523820
 275249
 1060724
 616485
 573723
 543904
 672071
 663504
 114632
 749732
 934906
 316557
 999183
 644328
 154487
 1061343
 147334
 929793
 627730
 545036
 205009
 776791
 919684
 44679
 399487
 368155
 973779
 52448
 721143
 1071170
 263434
 1034974
 566301
 444199
 268351
 797306
 167461
 211530
 894380
 974987
 745057
 164014
 593590
 626538
 1096663
 589101
 261721
 472459
 1043113
 1029510
 543355
 279480
 629907
 539363
 561422
 985696
 463012
 765919
 295704
 74561
 616782
 747102
 705687
 407210
 43864
 120241
 880873
 22692
 250876
 766175
 511842
 711170
 459190
 475896
 762054
 775430
 399997
 772548
 476198
 99757
 457064
 774218
 121211
 348958
 573937
 96728
 1095072
 112395
 397658
 707691
 359596
 402874
 594242
 198505
 333234
 867388
 787842
 470560
 678483
 501776
 643560
 19372
 696905
 147513
 681634
 1075543
 577268
 261809
 348353
 980998
 179639
 1076071
 369473
 653506
 175252
 555408
 237580
 320356
 624940
 817862
 1097428
 408920
 115589
 751559
 944422
 153612
 799841
 892000
 963042
 767183
 639122
 739631
 589132
 945609
 1001195
 711733
 375199
 237208
 968085
 590526
 992259
 106159
 367334
 345404
 365556
 109510
 795396
 960224
 470424
 900054
 730571
 830146
 222490
 582122
 887654
 985682
 1075804
 1045048
 187672
 665553
 367849
 384642
 380137
 289719
 394619
 82156
 984622
 215666
 469444
 770101
 262874
 1041964
 942859
 362249
 1533
 745170
 430846
 1013761
 760491
 453572
 663194
 608987
 205864
 208352
 119943
 129361
 53438
 884177
 479606
 16549
 121441
 228738
 761646
 131681
 1007541
 465832
 551670
 537941
 1054180
 89913
 836719
 917044
 541971
 648461
 307396
 418823
 700345
 664615
 649301
 180521
 440202
 216760
 205739
 423311
 512254
 295564
 648524
 255613
 365617
 450241
 908920
 358648
 618540
 562645
 61694
 527519
 977393
 948175
 209004
 807443
 272265
 727752
 101113
 225101
 143504
 35898
 317653
 176512
 618785
 789888
 752091
 1076156
 1016320
 35258
 199255
 883843
 963878
 573409
 139388
 100769
 911320
 1006477
 772769
 65945
 419291
 245078
 248079
 657711
 198248
 14042
 490776
 981826
 971101
 763658
 326918
 452388
 882864
 356869
 64489
 46802
 341642
 940209
 268030
 302430
 43118
 503832
 891681
 523534
 895227
 559103
 89248
 401541
 255170
 637129
 579013
 943105
 485868
 110052
 153306
 208158
 708699
 842342
 323653
 222085
 1019723
 652150
 904689
 941930
 114297
 696412
 935484
 1037753
 1072856
 586567
 1052464
 1017596
 677843
 895232
 675409
 919324
 784959
 686189
 29144
 536362
 76605
 955187
 716965
 529833
 843410
 608111
 389725
 636876
 23097
 317243
 143676
 110264
 758442
 131114
 673041
 150003
 300977
 1075462
 199467
 257165
 74520
 564264
 1095317
 372420
 119280
 451085
 608921
 547193
 664210
 743233
 506435
 788218
 774114
 222958
 1058302
 305166
 860600
 698338
 861638
 249805
 786108
 998806
 657536
 922731
 692941
 840115
 383973
 210942
 1052328
 80083
 907849
 254528
 601503
 9660
 464164
 540006
 523559
 431466
 579176
 845648
 796189
 88416
 584673
 962779
 953996
 487098
 76798
 884145
 702340
 381095
 641865
 914225
 354521
 196994
 615777
 814405
 1032506
 246643
 863138
 673577
 470713
 305377
 520621
 1055436
 782864
 413371
 394242
 647687
 467472
 1015761
 842298
 358637
 789177
 553084
 735917
 758179
 739839
 367285
 625757
 337323
 682483
 362522
 609974
 430220
 340041
 609310
 66312
 267051
 600666
 86235
 67984
 253584
 697962
 464831
 76606
 653081
 978342
 544799
 655153
 704888
 568979
 542623
 982253
 71132
 510216
 6334
 579117
 944080
 86491
 540027
 543619
 573855
 699736
 732652
 277412
 299761
 146467
 707076
 676822
 192146
 132285
 85737
 233461
 926019
 761614
 527273
 953115
 838408
 484843
 1031711
 545151
 485400
 606581
 729158
 606222
 709266
 114886
 1043723
 754026
 921331
 247406
 717701
 740139
 85230
 388258
 149092
 531057
 936811
 1030557
 562589
 596658
 350682
 258539
 110816
 54516
 249965
 404902
 764506
 655760
 437344
 885276
 462490
 558969
 739339
 49574
 278141
 78787
 65663
 796233
 615454
 946173
 1083848
 204211
 144641
 366701
 725435
 369657
 959296
 1078719
 894825
 101254
 856443
 376324
 926576
 58221
 1099377
 458433
 1029533
 806079
 1070550
 456300
 47137
 300981
 954467
 301642
 305366
 337736
 104328
 977655
 421398
 581712
 603270
 707462
 578491
 74858
 426942
 603384
 203858
 461536
 212321
 472056
 116104
 121020
 224911
 610161
 730926
 369674
 104539
 787800
 243652
 786902
 839598
 242419
 579532
 118478
 574610
 720047
 725838
 42130
 329530
 584687
 637345
 492397
 101614
 1047552
 523119
 87544
 393975
 911039
 306307
 142743
 210220
 1084188
 172795
 53278
 1041034
 596281
 384196
 177689
 172654
 305047
 662575
 534593
 182361
 671576
 739447
 280144
 1043061
 523365
 946581
 726801
 564859
 133841
 299164
 766217
 76204
 659698
 69212
 837761
 465992
 429881
 299433
 1063583
 528636
 436565
 594027
 458892
 612691
 570580
 508333
 270083
 825031
 591840
 361116
 276091
 780677
 462593
 1052652
 51530
 896294
 24207
 921738
 130949
 944726
 1092413
 885485
 6227
 570880
 784807
 281242
 851966
 381575
 97854
 968538
 410590
 213867
 1006132
 691016
 642530
 630081
 1008414
 203809
 580664
 746050
 177185
 174055
 407269
 248526
 968717
 113788
 92829
 158480
 405711
 225699
 119011
 166999
 755109
 243121
 56885
 507256
 1043820
 338407
 271221
 509760
 142469
 239321
 1043759
 95937
 461093
 619527
 107276
 371351
 850318
 946409
 369016
 741228
 515503
 414535
 714943
 464405
 357895
 399753
 314546
 186504
 68820
 6034
 645787
 987509
 530306
 898062
 863027
 574551
 106228
 836479
 920455
 250705
 85619
 800981
 437633
 227043
 1021872
 390103
 699313
 58982
 1072546
 406291
 532354
 1011384
 63215
 1048789
 865366
 720128
 50661
 859049
 1092988
 1058295
 931375
 421517
 1070784
 302234
 1010771
 82982
 839480
 207631
 948572
 955890
 885765
 279026
 90789
 260620
 803518
 816938
 325601
 801705
 689982
 71647
 173093
 117228
 794443
 312440
 854940
 361187
 248412
 734710
 643477
 188327
 773124
 1021679
 873204
 408129
 977101
 424861
 759311
 571508
 1075515
 144315
 301701
 215442
 293492
 469380
 883397
 88843
 611598
 239305
 335704
 155373
 987810
 501980
 176370
 1024030
 113612
 276104
 790631
 778135
 769245
 628202
 443749
 883744
 1096626
 1078875
 361024
 503834
 235975
 938832
 745121
 974508
 512493
 808139
 678477
 905536
 714389
 476403
 850376
 761735
 588581
 117760
 1016079
 1007535
 739128
 445634
 406092
 916811
 223982
 313849
 622832
 5681
 263643
 576485
 15409
 589636
 1024425
 526203
 533238
 1089523
 330075
 526328
 133852
 209817
 924088
 541431
 680145
 517159
 296111
 693394
 468842
 810879
 950392
 967690
 371891
 485920
 706326
 525097
 126284
 177692
 564715
 736446
 962410
 435304
 225216
 764531
 264372
 358076
 808389
 703080
 20738
 1093768
 646700
 210648
 943093
 523200
 65221
 994875
 1071651
 1086513
 822079
 904715
 882795
 1067159
 966450
 20047
 695867
 257790
 1092884
 218873
 50322
 770158
 214125
 167998
 570251
 101228
 835834
 853302
 1037171
 1062873
 697036
 338834
 796118
 768282
 721593
 981368
 188088
 663326
 154239
 755022
 329032
 1056109
 392309
 760655
 418297
 987192
 683831
 304047
 104759
 98325
 99415
 621057
 498428
 506280
 150736
 513855
 702536
 308689
 40114
 492225
 474604
 527904
 157831
 956054
 413057
 624336
 341980
 192920
 552271
 156802
 788890
 331175
 105083
 503485
 391919
 358289
 730325
 40523
 536690
 706619
 559491
 466509
 27650
 951356
 769274
 270559
 252026
 874408
 276913
 366740
 568537
 942401
 709970
 320408
 525668
 353112
 448959
 840583
 839821
 635709
 539522
 929314
 668493
 970147
 88013
 1036451
 1087190
 605597
 82132
 927678
 93149
 131973
 6138
 936080
 831218
 1034924
 1079158
 340698
 618091
 134716
 347299
 643260
 105200
 239400
 575841
 437019
 666982
 1052634
 267724
 620251
 1068745
 1021825
 124753
 498680
 669423
 217925
 95567
 875636
 704267
 600589
 453416
 184874
 42402
 1007316
 1032299
 240898
 452305
 1034522
 571347
 850515
 811310
 428942
 410490
 140184
 116459
 913540
 425750
 485792
 401425
 807663
 353610
 74209
 280653
 734003
 456840
 631242
 904034
 776161
 230520
 612410
 944348
 846070
 260767
 242851
 198356
 891208
 966166
 506404
 505836
 786744
 620202
 163861
 979628
 366551
 927900
 924797
 1095152
 592318
 853806
 900970
 164328
 685353
 544658
 344034
 985486
 971548
 782549
 761279
 459144
 560486
 301097
 304891
 903378
 713128
 418885
 773174
 768191
 717609
 793626
 700915
 507290
 220742
 828408
 152803
 23030
 4302
 826005
 288578
 182534
 681754
 44930
 927997
 352481
 465294
 449314
 726306
 971148
 1058330
 72925
 2746
 1010276
 701439
 359533
 376880
 289293
 191580
 391781
 342725
 1017293
 1071407
 137330
 465466
 482055
 537926
 1013517
 695725
 933710
 1081856
 494661
 93436
 495038
 994330
 294303
 803285
 337859
 668065
 14024
 469370
 898474
 576437
 1024669
 417109
 67756
 658383
 187373
 92573
 764989
 363948
 632214
 1008583
 800547
 188634
 1012555
 701467
 703439
 995657
 97933
 940571
 391034
 433955
 135055
 818626
 169713
 260124
 954555
 682301
 222156
 959433
 500358
 793155
 642535
 360661
 100680
 756293
 29233
 143753
 714690
 623108
 417666
 651378
 657091
 957755
 1057019
 1053097
 380774
 567652
 419347
 353141
 837323
 356984
 375188
 893769
 972526
 266187
 568788
 966781
 513442
 884595
 764294
 630410
 1015281
 600190
 586470
 459424
 359265
 323874
 372307
 988003
 431308
 463105
 694005
 312360
 167131
 956114
 211364
 558058
 1019966
 351045
 486677
 73170
 164160
 866837
 275645
 337283
 672660
 890468
 627115
 301675
 832257
 924954
 613524
 387897
 433501
 305851
 476357
 797053
 398131
 539977
 395853
 381849
 278164
 55458
 385335
 509540
 114761
 983038
 43343
 155384
 318003
 643894
 631083
 778827
 347382
 249349
 58331
 344970
 188799
 307436
 933748
 401013
 1013749
 507358
 271999
 456165
 639692
 171855
 951376
 260466
 825613
 468706
 132722
 180676
 356450
 150422
 581730
 512263
 399973
 1064867
 279448
 460494
 697594
 318291
 850451
 626138
 905768
 812212
 920214
 209373
 553504
 610258
 274450
 498374
 429998
 326297
 989986
 844228
 828469
 322850
 549771
 688463
 969370
 442764
 75875
 1097524
 324592
 746508
 298347
 507817
 596910
 458996
 768960
 785097
 726174
 302967
 147509
 97557
 88617
 629041
 164348
 744954
 678159
 612620
 303105
 821024
 532329
 263049
 1036959
 649771
 622877
 1028907
 457083
 117501
 399307
 159412
 682647
 744803
 41094
 513170
 600788
 316633
 457509
 1015964
 731068
 1027454
 714448
 823349
 474476
 1051485
 1091544
 532525
 10830
 768974
 698083
 203392
 990996
 797518
 243204
 764585
 310449
 114537
 454153
 969867
 822657
 911398
 269083
 15716
 780202
 179947
 53709
 361692
 516881
 921639
 1051773
 608320
 539801
 708268
 133282
 63466
 1032245
 192550
 432396
 187091
 45682
 282930
 1027246
 412028
 524247
 259310
 903096
 227417
 494416
 274622
 877294
 448761
 859531
 592833
 706714
 609285
 145533
 733535
 419662
 726637
 1032424
 1020801
 123295
 1050165
 866944
 1002785
 331917
 77164
 998873
 995015
 232804
 322749
 649736
 500392
 746059
 628356
 979023
 1082011
 816077
 187776
 837242
 1035434
 815781
 273685
 200118
 281096
 834522
 1038426
 740871
 743840
 161568
 275234
 674988
 70412
 759210
 30322
 42123
 659106
 214748
 73771
 1058919
 995465
 1098098
 5662
 863235
 25690
 788
 164540
 352335
 339487
 371741
 634806
 623162
 741638
 1078517
 651529
 317950
 932048
 410512
 880191
 733750
 321947
 853579
 530143
 758508
 998246
 163816
 524600
 608979
 1070176
 606077
 672355
 686042
 245409
 829152
 46327
 223720
 50884
 276168
 480088
 1033831
 40671
 904275
 119378
 433366
 998820
 612990
 812443
 631682
 587740
 947231
 607450
 788178
 263753
 205717
 650860
 1000499
 496401
 242566
 610029
 717783
 1051316
 82401
 1097822
 745475
 196909
 983617
 20045
 165283
 479465
 124504
 800018
 752213
 955781
 103198
 1087241
 414282
 938804
 472257
 567382
 626474
 643031
 503277
 307204
 374079
 600521
 472203
 647782
 211835
 419639
 33167
 1076639
 152759
 230773
 991158
 999725
 904737
 58892
 935333
 828518
 933444
 631799
 846213
 774274
 279392
 365381
 1051987
 987394
 941334
 743352
 271197
 763450
 361083
 66514
 409074
 34108
 572248
 326245
 1090535
 252356
 182849
 641476
 32568
 382514
 488605
 33967
 530613
 554000
 76051
 1033400
 785967
 819950
 1095697
 941893
 1006978
 229832
 210662
 647573
 293345
 534436
 948821
 220462
 742473
 97225
 371642
 748594
 715477
 789818
 135877
 31474
 329474
 381271
 152310
 427050
 776457
 818951
 878647
 294431
 182475
 69149
 913391
 399387
 193768
 548579
 1003557
 188761
 179439
 992745
 30068
 143667
 615227
 344028
 190135
 337962
 893320
 1026897
 682728
 561419
 798811
 597204
 885464
 616704
 880366
 115608
 582522
 550170
 73676
 816785
 983982
 442980
 531671
 397937
 345093
 930906
 575475
 590432
 1021422
 962314
 624262
 665846
 974712
 632817
 1069059
 737256
 889775
 231488
 666002
 36425
 257293
 355227
 209681
 652971
 2008
 996423
 165433
 48658
 114439
 937529
 96626
 862546
 219360
 319712
 349128
 512201
 841283
 53698
 295101
 223251
 1028430
 255913
 530271
 394104
 667080
 311743
 989737
 874031
 75732
 329035
 111648
 312882
 137904
 1032336
 355635
 1075377
 316608
 656894
 1076961
 665922
 227528
 330865
 964087
 391387
 552071
 794165
 945379
 958241
 964119
 752211
 194824
 149430
 829224
 181429
 727075
 130703
 280780
 485953
 286112
 757782
 1047070
 303994
 222241
 438153
 58539
 569273
 270629
 530273
 5194
 471812
 669789
 91099
 609232
 481174
 108377
 42278
 275381
 652079
 318709
 678296
 1065100
 968412
 273220
 1044515
 258131
 28512
 853219
 876479
 177648
 320211
 948610
 1249
 337809
 313961
 288018
 974530
 523688
 1075839
 606228
 8320
 197697
 926996
 839415
 292368
 211268
 162295
 418020
 955448
 1090710
 20644
 849619
 340354
 76644
 85018
 350359
 57486
 157775
 80448
 876097
 637678
 368315
 585488
 988725
 727380
 489859
 446173
 439041
 572618
 158857
 678812
 478509
 961583
 410938
 174128
 546190
 364621
 121093
 1080497
 801742
 316178
 888600
 872568
 575431
 539252
 481413
 786527
 231880
 513357
 759472
 423002
 549799
 217131
 72112
 612031
 156981
 747809
 238322
 115293
 1089071
 473592
 424777
 157407
 898183
 333068
 986615
 235171
 538456
 309044
 582962
 979557
 411752
 238106
 545856
 381293
 809529
 324948
 105770
 718540
 216397
 986479
 1676
 736265
 601842
 391084
 866473
 445215
 262743
 1003485
 468593
 191024
 765898
 948299
 877405
 467138
 563024
 874657
 822719
 960036
 832327
 780567
 491441
 988778
 174546
 619630
 781968
 998072
 423348
 113473
 793715
 791657
 20466
 574889
 683002
 875755
 141210
 582883
 740133
 383664
 676789
 631792
 804889
 178494
 284310
 528827
 693143
 283266
 326376
 169558
 1051741
 381260
 80150
 1081209
 81237
 368562
 805110
 519594
 3761
 472545
 498746
 588532
 736496
 710515
 639960
 657635
 1004526
 715495
 927014
 1096844
 705996
 711926
 999706
 653274
 388152
 449908
 1037498
 145851
 458369
 44061
 52978
 868831
 65301
 967999
 38482
 1001937
 1089880
 525901
 970925
 728793
 627299
 100481
 978677
 639726
 755100
 37280
 734685
 964672
 424435
 77653
 573394
 654972
 727122
 829162
 788931
 732720
 972336
 653277
 339586
 172514
 892665
 959648
 509716
 491963
 759519
 442822
 95994
 237604
 401900
 448149
 480315
 555146
 531604
 308162
 1030990
 710673
 14127
 716679
 657350
 358533
 53906
 853738
 982726
 496813
 300830
 506743
 896889
 689441
 130353
 958859
 149702
 139716
 394543
 477618
 167698
 949485
 464227
 235834
 492606
 197293
 1088706
 726547
 493027
 769189
 1034613
 718131
 317438
 390891
 897672
 267939
 1003435
 10463
 465475
 1069886
 683044
 601591
 813984
 790456
 555116
 145977
 262958
 448481
 609630
 178181
 377289
 19009
 471568
 33838
 10854
 239237
 73609
 599891
 219932
 965832
 506974
 683632
 219033
 682132
 725473
 657269
 916861
 239958
 820697
 1087512
 708695
 87232
 222373
 1088737
 950630
 595711
 96452
 771794
 452167
 674818
 558575
 167138
 555792
 759432
 729087
 145394
 873513
 297439
 292164
 207221
 656139
 852091
 350362
 367975
 8999
 975910
 365401
 1054714
 847255
 1079664
 49921
 741659
 981244
 654626
 1075825
 973836
 302828
 285167
 425413
 690202
 602342
 258393
 696864
 27056
 345532
 412547
 134319
 204578
 563925
 977262
 998777
 553745
 524360
 384085
 310291
 856004
 441215
 178806
 447880
 246210
 653537
 494407
 948863
 1079098
 522010
 351822
 1016568
 1026580
 689292
 781936
 50683
 113462
 899998
 811765
 707789
 929984
 1061268
 665520
 637143
 689833
 253994
 575202
 187524
 265038
 480301
 159229
 599591
 794928
 668521
 196838
 1005840
 611911
 467327
 166995
 314184
 174922
 1041611
 553242
 1071801
 77238
 161090
 512207
 691126
 391856
 342744
 458802
 56224
 512087
 64554
 521916
 706828
 402497
 131635
 288725
 473016
 9279
 869345
 170999
 1023181
 925408
 384456
 737469
 710711
 362723
 834620
 863341
 889773
 859160
 786708
 870837
 8751
 1076583
 873461
 740309
 561966
 233235
 507941
 41310
 928418
 251735
 953695
 499391
 137949
 357757
 445096
 15301
 987382
 673819
 367373
 463924
 303953
 266954
 516761
 655526
 311708
 451037
 58091
 1073345
 259710
 31551
 14065
 549887
 516603
 1023942
 345124
 484479
 563337
 804001
 1036130
 306786
 160782
 431303
 632068
 144861
 160030
 347527
 853645
 848445
 125935
 808026
 626077
 216123
 469887
 26340
 183401
 469990
 611510
 935588
 293195
 843682
 322398
 1042084
 816655
 415406
 1024493
 804510
 507979
 146967
 59493
 463649
 1000088
 151713
 1066395
 899459
 154314
 378321
 224519
 444450
 744803
 126810
 642935
 133544
 598224
 326277
 451383
 699115
 853676
 994097
 675912
 121557
 550816
 17949
 1013602
 234245
 225179
 494237
 832780
 926425
 70641
 952091
 812263
 40124
 1017345
 683158
 732329
 902599
 17404
 645305
 1019074
 846995
 262991
 87714
 723976
 948500
 207754
 91881
 94274
 790109
 499485
 845797
 1036560
 907293
 946180
 427249
 118539
 942236
 816410
 456727
 159645
 1042992
 663819
 851414
 180953
 1007207
 697721
 637902
 897967
 318946
 95738
 1062391
 20356
 149607
 953746
 796981
 1087108
 439498
 787848
 78111
 989686
 19747
 1008550
 449624
 502742
 475234
 679397
 559145
 52062
 40295
 691976
 766241
 1041808
 352366
 321495
 150630
 1077704
 894183
 310223
 588566
 619767
 350397
 1056679
 1097010
 512202
 551018
 192143
 799142
 166301
 1004499
 435938
 896517
 906004
 127549
 771818
 450989
 836622
 453533
 324159
 984782
 71109
 414124
 1018026
 835928
 838593
 718546
 35424
 391089
 395505
 189667
 950422
 438990
 305914
 884817
 81410
 714753
 574533
 883723
 687805
 1017390
 325591
 160256
 885459
 786533
 695482
 845273
 362740
 258157
 961236
 138215
 309754
 151998
 1017342
 1085119
 92884
 358919
 1009295
 991227
 1033410
 448080
 421840
 389069
 181625
 121160
 490931
 909846
 871060
 293452
 963198
 720103
 1046509
 597806
 431774
 420799
 1035896
 531094
 667202
 196726
 82954
 466387
 599728
 586455
 277589
 900653
 170512
 718285
 688808
 513456
 750497
 472745
 93678
 1083930
 956013
 435870
 208617
 1092405
 644534
 82285
 720716
 886502
 1043842
 610982
 875400
 637595
 957350
 936293
 453646
 920733
 374505
 1056249
 891997
 989698
 35573
 196900
 520694
 1091349
 671382
 410122
 778514
 364542
 318343
 332662
 662780
 286388
 635209
 896016
 262798
 993572
 121004
 250599
 128541
 740185
 795879
 156575
 105611
 110777
 237222
 930249
 642162
 730198
 540950
 145285
 50750
 122229
 964077
 489472
 318377
 88755
 213007
 1058413
 880687
 34845
 48188
 636937
 1013434
 253333
 608421
 873629
 166955
 176220
 250425
 698809
 929256
 360947
 524507
 871819
 680527
 15724
 914655
 1037289
 816006
 979249
 553040
 302420
 611368
 627080
 1003264
 871850
 166746
 440722
 851315
 108558
 250330
 49109
 6998
 466966
 323457
 974128
 502858
 677979
 282023
 653041
 836198
 957592
 325790
 706662
 801959
 966800
 487873
 921063
 224132
 700849
 950910
 13885
 797216
 853982
 669424
 7346
 951437
 813775
 726651
 951560
 440151
 825354
 835295
 261613
 828123
 883783
 1057994
 197809
 830353
 97406
 35441
 1039730
 1004007
 232262
 813182
 1077785
 768460
 466589
 552648
 228851
 693279
 844337
 1028429
 406812
 18118
 467276
 567909
 38860
 893138
 52558
 653875
 64075
 349619
 1008625
 120837
 346713
 642355
 115256
 986509
 641108
 638440
 1001587
 991438
 50459
 180448
 509000
 540521
 925436
 635385
 401070
 363107
 919442
 423631
 806692
 79533
 87586
 462393
 744399
 403420
 908011
 65780
 911845
 423571
 138638
 443765
 317359
 627613
 556372
 135757
 824806
 133894
 975027
 215341
 51238
 4260
 844511
 598180
 179442
 164156
 411835
 230466
 415071
 866345
 376613
 867583
 615545
 412346
 25485
 584058
 681717
 755622
 381312
 993349
 42043
 229543
 459618
 76044
 646097
 81757
 410818
 902511
 39663
 755476
 518642
 184262
 829227
 245301
 191664
 668221
 1031486
 787972
 610122
 609156
 344169
 998014
 588827
 467662
 813164
 26230
 384222
 14133
 636632
 294815
 237392
 684720
 450784
 196130
 530118
 97515
 1034174
 50024
 728267
 80285
 166180
 913141
 795008
 176944
 746162
 891449
 921061
 747928
 1018910
 1047621
 190411
 850631
 733798
 391287
 715925
 406338
 490790
 918212
 1017817
 30715
 153354
 90688
 16825
 349079
 387555
 989520
 449097
 299275
 376409
 1015892
 875237
 937425
 447165
 288412
 55319
 88200
 882031
 556264
 556907
 668807
 306276
 497360
 133481
 465576
 1036184
 1079144
 984436
 263203
 50502
 972255
 1059814
 366342
 766748
 431986
 1042698
 203771
 805928
 996086
 503335
 494881
 954697
 848410
 402489
 82089
 253271
 137484
 799479
 126113
 893799
 822174
 282610
 226135
 383901
 225177
 201502
 157677
 545987
 214997
 250213
 160553
 732419
 938800
 1021242
 834944
 1062284
 544000
 212587
 950521
 795166
 613659
 505876
 691699
 118627
 226826
 911238
 751429
 977779
 317731
 1017055
 364503
 853365
 565843
 11468
 414113
 780461
 276153
 784057
 569021
 1077896
 373881
 834202
 751493
 745484
 314337
 271597
 370536
 768530
 436811
 889817
 928105
 368720
 742300
 956178
 812653
 814072
 621935
 523063
 84023
 67431
 58008
 876126
 974126
 326825
 621764
 338792
 758587
 66764
 511619
 1024941
 725418
 682079
 1088482
 904144
 86087
 313349
 1036958
 155055
 506642
 610422
 962308
 691392
 993781
 578404
 395064
 483087
 1042347
 906707
 645992
 667654
 977834
 944777
 650835
 634563
 437022
 158230
 642030
 795776
 609033
 427704
 641598
 1070387
 127469
 706942
 190061
 971965
 770169
 573391
 508632
 301869
 812974
 834016
 953674
 680371
 211428
 135833
 529876
 18892
 294268
 780040
 209855
 684964
 447140
 385954
 86650
 703190
 1039753
 629313
 431791
 367446
 260820
 487644
 914567
 19174
 632953
 475226
 187195
 176634
 411568
 174462
 588641
 702469
 891842
 694354
 749635
 893470
 627548
 27617
 693455
 916804
 99255
 188171
 421992
 539717
 490970
 160268
 346893
 1065537
 545058
 182383
 61765
 1072334
 411522
 989922
 81812
 769377
 295823
 618148
 982412
 435266
 930510
 1082448
 279367
 364119
 895298
 482072
 413445
 1099152
 548497
 249789
 214105
 72907
 491644
 172557
 848840
 48754
 326953
 888772
 152585
 550824
 307343
 879024
 288148
 25062
 1063907
 759210
 360484
 907011
 571880
 423111
 1026407
 304207
 722683
 369252
 865530
 992849
 901226
 1062164
 744611
 493242
 79527
 102465
 911036
 536794
 1037064
 884014
 295238
 88550
 273787
 779911
 181196
 411862
 305702
 720061
 325208
 918698
 472146
 39904
 334194
 840837
 478540
 787551
 1019063
 533210
 91037
 574830
 900583
 1014056
 842742
 129565
 594574
 485917
 695051
 244821
 399375
 1058768
 1072343
 462072
 490221
 710344
 734929
 161322
 213377
 309127
 177626
 801550
 791330
 911649
 217236
 607386
 842579
 1001666
 1091509
 523702
 16399
 618821
 759461
 1055873
 105807
 243209
 190600
 9901
 84147
 79515
 288099
 903266
 403074
 964257
 639438
 687113
 890516
 1083804
 118373
 378321
 187875
 59177
 529664
 675041
 113276
 66947
 152543
 980134
 1031900
 1029932
 407391
 747665
 1000352
 859273
 8442
 696240
 332957
 830562
 570617
 473875
 198404
 662896
 767868
 438023
 730639
 115021
 835458
 207909
 279415
 842272
 724615
 977675
 583153
 955174
 533812
 1001951
 1082410
 730063
 952063
 947192
 183874
 347417
 96232
 378018
 715962
 790607
 56119
 595663
 292799
 331375
 691693
 820671
 129243
 1072165
 761333
 372672
 434937
 336632
 333992
 870385
 832668
 941569
 581390
 302245
 976085
 1018748
 794435
 379312
 97611
 30246
 47558
 557350
 619207
 453346
 540913
 207500
 628403
 907018
 658526
 60752
 519830
 464222
 614371
 16782
 131214
 596662
 789024
 1021853
 143486
 633269
 496152
 151762
 708940
 455125
 744749
 502308
 126230
 953878
 515264
 139991
 966876
 382452
 774486
 1044034
 490864
 672907
 534598
 304324
 1015446
 162883
 905569
 742141
 543343
 630631
 923340
 256614
 232368
 676889
 884051
 25591
 550076
 765177
 260408
 74055
 1014117
 367214
 24033
 771919
 659834
 653187
 695383
 464710
 927838
 411568
 504958
 881695
 450040
 817739
 705699
 180886
 554165
 86314
 351833
 677529
 591369
 1053192
 183206
 714251
 338121
 1023429
 309121
 662225
 476503
 968442
 668871
 1076700
 728338
 187659
 547607
 329083
 577274
 244849
 567843
 367741
 242891
 221121
 656310
 820803
 43564
 626621
 872374
 788759
 750189
 423611
 1035568
 120849
 187964
 353977
 76723
 427130
 76437
 552020
 150060
 33382
 373249
 1026102
 994809
 153906
 532290
 943569
 406863
 415846
 519499
 218921
 535907
 526995
 1084891
 889610
 852459
 198445
 749173
 539518
 414600
 12837
 587620
 849447
 476546
 950591
 951949
 1040368
 881597
 1013241
 22004
 1072930
 341706
 1060138
 226727
 585685
 502549
 5340
 100892
 179806
 256193
 286881
 334331
 441958
 924005
 929846
 473660
 258036
 448085
 340049
 127644
 217403
 996333
 469549
 522386
 326692
 936031
 134692
 415078
 778842
 746819
 663306
 351775
 441263
 38313
 199586
 378871
 16362
 1088826
 46006
 112881
 309660
 585365
 543344
 971473
 350026
 511919
 307139
 674764
 294526
 263947
 740820
 9783
 1084345
 261453
 248959
 877002
 710950
 721095
 551209
 731263
 269965
 480658
 712453
 484224
 400114
 403915
 531437
 344396
 807220
 588215
 506088
