904971
 9684
 670186
 878518
 250105
 308952
 645927
 474248
 476463
 719882
 921452
 150040
 342825
 1070326
 840737
 409807
 551139
 41341
 329341
 565414
 552851
 355763
 633657
 946130
 82760
 312391
 348960
 94668
 1027097
 548839
 899672
 901884
 794448
 917831
 1010937
 1073046
 125062
 972931
 1070315
 772218
 838375
 737307
 112791
 291921
 686757
 932201
 949639
 275204
 775450
 711092
 742398
 774962
 603172
 606145
 806184
 905320
 799255
 973349
 1028966
 176718
 625589
 921999
 52143
 161333
 213646
 604229
 767662
 879296
 490970
 231630
 908070
 1095989
 705305
 403549
 730305
 510754
 783128
 658108
 359339
 415726
 215729
 758730
 520905
 1019044
 649829
 69636
 291970
 590721
 324444
 320640
 688284
 547423
 1080926
 841404
 262891
 978785
 984821
 356324
 881639
 207469
 570974
 924722
 507197
 885762
 507213
 1033245
 597424
 901268
 61240
 554862
 127084
 959033
 534614
 1062237
 49395
 484012
 374792
 446731
 589319
 970357
 158672
 543352
 167106
 574162
 155755
 51418
 707650
 61160
 354576
 455204
 830892
 131027
 524431
 364514
 25860
 693292
 928933
 356610
 605150
 825016
 306020
 784914
 116790
 746049
 177251
 477499
 939980
 739334
 980632
 360465
 207861
 806212
 702791
 739669
 407480
 710001
 468339
 830050
 616267
 130716
 182647
 500158
 760599
 1051129
 253899
 845676
 1083485
 116045
 596311
 1054357
 351745
 563983
 659813
 661882
 772445
 526841
 674377
 591810
 629555
 204478
 214976
 772330
 253533
 756910
 192997
 233021
 505126
 795456
 507909
 86253
 817032
 30400
 1002211
 396212
 400852
 541362
 202015
 658437
 615288
 240478
 48854
 236401
 816174
 286869
 950661
 273200
 824351
 1083129
 931625
 301085
 666457
 232799
 707377
 29756
 61205
 112078
 359609
 186127
 534911
 6153
 280647
 280837
 532011
 202156
 374352
 729860
 404409
 976343
 363029
 852716
 116433
 718481
 290451
 960223
 889304
 278295
 1040459
 580502
 1022295
 330115
 948986
 279755
 231342
 705763
 1035968
 631334
 269912
 428375
 835403
 101481
 566777
 370427
 16507
 332418
 7403
 403968
 136832
 821348
 789333
 920102
 219042
 216769
 783877
 90289
 502165
 990290
 112784
 453880
 56638
 18150
 943776
 444487
 14301
 764529
 124842
 804819
 252316
 448477
 185377
 1011651
 805799
 655647
 209288
 628
 542749
 96346
 638733
 529079
 717724
 579753
 349464
 413880
 408843
 1087783
 958024
 923917
 501493
 802687
 199640
 799311
 574149
 292247
 840162
 802419
 269268
 186947
 767711
 71911
 535818
 481622
 309880
 513737
 178197
 1050641
 1073932
 16764
 383592
 956078
 417699
 763933
 47453
 365952
 203251
 59175
 432032
 148337
 438554
 797224
 612241
 397679
 722571
 539380
 510789
 633646
 178986
 467843
 221461
 707705
 399203
 148003
 56463
 232998
 455619
 119456
 650201
 530355
 375460
 674486
 308349
 214293
 90400
 1030635
 662390
 428475
 1036289
 927889
 6667
 422944
 526684
 250094
 1008682
 25274
 687800
 587391
 531870
 469555
 565310
 240845
 883361
 50260
 584949
 435736
 1081355
 262970
 438539
 31082
 789190
 67750
 60614
 1081540
 721078
 527248
 66659
 962910
 532001
 440798
 210799
 503694
 689256
 1058890
 143268
 92918
 640170
 169789
 88679
 1004544
 944114
 863772
 774680
 373726
 413548
 525600
 829657
 526163
 262802
 627072
 251619
 427139
 382859
 88480
 934567
 708731
 588182
 500325
 307705
 1087930
 413211
 1053159
 268724
 200536
 907005
 150045
 809598
 53359
 1039201
 1043236
 190293
 798913
 299896
 799549
 113291
 58118
 359331
 1085447
 1050553
 270134
 564848
 333119
 792590
 195748
 238622
 153219
 1023391
 663672
 239964
 1066937
 413466
 856766
 300444
 637768
 131148
 456459
 252904
 244435
 1024105
 21313
 765925
 410289
 1010179
 332703
 1046820
 1075796
 502774
 33855
 65620
 758627
 682325
 748288
 593153
 123591
 689822
 1090569
 1012131
 878314
 865801
 221276
 254715
 830909
 934285
 801859
 487666
 651567
 844403
 39575
 562112
 160777
 1023784
 353995
 647902
 401722
 1089777
 346142
 40703
 934962
 566831
 583758
 962522
 804951
 304348
 137300
 1075062
 319062
 68206
 449092
 595873
 103867
 577537
 490946
 374996
 449948
 753023
 178742
 712957
 844923
 57420
 172189
 949457
 812845
 243567
 741929
 1067161
 832675
 825864
 364924
 204024
 171747
 912517
 873921
 340481
 1005497
 621409
 1034486
 650476
 57318
 121938
 1042726
 961427
 598166
 891894
 545951
 688344
 119260
 660699
 412284
 548436
 540724
 962376
 704946
 1097471
 389475
 651453
 710864
 773502
 133384
 996394
 267726
 185080
 785250
 1072744
 1063668
 46694
 863795
 51082
 599187
 963237
 761017
 752448
 579121
 130060
 1061274
 837698
 721634
 829954
 844040
 188708
 937936
 964700
 213001
 11355
 766675
 955322
 289538
 181238
 1078791
 363103
 472068
 483268
 669224
 694026
 198659
 425388
 966569
 390259
 870887
 644945
 389043
 865403
 807127
 216470
 486945
 600272
 407030
 675518
 580859
 950775
 771470
 279564
 515490
 330785
 729798
 992909
 440281
 970580
 823290
 480043
 405980
 431562
 1017381
 317504
 897093
 766742
 153474
 524137
 601538
 603017
 847460
 847865
 526882
 891135
 489963
 672959
 506194
 26592
 307872
 945674
 38206
 74964
 256793
 560365
 806233
 321122
 1023771
 764396
 394028
 639001
 411053
 28029
 772535
 189019
 407950
 334409
 808997
 812044
 196775
 270191
 873517
 109694
 813936
 754716
 553410
 801538
 390277
 590190
 472799
 922455
 664853
 51561
 373395
 381323
 1027821
 546550
 331332
 510422
 972684
 88939
 84523
 196620
 691102
 1076032
 482941
 13391
 813720
 594915
 434302
 772199
 668324
 214287
 573140
 1057724
 675017
 242231
 636997
 1059173
 692754
 753998
 167485
 965758
 850892
 2968
 862046
 782617
 138359
 858328
 902210
 183534
 445553
 152654
 688524
 530272
 596223
 545984
 380520
 584575
 617965
 931444
 505371
 718753
 543716
 572083
 145068
 899661
 340231
 724059
 665972
 72239
 1017128
 185698
 1069016
 119543
 152277
 998992
 627511
 565943
 197589
 938140
 540369
 186987
 814969
 119965
 571060
 668022
 231652
 417154
 474463
 798537
 171159
 379262
 938825
 761425
 668834
 111269
 1003438
 783930
 668943
 984545
 797858
 1067261
 115668
 421451
 45786
 484369
 592157
 138324
 142807
 265470
 350973
 683491
 180662
 66068
 959420
 87744
 966472
 217278
 540914
 4967
 581126
 1031986
 508939
 368707
 182223
 317666
 107164
 1031971
 472621
 741989
 762858
 305161
 259583
 227427
 612761
 328858
 758440
 476994
 940402
 362639
 570362
 554252
 682540
 1065969
 321849
 342132
 274156
 639947
 641368
 509557
 79242
 898120
 1011337
 806488
 498649
 342280
 285189
 104902
 497918
 1040103
 828300
 316660
 859449
 402402
 585644
 1026551
 211867
 779080
 482042
 523022
 331490
 551160
 987430
 696501
 423197
 907981
 60116
 472025
 760928
 738427
 804747
 1053208
 1080567
 10136
 869597
 602987
 640421
 353466
 111476
 811440
 403062
 802626
 659346
 993750
 1007551
 373376
 242183
 442697
 124927
 793157
 77756
 312029
 800814
 771984
 427291
 408254
 209120
 887996
 962268
 297378
 453860
 5392
 905996
 411183
 921193
 210263
 193702
 517824
 293329
 898401
 306926
 441239
 536054
 677469
 153189
 196654
 351396
 577044
 543869
 377051
 197026
 459111
 425648
 414792
 1069211
 86430
 213913
 105292
 11602
 872236
 879814
 595359
 701268
 670536
 701572
 334320
 218504
 308007
 889281
 278144
 924956
 165808
 443763
 143953
 386823
 544200
 562534
 331839
 464558
 152476
 1089031
 70323
 251634
 1077017
 244900
 126750
 1095762
 328041
 938692
 933173
 336141
 978372
 962209
 341569
 259217
 1063771
 342285
 606953
 601435
 709944
 644787
 952559
 801389
 292766
 361859
 737477
 94359
 831053
 368586
 778189
 824086
 85897
 1071053
 1020189
 100449
 398324
 34481
 1080312
 563753
 286391
 937316
 776733
 1011459
 609748
 140967
 340165
 782583
 313396
 766173
 449117
 647779
 22035
 955044
 367689
 460757
 797531
 672599
 150122
 145004
 105713
 741220
 768724
 422924
 770908
 827682
 134279
 515196
 467235
 895149
 576685
 566239
 346008
 132448
 1084502
 614987
 322070
 852569
 141824
 1030786
 223545
 121411
 264084
 1018974
 890892
 15855
 592070
 377343
 630334
 195024
 193390
 363698
 532807
 83367
 409205
 143965
 425050
 867489
 179464
 734771
 225563
 18958
 441950
 949746
 521827
 833654
 240427
 216084
 1066638
 796374
 396558
 861011
 114995
 31106
 711677
 963339
 159891
 211447
 899879
 902064
 990672
 561391
 132869
 494770
 63233
 964237
 885268
 45354
 566748
 166446
 1035272
 897323
 534058
 195897
 244964
 535583
 821381
 894820
 442776
 728508
 895578
 752289
 730399
 256043
 1071580
 466307
 272727
 852384
 470045
 164892
 1044677
 434533
 1028170
 749560
 2206
 465731
 908228
 412772
 811278
 418753
 1049317
 289954
 827454
 699111
 32898
 1086501
 815027
 195137
 33890
 631535
 1058938
 301536
 1050962
 441824
 624420
 459684
 925011
 651185
 258494
 483993
 87388
 178699
 461460
 1026303
 1000509
 370196
 318593
 230755
 1009153
 470900
 153489
 342633
 828401
 754902
 82772
 975233
 471371
 760544
 367076
 872772
 564181
 917069
 136228
 303863
 196245
 571506
 60737
 679373
 721729
 128480
 506854
 510377
 868596
 573553
 643849
 133434
 104780
 309115
 567733
 1098847
 561621
 771738
 299593
 258670
 972750
 100556
 505937
 451861
 977660
 740146
 790131
 719742
 1004184
 153227
 630017
 768839
 745170
 337515
 41941
 416840
 1011352
 997855
 458060
 717122
 604244
 19266
 384941
 977992
 635024
 1003595
 684847
 746702
 383113
 229064
 800776
 216094
 286191
 368818
 179177
 492687
 1047364
 980607
 888219
 205593
 525510
 343424
 530420
 869193
 388855
 268668
 170308
 259389
 778608
 62227
 627517
 210342
 143287
 921617
 94730
 1055961
 1054561
 476427
 301499
 72870
 844360
 552702
 560949
 465053
 270036
 215431
 436331
 200109
 943299
 1062443
 378563
 1058611
 20449
 869885
 887897
 988624
 130221
 864620
 1063175
 174284
 799641
 1085295
 421804
 961694
 900006
 132314
 174609
 306212
 369585
 498889
 497839
 825588
 455666
 552838
 208086
 22138
 114006
 1017624
 354390
 549283
 846615
 516457
 654763
 225158
 133994
 947620
 810536
 735651
 253592
 928596
 178195
 306664
 646357
 321166
 143993
 169359
 710328
 304159
 437849
 7255
 764176
 190529
 847752
 788162
 1089194
 700472
 976358
 968810
 763150
 245898
 307849
 688691
 475184
 211423
 420868
 885216
 563985
 672520
 497275
 650553
 23592
 808921
 414605
 939550
 191387
 775150
 1060197
 53864
 683523
 255048
 855105
 968804
 573470
 1040919
 1003348
 250968
 914688
 808353
 37115
 889064
 1007600
 169489
 626448
 912218
 552456
 350689
 936350
 599524
 486689
 11307
 910542
 389866
 1042473
 902070
 745686
 616660
 779917
 269783
 484927
 443408
 302961
 176197
 303427
 357716
 1067277
 769311
 676201
 559647
 716051
 238418
 528937
 968350
 106388
 26738
 730116
 141998
 509025
 767160
 266099
 602336
 823704
 1018822
 581601
 153057
 230923
 871172
 977441
 475348
 834665
 901662
 243993
 47456
 355154
 618114
 990914
 209126
 50561
 1035519
 447298
 1026206
 574846
 871939
 887441
 824541
 951634
 198465
 470569
 592536
 482855
 206769
 845998
 7761
 893157
 537792
 870411
 63884
 35200
 657711
 606361
 389227
 620388
 227848
 652931
 1028493
 825091
 215506
 583627
 13286
 1040117
 34413
 1029752
 77664
 778334
 247986
 768634
 471359
 799607
 931536
 906637
 986422
 1096064
 1053284
 865847
 1045781
 643009
 720836
 842411
 460344
 129815
 415815
 303369
 699452
 220108
 805396
 351522
 80179
 75128
 745759
 595234
 689367
 720640
 264707
 424638
 939343
 939480
 801734
 922823
 699920
 990295
 100443
 66662
 630795
 585008
 249378
 816106
 168872
 529374
 599859
 220575
 668367
 727557
 940866
 19485
 797188
 1097186
 900893
 310231
 245118
 468254
 255412
 438552
 910192
 948293
 364825
 238210
 1032472
 134291
 4252
 520059
 498583
 423484
 448328
 978232
 870049
 272086
 656399
 26154
 1086699
 275379
 915515
 47225
 598370
 485317
 250809
 1049125
 256233
 16950
 28578
 343609
 387297
 911219
 534502
 970516
 407867
 824650
 323455
 1059344
 1047830
 429195
 23896
 279610
 290573
 314496
 903430
 751668
 520521
 752533
 782977
 656148
 706240
 673814
 603907
 368423
 230602
 309122
 352996
 126023
 747142
 306488
 1039564
 884176
 137513
 37261
 648724
 1019004
 101214
 681563
 54309
 774420
 984219
 277995
 6941
 828212
 592111
 354247
 1011370
 755026
 520807
 521926
 836664
 874174
 944265
 1058786
 1022235
 882268
 522245
 603089
 814481
 695267
 126671
 366669
 814363
 76104
 928107
 261033
 493956
 29345
 1053112
 806223
 323282
 501531
 133307
 21064
 590461
 128075
 1068813
 1057823
 290743
 834910
 200511
 571616
 898358
 729630
 551545
 224695
 42661
 816083
 370688
 492726
 386612
 367681
 738401
 1005074
 1016666
 911699
 229311
 800902
 1097129
 936506
 806515
 968953
 1002119
 356197
 540682
 1024236
 1015966
 829203
 1014952
 872783
 433343
 425517
 798859
 856597
 932490
 681910
 126042
 786729
 388801
 439426
 788072
 115295
 892933
 184489
 668479
 268242
 1000107
 999972
 423250
 242220
 1062526
 950857
 700024
 70113
 684308
 744824
 624762
 72159
 128941
 1040558
 209367
 673846
 660979
 1026300
 951178
 389116
 56267
 735368
 309804
 129989
 930962
 311897
 817853
 382567
 673021
 512475
 638769
 159371
 752865
 262769
 503076
 336198
 498267
 1092092
 848610
 394096
 1071140
 998298
 303826
 23001
 521588
 680468
 171420
 1092738
 611973
 862649
 295278
 806581
 911497
 805022
 5646
 888905
 99110
 930939
 209469
 197671
 137335
 457716
 759398
 365720
 308869
 740480
 357916
 469516
 112004
 908590
 870142
 511946
 519220
 360840
 108564
 370418
 96138
 431578
 151510
 673565
 380217
 566232
 313780
 132318
 794964
 388771
 613169
 126642
 459427
 468073
 741687
 956280
 138071
 926947
 191685
 637194
 364009
 864032
 1080614
 611771
 1094857
 639622
 988860
 322823
 670033
 1004707
 854704
 330645
 450381
 575544
 990185
 604031
 955953
 379888
 311612
 1020898
 766739
 1082392
 566435
 679581
 385407
 974385
 574871
 658881
 1018509
 394053
 1002343
 1037452
 999769
 219247
 278185
 261660
 683241
 375638
 958668
 639137
 980141
 483043
 712219
 709292
 865184
 322887
 730822
 857850
 905315
 103715
 845581
 792372
 715842
 894348
 1083763
 106668
 200568
 262924
 897649
 1001562
 755235
 1043189
 1065661
 762201
 180638
 9881
 406309
 135300
 952503
 320491
 185550
 445870
 1058719
 152578
 577384
 89470
 168933
 262301
 804313
 82405
 76214
 322079
 642459
 774621
 1092102
 394915
 5634
 748180
 326361
 1062702
 396267
 1090171
 127676
 532070
 502587
 164059
 857600
 715344
 1022845
 714358
 392840
 127782
 306812
 728127
 649611
 407749
 235207
 459961
 386683
 47851
 1040794
 471813
 530878
 490274
 171984
 386195
 102673
 282706
 567557
 77085
 634855
 483604
 592646
 995645
 583667
 57321
 69011
 253311
 1064167
 385696
 1077127
 611030
 857033
 1088337
 773543
 164518
 517429
 1001202
 882731
 61871
 475913
 760308
 195062
 839791
 1080034
 959410
 267129
 624348
 284185
 115369
 955101
 554646
 212775
 77460
 665023
 32652
 82987
 395550
 282859
 393184
 532601
 25560
 763806
 117452
 720171
 343332
 405074
 75654
 834974
 727668
 900503
 202624
 757344
 835485
 868676
 903248
 345822
 267586
 668922
 56816
 304748
 166988
 120680
 616089
 339624
 514882
 786009
 1043973
 979569
 452374
 949421
 368812
 591558
 1059924
 47508
 13292
 608756
 983097
 58177
 760486
 397759
 989672
 154765
 621302
 644791
 1077592
 394034
 514679
 683110
 766861
 641978
 489223
 740102
 460297
 75985
 659542
 307117
 526906
 1080673
 69943
 985756
 851816
 735976
 766434
 484639
 264204
 328230
 156954
 116958
 977959
 386920
 389439
 692161
 745341
 791872
 79014
 565419
 763476
 701296
 69786
 112579
 525831
 61905
 272210
 470582
 163318
 207901
 932206
 811968
 669908
 1068340
 259521
 589725
 884744
 502429
 1041550
 457039
 165000
 799073
 628509
 1017833
 215328
 708252
 623243
 976395
 343269
 905113
 428915
 337816
 1007205
 1051492
 749447
 886810
 169418
 346980
 239341
 59413
 734621
 205127
 1046314
 175192
 359361
 1011804
 199891
 111084
 487712
 534603
 643592
 1064799
 652017
 839584
 846798
 879914
 752540
 950169
 1097655
 1047725
 305168
 46626
 165003
 88394
 1013262
 891612
 685842
 901020
 1029761
 870154
 33026
 457956
 77729
 818784
 127381
 631480
 156331
 184554
 8452
 683897
 260432
 906123
 2919
 1067287
 527313
 393465
 682509
 156649
 661381
 246688
 648445
 672650
 192687
 436946
 622474
 279048
 709111
 800343
 245560
 111628
 135244
 388009
 363702
 184729
 265785
 603182
 347532
 178425
 291250
 43039
 116960
 14464
 909102
 242609
 209914
 523081
 830630
 960183
 585356
 930880
 33660
 221628
 952259
 86851
 826436
 934569
 681608
 437763
 125196
 81059
 235116
 177447
 1011968
 1012240
 169635
 825431
 829868
 659204
 610813
 750353
 770170
 710666
 67045
 381007
 796802
 845036
 937483
 98104
 208179
 1053705
 785479
 1023558
 803659
 1008086
 42377
 66618
 483838
 1062760
 124581
 237457
 452763
 614755
 568220
 675300
 1035128
 807495
 811432
 442969
 117991
 172161
 823040
 1003302
 497443
 810977
 932891
 191079
 175408
 435382
 555305
 515035
 253933
 166356
 704345
 228236
 39905
 209159
 617188
 504810
 910224
 765758
 718196
 336822
 243581
 658092
 608231
 176136
 125537
 1077304
 481392
 638450
 67314
 182127
 1045258
 871319
 1089935
 137986
 190978
 210898
 694104
 310984
 1044592
 997988
 613538
 724510
 1087174
 154704
 797820
 860436
 207734
 1083135
 777389
 683782
 471703
 67738
 1088705
 198000
 1003277
 243571
 933609
 459299
 1008809
 1092834
 925043
 251295
 229336
 767446
 123732
 1038058
 446982
 296046
 84048
 812942
 814701
 225702
 958269
 734276
 111578
 12049
 656955
 375315
 463693
 280796
 105947
 895656
 970329
 432761
 1066430
 300351
 183750
 455355
 973671
 1061960
 66471
 1032918
 209528
 51618
 696239
 1003519
 247331
 1036239
 140915
 463099
 44550
 365419
 478673
 813098
 20968
 261644
 981511
 89230
 973513
 1086768
 166900
 850268
 1014999
 885077
 702932
 817940
 517461
 749556
 761231
 244739
 164022
 901686
 613613
 133284
 792109
 1046815
 177377
 1090830
 429344
 398556
 490535
 725751
 659703
 487241
 88254
 374301
 955397
 533141
 186826
 350630
 1010616
 619878
 632978
 354419
 735901
 949764
 27546
 28908
 787748
 778853
 658388
 65468
 1077737
 651680
 143994
 957751
 639169
 642210
 837055
 919124
 140409
 668172
 489404
 1058516
 306585
 899531
 822344
 1088540
 358934
 801677
 550204
 1092756
 821445
 363821
 656566
 63906
 980490
 547203
 825494
 108768
 379646
 947755
 44931
 221149
 1092382
 408172
 175034
 325383
 279454
 1030589
 825210
 727111
 48116
 245062
 12833
 902915
 16259
 830191
 68375
 58753
 791971
 911032
 771500
 278892
 881390
 225048
 352844
 887540
 294566
 974907
 938812
 980453
 632266
 876782
 362733
 636658
 126940
 352264
 859888
 183112
 710518
 612334
 644247
 409909
 328938
 344096
 880576
 649098
 817664
 751502
 769237
 721131
 534471
 12528
 114723
 459898
 267399
 60332
 917057
 792093
 483090
 4400
 527687
 991801
 2528
 349034
 870182
 755228
 320056
 967322
 660839
 148870
 260271
 626882
 1093747
 291784
 104003
 350906
 713941
 392966
 188171
 155113
 482545
 463970
 475306
 639349
 671091
 63520
 245097
 155945
 523662
 29542
 921760
 1093609
 557945
 717160
 344382
 391096
 688339
 758597
 140114
 1066628
 183870
 665324
 122984
 841490
 480354
 783157
 334
 378305
 502400
 92260
 212438
 705028
 406048
 317774
 79824
 639708
 138904
 657592
 93029
 910729
 363731
 787920
 443382
 614417
 101743
 535850
 614888
 520498
 783810
 176342
 727731
 676267
 600203
 95230
 331903
 11701
 732319
 1077718
 782016
 78408
 339572
 312325
 944338
 298492
 530951
 894801
 934558
 952279
 187187
 927232
 474525
 609228
 278721
 1054957
 164839
 553624
 277092
 709529
 469633
 62051
 10650
 812827
 348779
 759511
 437358
 160670
 682104
 569673
 64037
 541337
 398276
 372228
 891465
 227271
 677567
 485806
 901620
 1004362
 16939
 776027
 713619
 937531
 392924
 24834
 647489
 484706
 329987
 31027
 529900
 481743
 89385
 788505
 473183
 1041067
 656389
 96719
 852535
 205013
 376420
 96388
 371434
 446542
 548626
 713403
 564246
 684458
 407981
 426381
 610801
 983122
 785531
 311230
 580251
 30774
 84897
 131319
 1056523
 1088984
 628192
 67059
 616558
 401021
 188574
 477883
 165954
 948071
 230676
 559487
 452739
 1071556
 523704
 850722
 210697
 742120
 419398
 76833
 40327
 515045
 641452
 804570
 505040
 712962
 240243
 794767
 28192
 532892
 1052480
 170828
 794215
 774705
 575951
 997088
 923267
 193217
 743497
 434658
 394354
 624941
 234240
 309882
 179857
 379018
 638155
 921064
 363279
 117193
 703571
 532469
 235155
 226224
 383913
 541410
 921547
 290954
 468211
 69615
 505124
 364642
 121763
 268527
 32250
 1074907
 928880
 1061053
 808804
 130119
 530344
 561672
 654695
 505058
 459901
 539561
 515444
 660792
 817234
 560655
 1004730
 684284
 166924
 289246
 1045817
 739993
 966835
 681174
 960842
 504802
 986362
 349638
 419444
 166434
 799887
 1087602
 337037
 986414
 188076
 281616
 30592
 1071794
 644511
 805148
 375322
 802093
 822791
 380167
 198132
 492075
 597100
 569012
 995025
 78267
 941138
 320927
 365366
 488265
 1002926
 973932
 924245
 901400
 504255
 715778
 147838
 1004683
 1073800
 248048
 703786
 575640
 202012
 978610
 140882
 941883
 441075
 123038
 1078752
 980826
 489523
 136945
 950802
 605865
 976999
 968250
 641604
 753785
 214453
 457658
 83989
 84587
 1096491
 252904
 165280
 330755
 1079892
 874823
 590745
 539929
 112235
 27196
 393802
 241360
 223100
 960539
 42674
 549908
 349256
 162425
 227980
 545445
 655465
 73332
 76422
 344650
 901705
 643654
 410992
 989627
 159611
 549179
 173943
 1033997
 867770
 771882
 882358
 587429
 252073
 294919
 727116
 643007
 597054
 643205
 567081
 479329
 423433
 454066
 1063880
 375255
 510537
 4308
 52423
 565954
 1089506
 237232
 531401
 236242
 765594
 764466
 404181
 929167
 484460
 304647
 1095360
 535485
 279937
 76908
 193795
 646082
 887165
 603158
 914783
 283538
 403361
 267783
 74095
 674775
 546379
 370755
 382605
 1017675
 477027
 332452
 287322
 112340
 599365
 702427
 336090
 358215
 506551
 766876
 106769
 254633
 719277
 749591
 722866
 127005
 858492
 431129
 795443
 533140
 755904
 775623
 695440
 292688
 925203
 411972
 139460
 574546
 237125
 910019
 1002168
 94524
 320307
 883437
 544153
 560657
 808358
 731506
 1016207
 906937
 905365
 641717
 319270
 165437
 318343
 620279
 222550
 236701
 557706
 1001046
 542090
 516410
 243174
 397404
 824
 726479
 74606
 663365
 1041684
 59363
 389682
 96976
 860823
 214862
 467956
 646710
 855883
 792872
 784135
 885296
 282149
 931565
 186194
 458793
 238396
 1097985
 691306
 932764
 645710
 689575
 739947
 568254
 469235
 963920
 195036
 403958
 551041
 610548
 610860
 218972
 873199
 1063973
 10825
 931712
 168504
 172030
 712430
 238389
 845867
 169746
 1091526
 604053
 530120
 566649
 572047
 271228
 772575
 837792
 7451
 234888
 963334
 1083074
 980450
 654790
 1006945
 219888
 748261
 65380
 573379
 236341
 803457
 877963
 530988
 1090157
 604914
 51123
 435589
 865166
 762239
 678097
 136004
 579592
 548307
 722754
 24087
 37727
 1094473
 846456
 128302
 588519
 699624
 975984
 331446
 1046765
 390871
 150714
 949477
 402188
 2645
 655009
 287445
 60269
 838506
 1029965
 200415
 916344
 531102
 74497
 339052
 446555
 235284
 361485
 270932
 120043
 567381
 902577
 566240
 173371
 627643
 113482
 487838
 829605
 40541
 439359
 950866
 690983
 371094
 824879
 525357
 163351
 379943
 213460
 495820
 382736
 172812
 554290
 805792
 699743
 389997
 829875
 950255
 439191
 957907
 513160
 31026
 497209
 641479
 734573
 266731
 1038370
 751939
 1071079
 598165
 803554
 1064201
 146534
 750518
 1018011
 166369
 704700
 628790
 239361
 342811
 475678
 81109
 169996
 512934
 434747
 172402
 831247
 523621
 996237
 866760
 921749
 426718
 1057918
 369424
 618704
 1072315
 863199
 466195
 648369
 494131
 147006
 146441
 199326
 1014568
 837030
 749999
 502834
 820293
 1029761
 969019
 230
 218227
 1045028
 39504
 731333
 300823
 313307
 863932
 561756
 850562
 463228
 417609
 981654
 893491
 698965
 949439
 903275
 978140
 1065494
 256842
 1093788
 24129
 158522
 244459
 987368
 463120
 523375
 168550
 101622
 819284
 81300
 65128
 326680
 968792
 829837
 179779
 340396
 623195
 108800
 268161
 112316
 289042
 266757
 365225
 52886
 354043
 323561
 285552
 245879
 995177
 709235
 1067412
 336906
 962204
 187961
 276817
 441758
 1078957
 41453
 232030
 7565
 59092
 838294
 193874
 324350
 859406
 327473
 641311
 1027735
 315939
 493896
 484539
 974883
 625861
 115579
 302332
 109651
 76189
 866150
 199228
 98224
 641175
 982688
 1017506
 346179
 19832
 333594
 1071684
 819950
 813811
 120620
 1009058
 412423
 293979
 793774
 785145
 299610
 309856
 625222
 239087
 97576
 799000
 80002
 1056102
 271491
 560958
 439711
 1094373
 472739
 696343
 913889
 767924
 674376
 992845
 805976
 984665
 468369
 561605
 973023
 800122
 162989
 190379
 537822
 338919
 1014203
 279675
 3797
 546170
 175463
 400461
 1060762
 159326
 1018832
 242791
 188339
 142134
 950548
 433959
 878112
 497608
 384055
 912876
 1059697
 588792
 397009
 914479
 387188
 368302
 369612
 1059842
 1094948
 134058
 298236
 80498
 575480
 848289
 962506
 158890
 448597
 828013
 162062
 742712
 989601
 831861
 88804
 441848
 317770
 72589
 187474
 476915
 897572
 550537
 633556
 578713
 108734
 593636
 48924
 282120
 615482
 670684
 153259
 585248
 910388
 232750
 182965
 394847
 914877
 1033660
 511321
 449685
 1037510
 488415
 476241
 121841
 830100
 786645
 56725
 611757
 133550
 370995
 64175
 1028910
 225433
 149727
 264943
 721770
 271500
 673491
 226828
 413769
 791921
 417549
 310466
 978986
 498590
 437826
 1041002
 996754
 718009
 418617
 362597
 731128
 650518
 91607
 320203
 949550
 1020831
 1002385
 313662
 696869
 27142
 284495
 160674
 590186
 417781
 127788
 319919
 474059
 740375
 339496
 1041077
 438712
 900117
 762778
 921602
 733530
 534758
 148106
 381021
 439770
 1080157
 475211
 1025152
 1067884
 342199
 76864
 406131
 397816
 540985
 196601
 802727
 225087
 804582
 322766
 944230
 702633
 571713
 898596
 262195
 358342
 262919
 310018
 614706
 79079
 365189
 465395
 547458
 656083
 962992
 837957
 336054
 666322
 298492
 381428
 896310
 529133
 539670
 196729
 749653
 672781
 971119
 450625
 656143
 777742
 1049967
 604153
 666829
 370393
 355592
 599306
 664264
 904312
 18552
 128677
 663306
 3732
 862898
 1078745
 3197
 641766
 774471
 955070
 783837
 780007
 894149
 921289
 359229
 476122
 834186
 673088
 168382
 1070728
 122087
 10307
 519810
 654666
 844544
 247093
 681385
 923673
 614182
 349167
 18373
 1021182
 151219
 221005
 776761
 432008
 291275
 1083753
 517419
 692854
 915649
 1062839
 542681
 981084
 882642
 909619
 844072
 904105
 416302
 329195
 845258
 307956
 293331
 574122
 554462
 693606
 779011
 879200
 815374
 99097
 438821
 801493
 965271
 1045589
 377113
 748432
 229483
 606767
 611312
 384991
 966133
 875299
 76317
 940196
 849989
 880837
 125412
 1062458
 501920
 638221
 403334
 496435
 32188
 21751
 766784
 236811
 703925
 971901
 973206
 424646
 1030217
 279268
 848672
 572492
 999065
 679555
 925076
 74445
 1094835
 1009035
 139460
 685970
 165840
 552337
 299018
 89088
 827036
 905419
 300580
 296268
 213606
 1070047
 567816
 109890
 565765
 917598
 627462
 891493
 80794
 13501
 991127
 648513
 628008
 288237
 907290
 978615
 320250
 1028090
 274838
 406478
 1059264
 413481
 1008919
 339279
 267973
 329624
 226508
 1042494
 529449
 723100
 972785
 293785
 564218
 35889
 879219
 479503
 620253
 812155
 938732
 590512
 595275
 275974
 417346
 835315
 909128
 97087
 113978
 126759
 275394
 1059926
 915423
 933985
 838466
 981810
 608440
 33765
 931879
 711064
 594859
 657153
 759610
 1029451
 943580
 805739
 222920
 481938
 699055
 127377
 779436
 533188
 23834
 602972
 682305
 992117
 496078
 549766
 962617
 256978
 579960
 86949
 1035999
 1059859
 24204
 611330
 360946
 649784
 527667
 1099582
 929071
 239037
 59292
 147968
 74372
 369536
 47061
 1099115
 161523
 601458
 822706
 1017725
 499530
 215619
 981910
 987342
 479166
 192069
 1034098
 79528
 68669
 609571
 973001
 33489
 1095164
 167713
 102795
 809648
 195611
 40038
 187616
 1056973
 962467
 66511
 573464
 907188
 263808
 1095439
 965788
 1055228
 483349
 350350
 387825
 241264
 617767
 119011
 50181
 704996
 682481
 531810
 98147
 422533
 1006562
 814602
 906088
 313131
 1070186
 717796
 916521
 174215
 718549
 636918
 376280
 848265
 6916
 356436
 344629
 109322
 878783
 527880
 65541
 653215
 825483
 536884
 498539
 1019758
 679645
 268351
 976771
 594105
 80858
 248572
 932926
 423411
 553822
 328736
 28845
 1004952
 248118
 902219
 761814
 89103
 605814
 854701
 566700
 447862
 1064375
 857138
 546843
 112278
 753879
 1093054
 1086369
 170111
 885893
 949182
 848929
 403723
 553879
 85960
 853932
 234232
 1028648
 301779
 195434
 1019686
 211688
 865243
 952877
 210537
 152625
 986367
 18364
 957513
 499496
 932470
 472018
 133432
 124684
 149913
 676842
 672203
 408189
 262890
 1018159
 65555
 1027932
 187663
 744556
 809256
 905638
 991661
 1065416
 1094508
 976705
 389550
 604114
 102666
 350093
 210307
 165340
 344901
 933961
 147396
 577098
 471197
 139375
 22749
 170050
 1024942
 938478
 172614
 942813
 797987
 1093036
 755942
 48581
 835869
 810192
 769792
 874234
 725719
 955085
 804316
 889377
 484309
 389374
 1096370
 388279
 243569
 870516
 456256
 420883
 236012
 153140
 1043124
 996692
 284596
 223319
 380121
 676653
 1056645
 63402
 489392
 627289
 854760
 468087
 104607
 770173
 774604
 181357
 718132
 354895
 78413
 159830
 681267
 1090857
 541288
 322400
 881925
 690383
 441303
 616225
 606944
 416539
 422069
 558646
 587005
 46748
 297135
 708721
 1578
 476291
 787113
 231603
 215690
 667936
 644039
 785222
 567591
 812558
 1088061
 411329
 461867
 982241
 1067608
 461706
 70434
 622307
 995584
 228493
 645022
 842147
 439073
 706401
 371012
 604488
 477333
 534819
 268618
 944316
 54388
 640475
 586508
 808064
 800452
 389495
 672921
 576652
 433047
 207124
 292007
 136594
 1092100
 1007910
 1035468
 412794
 393352
 118829
 659997
 382985
 358066
 775795
 929194
 359225
 171611
 794508
 875227
 272132
 540548
 67739
 88852
 61068
 303179
 543807
 727302
 943730
 192682
 454089
 507320
 405742
 52832
 185749
 257018
 359524
 202737
 918584
 866717
 525701
 659864
 121130
 734356
 257686
 841619
 733897
 222355
 758661
 668123
 300126
 912389
 151795
 843232
 208347
 1047536
 884173
 474836
 109541
 236546
 520932
 688446
 371397
 238969
 788697
 87375
 738943
 274590
 688729
 211663
 1061227
 381468
 548984
 484872
 18665
 716393
 17743
 827804
 103663
 299799
 663808
 259725
 1062431
 889222
 386882
 1084834
 466354
 326646
 533812
 127793
 765852
 73162
 672680
 1008488
 1067090
 701126
 578895
 496287
 996927
 172392
 960093
 14886
 358122
 110795
 375048
 913745
 122484
 578170
 91533
 531121
 263778
 160644
 768982
 82130
 708108
 130911
 1081899
 451637
 988677
 715994
 150372
 258717
 565586
 90033
 1031220
 784011
 1002759
 93403
 1011303
 159911
 24585
 336708
 1024396
 290876
 326322
 992991
 1097106
 862535
 239911
 338166
 948146
 338098
 794020
 546413
 375278
 421716
 475413
 69362
 810588
 881233
 519855
 1092488
 793661
 476873
 1090941
 805899
 282275
 171870
 278591
 697365
 760320
 742563
 539985
 112404
 50309
 691936
 616093
 120590
 487334
 627720
 281690
 693151
 735384
 1042654
 652390
 394339
 659779
 1035419
 750143
 811534
 622635
 59560
 1085913
 421455
 956077
 469109
 33136
 892841
 1093632
 844954
 661520
 986972
 670377
 509719
 507602
 984695
 342351
 128647
 630571
 149921
 66951
 42631
 887708
 297171
 162035
 243609
 15115
 90805
 405749
 591439
 153070
 927336
 778060
 1057508
 628554
 728672
 982628
 511649
 272111
 1028267
 716894
 269863
 289834
 858729
 1084083
 422062
 748974
 336594
 805206
 325792
 743553
 260647
 483842
 537588
 441662
 708940
 585044
 68162
 215417
 1058953
 917174
 381075
 757180
 553076
 339476
 127168
 858174
 1068859
 130142
 906733
 228922
 530552
 62443
 553004
 927889
 363047
 496383
 52996
 499022
 727958
 764081
 93954
 330695
 323561
 839004
 303985
 398905
 795813
 754166
 614982
 645712
 1013247
 838863
 234663
 337964
 16673
 412072
 44504
 644558
 720038
 233255
 645137
 823907
 818875
 278454
 3565
 291358
 487538
 295750
 802737
 364354
 30915
 1078854
 113030
 640367
 548265
 43707
 308010
 297130
 425851
 162381
 353175
 942700
 165358
 440101
 963807
 317502
 645143
 84383
 657254
 498631
 400219
 269317
 414032
 284997
 386836
 612721
 60708
 561795
 1085731
 402170
 393501
 610107
 190297
 1020978
 192016
 533611
 971583
 550479
 35220
 360505
 902693
 1075165
 475464
 25337
 1062021
 93342
 678800
 148611
 398258
 209833
 484153
 2567
 678166
 541800
 1002121
 389573
 588837
 383948
 734705
 868543
 252944
 901829
 305338
 515301
 394560
 630079
 1039340
 817133
 1064352
 589169
 194317
 277495
 709780
 1011870
 212069
 325780
 227416
 227319
 153471
 529896
 416459
 132517
 964826
 254026
 297509
 299278
 159080
 914916
 136258
 569882
 925945
 292032
 263891
 812122
 18178
 474924
 107401
 246476
 949546
 943054
 125641
 424120
 24324
 497234
 1033646
 358912
 288147
 589505
 1053516
 91612
 141300
 1032582
 364353
 122806
 361880
 782205
 77570
 236750
 90676
 789464
 1050449
 837636
 155908
 423603
 200503
 296768
 513942
 609236
 122456
 977314
 302259
 523736
 79336
 115288
 100905
 258487
 464823
 344507
 268242
 651455
 620295
 1093567
 680862
 208832
 593541
 806288
 1097453
 436270
 107755
 937976
 98206
 800614
 453545
 723646
 818971
 579187
 72265
 1079281
 748459
 380036
 931107
 396702
 934186
 651038
 385943
 494924
 884315
 562371
 1036614
 46379
 147429
 480517
 930589
 282407
 642337
 429168
 1005650
 224128
 958
 184659
 15912
 140059
 118893
 887234
 838457
 1013001
 564964
 412805
 153927
 474620
 537981
 896369
 776419
 297045
 1071885
 502446
 237613
 288440
 887900
 65631
 263941
 743616
 698829
 902431
 492125
 935599
 78150
 741417
 1015672
 772543
 889549
 465699
 549994
 479243
 620056
 413155
 657404
 123495
 1002148
 39728
 374366
 7798
 69607
 227077
 538118
 899210
 929563
 631316
 110183
 977258
 664254
 933831
 410432
 794925
 393902
 858780
 755524
 95423
 763727
 205821
 700069
 801491
 318480
 314496
 886629
 560108
 866481
 1066615
 132806
 660796
 848403
 77340
 482362
 383429
 1081402
 446260
 313724
 450618
 963258
 40889
 828438
 596974
 606196
 15282
 1096403
 408738
 164682
 87443
 1047754
 1031893
 849804
 197019
 717811
 862800
 200788
 1042998
 787536
 274893
 355214
 76985
 875511
 125722
 441770
 335728
 179974
 219454
 502326
 397870
 370873
 894348
 29894
 609141
 62103
 476129
 180365
 203670
 486317
 420187
 286944
 299408
 797322
 780126
 654608
 834397
 794864
 450549
 971872
 886386
 603425
 1045615
 1092580
 587593
 995236
 582608
 423651
 276960
 1070584
 842364
 886510
 950668
 1091047
 932789
 309775
 648123
 33582
 138809
 465728
 598919
 1042456
 381879
 434339
 658050
 194330
 961238
 818436
 711643
 599129
 292562
 679005
 444769
 798200
 432444
 474078
 223147
 497965
 763939
 1016543
 279542
 1007727
 1007082
 576213
 657969
 930272
 663956
 21080
 602427
 95695
 494593
 926848
 955821
 704910
 515174
 1085091
 754927
 964985
 780161
 145884
 45676
 150518
 42895
 244658
 682699
 786169
 492425
 449616
 153503
 136643
 1026516
 287487
 343953
 862427
 1084509
 1071780
 962807
 804329
 154826
 689737
 427669
 845585
 989000
 876425
 446848
 516186
 73455
 1087239
 138516
 357728
 998778
 961190
 645232
 371016
 52893
 612076
 71628
 375821
 857320
 839638
 380649
 910783
 1072211
 362128
 299965
 1053743
 267009
 365611
 904614
 491646
 922003
 623834
 74264
 467028
 140288
 116639
 630199
 72671
 851987
 538036
 835367
 22492
 985930
 981469
 243161
 893144
 929003
 788058
 386993
 591413
 559685
 372121
 671534
 636219
 893508
 727033
 126885
 780289
 940445
 63397
 687858
 986804
 938558
 390760
 833480
 988865
 380114
 6258
 279660
 776793
 598063
 315299
 842986
 682035
 428263
 373481
 828972
 773731
 112537
 401829
 45304
 102265
 652918
 688749
 775808
 727472
 621893
 473954
 463364
 638899
 91151
 868155
 936131
 954566
 298504
 892041
 1027124
 1062237
 311223
 956105
 178436
 762839
 942726
 674883
 559342
 96878
 497376
 139963
 685672
 523243
 707530
 661516
 891212
 282625
 883586
 329295
 580421
 840396
 766981
 804403
 559080
 608417
 1020258
 148963
 293267
 536004
 544144
 379870
 261018
 261919
 940621
 844747
 543994
 317358
 627933
 577150
 1056098
 17664
 792935
 133098
 693093
 1016832
 195289
 320879
 451355
 522048
 707259
 393425
 597591
 1010884
 1042908
 339310
 315197
 399142
 309599
 936737
 210782
 163596
 190182
 1094643
 589692
 1024301
 990712
 28101
 697175
 661017
 55612
 59189
 984089
 1012364
 83467
 769168
 769955
 1051078
 974250
 878230
 681220
 972098
 443946
 1070242
 292207
 903764
 850154
 260768
 92810
 711053
 870231
 304391
 339492
 986037
 177724
 155024
 587151
 718341
 879274
 631351
 183503
 573668
 396312
 320037
 379327
 824248
 463378
 309289
 750126
 296277
 1026704
 698066
 702454
 806666
 834823
 938710
 133154
 181141
 723605
 201698
 972702
 49542
 126207
 1095706
 937396
 332777
 216850
 255123
 44151
 308666
 169884
 455317
 246428
 670465
 440680
 744248
 176278
 897905
 856694
 90157
 159396
 665487
 284869
 126311
 646939
 305990
 451242
 610006
 563315
 1041326
 65742
 128029
 700478
 792601
 306594
 242262
 1082772
 875652
 628731
 843191
 720333
 788891
 8361
 26475
 70024
 394544
 768195
 674407
 409975
 672046
 745119
 500567
 694348
 673850
 949898
 579415
 1076860
 369357
 130686
 549580
 621022
 432868
 725806
 822009
 870779
 652633
 856092
 474297
 900448
 538780
 1016854
 394372
 1028358
 1032737
 405982
 732083
 614360
 327090
 968538
 777275
 669984
 382049
 880994
 1007020
 632078
 946574
 663128
 226540
 374296
 38722
 88032
 451656
 174903
 1027023
 701486
 202034
 74483
 421746
 627924
 332081
 97491
 496901
 677635
 915931
 640110
 67433
 910023
 16703
 555290
 834055
 1024205
 600163
 505563
 457490
 621018
 1035349
 716259
 152883
 1029470
 340944
 688630
 588378
 808469
 1099309
 971098
 1014622
 412864
 180402
 773519
 591891
 634639
 768676
 355183
 1057893
 51853
 263397
 339508
 891624
 377829
 833155
 561832
 304112
 375200
 488149
 964918
 423056
 971336
 115699
 1037198
 189042
 1048928
 316245
 513187
 682303
 28442
 274804
 788129
 770423
 819668
 1056327
 288376
 811669
 265099
 26355
 771690
 501972
 1082922
 990523
 909171
 310136
 812440
 178628
 713048
 456292
 1005666
 1010801
 673514
 661703
 396617
 308107
 351458
 101159
 428099
 936573
 847368
 539185
 911966
 883704
 323008
 983010
 721855
 231899
 1032147
 118986
 194528
 810120
 11234
 347479
 269577
 653790
 178557
 469506
 798767
 65289
 767898
 191418
 37198
 601847
 317337
 379513
 361989
 777830
 898653
 1074756
 287762
 395259
 324472
 821329
 736900
 426146
 803139
 433639
 1005591
 388087
 637341
 56501
 1005658
 341043
 321671
 764897
 139633
 272446
 14631
 905225
 761040
 268640
 585647
 869084
 298608
 284294
 974976
 906856
 487660
 265309
 5001
 964943
 863232
 1064441
 321728
 359807
 245144
 785684
 199078
 719082
 826313
 717655
 961717
 122593
 882693
 500053
 458901
 972944
 160473
 415434
 1002926
 64413
 722370
 499298
 933670
 545971
 1068308
 443407
 950556
 322003
 437813
 940190
 629254
 210875
 836027
 743213
 850506
 408619
 863762
 427779
 746530
 614049
 251238
 2161
 1704
 1015697
 852655
 1018626
 838719
 334161
 682558
 162751
 227265
 664628
 858323
 1071396
 677766
 94927
 424663
 1034083
 136592
 564766
 638488
 225081
 183675
 280374
 525044
 743693
 410090
 974562
 624446
 555301
 655482
 1039012
 316762
 237247
 324098
 716211
 44808
 68416
 406898
 951591
 94533
 961907
 747467
 841794
 41902
 318765
 581477
 498956
 88226
 667293
 743047
 75334
 316182
 671867
 300239
 806227
 580363
 1019619
 192278
 1077660
 642073
 497328
 616114
 531935
 526464
 866861
 1010557
 190964
 977005
 14965
 222790
 853356
 475132
 508487
 318114
 337192
 204458
 625459
 913077
 724581
 448204
 101175
 808417
 704355
 213739
 515136
 655393
 297284
 788513
 376275
 611865
 1043111
 111228
 934021
 358409
 19487
 153182
 292117
 1033334
 328215
 291060
 949389
 200062
 221043
 81166
 190281
 160756
 928181
 819930
 243744
 458649
 889031
 804270
 65856
 877557
 35216
 460618
 1022936
 572948
 1058105
 849519
 755794
 567435
 132240
 255263
 606833
 156
 1057613
 291012
 905294
 24845
 228348
 509686
 1004666
 481795
 382109
 744726
 488536
 2251
 652649
 141020
 1014958
 1030492
 164764
 704481
 435237
 610900
 592606
 817613
 893516
 287462
 889040
 800728
 739496
 643243
 479735
 117884
 1009971
 234891
 93591
 855303
 575754
 601391
 840022
 427830
 75986
 77690
 350866
 928035
 417136
 377057
 394886
 970315
 980469
 928688
 435049
 3793
 817925
 465217
 927795
 1048849
 502008
 309482
 953548
 645175
 895919
 468959
 909025
 375732
 31110
 120404
 35751
 901073
 692261
 47079
 372578
 1049376
 46199
 893605
 147656
 33557
 401434
 835215
 593675
 78783
 897497
 789497
 674662
 394443
 295588
 209865
 488629
 310472
 132977
 218425
 704250
 20136
 580862
 231067
 879721
 343072
 548585
 381627
 491090
 256636
 280043
 667545
 1048572
 730478
 344218
 61854
 847191
 813739
 238614
 759583
 450144
 627984
 617979
 865044
 904600
 648852
 436125
 98964
 923454
 927931
 18078
 657171
 625289
 146899
 939260
 710412
 909805
 688449
 594190
 782846
 992966
 318154
 718122
 544283
 299536
 165418
 331802
 502772
 336347
 369496
 717914
 922899
 136548
 1064542
 586850
 754703
 788393
 311566
 814091
 849797
 10444
 643112
 918881
 891661
 211313
 128287
 417662
 4821
 158164
 862017
 1064628
 966716
 472370
 797389
 151784
 1013387
 363910
 417609
 618406
 132097
 765454
 66775
 189301
 24863
 144917
 18567
 492104
 620907
 687914
 191746
 1042036
 485240
 892515
 34965
 985853
 801424
 801395
 684934
 639860
 70919
 780801
 504875
 843741
 672645
 1073043
 723221
 483332
 255576
 158155
 424129
 678080
 845478
 461954
 952520
 259535
 472607
 499773
 660759
 974530
 29149
 487298
 302281
 1061881
 227222
 1045204
 609633
 1096560
 34936
 276236
 688614
 720758
 494877
 402362
 856978
 957808
 880660
 632292
 560560
 302360
 801024
 1032439
 311209
 960785
 968452
 294334
 862604
 524879
 320825
 334779
 577771
 863071
 856125
 924678
 570150
 245198
 309828
 5257
 426986
 168973
 1034894
 253787
 1000272
 130945
 800570
 298936
 1020315
 697261
 42629
 233113
 365061
 98873
 247903
 808749
 186046
 985931
 103633
 612850
 32866
 511500
 1079794
 732526
 789176
 849360
 681969
 81109
 205501
 512309
 193447
 237217
 839581
 951786
 330120
 1491
 83369
 718749
 737233
 1042423
 791983
 480203
 248229
 433498
 1025087
 184199
 36029
 842676
 104998
 91099
 1024266
 507017
 502122
 858956
 1042276
 71225
 557498
 785178
 1039391
 1019079
 110827
 149712
 276907
 1018781
 1033605
 43919
 307851
 369086
 726857
 85457
 141487
 942920
 748300
 262775
 837696
 900982
 316275
 171159
 279836
 381780
 928900
 1039732
 1074845
 76362
 850460
 331097
 745616
 450711
 117558
 719197
 871664
 497556
 641871
 868807
 705381
 759806
 490377
 139457
 1054786
 113623
 743178
 486150
 922971
 717261
 834667
 163261
 797946
 650255
 25213
 473325
 74445
 310245
 838842
 158047
 1042442
 120966
 774110
 518791
 184475
 446279
 331584
 903260
 836995
 430198
 775099
 205704
 1022959
 413850
 37871
 983766
 987115
 731930
 733483
 190547
 530017
 879582
 1049689
 277259
 224203
 864040
 995928
 1077573
 649713
 134692
 298002
 977967
 318638
 672235
 520130
 674487
 14496
 380352
 93872
 937645
 1065926
 346551
 737892
 610609
 270534
 295139
 1017055
 258765
 803261
 328029
 364880
 776196
 870421
 425069
 279689
 564576
 146987
 480733
 676621
 731011
 662235
 514824
 613844
 72890
 261951
 107764
 582382
 387736
 433439
 549358
 768397
 56313
 750565
 687708
 1084725
 342119
 918502
 949520
 964427
 361535
 463845
 634895
 725290
 1018625
 252549
 1064129
 271114
 1074228
 512836
 286378
 255635
 9061
 961138
 24768
 157668
 134305
 803689
 477953
 610981
 429797
 808285
 644203
 248549
 548090
 450255
 105344
 187933
 10694
 39477
 414496
 109276
 711761
 912196
 559144
 982862
 191275
 42997
 819526
 309544
 929927
 225171
 1084278
 791831
 762697
 160398
 977658
 184939
 191654
 115088
 824373
 118671
 978401
 835613
 211195
 993392
 170219
 965512
 185742
 602412
 666913
 84438
 670300
 1093016
 75406
 349678
 835093
 148381
 861603
 181529
 172963
 551885
 490900
 854668
 30979
 207193
 302926
 210721
 339300
 1046194
 93072
 677319
 1091132
 237467
 85347
 856360
 1048134
 329486
 782104
 664105
 81546
 656270
 623630
 180212
 881509
 975243
 4473
 186148
 429660
 392311
 22517
 133714
 752548
 414992
 531269
 1049071
 1026483
 301459
 93807
 113243
 1032828
 617633
 17138
 1026212
 1074566
 905801
 838602
 572260
 26959
 204670
 949676
 110750
 77771
 506075
 237085
 302397
 752069
 227127
 878125
 466070
 605991
 262800
 613429
 837491
 967965
 328829
 450682
 610766
 107548
 946940
 1018891
 249079
 401350
 87996
 854909
 4260
 993835
 290036
 141631
 553320
 773647
 259407
 690451
 812542
 43964
 256468
 727584
 629103
 347956
 1074946
 874687
 760971
 461921
 410634
 1029354
 796691
 551739
 150990
 626864
 1061641
 541464
 218590
 285913
 807372
 693815
 375592
 1004191
 56507
 832575
 233444
 297291
 424995
 148208
 941729
 543805
 652021
 695053
 440730
 424180
 697283
 534766
 343492
 990795
 919543
 924043
 507046
 336545
 252030
 677734
 791718
 944443
 513198
 676684
 580722
 429261
 903498
 905905
 209349
 443604
 941850
 232850
 910104
 219094
 8121
 272503
 567429
 1002404
 122530
 85058
 144080
 941332
 371362
 955047
 770714
 187447
 342728
 151781
 1050285
 967327
 73573
 2925
 974667
 480590
 1038303
 923550
 904707
 422822
 132385
 202059
 913445
 467426
 713723
 363001
 116175
 332683
 1024813
 214534
 374497
 729296
 707303
 495122
 813880
 802039
 108955
 679956
 758272
 197932
 17629
 196418
 428227
 371627
 86932
 172787
 1079458
 775998
 803221
 794999
 722122
 930840
 275616
 610003
 267063
 946367
 809021
 597791
 1042314
 301275
 601237
 166957
 890532
 65854
 696335
 462212
 949338
 1013876
 885951
 239301
 1069766
 780744
 232410
 511166
 642873
 787697
 553432
 841055
 936545
 961007
 313931
 492859
 775223
 909647
 104857
 615906
 257525
 402342
 282516
 297782
 17756
 201283
 756548
 736520
 476029
 410381
 626763
 224758
 59992
 1079632
 126723
 405617
 375194
 772010
 407661
 488637
 274822
 549679
 5660
 993159
 842763
 1004990
 194717
 342116
 829017
 189530
 484363
 150342
 679917
 354330
 149069
 597624
 532073
 811682
 388128
 210336
 801225
 52494
 68872
 606487
 972301
 1017044
 350834
 698201
 47852
 722123
 625039
 395188
 1097734
 59406
 961712
 400059
 1039192
 423446
 788172
 655889
 977269
 494488
 759961
 966145
 704779
 895622
 351484
 820099
 888433
 452474
 846766
 69880
 843915
 796647
 862996
 27033
 73389
 234809
 839080
 1064014
 429634
 14853
 90132
 845205
 21945
 68788
 296117
 1063297
 511128
 655828
 631034
 22828
 865921
 1003650
 870048
 522689
 1070731
 54708
 993043
 202975
 374098
 959215
 450445
 121375
 860958
 97794
 146794
 928811
 1040962
 700344
 729535
 765595
 294734
 700525
 476383
 729675
 832227
 122961
 390514
 1058162
 788664
 191952
 493107
 141865
 577882
 106972
 813201
 739110
 318989
 450783
 782745
 380275
 561774
 1060328
 697218
 840370
 657180
 852405
 459372
 325916
 123113
 1036732
 95077
 307682
 360095
 202891
 736322
 1074072
 151824
 919025
 390643
 318560
 993273
 790376
 528814
 1042655
 232544
 312905
 449375
 1049221
 171226
 518316
 568620
 115062
 154782
 63480
 280883
 1053427
 245676
 916539
 20691
 233437
 966935
 36846
 513201
 1027459
 981253
 301830
 866277
 181312
 512273
 753624
 992497
 224798
 724144
 653804
 24418
 43375
 372664
 904907
 986029
 675344
 894294
 404561
 277966
 530579
 1000243
 388234
 392695
 1043697
 117673
 645661
 119905
 846374
 126210
 825822
 692161
 13152
 728735
 787803
 243480
 318304
 858642
 506680
 88895
 1032225
 390175
 852637
 951436
 754385
 39306
 234124
 226405
 165647
 760178
 396881
 278672
 1093864
 1040544
 882458
 331666
 186288
 882028
 54918
 419667
 253809
 1085043
 44673
 539663
 737767
 157492
 70487
 654335
 708492
 661722
 563863
 404447
 63546
 688371
 8126
 1017116
 1057280
 704251
 430300
 153827
 949642
 64541
 517014
 329472
 370663
 1050201
 817682
 216424
 197107
 962140
 767879
 944340
 395872
 183099
 744211
 616854
 61831
 222328
 487675
 511600
 1049201
 1039890
 13452
 239935
 212791
 833758
 638653
 794327
 469175
 242494
 665781
 1064650
 115929
 1015687
 872999
 480520
 29109
 1010926
 861316
 433060
 34585
 144512
 451814
 7931
 1010475
 995285
 624186
 947201
 1014792
 742667
 522757
 801559
 763820
 660952
 1007072
 199675
 1001917
 297070
 804394
 666606
 998186
 591911
 874764
 4167
 608332
 138323
 375622
 134134
 928008
 527000
 522736
 184930
 205739
 611400
 272250
 144993
 290357
 924358
 299092
 257661
 333353
 654964
 423157
 30504
 1049678
 998831
 555423
 857756
 1073553
 413532
 317161
 847175
 497159
 279825
 1071806
 73935
 231055
 960505
 34546
 670462
 205813
 1004018
 1023306
 486858
 89775
 662743
 219155
 207073
 84511
 195245
 775562
 326053
 165179
 596743
 1032735
 1091871
 575610
 332781
 380998
 531408
 983331
 206212
 234599
 41471
 523800
 693873
 870878
 910916
 345212
 32388
 106867
 924939
 968910
 1050846
 145920
 645939
 280974
 687052
 425334
 543288
 318870
 835736
 613707
 780095
 846891
 943110
 407389
 781028
 360468
 218106
 675923
 666275
 764495
 398145
 872993
 427114
 479608
 836054
 191432
 932761
 706787
 864381
 260572
 393320
 194005
 22909
 236040
 713608
 725616
 831323
 122647
 57660
 269180
 934463
 982877
 919823
 1039353
 153279
 625058
 1055160
 303372
 901377
 69989
 191542
 873284
 767993
 41864
 789234
 1001914
 248722
 975028
 150201
 511186
 283136
 443090
 352132
 916458
 625123
 821040
 226178
 244959
 501080
 391769
 514548
 245744
 521358
 201939
 59975
 1029910
 183863
 127054
 630543
 1064849
 186186
 80035
 45903
 199731
 74367
 862629
 676839
 620653
 461167
 196375
 254914
 1002919
 308072
 892154
 1043267
 422015
 442634
 564854
 690049
 391851
 454344
 794748
 123693
 764842
 950564
 371125
 177490
 482264
 96863
 241474
 315036
 363499
 989911
 32011
 535921
 184435
 1051429
 998122
 1050189
 33396
 260815
 483179
 757575
 493559
 650201
 587745
 787246
 985240
 442024
 969842
 653321
 705504
 75513
 249413
 693985
 580823
 83243
 596522
 528687
 286708
 896473
 193849
 1017563
 1022799
 776900
 795796
 464680
 913267
 1022114
 423537
 942825
 265716
 1056140
 775564
 114704
 38689
 660112
 850778
 93898
 715806
 743184
 852911
 490880
 673717
 412813
 959939
 330582
 1067790
 859996
 1007464
 915030
 156084
 221901
 584572
 658271
 785681
 30685
 711855
 79290
 769375
 72638
 919710
 712797
 604475
 1093581
 86689
 731274
 229750
 826298
 883057
 1016426
 239901
 79227
 23095
 982984
 1046616
 251912
 982661
 336495
 194375
 650930
 290258
 352431
 569465
 467765
 322388
 203208
 1019760
 810032
 43728
 642585
 849659
 367497
 860520
 181823
 381280
 551355
 682431
 1054190
 810207
 177651
 679880
 892598
 1093075
 19799
 42494
 182153
 279810
 330336
 875062
 780087
 838067
 593146
 125103
 168949
 1042180
 662897
 733912
 31580
 11431
 622971
 514782
 805959
 466452
 504115
 933686
 767444
 816867
 102636
 1093166
 563671
 432199
 310494
 541286
 924190
 79554
 319648
 15431
 606467
 420924
 86069
 701945
 672077
 307224
 176181
 14564
 181564
 450004
 838214
 8610
 479564
 486675
 1027612
 528119
 296532
 40613
 867388
 996995
 258163
 232388
 883894
 817529
 1087082
 529903
 130576
 572360
 264842
 1037835
 171276
 1094654
 408706
 28826
 460862
 253645
 636962
 232409
 1051236
 112620
 195554
 139792
 642870
 282816
 605986
 1013650
 256738
 379848
 805296
 897577
 43097
 68380
 540161
 843819
 768656
 1021326
 209022
 771312
 475283
 94816
 144643
 773382
 710422
 1081706
 1059704
 1053175
 390699
 449673
 481510
 217630
 683670
 18224
 1058408
 1064649
 742370
 496024
 246714
 1053085
 800637
 1050457
 28242
 732297
 568221
 470247
 613299
 137537
 294592
 324071
 534359
 347740
 173639
 420758
 312846
 696525
 253810
 161232
 136065
 551355
 85504
 531161
 306111
 175673
 650109
 795025
 375434
 124390
 927180
 826156
 363357
 368535
 700903
 1020087
 1052625
 988819
 253619
 1040297
 950436
 1093300
 541626
 69957
 93849
 677424
 954094
 71355
 688518
 1005087
 906680
 388331
 806169
 62753
 469396
 911758
 340498
 974460
 452645
 207352
 223888
 171474
 986061
 629408
 1030256
 323331
 158810
 151343
 207586
 830052
 54627
 707163
 1023959
 777568
 133768
 389252
 516718
 378094
 216776
 893876
 617446
 260809
 875865
 36874
 997680
 47194
 43822
 703079
 296268
 981917
 98466
 420877
 413885
 388271
 615577
 377264
 755727
 632067
 554308
 528211
 29562
 227407
 211661
 342741
 570490
 861332
 784103
 852757
 665362
 639828
 6466
 994563
 620350
 228773
 624360
 1071912
 926183
 114659
 527784
 1042065
 8751
 744020
 575820
 1019031
 968652
 406402
 380444
 531112
 861507
 569315
 803808
 642643
 584694
 934033
 698641
 630144
 1032945
 915913
 272358
 629188
 654761
 1009088
 1009371
 237537
 242606
 436826
 632453
 183041
 373046
 308751
 669387
 439423
 246969
 626072
 268849
 862822
 310597
 705437
 917101
 35394
 415607
 951067
 377054
 793782
 990717
 948702
 1015532
 495030
 4826
 773871
 707573
 687259
 747351
 540578
 30340
 323899
 223116
 1054038
 562098
 119320
 561824
 126888
 773028
 998854
 63728
 503982
 1007815
 976825
 380255
 286379
 956938
 60026
 271555
 1037521
 483969
 199468
 521230
 914244
 572086
 38589
 950047
 773391
 54269
 357586
 458467
 387290
 118489
 1079164
 395799
 771330
 164772
 306864
 723333
 402972
 771107
 842343
 773938
 108118
 466279
 411403
 472755
 867816
 716607
 314950
 36745
 65483
 113764
 303471
 653840
 951843
 554678
 791788
 430593
 247338
 544899
 790752
 464359
 384652
 660252
 182131
 671330
 400115
 934145
 265523
 795380
 550625
 547295
 76508
 1081519
 758248
 575684
 404809
 405597
 527977
 384978
 227911
 883371
 262268
 956675
 840081
 246435
 54766
 352326
 804414
 1060136
 850753
 1067761
 130655
 169682
 565251
 786251
 674707
 507672
 712790
 595015
 797403
 632857
 544091
 950018
 266774
 362648
 257920
 498250
 813895
 1026715
 302359
 372112
 948224
 859761
 471554
 137436
 385939
 232143
 400439
 447792
 34160
 793978
 537990
 435843
 162257
 187635
 47588
 180946
 663145
 797602
 657195
 889663
 169227
 904653
 158500
 752035
 522797
 314233
 803770
 216238
 745074
 206123
 169539
 909904
 871897
 49546
 306945
 934500
 856105
 1045701
 1019912
 385067
 987557
 719129
 521018
 356105
 894315
 713932
 86971
 171112
 1002803
 33724
 710205
 719575
 787209
 696417
 695700
 27089
 739075
 376597
 344417
 485522
 830423
 390243
 889500
 316047
 943573
 259187
 65435
 609708
 938878
 376467
 147968
 277501
 298853
 877336
 658099
 277514
 957785
 860546
 1098014
 358685
 669459
 711880
 739902
 1044763
 838671
 473506
 256419
 75981
 244921
 109863
 724938
 1012712
 420000
 983242
 9650
 277954
 193654
 80382
 660901
 970803
 849173
 796511
 625424
 131604
 272519
 755619
 662834
 979063
 781377
 958673
 113246
 45930
 1024505
 134282
 878415
 703010
 567078
 799295
 632864
 983321
 945409
 624915
 515927
 1065750
 10911
 86473
 690198
 423075
 280699
 470519
 1622
 1030580
 711897
 1018180
 130070
 505072
 309958
 118626
 980847
 288374
 87639
 975548
 772911
 722279
 1012579
 920228
 806280
 282182
 800924
 662089
 1090866
 888889
 185965
 509774
 817752
 857155
 635936
 357972
 983475
 948436
 129571
 545221
 352531
 599073
 333472
 608901
 964132
 604044
 1076472
 377759
 605847
 62524
 100634
 578947
 1031637
 583775
 469364
 688835
 200384
 875031
 107670
 111349
 255734
 872620
 821574
 710524
 66797
 24111
 25157
 255819
 489787
 999751
 366538
 496098
 462503
 939514
 510047
 696995
 240619
 442058
 489065
 759070
 542047
 692667
 1057076
 590024
 424127
 812119
 220285
 991643
 168751
 1061715
 583457
 518392
 1083510
 872760
 747035
 1066070
 610543
 800564
 425905
 543144
 928591
 154471
 733811
 660497
 605404
 446721
 672458
 1073856
 1017292
 480240
 915149
 119114
 656961
 135773
 695134
 1084577
 825325
 117855
 296279
 743361
 899057
 483939
 374991
 618643
 1075583
 238125
 889141
 742558
 750544
 160495
 564207
 902577
 402419
 1028827
 358768
 15023
 726672
 589213
 984467
 53972
 575095
 1054575
 235049
 960094
 956900
 265587
 98562
 342446
 1048726
 389027
 224553
 600788
 676501
 690756
 227523
 165351
 291538
 480860
 294109
 1017338
 536246
 292308
 30239
 988379
 66323
 422721
 230702
 695355
 38283
 808677
 108422
 854701
 950829
 64468
 907565
 526632
 744543
 471125
 414466
 829007
 393448
 767
 467314
 184881
 328759
 425818
 163872
 911850
 9975
 1081117
 243600
 80356
 763696
 193426
 816928
 945812
 143078
 539754
 139001
 590133
 780954
 694322
 563882
 1051484
 922824
 515457
 769927
 1003231
 66162
 859438
 743718
 308754
 469635
 802882
 325774
 723759
 397905
 640305
 470104
 787981
 598546
 328891
 531087
 843905
 821773
 798328
 603445
 857960
 536242
 196062
 351639
 1022346
 754671
 973932
 605982
 443932
 13914
 782380
 301940
 1051192
 771585
 1027423
 253569
 547178
 886941
 62857
 41488
 97644
 895537
 606486
 1059571
 208532
 1031522
 34380
 69310
 131637
 438809
 113154
 985536
 1063240
 97206
 839175
 301574
 28007
 709145
 933142
 300253
 169572
 371303
 798009
 956315
 474520
 137580
 614726
 194218
 912570
 795347
 220555
 200970
 64583
 1077135
 968074
 482539
 843871
 359283
 409107
 251992
 362807
 230211
 759471
 532356
 235097
 369649
 449013
 903683
 55697
 1049991
 803466
 99715
 444002
 572676
 448966
 954654
 866506
 1067737
 997425
 985094
 290387
 556618
 35995
 238193
 430195
 481543
 602871
 1053005
 679672
 738049
 30654
 144123
 782227
 130272
 998181
 736729
 872995
 1046125
 609236
 459365
 815974
 905706
 421894
 481456
 43662
 925764
 278814
 305484
 887275
 903865
 358567
 389602
 60310
 172450
 769600
 932508
 1067270
 86017
 270305
 945556
 164370
 5417
 546471
 440779
 1051359
 1070955
 883689
 304003
 693570
 814446
 193405
 765403
 1083466
 673048
 745295
 884813
 784127
 48473
 652156
 725362
 625047
 119572
 299212
 736256
 152116
 405988
 584526
 174088
 142721
 303261
 362905
 29576
 278083
 509246
 860015
 48719
 951557
 393018
 306039
 588054
 178951
 750158
 495076
 804307
 592730
 507681
 113989
 624780
 294179
 548240
 942177
 792815
 449379
 951798
 828289
 266308
 288970
 893857
 128176
 412771
 723875
 777079
 781710
 131207
 24855
 889442
 542398
 393362
 216781
 1082163
 1052414
 394707
 130714
 179526
 534025
 634646
 826360
 94751
 1014989
 830603
 793582
 545768
 876182
 153139
 896003
 756042
 148451
 26946
 1062412
 917303
 117541
 456151
 744936
 701622
 699821
 905400
 242185
 1027374
 574769
 106986
 1028712
 634175
 179753
 613704
 943934
 367014
 637215
 167001
 1019749
 994927
 634147
 729982
 759564
 844200
 456580
 456067
 81128
 1077063
 696652
 475764
 1001609
 1093598
 44985
 845900
 1028449
 615735
 474511
 970761
 523067
 916535
 786613
 991854
 777197
 1036226
 1075062
 495105
 543828
 865156
 518574
 685323
 362894
 768508
 22892
 630369
 771813
 868305
 691193
 488648
 224754
 711256
 727609
 965240
 818508
 932617
 805610
 103389
 910668
 1008239
 399275
 484315
 709898
 76043
 387814
 963913
 2495
 14502
 714556
 923687
 362597
 168372
 521502
 789441
 196980
 996324
 673692
 1032497
 437493
 739890
 79589
 16825
 583787
 364924
 1019097
 757437
 662782
 722256
 831053
 692479
 581021
 143689
 907028
 380053
 976829
 867907
 1071495
 20823
 17475
 574097
 305049
 605318
 1047689
 665451
 807397
 709086
 914935
 799868
 769192
 975107
 538493
 308782
 620280
 40283
 601343
 152447
 119647
 888850
 608211
 312448
 133137
 77283
 442054
 1082508
 467183
 214939
 1015518
 504242
 3771
 563688
 934766
 771786
 897223
 252621
 524298
 903337
 869887
 1037862
 350309
 1092278
 445830
 1004797
 511845
 275894
 7518
 756173
 836849
 168740
 778325
 720932
 463447
 687070
 551057
 971945
 741703
 517842
 927409
 173578
 320636
 257337
 664213
 181600
 581347
 976875
 594467
 302016
 823544
 542436
 330004
 609793
 850035
 331183
 1010891
 1050686
 1091134
 254369
 834161
 453925
 636447
 771669
 715166
 513551
 1016820
 499961
 17209
 130262
 224080
 587559
 954248
 165856
 306800
 100705
 208480
 659829
 841492
 249052
 999314
 494036
 1011784
 562800
 880782
 529996
 697296
 1090032
 316945
 657340
 191907
 962235
 647854
 1000071
 646714
 909410
 455501
 926663
 1086104
 381882
 978226
 900803
 861327
 751718
 76518
 444656
 1058619
 682452
 524212
 633201
 927736
 607819
 676731
 921733
 205159
 1024224
 911668
 274124
 559608
 727897
 144129
 981330
 290461
 929279
 381169
 105523
 405652
 488050
 699475
 964272
 395904
 215488
 141698
 146641
 93995
 604838
 283545
 30343
 846083
 46133
 328423
 13202
 412051
 89476
 79631
 88598
 381712
 476404
 817262
 551874
 122045
 98276
 268121
 627162
 277747
 299375
 920520
 1065306
 698199
 1061873
 785803
 509716
 58210
 219001
 1001368
 30563
 534185
 316211
 312319
 1091388
 547563
 888072
 914166
 187167
 47083
 879712
 108701
 575368
 594575
 905773
 373402
 52646
 64550
 561507
 519154
 424685
 723612
 617007
 768374
 800118
 230115
 167599
 641593
 862704
 74864
 363734
 581554
 199239
 762526
 150549
 45720
 902193
 121493
 956299
 713202
 317496
 856338
 1021141
 110522
 43799
 331209
 683591
 163105
 616726
 617635
 646448
 199304
 1090505
 256912
 822781
 895942
 340149
 116404
 534643
 283193
 692464
 471456
 1060037
 919528
 805532
 474110
 317802
 938432
 66094
 773551
 532612
 929287
 494674
 738375
 287155
 65555
 75037
 26703
 1061217
 87731
 1059605
 1034196
 196244
 942730
 593130
 433395
 686794
 855306
 329937
 1031786
 555048
 901355
 1037320
 357026
 281847
 621621
 844204
 96548
 33780
 853466
 997667
 539281
 74860
 46122
 644078
 581575
 1096581
 932166
 771188
 581817
 503635
 430536
 553196
 933259
 431125
 461463
 97562
 772350
 43439
 671174
 288713
 1088942
 461289
 221539
 251
 112644
 134663
 427612
 753877
 644387
 157296
 886659
 647439
 387255
 866806
 920852
 601931
 159672
 722797
 279994
 222621
 680334
 648701
 216353
 921277
 700687
 996987
 1022535
 920148
 828930
 375679
 518931
 115109
 147529
 858410
 217673
 696427
 844324
 380063
 780301
 719658
 750171
 941822
 680087
 621915
 528734
 585092
 548759
 1071231
 747526
 15816
 112263
 1061098
 449703
 43018
 826109
 811627
 741904
 964044
 525567
 443323
 669045
 141803
 614094
 570788
 813390
 957784
 797157
 342701
 803441
 314779
 166137
 720524
 348821
 593833
 278099
 955034
 665853
 291736
 423267
 686236
 969220
 14314
 32536
 396792
 138476
 948254
 818003
 413585
 97334
 268490
 23883
 1045628
 987988
 370661
 224976
 27734
 981492
 973043
 73430
 389309
 649172
 1096711
 1014954
 1022806
 47059
 450269
 880125
 918789
 793036
 1052798
 416296
 586262
 330970
 60114
 509182
 684835
 754863
 619935
 447428
 49063
 236065
 175248
 1037208
 246398
 289947
 789300
 705065
 502533
 869324
 370123
 799482
 454456
 795151
 773807
 1009104
 837641
 681079
 149091
 534357
 612814
 882369
 816444
 233733
 941029
 978127
 709768
 276439
 946428
 349812
 987737
 401038
 324133
 443525
 722064
 19971
 986820
 526275
 8923
 732544
 617959
 1067278
 435614
 271259
 239627
 1057444
 241640
 354828
 905138
 620518
 375110
 1033668
 646350
 838953
 311431
 236956
 1001047
 64496
 626599
 54658
 604963
 959686
 737938
 418438
 834298
 247122
 73803
 149028
 695014
 404918
 88301
 327538
 771642
 910989
 968626
 49879
 767920
 158978
 241844
 979244
 751112
 520017
 868788
 340698
 423234
 735257
 35013
 159921
 1011632
 1064766
 671026
 663361
 757741
 133806
 353879
 1084756
 235222
 701141
 301576
 640555
 147920
 384261
 614438
 455274
 771273
 1064673
 589298
 1055524
 282703
 340442
 567390
 486510
 929855
 227039
 650299
 939187
 702307
 76558
 802902
 1066343
 426801
 778466
 397146
 125133
 1042463
 805983
 598262
 1093617
 1082288
 799526
 989660
 910262
 707759
 1029964
 450756
 982348
 799849
 586366
 346125
 922276
 867266
 720195
 410653
 1092628
 208779
 782379
 983716
 969288
 263838
 390358
 1086820
 113776
 722085
 778227
 39135
 932379
 741724
 1021005
 799822
 725605
 517804
 695169
 876886
 948569
 901323
 539854
 936224
 1042238
 869338
 34365
 26073
 474682
 897467
 548620
 578317
 3867
 1013148
 922464
 146937
 303884
 201511
 234972
 666216
 620960
 1021431
 159574
 933060
 282360
 108575
 780822
 673183
 851199
 79783
 547804
 682667
 11177
 471123
 829441
 1059116
 805578
 725034
 353295
 613473
 661874
 531506
 615358
 584375
 1088413
 1019615
 216371
 505038
 60028
 428154
 979077
 145596
 629748
 186115
 832638
 1004323
 916596
 1075349
 302589
 642862
 576212
 424994
 124772
 931645
 669045
 564438
 842861
 351243
 269777
 1079500
 225063
 875523
 410036
 59163
 997687
 111248
 231918
 695077
 778660
 1040339
 622969
 986626
 680036
 1078239
 982770
 331922
 488324
 976706
 821332
 1090470
 1010706
 588595
 859471
 31657
 405273
 854513
 797431
 876097
 716553
 156677
 983417
 887708
 734644
 594091
 315236
 365481
 336573
 660543
 134971
 468990
 478964
 947527
 597835
 26003
 824777
 895058
 565498
 266901
 235640
 958040
 579900
 696311
 961040
 515844
 1067367
 91341
 326959
 790963
 674077
 725689
 884266
 980336
 311394
 695368
 281839
 101212
 515495
 22432
 284256
 493990
 521089
 271758
 477123
 1080729
 645630
 231024
 154901
