1031362
 430218
 40350
 268645
 663466
 806015
 383593
 299789
 85984
 1092638
 743848
 337251
 588392
 175088
 1032968
 696650
 977206
 711583
 623275
 320417
 1061230
 872468
 819188
 464058
 656199
 886205
 760943
 1059887
 874416
 47651
 871702
 441085
 540779
 556010
 1047933
 642087
 170176
 689837
 717637
 1082448
 103504
 114139
 1020188
 941300
 1059101
 708857
 1075805
 1078971
 691547
 646404
 181185
 749190
 563004
 391240
 503002
 224552
 669092
 589820
 284252
 506544
 408282
 118041
 654278
 166670
 654667
 661488
 31603
 25560
 333966
 291636
 331831
 3477
 834059
 87659
 269643
 242753
 402077
 802641
 451184
 518003
 520030
 185842
 377373
 726277
 894839
 1051557
 784780
 121529
 170789
 594654
 822546
 498546
 743723
 979898
 597466
 992177
 403685
 538557
 781519
 470555
 211265
 623955
 510686
 888478
 1034392
 1016346
 766894
 856667
 852564
 733822
 222867
 353141
 86068
 774335
 1087273
 711665
 201308
 1002291
 1065724
 356526
 499496
 690933
 879130
 147694
 674986
 53366
 760517
 725174
 255162
 1001542
 680631
 1009461
 1004704
 216114
 1080090
 218731
 924632
 1009609
 1010977
 746760
 756021
 826037
 1057161
 866809
 422107
 173626
 324950
 201213
 837353
 55516
 202944
 676610
 107206
 64487
 1046936
 225829
 108127
 37693
 40658
 905789
 522921
 914861
 39470
 712002
 729485
 137992
 464518
 433351
 10479
 1065010
 288204
 923727
 1090264
 382084
 1088860
 1059368
 509611
 757875
 537746
 1070355
 211398
 406996
 657888
 1048208
 701561
 942726
 922145
 311658
 205831
 200564
 1002681
 743238
 735045
 1018038
 492945
 91072
 119917
 674737
 479898
 332072
 649037
 572882
 1017551
 416838
 26181
 37792
 464989
 306960
 659480
 632988
 528140
 293699
 607853
 15737
 113437
 971544
 340776
 238323
 493289
 1058527
 331845
 308548
 1004587
 462658
 201918
 689025
 393510
 614654
 880908
 794686
 967205
 113930
 1013595
 643296
 7501
 856662
 609093
 792845
 918181
 848679
 332114
 774537
 839244
 426084
 575697
 886301
 87371
 646713
 858104
 854653
 1081980
 287897
 369635
 670909
 255006
 596049
 1078286
 37589
 243505
 990249
 190043
 1004807
 1096279
 241035
 717361
 427292
 345476
 980605
 642982
 1090780
 621087
 105651
 704168
 162502
 215945
 456808
 189652
 554778
 82525
 849793
 664250
 135390
 259996
 317040
 939395
 902987
 124633
 938888
 161222
 322691
 160794
 707316
 93054
 176265
 142472
 644337
 1045009
 548911
 574094
 1024987
 397141
 615657
 37904
 940129
 810618
 153605
 864098
 1036769
 362149
 106916
 821805
 507926
 445304
 252374
 107805
 563720
 1077941
 466114
 1033200
 80249
 509668
 247887
 527559
 705927
 715240
 185503
 111689
 918509
 199698
 930891
 1034920
 647552
 880727
 759130
 830634
 849493
 956596
 673519
 964799
 201745
 651871
 98357
 256741
 1016628
 1089659
 721317
 114058
 968829
 482303
 972174
 916554
 54875
 1004465
 164441
 1041120
 318554
 815203
 464063
 879765
 425974
 424650
 284313
 302030
 134966
 62298
 52884
 412368
 522372
 481300
 27610
 323
 355028
 993146
 712232
 169521
 284970
 609261
 343190
 733561
 594983
 430102
 617624
 73952
 286482
 131453
 829769
 330670
 327091
 823362
 1033527
 305290
 378221
 458910
 1075531
 853620
 608814
 916124
 377324
 810315
 688713
 53465
 406388
 899466
 930589
 849837
 555080
 444782
 403392
 1021227
 70661
 1029006
 604088
 188600
 19695
 294455
 767486
 1073693
 980260
 120592
 474735
 1038544
 1045490
 31666
 510894
 176774
 604430
 473563
 330131
 1047222
 405990
 87636
 1040195
 101237
 28251
 210283
 143654
 1070850
 13386
 933165
 1009726
 393526
 58722
 1000026
 504736
 962551
 786274
 741997
 575340
 154146
 1028747
 582321
 144135
 1083499
 329904
 662736
 1050317
 546349
 881746
 208771
 411513
 32794
 576048
 20832
 858170
 199249
 444542
 582244
 275691
 902435
 1061445
 987129
 1093202
 1098032
 688052
 114558
 547585
 1018685
 1062879
 867169
 777118
 995309
 90829
 974303
 700798
 55108
 316980
 688285
 795250
 473143
 606623
 544092
 344494
 805390
 155987
 648422
 1051069
 784630
 338484
 286750
 812710
 872034
 397083
 967544
 693722
 1056677
 566895
 789904
 548587
 722792
 713197
 110375
 169766
 21762
 579409
 193204
 17023
 311116
 23121
 130448
 878352
 686359
 132327
 747275
 939969
 319488
 208436
 225757
 848310
 989106
 672214
 752417
 357565
 796518
 23892
 256759
 127578
 851622
 562120
 371719
 247806
 666901
 781473
 659819
 560176
 38174
 935238
 1075716
 612047
 44372
 211377
 553879
 395366
 186362
 553870
 354109
 606499
 445944
 470866
 290351
 334995
 114940
 486876
 610338
 310228
 524875
 902523
 885494
 508013
 203555
 438873
 360224
 16081
 285034
 558555
 601311
 662064
 1061722
 68720
 917506
 14376
 901750
 1063501
 855449
 647621
 402437
 531978
 534195
 591277
 170336
 510240
 564614
 30552
 548086
 6780
 1089939
 732726
 421153
 456319
 861251
 373072
 439753
 433734
 171969
 739461
 77246
 682425
 132348
 167593
 952349
 102519
 976356
 613534
 564574
 1015170
 80794
 345995
 418040
 885386
 848406
 1012959
 982128
 291582
 437960
 201342
 87173
 393176
 1099052
 828693
 618385
 653960
 878783
 850604
 757493
 165346
 608334
 730945
 218807
 918850
 1063538
 400386
 999871
 1091802
 271652
 563759
 109228
 755623
 552293
 583180
 906261
 149178
 458807
 112564
 292256
 1057387
 701099
 98405
 899811
 613204
 5718
 473896
 579042
 623401
 69483
 1050990
 221040
 729013
 173631
 1068488
 597520
 530090
 725592
 424771
 160973
 280236
 1019406
 28511
 870477
 510279
 180165
 963162
 335830
 253451
 781670
 234188
 1035124
 74534
 440130
 146701
 843763
 525692
 151645
 767953
 253618
 867483
 782927
 1017297
 281762
 692699
 96880
 395928
 1013191
 662476
 175925
 1050488
 1047972
 1047294
 1006844
 943648
 635624
 835484
 569136
 262250
 1093561
 579625
 284066
 205549
 741078
 326065
 618104
 859456
 1015694
 873732
 718544
 1001763
 405443
 1063253
 747982
 758208
 918416
 787686
 530766
 99546
 666494
 38883
 722919
 28167
 851180
 606034
 599798
 717237
 232006
 892701
 707400
 556057
 1091614
 375320
 1074957
 1013975
 643875
 439844
 672348
 852787
 355483
 739371
 860534
 1094409
 540966
 1080920
 613880
 470509
 122744
 188928
 143978
 735596
 949929
 557796
 83239
 495762
 383283
 777000
 653922
 383832
 340078
 106660
 334447
 377911
 27961
 621040
 83961
 1050170
 186826
 366463
 580680
 784844
 235453
 308844
 535010
 1001460
 1064535
 724836
 836861
 306008
 12267
 94584
 675190
 423089
 629826
 222901
 853574
 535292
 591287
 316424
 470885
 356696
 19931
 146024
 131099
 523137
 104430
 1096431
 997010
 819674
 156387
 164246
 521059
 791787
 116
 935296
 1006443
 268267
 415224
 492653
 422372
 238902
 173454
 991708
 108413
 811880
 292335
 471488
 848780
 441121
 166343
 184245
 954217
 820085
 842047
 816487
 1048564
 177069
 460614
 41146
 485063
 705361
 1047321
 311626
 911058
 926342
 1007911
 396968
 138557
 527296
 173799
 806498
 693482
 914595
 441912
 129303
 235176
 379460
 614136
 1002348
 450264
 516242
 537681
 413601
 292727
 397442
 555347
 124311
 35254
 1068992
 71643
 577620
 267413
 170784
 517833
 445182
 404818
 1008793
 898304
 1037433
 765747
 997661
 406996
 179380
 804187
 980272
 719509
 447720
 556269
 679422
 276090
 814152
 716808
 505321
 913413
 33751
 96870
 649923
 112998
 793464
 9238
 565672
 182398
 463868
 533112
 938050
 724308
 369349
 363044
 389182
 1029626
 547465
 25021
 374887
 681159
 877057
 257305
 640570
 1057250
 1027725
 71595
 817820
 961957
 161126
 648533
 893900
 539768
 792320
 607183
 456454
 22237
 1056512
 938375
 586745
 583712
 741221
 125803
 252339
 976970
 301390
 290574
 355821
 6623
 698416
 831791
 849803
 223539
 678430
 61845
 124257
 476419
 24878
 899568
 470344
 164399
 769209
 625473
 328908
 631887
 880841
 387690
 564279
 427477
 658778
 1072919
 1098234
 551655
 142201
 599376
 363610
 319692
 565243
 181404
 1095141
 615171
 602074
 931557
 339028
 796202
 838759
 683012
 307729
 511499
 974778
 538733
 709126
 777134
 946167
 219315
 899569
 702168
 938619
 565131
 297917
 40332
 726421
 62505
 882192
 124400
 447168
 240911
 1014940
 540130
 727795
 908540
 475063
 572591
 826106
 424787
 208682
 1087357
 392722
 680145
 30529
 877979
 663229
 196080
 37435
 471046
 828268
 423416
 191564
 379234
 980110
 515107
 646988
 427654
 19123
 803708
 357799
 512176
 74078
 281292
 742856
 385261
 403696
 872347
 612867
 161655
 1000793
 27702
 145745
 1097436
 381710
 277835
 56723
 710347
 195250
 181221
 430990
 854192
 54704
 163331
 352305
 66838
 415839
 624819
 659242
 797061
 416067
 482158
 710552
 762339
 309052
 986708
 953588
 615320
 226257
 724073
 297229
 375997
 853379
 199008
 68703
 748725
 857873
 356954
 868868
 921786
 724368
 515555
 999017
 164720
 297039
 605555
 836596
 298077
 159193
 1066588
 53731
 282946
 266937
 898607
 423300
 650455
 9146
 894816
 453242
 986962
 463922
 886922
 995425
 975083
 408777
 756805
 259525
 148487
 457679
 1049800
 251282
 322332
 643629
 310968
 27590
 978048
 226925
 860779
 159377
 62434
 988493
 479250
 85679
 1001320
 532391
 848118
 560155
 501835
 457660
 524140
 300560
 341349
 853195
 895353
 232328
 542849
 728344
 283236
 6470
 804067
 450041
 375552
 409251
 195044
 473413
 540730
 169475
 648602
 50975
 487033
 342011
 325673
 867327
 130119
 923301
 140772
 538764
 384220
 297864
 948619
 1084697
 733486
 228998
 90658
 20945
 109960
 1015448
 888034
 1005343
 523954
 519430
 351573
 696604
 726393
 976671
 948291
 637322
 966203
 403964
 775889
 256158
 783784
 439120
 387703
 346928
 196503
 1074599
 898917
 539753
 126092
 420260
 800543
 544193
 687858
 278586
 805184
 850904
 143572
 757562
 977454
 651256
 1098976
 989324
 82851
 808819
 568601
 370866
 514585
 241644
 631279
 682136
 270730
 902591
 125713
 622365
 47739
 343734
 151893
 21887
 34974
 983800
 559366
 651235
 596509
 1039514
 227514
 494566
 591934
 392259
 668853
 280939
 1020180
 300126
 236603
 950135
 280913
 1025363
 787906
 660983
 292759
 150229
 1078734
 1046631
 671882
 543273
 365347
 662811
 602281
 1042608
 468423
 489338
 669122
 545155
 646734
 964890
 589236
 675677
 252378
 631690
 893150
 940596
 573748
 1092384
 280674
 340049
 1031643
 683994
 801144
 213835
 1051154
 257516
 759384
 543498
 191650
 1022535
 488900
 496512
 399236
 701592
 979010
 739584
 839497
 130519
 417190
 326797
 745046
 1088761
 124824
 814247
 404405
 858952
 86963
 854942
 692698
 368040
 333211
 560682
 328949
 97600
 49007
 127114
 6569
 865346
 870190
 1051566
 2403
 785481
 278287
 1068684
 1005496
 47230
 744692
 279821
 83185
 905421
 876646
 1059656
 746823
 878674
 1042368
 365741
 429645
 193155
 684351
 598242
 94898
 18201
 185801
 446514
 978010
 596021
 1025976
 68296
 1055740
 423627
 363830
 1095601
 600540
 631632
 30901
 959959
 862686
 785586
 1006504
 294843
 100268
 364892
 166
 862154
 1074710
 585932
 799399
 750859
 209921
 879714
 754209
 266286
 1056581
 1047282
 659785
 789197
 416619
 252348
 683724
 989549
 1023772
 857889
 883032
 975097
 1036608
 663631
 865124
 368044
 187102
 299385
 898618
 202749
 1004623
 300378
 578994
 148564
 635951
 194185
 1098704
 1032126
 997521
 432581
 118096
 646577
 1073640
 208041
 114018
 796782
 249841
 896574
 866640
 777400
 932955
 944675
 458070
 812717
 435214
 467324
 120918
 95047
 521976
 508724
 808438
 513902
 410996
 863
 279985
 526838
 409027
 103381
 986206
 815581
 68006
 199144
 180171
 99868
 309285
 535434
 313143
 1028900
 864120
 725422
 914706
 500974
 84433
 814252
 135602
 537787
 112531
 573272
 867582
 400101
 1029113
 54562
 323178
 747079
 367301
 686181
 1014713
 39466
 1073011
 910958
 1088215
 1028903
 969361
 526000
 774639
 821808
 598875
 400456
 536146
 621468
 654518
 858285
 232892
 492055
 213832
 833036
 1078476
 1090132
 652892
 554655
 576359
 542473
 936318
 195206
 181772
 462229
 805347
 1058964
 338993
 120278
 663224
 958419
 785341
 300148
 494257
 823842
 861713
 626520
 263447
 762201
 986654
 226339
 236298
 284328
 634113
 929972
 636781
 1000100
 551755
 644058
 832375
 1084747
 413327
 97297
 455235
 792215
 1073137
 1012639
 875185
 260547
 6789
 231573
 37448
 797798
 39681
 1002117
 469713
 53486
 489820
 1002822
 940655
 597442
 955569
 774692
 179972
 651668
 1001198
 618108
 855619
 222156
 709946
 950490
 1066979
 664206
 597447
 756125
 947139
 836484
 440442
 248821
 814383
 718415
 278281
 555649
 852613
 757683
 482895
 287414
 269783
 454730
 243818
 737784
 444097
 365689
 1049363
 202707
 758854
 131450
 212784
 488547
 237362
 922389
 532071
 298386
 349944
 276338
 743337
 958591
 834679
 316512
 759220
 791807
 290758
 176415
 30336
 142316
 837613
 853185
 930056
 1011042
 1073867
 614296
 1040649
 82710
 921943
 197716
 422537
 864567
 1045968
 535975
 486144
 1043072
 357541
 1046910
 937565
 142221
 422804
 333222
 577463
 31743
 1040087
 1076228
 891685
 763022
 5555
 988139
 665060
 748954
 420164
 505629
 119477
 810357
 35866
 666587
 755348
 427076
 1068736
 79614
 614860
 12937
 798539
 267335
 370032
 809263
 905917
 42963
 687207
 201999
 223580
 9025
 624533
 427043
 287429
 402308
 695522
 838227
 922424
 1067919
 375650
 1016327
 871352
 11347
 865048
 1074527
 729621
 355130
 261276
 76662
 338561
 1086623
 840438
 198732
 860608
 536004
 66227
 127206
 579768
 128494
 1026806
 678425
 773797
 1035707
 646091
 786281
 937321
 120345
 333002
 1090182
 209028
 910235
 758243
 517546
 167966
 742723
 686714
 48384
 343776
 228721
 331200
 701246
 936097
 205514
 5978
 672268
 849242
 934049
 927866
 674862
 426279
 991264
 474195
 1069977
 163773
 1033622
 803403
 10842
 13171
 213819
 316071
 918043
 607163
 739848
 587358
 634377
 509770
 716137
 984740
 1008506
 436923
 811486
 267424
 130475
 766470
 210448
 501144
 925141
 703238
 1055660
 517802
 108592
 225310
 198483
 576123
 778327
 725231
 455732
 274853
 483630
 306713
 174297
 576645
 627157
 355144
 743132
 803352
 1078105
 1062432
 907906
 112230
 698183
 654684
 13670
 1066803
 277709
 955504
 925022
 748521
 911454
 562643
 957147
 574261
 504726
 608321
 246035
 208045
 693603
 618163
 964073
 214437
 636117
 75545
 226538
 928335
 585312
 547734
 592183
 116193
 541908
 700922
 263773
 77603
 935162
 182257
 710162
 1015113
 144173
 379569
 108629
 705804
 499232
 614774
 717199
 418574
 58692
 900394
 1083745
 78221
 63448
 560713
 1003160
 44296
 353325
 631812
 435198
 986923
 372014
 239380
 477914
 588171
 575614
 152994
 26613
 143163
 225622
 1068480
 1037222
 185574
 395814
 74418
 568599
 511816
 104194
 434643
 1080997
 721472
 359002
 315635
 692274
 796152
 975565
 794223
 1038908
 845218
 877063
 270637
 546581
 1018926
 232760
 520951
 426897
 1097954
 185178
 855103
 440433
 1024101
 128678
 487207
 421877
 642096
 92386
 170797
 633710
 471032
 268266
 568570
 740544
 595105
 996401
 1092799
 154267
 779590
 992516
 53668
 837960
 804387
 667848
 951046
 354416
 714673
 754130
 454937
 729684
 697850
 204412
 204028
 233479
 228705
 215952
 705680
 887095
 413562
 473174
 211699
 393229
 995585
 19032
 360765
 308294
 839875
 686290
 464029
 607484
 573213
 745010
 1011426
 256249
 123753
 932418
 40668
 982560
 462700
 190070
 664604
 333646
 473974
 510285
 622060
 381055
 948932
 128340
 91601
 985705
 327335
 939229
 632700
 572757
 200065
 869946
 235962
 14905
 51354
 470705
 934465
 1096790
 90716
 429711
 64097
 127006
 1070465
 87153
 662380
 410719
 78074
 664421
 409597
 819772
 323806
 427027
 953061
 956842
 898628
 222551
 775633
 549255
 520721
 962703
 405818
 105045
 983388
 975335
 1074569
 494403
 763243
 934754
 921062
 698719
 306032
 86081
 9240
 355876
 317928
 325898
 495681
 26311
 368641
 999022
 779098
 162762
 779975
 1019550
 286762
 31465
 896431
 606823
 200101
 161695
 719421
 157236
 34369
 186808
 124152
 234661
 732304
 644068
 662711
 1007500
 477533
 773829
 723324
 60659
 276026
 135658
 528009
 519569
 183742
 666851
 128226
 926264
 95186
 515205
 477350
 90377
 744468
 44713
 404837
 586955
 48668
 454390
 553840
 571910
 370789
 424300
 486080
 608737
 578466
 385808
 916228
 697290
 555735
 1097835
 1027830
 24994
 468282
 703413
 347876
 169175
 1071965
 118464
 198403
 626492
 25275
 786500
 980380
 41512
 126380
 425203
 406378
 1053940
 613025
 794081
 117010
 874055
 214748
 601694
 1000021
 589760
 371974
 705840
 163296
 619577
 749326
 716708
 356849
 326206
 344497
 918972
 457829
 1030315
 776316
 630482
 434960
 929954
 1081637
 741958
 605858
 256334
 652548
 604671
 1095215
 694193
 160087
 987377
 338415
 65011
 411050
 403859
 321230
 20013
 543934
 204885
 97717
 600003
 131207
 258052
 723268
 992493
 517793
 241780
 173128
 940597
 725393
 919770
 116870
 948835
 806982
 945576
 875149
 818542
 172710
 216392
 929289
 15165
 211908
 600199
 101433
 433590
 609245
 402782
 229564
 660365
 507811
 1038352
 134152
 543131
 663309
 246700
 120835
 168139
 30459
 886811
 1090981
 138274
 785215
 760764
 496722
 464922
 4699
 353763
 10130
 551175
 817871
 489319
 799784
 970147
 1057133
 952906
 503219
 656441
 914402
 402661
 311531
 292810
 336753
 139813
 839436
 419804
 99270
 1057364
 630586
 307112
 1066875
 651619
 463839
 841877
 797
 27818
 351556
 1033527
 88672
 414618
 604930
 8680
 627957
 748959
 414885
 14287
 878876
 122392
 197100
 173391
 455661
 418353
 724362
 104156
 621111
 463311
 1075861
 941106
 1000276
 905841
 93554
 1038138
 737634
 702737
 65970
 755710
 966987
 52894
 336838
 1066997
 273255
 337973
 938141
 7176
 660270
 505652
 738832
 845764
 589993
 541517
 221868
 480021
 677739
 91877
 854746
 423994
 847222
 117052
 1038481
 768767
 845196
 873919
 813333
 665404
 865995
 126611
 404192
 749392
 439903
 2854
 328501
 480268
 507882
 921811
 576014
 1050775
 989285
 459806
 491104
 1030683
 1050419
 830428
 782063
 352518
 1023601
 693789
 1071612
 703772
 52795
 1022507
 162754
 665166
 104449
 201666
 590849
 244051
 255242
 580590
 398703
 696215
 63787
 284077
 429114
 1089094
 403487
 169766
 255085
 1033528
 446461
 481980
 723227
 379845
 1048002
 567307
 795151
 615431
 539972
 880604
 879584
 650960
 406195
 1096649
 1019538
 515690
 15868
 136277
 421979
 531116
 912473
 487813
 944928
 948324
 1009318
 762983
 700790
 771553
 1053843
 479487
 298903
 597172
 143962
 607273
 851043
 448332
 657637
 703709
 34728
 326017
 192301
 456651
 1036247
 870353
 398055
 530653
 267724
 417731
 367231
 578510
 831176
 1066805
 670817
 807120
 33838
 1025783
 1062660
 479429
 1064756
 547177
 272513
 1096594
 946098
 1001000
 565302
 796082
 817362
 1036676
 453629
 409527
 756643
 14833
 27768
 432463
 595040
 489995
 216053
 838670
 871462
 221621
 333258
 717328
 164903
 759718
 872540
 721046
 1010135
 152482
 994195
 310797
 174357
 562634
 470017
 1038056
 463307
 581062
 613590
 673349
 280763
 967419
 794176
 170107
 500259
 1086973
 683823
 369248
 312955
 1041359
 674013
 653125
 997145
 532901
 417226
 628108
 271587
 851741
 774260
 60599
 562955
 996468
 124322
 760304
 942029
 22390
 242100
 1080160
 571264
 476715
 552069
 388297
 631043
 81460
 1029984
 394147
 708970
 193675
 309503
 894628
 1070363
 569960
 502796
 608733
 470895
 47650
 924491
 1062000
 777591
 580559
 720854
 281739
 896660
 446716
 541590
 340275
 1005311
 572973
 81045
 977397
 740712
 691708
 974530
 407872
 729157
 851145
 980397
 141078
 236122
 263015
 1036596
 493413
 919957
 28367
 712801
 355206
 16380
 540361
 405122
 682275
 337646
 691852
 299531
 593592
 730838
 267864
 659919
 986360
 414181
 191998
 460344
 1008513
 310033
 946496
 315961
 270487
 575749
 615833
 772888
 59937
 475251
 624295
 444539
 168821
 961692
 376291
 1024244
 683055
 558172
 305585
 288691
 534826
 848910
 438016
 276658
 245193
 251950
 670757
 1016516
 882634
 243907
 470603
 1052534
 780635
 315132
 808110
 1093164
 1024851
 476534
 12179
 774776
 1082935
 996114
 752601
 232905
 582458
 51923
 879380
 594418
 1045941
 894536
 774384
 134052
 827747
 1038847
 343272
 731369
 427234
 564495
 921748
 629212
 878081
 819260
 1051867
 33718
 819950
 329635
 556104
 75639
 977944
 796764
 1009789
 178122
 588242
 36609
 498308
 704149
 791023
 1039664
 116997
 965807
 376573
 1018870
 1083955
 953336
 523732
 356076
 159097
 391994
 49834
 969957
 840077
 75006
 563050
 430041
 353730
 837022
 780822
 1035377
 1070676
 108778
 871873
 1005713
 144754
 906449
 195940
 683781
 874566
 520672
 169809
 1013160
 1006006
 243937
 1085903
 937395
 898086
 516509
 537930
 159751
 677466
 681505
 146853
 732766
 810216
 108578
 131347
 103080
 214071
 548976
 513847
 320967
 296019
 697183
 814665
 1063663
 722694
 661779
 404885
 773639
 743227
 790320
 1041902
 311075
 668273
 311896
 435337
 401922
 415055
 73890
 441365
 682058
 720298
 23374
 597410
 1096782
 366448
 636411
 688488
 606968
 1019359
 1064219
 816878
 743549
 82005
 981481
 80556
 630994
 961009
 1095998
 423044
 1069585
 955997
 680322
 723944
 728197
 457132
 110644
 347903
 908865
 181705
 576568
 470667
 940725
 188330
 757130
 1027533
 1037357
 712136
 609403
 214369
 684548
 268416
 589627
 70810
 746322
 655645
 201916
 375353
 280327
 703093
 1070230
 789792
 465025
 205909
 506217
 559155
 722747
 994512
 877425
 694891
 1056030
 791562
 164733
 760495
 906447
 829215
 305699
 870434
 453272
 1005815
 64881
 674759
 681153
 569506
 331870
 148945
 163347
 212710
 590309
 855850
 1033352
 249988
 1067842
 601448
 1020033
 849814
 117403
 721688
 84643
 578401
 53051
 653229
 224539
 733529
 474477
 941653
 787203
 721407
 780421
 518022
 418504
 447597
 583212
 94661
 510600
 324966
 1002108
 161245
 437678
 386431
 147772
 164714
 172766
 352236
 38213
 485499
 88203
 1051321
 149285
 351111
 210020
 531080
 1022034
 978447
 449906
 271725
 690031
 409665
 295713
 464381
 952428
 946351
 482220
 695528
 187754
 881992
 583346
 564934
 902078
 389933
 56584
 522747
 481091
 978822
 888010
 715294
 677328
 601846
 1059078
 562254
 519082
 892677
 424437
 266174
 628987
 708118
 989705
 1084699
 73847
 686585
 665588
 1023785
 732955
 233007
 243696
 763173
 747657
 244757
 719209
 635758
 430576
 195767
 359024
 384689
 473484
 352773
 139669
 77966
 584068
 568544
 265844
 29419
 856404
 270897
 961648
 725315
 540317
 179065
 78784
 1054125
 118879
 20131
 452997
 390308
 875816
 654078
 950318
 977277
 1036497
 204689
 366586
 995573
 485091
 442372
 331287
 881490
 293073
 711662
 358981
 244792
 501084
 702080
 448473
 964845
 576862
 407857
 469472
 281371
 1011539
 261083
 341470
 420104
 542140
 1065662
 689117
 6303
 562143
 264825
 483221
 986675
 767884
 955471
 376311
 891260
 606763
 834654
 54912
 1038070
 481199
 784416
 1036901
 262726
 932883
 1023048
 904438
 325561
 1049239
 992001
 616761
 607118
 338175
 569667
 460311
 323262
 723871
 348993
 1024847
 152924
 554355
 1034694
 1026059
 244499
 348429
 682056
 706301
 186115
 481920
 995299
 343144
 191765
 667917
 756017
 780948
 22329
 200697
 852937
 167509
 952944
 942084
 1008723
 701221
 1049207
 599138
 801541
 284038
 579494
 440321
 720432
 724704
 333460
 660068
 486234
 18643
 192528
 866087
 245762
 180720
 285424
 467134
 811604
 191638
 517212
 257181
 987953
 146839
 14767
 809901
 733742
 1086238
 900725
 914550
 597320
 153947
 99243
 719263
 954909
 6809
 814636
 613195
 1015819
 255763
 130700
 922288
 1070818
 54123
 660966
 382144
 174833
 892354
 484534
 1054065
 906975
 683873
 710691
 1083985
 534025
 771700
 497881
 316759
 514508
 120019
 153196
 1007099
 841081
 110
 737182
 452784
 472903
 808140
 750596
 849580
 522893
 173490
 942246
 773368
 655462
 1022063
 1008829
 703345
 680762
 828909
 490243
 435970
 1019319
 790728
 653204
 163518
 1054165
 685720
 629945
 1083931
 877917
 125539
 558721
 218807
 54390
 497684
 1087989
 1053281
 693402
 69315
 668738
 460532
 725276
 1077485
 148137
 451339
 256655
 914360
 936007
 634296
 822780
 146315
 869686
 130387
 748756
 129427
 723351
 719109
 329049
 1063503
 716500
 799509
 281724
 363155
 1010515
 633304
 985482
 416741
 1072530
 450331
 545974
 20278
 1068312
 255948
 1037933
 640211
 100852
 383915
 1051243
 518693
 724178
 913863
 187145
 746791
 428289
 37062
 1075290
 552827
 948641
 291387
 874546
 111465
 733523
 891829
 1000248
 145279
 924517
 8937
 854924
 365768
 236104
 5291
 278429
 51853
 599775
 233999
 532964
 283803
 259900
 979456
 610396
 586786
 37869
 342887
 1056546
 114835
 607879
 1086798
 55812
 291718
 998217
 610497
 538725
 619174
 547912
 742228
 774470
 187817
 470187
 101558
 312857
 383617
 379074
 973450
 597648
 917529
 784011
 555222
 270565
 453038
 646278
 87751
 360242
 1087770
 376085
 840762
 1085585
 572785
 966293
 473773
 994774
 993805
 646011
 1004010
 888885
 871852
 1033024
 900461
 500302
 616775
 184804
 557645
 346800
 968430
 910792
 504070
 190059
 993018
 416254
 1047143
 915888
 894430
 852386
 431598
 534932
 281774
 161500
 478543
 844021
 713615
 271991
 697534
 882657
 316938
 355147
 90336
 988213
 101505
 176577
 1073405
 869258
 147787
 420808
 197038
 602336
 183400
 461899
 422
 475638
 97200
 1089357
 688862
 862344
 182253
 811317
 106213
 867788
 1078642
 633906
 689677
 850697
 670610
 42456
 961978
 1021514
 828504
 395088
 371511
 99702
 399527
 517312
 243016
 59216
 500598
 34571
 56625
 458238
 875303
 161106
 911164
 224988
 43736
 875390
 890474
 44269
 455908
 136046
 335280
 306360
 972577
 962649
 271360
 364388
 1030902
 1005717
 41013
 145807
 118058
 564872
 906722
 307891
 197043
 288774
 24244
 1052977
 451643
 633423
 915437
 141851
 214026
 397125
 291369
 1001276
 893411
 411162
 52424
 746007
 1011153
 144156
 98796
 224200
 344654
 1087841
 1062371
 463986
 1048201
 1064027
 337556
 258336
 1049335
 1043653
 1078991
 748347
 383242
 571678
 1049984
 588573
 851866
 1060856
 317286
 1088818
 1047358
 708717
 63866
 726072
 251455
 293995
 653486
 312726
 873159
 882574
 809387
 635496
 452027
 76328
 451907
 875361
 418491
 606583
 271012
 549682
 983486
 1032731
 804818
 466910
 294009
 995805
 1024607
 241358
 687981
 1006473
 781801
 539610
 675695
 945843
 600440
 638400
 54575
 818959
 174413
 856491
 476211
 410697
 36839
 922018
 503400
 293584
 224877
 273536
 682176
 423488
 913184
 102159
 600583
 367136
 338621
 263548
 1013395
 1068768
 785007
 248825
 654776
 499044
 1020813
 651454
 179376
 221098
 352953
 484332
 221736
 24899
 957703
 132926
 715047
 1072281
 925510
 812374
 474814
 328929
 1022610
 387429
 714702
 432223
 535041
 156011
 787837
 1024069
 170629
 326697
 460351
 733165
 266152
 199926
 640965
 975967
 139000
 868656
 995204
 211944
 84644
 916725
 1087606
 556514
 357778
 1055893
 323110
 1036088
 547219
 406729
 685093
 486628
 179455
 598230
 713136
 1008981
 523187
 17402
 694196
 779651
 525406
 956548
 199482
 741319
 175056
 957897
 976467
 619937
 1090985
 916022
 394255
 756813
 393867
 693051
 134860
 1079323
 599602
 413304
 753334
 882925
 436701
 904914
 436473
 736154
 727149
 484196
 436312
 688138
 908412
 147335
 931819
 1063443
 792614
 303384
 649172
 583577
 734671
 790182
 874051
 820718
 711556
 249842
 770917
 1038996
 284026
 94940
 648733
 350969
 795812
 406232
 273168
 406730
 513465
 1068858
 838340
 141389
 79392
 347574
 508586
 891412
 749619
 881103
 723787
 149944
 853899
 220508
 952364
 472623
 236431
 73129
 1029869
 1020308
 342354
 602732
 123701
 772849
 827564
 476777
 767413
 859519
 496222
 460502
 622463
 529869
 786949
 1017190
 794272
 508944
 1028046
 777239
 690800
 278239
 256009
 193705
 106058
 169177
 415110
 1099175
 688658
 1026161
 353839
 834082
 591022
 766993
 233831
 730314
 1037821
 109793
 1065752
 107793
 147201
 668844
 730247
 764470
 980010
 659565
 251462
 1047479
 641811
 500282
 465874
 24742
 942723
 924529
 491572
 955795
 583291
 848789
 82729
 1055849
 556994
 407581
 1048210
 313259
 420587
 1076136
 683935
 193940
 927514
 719
 148689
 316250
 237311
 638342
 50566
 462932
 507040
 481108
 120211
 315473
 840023
 231263
 910681
 1095715
 1006070
 55657
 237129
 663988
 368177
 578858
 522742
 475085
 805966
 943971
 692790
 74475
 167440
 1055784
 863249
 1081794
 769926
 23152
 661210
 668652
 867292
 489272
 232716
 388406
 760636
 15528
 1038316
 322419
 1029096
 127394
 540190
 673673
 340136
 10960
 320873
 880828
 878202
 91071
 279561
 627795
 71957
 425896
 298836
 292622
 1001042
 507521
 708467
 370870
 484557
 745730
 914912
 1016673
 140303
 815520
 866847
 322264
 380544
 407929
 127887
 881319
 73214
 297878
 886885
 405876
 1091
 661830
 191885
 489494
 778871
 211518
 1063510
 767191
 25324
 817035
 39693
 248474
 850318
 794851
 770716
 33163
 359010
 37783
 1093933
 957204
 112214
 272259
 851009
 952553
 1004469
 418333
 776702
 622667
 275563
 563431
 277270
 243238
 178502
 737640
 343015
 374411
 253490
 732846
 228960
 1002033
 957447
 201483
 135699
 459475
 42102
 339018
 382716
 358962
 228142
 181200
 458326
 281616
 11287
 378143
 1006096
 52784
 1042364
 345665
 1083468
 876654
 51456
 131409
 733554
 729938
 890956
 894125
 120356
 165699
 789956
 405340
 284588
 643386
 235515
 186659
 142841
 1009077
 864591
 756367
 194450
 488536
 421044
 472533
 726339
 116494
 646225
 767974
 901547
 1091071
 844208
 435576
 320860
 512361
 246604
 654579
 128412
 210024
 1048400
 638051
 500671
 655549
 803822
 292993
 24785
 235500
 747600
 1093573
 292234
 752046
 776439
 188480
 88696
 332232
 766709
 581399
 655629
 458734
 359882
 846786
 50629
 180418
 568990
 124051
 289533
 624091
 562943
 486760
 274172
 1012231
 813315
 1029306
 614426
 1000950
 875749
 408842
 519283
 721167
 1028674
 608015
 119353
 85138
 745448
 616592
 675988
 1076172
 110333
 600620
 775427
 309718
 67918
 287329
 298059
 441479
 58958
 625955
 775938
 767129
 164744
 1043587
 625078
 967301
 537284
 470288
 315098
 991055
 46675
 275602
 430826
 736239
 496778
 105542
 262509
 657174
 351898
 191573
 260785
 860787
 123622
 524056
 645529
 128489
 526112
 424619
 627323
 543065
 217367
 703086
 897306
 662698
 549100
 208809
 766402
 1089013
 116884
 636188
 400231
 955778
 974363
 179664
 354015
 168808
 660630
 537540
 292054
 657050
 880751
 65282
 1002763
 6214
 519548
 334299
 645479
 302783
 584298
 945217
 407320
 686409
 842471
 1072775
 1087676
 364332
 266895
 433970
 894110
 755992
 92438
 7061
 238259
 541630
 1081303
 670603
 334936
 719500
 634210
 1070680
 822696
 287753
 120087
 422659
 849846
 637771
 474498
 24417
 1030508
 176500
 14694
 497179
 746963
 993379
 273501
 438
 260975
 756737
 126442
 456379
 338310
 434380
 1072186
 129284
 742551
 1098850
 949679
 573394
 70192
 928201
 118525
 901376
 967618
 571057
 542211
 897758
 924848
 369815
 867308
 309335
 597416
 227438
 1039705
 175483
 190545
 1091048
 676372
 401245
 66475
 234768
 170327
 946913
 321122
 542411
 547245
 623607
 38414
 187196
 1082742
 1068244
 328800
 856870
 973744
 633386
 666134
 72576
 1005149
 5974
 650069
 89139
 623199
 579544
 412231
 283015
 228077
 1051193
 652006
 305708
 688157
 764823
 1070966
 1057191
 505194
 169373
 968340
 313256
 842734
 676711
 706745
 1085524
 265183
 268516
 491160
 1078619
 419408
 75638
 845101
 160287
 69013
 642833
 170162
 960459
 496076
 476394
 608365
 68257
 921122
 105539
 899896
 504769
 971529
 186229
 57738
 994451
 99003
 975027
 650786
 747080
 1039176
 593106
 26858
 860161
 83542
 893818
 675586
 135404
 2472
 145072
 285254
 519825
 58468
 140434
 432473
 95781
 628873
 647596
 415625
 207858
 885543
 458330
 305775
 755884
 202928
 15907
 76406
 795070
 192355
 202272
 56127
 688151
 1048760
 222454
 343204
 370423
 1044701
 1016492
 943644
 828822
 356691
 8642
 397989
 143045
 542982
 1087449
 264820
 165298
 458530
 536893
 219227
 687489
 101046
 678508
 206212
 846368
 312265
 440670
 510707
 1025872
 619601
 640642
 1015561
 480192
 738894
 300582
 1050713
 1070321
 395365
 196471
 985547
 1033151
 471630
 279323
 79685
 376461
 74501
 1023309
 154839
 323710
 800090
 330661
 917163
 861339
 536986
 667408
 95244
 460137
 341785
 101950
 408927
 107801
 881462
 455090
 146939
 249344
 854007
 690507
 1056523
 354776
 529407
 610107
 666060
 122532
 710905
 372958
 426286
 400763
 538695
 641126
 1011664
 423259
 987043
 1077668
 767640
 931425
 571816
 585596
 175236
 614036
 835956
 761456
 442803
 572985
 806775
 605671
 473979
 656773
 1052488
 1087852
 699901
 680310
 483064
 221616
 989782
 420278
 459871
 351246
 833507
 571199
 340264
 945679
 46441
 921427
 616088
 870571
 955688
 926589
 962014
 948169
 830414
 489254
 812686
 620679
 944844
 435249
 136307
 52106
 869188
 383060
 901771
 99170
 971142
 535072
 358535
 119725
 20205
 901919
 1054275
 918049
 389123
 199170
 43982
 722772
 576376
 1057674
 1016987
 227361
 855044
 252833
 729164
 762660
 499132
 580981
 51585
 536648
 501510
 95715
 60906
 50508
 156487
 505601
