189152
 362467
 476009
 42034
 735478
 1056676
 747556
 813367
 639945
 816688
 647467
 763903
 1071192
 999051
 378078
 166541
 945202
 995588
 491954
 808316
 1087647
 635958
 425579
 210266
 62512
 105232
 797341
 249070
 655848
 599859
 579910
 253659
 884881
 221708
 253952
 974985
 338209
 614365
 241498
 281069
 354455
 938735
 573338
 777537
 833842
 463782
 520492
 880929
 516698
 276044
 222372
 1062700
 602400
 183573
 743075
 958406
 846029
 242041
 964104
 130292
 1065135
 434682
 1056777
 748494
 527818
 853808
 590596
 754597
 435775
 848545
 408100
 313687
 330018
 509158
 585321
 47797
 900421
 541572
 971029
 933771
 342588
 279409
 584586
 330774
 792106
 460606
 950600
 640873
 748024
 1027887
 637066
 1098967
 793206
 386221
 705141
 778999
 728148
 358178
 118648
 1023568
 297834
 584031
 51050
 89143
 954943
 311707
 772644
 932541
 83979
 258189
 1087784
 238240
 332939
 967008
 525742
 1015372
 318617
 73481
 202765
 446303
 384630
 888374
 312200
 532861
 556894
 634051
 78043
 194175
 913611
 453610
 291867
 265215
 919467
 51400
 66917
 737740
 40726
 421948
 976137
 740562
 538191
 551946
 486235
 159357
 492228
 1193
 16699
 59999
 705325
 630517
 290488
 580147
 733115
 552108
 535327
 644248
 742604
 688089
 80744
 720223
 715354
 510512
 438860
 354843
 503854
 606097
 886142
 741807
 666614
 932141
 196480
 937577
 126914
 780203
 429736
 31468
 279113
 575263
 363990
 572916
 850290
 375641
 1063914
 108722
 386497
 871756
 289902
 582468
 851465
 886047
 1098848
 570449
 435777
 821355
 133557
 830328
 748241
 287557
 537795
 971663
 612512
 594497
 282057
 436815
 291391
 673204
 103420
 452255
 780800
 87447
 836290
 280083
 61333
 994679
 207381
 647949
 837436
 953291
 756014
 118396
 1025774
 1084014
 1005791
 919993
 673898
 1094111
 945603
 183414
 351755
 95657
 821010
 230846
 1009646
 419981
 69287
 691611
 239240
 386662
 671190
 910581
 1012048
 242004
 313918
 568043
 545839
 798660
 1002593
 147891
 724822
 1044828
 83380
 1032244
 265548
 984789
 218956
 1064661
 866941
 375512
 649138
 121252
 726395
 94539
 85805
 376273
 760649
 633763
 1046287
 345756
 608189
 1031743
 592622
 589436
 297621
 213157
 1084685
 743027
 736796
 405563
 199082
 510337
 987821
 94531
 292875
 185273
 12489
 940119
 758404
 817826
 848728
 139353
 659270
 644365
 256321
 692890
 1047902
 328058
 160438
 362632
 87382
 947067
 85120
 757478
 641246
 474786
 560526
 349852
 885750
 435982
 1043216
 267292
 666398
 441260
 234593
 1033373
 971633
 528086
 191530
 456581
 1033962
 372447
 837646
 634533
 606909
 799869
 820884
 771904
 377994
 965181
 380371
 222856
 923423
 956460
 529604
 349881
 795244
 959574
 27167
 490428
 345457
 700983
 173193
 622362
 754336
 550536
 1014016
 623270
 1081329
 777084
 352078
 929046
 654228
 456253
 806578
 918517
 255158
 442359
 910395
 42426
 529820
 185789
 554988
 488989
 702268
 663630
 1085363
 419891
 865588
 874820
 104898
 10123
 162889
 645189
 695595
 100301
 759617
 739872
 1074677
 149133
 568742
 657561
 149472
 142605
 357612
 748652
 337612
 389674
 172854
 551842
 74811
 902298
 85706
 574616
 559183
 116605
 633987
 358984
 57941
 542412
 77087
 714790
 962304
 636335
 598236
 973349
 956444
 341273
 498786
 704913
 826216
 668459
 225231
 752135
 914666
 1015021
 862026
 494024
 361973
 547631
 450465
 255521
 519063
 108152
 749349
 135794
 961047
 911636
 641913
 986153
 140197
 705122
 916488
 242516
 822524
 938738
 274554
 527167
 549684
 880471
 459625
 325382
 396117
 78857
 1067497
 214202
 861918
 488413
 2488
 883291
 89832
 135244
 30027
 135732
 507195
 624727
 189597
 1008063
 277761
 535237
 483363
 333442
 369065
 152644
 1066462
 796715
 886480
 817279
 322406
 400894
 468261
 475043
 886369
 214700
 1049596
 1043179
 354023
 484726
 28654
 299346
 391433
 1018471
 193691
 616910
 398453
 625644
 128199
 351119
 586903
 827149
 53749
 307869
 757208
 968592
 559353
 53373
 814268
 108564
 1020927
 622566
 795833
 370036
 471628
 691401
 712107
 663172
 1027034
 845982
 914967
 902126
 330864
 924931
 557015
 596152
 28146
 95685
 18729
 833143
 1086043
 80408
 971149
 630269
 755871
 668694
 887463
 953462
 947920
 870118
 564162
 940585
 741317
 744371
 1088293
 133401
 1088670
 474337
 100723
 418781
 304761
 363663
 724202
 462810
 583763
 880100
 564830
 563793
 126557
 806007
 538241
 739467
 415679
 545169
 254175
 35877
 1037643
 33430
 418381
 98299
 693697
 825120
 1076884
 209092
 523192
 583428
 1075371
 73822
 185891
 719817
 117280
 805377
 878354
 177990
 593434
 461417
 1004397
 694444
 132285
 600129
 353945
 334265
 778623
 639725
 577234
 475040
 136457
 937235
 610065
 810487
 574889
 30671
 989280
 141935
 1076569
 332430
 322464
 736827
 965670
 188513
 633620
 494914
 144227
 1085722
 391860
 423732
 718231
 330510
 986441
 941301
 688620
 36850
 520906
 182040
 195609
 545460
 930121
 537731
 782197
 585986
 613864
 286983
 996229
 253255
 576459
 489830
 937201
 958211
 745352
 539642
 552964
 379584
 699089
 952381
 116888
 17101
 991621
 213096
 493757
 1023910
 1036300
 538446
 744694
 730883
 711359
 69033
 651036
 459758
 648116
 1099265
 1085313
 1091445
 604887
 88854
 188337
 64810
 716512
 626442
 802708
 545715
 630716
 937204
 500873
 850382
 1009401
 23110
 421968
 400656
 95338
 932680
 507011
 605641
 400563
 1034576
 280366
 976167
 357610
 913454
 354859
 328621
 800639
 282232
 66247
 236078
 642201
 63382
 852522
 888622
 1044013
 229982
 681158
 780397
 761333
 199872
 57936
 888922
 708167
 340961
 31306
 771402
 948821
 670272
 176628
 857625
 35096
 845202
 852276
 284261
 608385
 101317
 253703
 315415
 894299
 361301
 232843
 882549
 402603
 1059193
 860163
 1082471
 590331
 950391
 634656
 123719
 167320
 523721
 1043252
 699837
 637588
 1076550
 649513
 72028
 553620
 486677
 586179
 902833
 182782
 702526
 506935
 681190
 226023
 964456
 610081
 515189
 583124
 583634
 169072
 745382
 973165
 1027845
 902307
 664729
 693484
 279669
 703449
 328301
 1075757
 152673
 551799
 377101
 984106
 817635
 942453
 493124
 1051275
 1019257
 411365
 74448
 461007
 627197
 524572
 392272
 1014591
 1007937
 467019
 893154
 589815
 141779
 515546
 503525
 646532
 790692
 289132
 280447
 962377
 733510
 630720
 1037431
 191607
 781615
 689875
 781273
 1045572
 120260
 609563
 34942
 1032637
 148677
 366558
 424406
 758656
 478032
 645715
 622991
 513296
 467228
 197799
 603096
 820833
 844167
 73101
 164624
 565707
 822495
 88560
 99335
 251447
 840211
 443512
 450968
 577630
 954393
 596955
 976975
 777930
 28536
 422406
 302810
 663270
 323205
 609831
 588705
 204357
 189165
 746595
 999160
 798009
 665820
 124331
 152616
 52699
 287911
 1043790
 41550
 422794
 750916
 1028832
 119781
 989508
 1046897
 221947
 441378
 978563
 188807
 785685
 526202
 692677
 517158
 989767
 712549
 5381
 403742
 131735
 383180
 811429
 376033
 653494
 650292
 490332
 701319
 219367
 718319
 1069692
 391262
 135634
 847450
 716364
 54038
 823918
 593528
 722107
 925443
 779531
 47001
 509647
 819611
 944276
 298901
 829749
 224985
 209832
 608313
 349875
 912966
 306641
 236952
 235864
 938559
 986764
 902671
 614843
 197528
 309101
 119774
 570383
 40624
 413708
 608880
 271455
 362446
 1010885
 428311
 323930
 269352
 1089835
 716864
 770751
 597329
 829389
 670717
 844780
 577652
 1002572
 347552
 347131
 322982
 232223
 460717
 885655
 866146
 52481
 641005
 222219
 992716
 567466
 828900
 604439
 388834
 773678
 215609
 1024255
 933655
 21182
 623335
 333770
 742563
 100673
 410322
 18517
 854722
 273481
 1054234
 59065
 994315
 934659
 99782
 875685
 812077
 625451
 431816
 947264
 714469
 507029
 362194
 733829
 801799
 184310
 38086
 567058
 1084960
 419941
 68702
 882981
 71414
 126549
 51551
 1005513
 350653
 438669
 150989
 289563
 455905
 574031
 251866
 376168
 663465
 850431
 693971
 139219
 1001659
 983760
 1020419
 523264
 353796
 611475
 2566
 185265
 150034
 296650
 1006902
 574482
 706029
 290598
 778106
 932274
 917687
 681513
 642487
 1031376
 66675
 887060
 1040928
 920568
 502447
 417803
 992966
 174350
 184151
 101797
 15656
 677521
 426222
 1033814
 211962
 596353
 635942
 671327
 888931
 385911
 1084433
 499253
 351130
 487595
 819728
 781296
 313731
 689511
 779157
 179580
 216201
 990049
 283353
 188780
 179597
 944239
 113823
 699239
 128126
 969998
 663206
 790558
 630517
 985671
 978614
 627230
 129982
 367897
 470993
 868180
 397629
 324694
 877794
 642246
 223677
 774625
 567061
 1004773
 734217
 843172
 5774
 457248
 72777
 637128
 860425
 975235
 63388
 484413
 482558
 75873
 607097
 926804
 307842
 971675
 542467
 160717
 663137
 371524
 888865
 1041486
 156248
 28397
 1097120
 233894
 75963
 489515
 1098429
 87529
 323296
 773532
 353289
 113415
 791062
 385588
 1029313
 659281
 525940
 470074
 179155
 535665
 610929
 224908
 444939
 670315
 992732
 916448
 330020
 297292
 561828
 47294
 261447
 484078
 340089
 983366
 1077357
 461006
 617487
 894433
 898857
 669610
 50716
 274099
 1080330
 230004
 732022
 550415
 995189
 270469
 330040
 179464
 316036
 309406
 108378
 318438
 132907
 416555
 426071
 115782
 676654
 400174
 20502
 1015753
 692148
 849076
 642878
 800501
 1003309
 174201
 1055742
 3721
 820500
 426420
 319001
 60839
 126325
 1076076
 406547
 243652
 719752
 618914
 427186
 378500
 583401
 14451
 161718
 284637
 570368
 315306
 508547
 262846
 572591
 119330
 743578
 548877
 477615
 254235
 1008185
 820415
 403686
 827613
 236192
 1003132
 304960
 276952
 407048
 787195
 697220
 358204
 1001688
 725707
 517016
 306043
 369122
 675894
 677212
 931418
 217285
 499383
 769647
 410058
 451118
 1051763
 389895
 791942
 450031
 863736
 1087715
 792381
 721052
 1099986
 899934
 690509
 884355
 184283
 411176
 955504
 125301
 968387
 696667
 344847
 136376
 189556
 949415
 561140
 1092974
 504992
 502328
 831094
 1056694
 967692
 120274
 273562
 882359
 838564
 954444
 360864
 1086352
 58656
 127200
 495055
 865555
 727138
 738236
 968196
 632853
 1088310
 124382
 745602
 626431
 790628
 642711
 382042
 891866
 697878
 735610
 275596
 748312
 678761
 992620
 218210
 556559
 1099449
 899313
 338331
 797750
 712378
 958142
 930081
 619385
 1051130
 4918
 89302
 1077175
 232769
 11814
 356844
 693409
 1070006
 896257
 215011
 341720
 422325
 761647
 344208
 927385
 595754
 596872
 508985
 472304
 915725
 170249
 117614
 247033
 473644
 873957
 426346
 179452
 722419
 566051
 750827
 129207
 38625
 481561
 1061470
 735764
 478688
 448851
 273649
 984115
 600016
 337133
 339281
 12676
 460366
 759124
 504052
 856225
 248031
 430469
 250311
 365155
 986101
 524140
 1027914
 83602
 28575
 993040
 730939
 657755
 693519
 758300
 409333
 523185
 577440
 219463
 1070935
 694410
 628916
 504306
 997460
 1039683
 817808
 4175
 680918
 417824
 521911
 230053
 220510
 61676
 685572
 861550
 162505
 406751
 57731
 92495
 599786
 696531
 979518
 909149
 362719
 581271
 1079188
 450232
 941493
 530275
 256793
 658938
 984605
 297891
 601414
 520888
 199577
 363415
 524049
 365817
 251663
 124168
 565878
 345898
 767158
 36079
 1009067
 441004
 328826
 958819
 728413
 509689
 17740
 814289
 2285
 160616
 162814
 38495
 641815
 1083871
 374035
 986475
 20303
 34397
 382146
 101748
 48320
 732191
 431615
 582018
 1018467
 140279
 343388
 858581
 369895
 863512
 412705
 1093365
 585460
 684968
 502230
 100994
 792582
 495508
 1010829
 638761
 835181
 37125
 862559
 922773
 134735
 123888
 374890
 1076126
 877514
 435028
 539299
 1010119
 292579
 386430
 1038599
 853500
 67570
 763080
 653455
 940388
 657204
 206182
 329770
 596926
 82582
 176090
 591182
 906688
 967198
 577257
 959163
 685176
 567288
 1078510
 317579
 637036
 229883
 826199
 140187
 279030
 806247
 513388
 792635
 760268
 483775
 931687
 28961
 114750
 761016
 13572
 30570
 777828
 214000
 1017743
 1034769
 193785
 74146
 150890
 646427
 460500
 1078321
 177629
 138419
 380449
 802498
 877448
 269965
 98862
 1030528
 375187
 735487
 941221
 60668
 398068
 519854
 474006
 923898
 519355
 115523
 864979
 915972
 511451
 258370
 799462
 283535
 88484
 1003849
 207428
 899302
 277325
 1078315
 903557
 737531
 105116
 769292
 636870
 999155
 738264
 93070
 630216
 604076
 567783
 959715
 379671
 945931
 681052
 937321
 326644
 738316
 927361
 1075990
 934025
 210843
 373970
 643713
 907391
 854339
 303037
 456342
 630892
 82486
 842502
 989957
 499637
 771749
 1035232
 267805
 1053414
 1014013
 1085996
 920895
 337027
 188996
 557072
 569424
 428947
 616425
 553738
 794068
 693341
 328789
 94239
 754204
 290898
 404538
 502302
 299083
 522754
 1099483
 894109
 740079
 828059
 368858
 263835
 1032378
 19799
 1093404
 924709
 63459
 190498
 336307
 1039708
 294973
 1088933
 573196
 90343
 789941
 223452
 814517
 147245
 452754
 472174
 541908
 801207
 334619
 481405
 713245
 317456
 523596
 132839
 81529
 891995
 683698
 206512
 519270
 386273
 233386
 444629
 683936
 960715
 342842
 55828
 1000829
 955950
 691655
 949692
 500304
 916590
 568778
 278652
 37443
 496436
 522841
 748387
 588351
 245540
 575135
 52641
 413949
 132367
 101416
 1010750
 261142
 484943
 590049
 446680
 107479
 474826
 448078
 240823
 1030881
 978721
 836709
 762624
 671045
 628573
 1096697
 1023769
 192454
 846266
 849906
 611510
 199843
 570198
 458492
 908623
 854529
 566397
 719748
 366502
 243811
 862005
 505855
 516876
 92191
 739055
 475413
 1067831
 713026
 357858
 4644
 360899
 958883
 531644
 566107
 561763
 1031941
 519723
 680555
 1046324
 347122
 894553
 204477
 919954
 539996
 468935
 822589
 354191
 1025028
 894550
 554633
 819997
 44360
 469801
 640086
 572578
 1035825
 400899
 575387
 54573
 675896
 78855
 256549
 394535
 670415
 14053
 923990
 1021359
 1013778
 714378
 126754
 1010005
 438249
 798334
 470422
 194163
 947218
 207301
 122306
 107046
 1050956
 7188
 985676
 1088135
 55168
 676072
 64236
 798850
 274805
 356803
 1090763
 211332
 956472
 408252
 520697
 569489
 832658
 732143
 784238
 595382
 949490
 635451
 126571
 1095365
 28279
 913208
 839601
 549122
 649194
 878220
 752092
 854877
 959688
 871156
 440017
 901775
 1093173
 582945
 730837
 781068
 471347
 634967
 243394
 758998
 350829
 55346
 1005121
 144643
 27232
 326076
 632511
 561914
 394158
 189584
 1090956
 949873
 321708
 673606
 625073
 134023
 875946
 662164
 983498
 970497
 930306
 337770
 329911
 393576
 388955
 345053
 143610
 835582
 464562
 361211
 762141
 868735
 789288
 295380
 899477
 559040
 962665
 932185
 881721
 347924
 314066
 979874
 573521
 601192
 907820
 5978
 726366
 926118
 657588
 727463
 533524
 646167
 70885
 606282
 481311
 82751
 604714
 1058362
 61583
 339741
 847067
 416502
 364914
 799243
 603663
 50422
 40536
 132105
 207452
 302251
 247245
 875755
 436868
 1065294
 233778
 405989
 728779
 622367
 838156
 680702
 669531
 199565
 234346
 663483
 102744
 590138
 715068
 431077
 1013092
 245499
 1077026
 590462
 511325
 695032
 11033
 9499
 676632
 674736
 1043284
 664547
 48395
 900065
 542194
 316018
 727030
 863558
 916589
 96953
 1054309
 599701
 605688
 464317
 702494
 604502
 1092096
 494711
 1068285
 812598
 776743
 422687
 467520
 1099213
 1017285
 561781
 537951
 115672
 900573
 875690
 528947
 711456
 70720
 634971
 453022
 900821
 865098
 660877
 199596
 1004166
 934113
 796869
 803325
 316407
 575362
 623526
 269160
 818243
 73893
 202272
 580441
 437500
 85813
 370927
 225264
 466988
 419904
 346212
 383476
 680633
 253886
 598712
 214706
 12931
 974681
 706966
 73036
 449315
 307109
 62759
 34150
 945279
 109277
 407307
 153532
 1073671
 582854
 531602
 193226
 329154
 813325
 24615
 703348
 489059
 651512
 948905
 327553
 454099
 873176
 649310
 1069832
 544423
 495185
 268686
 41932
 735005
 600677
 1022238
 255223
 626258
 56943
 539769
 760961
 191361
 650107
 533752
 566334
 281805
 662582
 840323
 996957
 498770
 161813
 543094
 482127
 538867
 832954
 646546
 976777
 354890
 733515
 1018184
 108184
 336244
 1098712
 171162
 168247
 282643
 395265
 583677
 962246
 171684
 952846
 399852
 646665
 314960
 904357
 604819
 847864
 1032902
 766586
 939335
 423015
 850728
 160219
 567024
 411776
 219536
 531748
 882489
 910649
 421631
 1080394
 470529
 473678
 475484
 378451
 98115
 179688
 414105
 679324
 714174
 651517
 314668
 907344
 451858
 739303
 753007
 70260
 167230
 241234
 925966
 307830
 112376
 1079960
 1062462
 727078
 776344
 62951
 208526
 153296
 1003021
 212041
 311954
 735451
 14160
 834612
 913419
 139624
 454951
 578978
 337636
 583768
 226272
 846117
 568843
 1066970
 739054
 163579
 113718
 144578
 839986
 849427
 392796
 114912
 1040008
 593400
 354288
 793842
 612776
 910303
 284908
 873505
 1062347
 1007870
 1084858
 871322
 1077331
 915455
 973499
 641827
 710786
 525016
 1050295
 410118
 765859
 948960
 1095479
 291760
 362750
 957493
 978699
 460894
 68308
 180659
 602749
 75285
 159482
 560572
 870728
 739170
 512256
 682814
 954839
 585274
 778170
 307076
 802659
 201684
 85269
 415982
 996172
 467270
 859766
 507541
 1081108
 331324
 452017
 440480
 756739
 1025821
 200012
 658396
 273801
 558756
 186474
 587076
 565739
 917226
 453641
 49163
 124180
 376229
 570624
 792551
 1073244
 130580
 9287
 935960
 184729
 546521
 471419
 707511
 297016
 862321
 54987
 263262
 53995
 739380
 1057838
 53055
 325089
 5659
 894860
 91528
 831576
 407418
 751905
 36480
 987787
 125820
 319486
 1067984
 616108
 786151
 456016
 934418
 122276
 937380
 916985
 842461
 1069265
 882018
 888570
 1080602
 580223
 415964
 658811
 539764
 214549
 174494
 909938
 311363
 921099
 14526
 407374
 749429
 435736
 181705
 206249
 811951
 193708
 937377
 212763
 1035765
 437777
 761683
 761473
 926017
 359030
 470048
 870277
 762704
 637951
 449010
 462318
 87442
 1011983
 450924
 438609
 93108
 847
 98034
 955740
 88958
 315189
 382372
 403480
 645831
 127975
 618506
 679441
 126981
 666112
 781232
 415414
 594199
 658780
 178379
 338726
 787757
 120210
 804622
 916541
 646303
 57569
 295829
 684427
 618945
 892937
 572798
 579402
 514942
 729294
 584092
 48028
 334070
 335011
 126636
 184577
 59568
 725941
 785304
 645729
 576515
 946995
 445112
 1079250
 696986
 933416
 484705
 368316
 70690
 764334
 666075
 301962
 928604
 217963
 862605
 459245
 220685
 740398
 1011047
 325591
 395104
 50704
 378706
 902548
 938249
 895970
 532075
 773871
 3646
 896223
 343614
 217106
 741179
 209456
 852496
 543539
 988116
 1025331
 521333
 625158
 29133
 515523
 554229
 1031715
 181405
 254990
 1072140
 627965
 522020
 1035131
 163164
 389453
 41555
 387094
 936917
 208252
 710698
 702910
 258143
 860599
 598681
 226324
 341392
 29191
 471813
 417319
 705976
 285155
 2399
 930496
 242173
 27239
 788597
 138733
 408106
 66113
 602273
 469511
 296633
 142484
 461383
 813379
 467816
 21590
 670431
 337770
 460916
 907440
 71378
 60525
 283397
 850180
 503424
 580080
 417305
 818312
 596072
 906992
 640580
 214267
 963306
 1072339
 618377
 392012
 579733
 362366
 246203
 442537
 346912
 397121
 197064
 489020
 102752
 792442
 116233
 863999
 765674
 625926
 735808
 1039838
 481828
 632393
 806226
 686580
 49797
 229381
 611836
 382879
 448074
 683419
 633317
 1046410
 812140
 915780
 326518
 501010
 6386
 253805
 353839
 768472
 496815
 511777
 120393
 538139
 425310
 271969
 175751
 297853
 1042342
 93958
 545636
 18427
 1003248
 630357
 313744
 520554
 498683
 805093
 1025938
 704677
 997162
 201008
 727095
 8311
 56559
 531790
 308349
 490135
 872985
 834917
 345339
 865010
 516624
 914213
 276809
 253117
 446520
 737255
 836467
 749898
 616049
 274233
 870121
 140545
 880983
 466035
 764104
 1006500
 959935
 301384
 173372
 364376
 1056744
 1085216
 739870
 905697
 296044
 952139
 729990
 410984
 751301
 932088
 795188
 910254
 677197
 568422
 807947
 705114
 755415
 936456
 70366
 178102
 1080054
 651754
 85791
 18626
 420463
 39666
 110045
 875995
 79207
 1038051
 696700
 273787
 1077138
 881523
 1031718
 787878
 450156
 837699
 127606
 449497
 45495
 121279
 75198
 389634
 1026271
 53428
 368287
 456306
 866804
 1003839
 889451
 623781
 471872
 774640
 753934
 290835
 62024
 693486
 534119
 986743
 172239
 1043490
 284139
 60575
 1014398
 623042
 323419
 651145
 703384
 533649
 625833
 722580
 837847
 109148
 392436
 809711
 139180
 1059122
 947329
 62264
 945527
 871792
 747254
 942216
 48246
 352547
 994063
 292414
 975432
 9519
 246215
 898989
 334763
 734052
 138746
 730689
 56295
 828858
 844180
 869304
 551734
 138577
 709720
 560314
 459361
 536038
 199445
 574996
 824547
 806041
 316357
 1063251
 176583
 627980
 1051757
 1098703
 709929
 257078
 148526
 664707
 157940
 31172
 197980
 640647
 969591
 695899
 933585
 563777
 594784
 219530
 766910
 628375
 222636
 45164
 857296
 256772
 696697
 112321
 563093
 694331
 795545
 204796
 254206
 264152
 901629
 660424
 447728
 297981
 247434
 441030
 930077
 932117
 239777
 1026812
 227511
 68712
 494838
 561994
 92813
 536583
 425510
 636321
 663770
 473421
 561307
 252215
 253046
 629786
 935142
 505936
 27777
 339433
 469059
 713095
 910109
 363426
 822406
 761047
 370792
 790104
 316462
 292883
 330495
 580644
 952985
 558639
 165244
 1032702
 750817
 305777
 873384
 424254
 99247
 257330
 15537
 479584
 733182
 569562
 816497
 592628
 195777
 559962
 627077
 474053
 48133
 47894
 73309
 65793
 650060
 316906
 950530
 475152
 1029088
 424118
 510475
 446581
 829950
 861645
 7593
 979443
 1090355
 945950
 308108
 377816
 245588
 1068363
 381458
 52431
 525890
 452060
 909677
 328576
 858056
 50816
 868987
 130418
 429593
 588544
 861364
 1038429
 46786
 997334
 489667
 954511
 50143
 648508
 414177
 178034
 884444
 317486
 15287
 216030
 971361
 379012
 612111
 447476
 1074007
 1078689
 610725
 889560
 507976
 15316
 245247
 25728
 930881
 882451
 401388
 34716
 730168
 113170
 128703
 667739
 852626
 910551
 850637
 63067
 572564
 997926
 950020
 227866
 977380
 872248
 726554
 852470
 246798
 803713
 405469
 579375
 528253
 731045
 593683
 725563
 177801
 635529
 1021278
 502110
 462401
 816810
 484061
 1033274
 599131
 170645
 261402
 252188
 649545
 303412
 938624
 1001223
 562882
 473873
 772433
 345860
 701372
 872028
 218153
 371708
 1026586
 393356
 568485
 536689
 1023015
 3189
 118136
 1065952
 481130
 322893
 366845
 449543
 932376
 135857
 99611
 882725
 38603
 977327
 154298
 897497
 386102
 858276
 188623
 509325
 866998
 829282
 582428
 702042
 863701
 838754
 973473
 332810
 997503
 887559
 466246
 348172
 610648
 500861
 104127
 506287
 422927
 345515
 1073539
 1051743
 629457
 94498
 807079
 356573
 414866
 273055
 1088062
 1045295
 186497
 127390
 238486
 137688
 240316
 1007629
 450408
 469005
 324765
 189881
 520978
 816864
 596438
 727890
 162899
 523697
 949565
 139835
 945968
 269748
 626821
 1069414
 431474
 957800
 125280
 315949
 551899
 1067922
 1062548
 3698
 698525
 959125
 558239
 821071
 105321
 422921
 780080
 607851
 370541
 864925
 405739
 296736
 964110
 551785
 10286
 982214
 142040
 269717
 747816
 250879
 374780
 824577
 707932
 570782
 444711
 1076961
 908355
 896746
 939452
 596972
 923045
 961425
 18470
 790274
 330181
 854913
 560196
 672007
 1021687
 1094406
 772838
 165528
 845714
 453335
 330808
 454985
 888260
 658457
 206751
 681910
 6902
 869785
 706638
 585088
 535263
 921784
 1044336
 299842
 634433
 691248
 531064
 907452
 208944
 966176
 966162
 358952
 180350
 404756
 1049518
 1055561
 408463
 1001964
 408679
 73845
 20441
 333754
 33117
 834859
 2382
 212000
 980742
 488198
 582918
 177849
 413884
 779417
 554868
 308108
 726795
 824662
 121216
 629877
 1090830
 78825
 170289
 61802
 824911
 517111
 504975
 698577
 389155
 1042024
 652438
 403828
 348150
 151041
 1007235
 479746
 457310
 515167
 148017
 924201
 433071
 920023
 331837
 48713
 893418
 116631
 183052
 738723
 597550
 679848
 232110
 322601
 1002861
 1051303
 460852
 228902
 256917
 580806
 641624
 767114
 122217
 289602
 664137
 1046405
 292917
 671266
 716454
 57711
 200829
 675640
 893681
 121775
 786486
 693170
 655
 53351
 894638
 591362
 139360
 742396
 714942
 875579
 885184
 225589
 656729
 702516
 1085657
 268748
 116201
 405452
 67599
 284130
 141136
 670984
 456767
 400290
 300876
 592342
 967887
 189883
 636627
 697605
 434842
 913634
 346066
 130475
 97345
 674662
 357771
 916367
 697732
 547546
 883633
 669814
 917897
 595200
 843232
 677746
 1057091
 819549
 1007923
 409242
 195850
 413118
 624526
 936839
 580461
 856631
 991459
 148388
 372779
 857144
 44089
 245897
 44455
 114073
 889980
 150372
 605492
 165075
 91711
 1065693
 922492
 108135
 709105
 179066
 769423
 110869
 958566
 893257
 904360
 750599
 885294
 943572
 358043
 995783
 101370
 257993
 273212
 649850
 441645
 940706
 1008914
 932210
 1047947
 965685
 871621
 82375
 26469
 330663
 1018951
 923218
 782061
 1003998
 867385
 743498
 334745
 729396
 45398
 474462
 713914
 139918
 126029
 1066180
 523562
 865708
 747852
 22632
 438503
 408966
 97556
 928150
 497908
 815879
 174800
 585189
 601625
 275352
 63357
 764846
 2633
 931027
 386505
 601876
 275012
 65106
 358511
 134349
 325307
 8850
 467650
 409904
 486272
 114617
 536534
 408478
 131534
 612132
 537103
 874899
 761674
 879426
 823808
 822771
 474070
 336729
 22427
 789487
 305786
 713109
 463815
 987781
 400895
 652537
 211163
 33954
 529690
 1002966
 436169
 480633
 187406
 849910
 562191
 69177
 101219
 619511
 446625
 753188
 754678
 1024615
 413220
 227913
 874824
 286452
 819678
 745802
 264190
 908701
 705222
 313890
 21532
 352472
 246850
 605085
 94791
 739217
 666501
 143183
 382387
 57128
 431061
 453356
 884144
 760094
 324458
 121873
 456774
 662973
 798892
 362528
 755838
 424301
 410435
 659461
 923114
 787556
 389314
 1027554
 883009
 877685
 572195
 300847
 946817
 1006824
 544924
 966376
 795148
 917460
 282703
 480617
 965945
 132450
 153972
 698385
 805895
 410295
 209534
 807237
 302874
 115717
 486344
 333592
 1059772
 512943
 716833
 362775
 599567
 46253
 1069850
 601193
 825590
 802754
 819690
 1070275
 618251
 445202
 18958
 995850
 249224
 465625
 587864
 1065238
 605108
 1089991
 743706
 254573
 681923
 264040
 243002
 848529
 854709
 374688
 933687
 147459
 551245
 275237
 1090728
 429008
 812363
 874931
 1002638
 87308
 526368
 678564
 756511
 874493
 66746
 608304
 118996
 297163
 103791
 828929
 997369
 864166
 1053497
 10263
 758344
 145607
 634436
 677519
 776288
 514636
 803628
 310550
 483828
 936214
 601567
 522207
 814100
 605625
 483640
 526014
 607046
 83208
 779422
 710253
 77534
 51110
 714709
 218713
 762933
 132668
 1017828
 528262
 390681
 79234
 513106
 759793
 417202
 776464
 62461
 124672
 841943
 746958
 296294
 360615
 254803
 142027
 1041115
 887807
 59779
 520789
 419583
 362897
 22727
 428599
 23701
 1048070
 591035
 992862
 64016
 376951
 54169
 519128
 608495
 971393
 220764
 894514
 763871
 750173
 203922
 400370
 982691
 211591
 836667
 535786
 821212
 624987
 430005
 776751
 955595
 1064767
 127015
 349103
 155170
 696769
 963874
 166970
 638047
 862735
 13735
 111754
 24626
 382888
 732959
 72467
 831129
 547026
 254652
 133865
 145099
 375739
 486475
 950721
 379875
 673477
 307576
 889414
 743853
 813511
 884891
 341407
 1012605
 422478
 889941
 715838
 639483
 785185
 688538
 452970
 547605
 1057932
 941358
 421726
 247301
 178248
 141344
 660788
 99682
 118616
 87955
 494300
 59969
 182692
 582138
 259170
 65856
 196453
 917797
 905551
 155817
 179782
 692987
 441201
 992999
 67463
 556469
 591782
 983508
 681712
 680947
 478321
 405710
 194863
 981892
 578613
 94831
 105305
 608762
 438262
 297750
 150990
 109973
 863937
 462633
 1069029
 143709
 1056005
 179332
 1077475
 124547
 277117
 846814
 530820
 888983
 909378
 253247
 453543
 897375
 700573
 947049
 917889
 61397
 563133
 875348
 440789
 591014
 599121
 766308
 304414
 961845
 242179
 373512
 377802
 847296
 699957
 562219
 223026
 580521
 878609
 61424
 549108
 587315
 842844
 380568
 443006
 133877
 366265
 749283
 166928
 536256
 385092
 130089
 263968
 154776
 1022988
 676727
 176644
 777613
 665979
 977849
 805538
 628649
 714360
 843290
 1066823
 213960
 225553
 1003963
 485409
 324571
 651414
 293541
 616695
 913064
 382442
 459393
 635563
 1028413
 490571
 835973
 579715
 897805
 291495
 779870
 675876
 939552
 930636
 364007
 745751
 720409
 835791
 811518
 40325
 558799
 184539
 896456
 833337
 383851
 818497
 530190
 1032210
 475891
 1027357
 393864
 610007
 373424
 199176
 949195
 208002
 427560
 265589
 807542
 1018691
 280324
 630844
 383815
 199405
 305081
 67252
 236483
 717578
 837097
 809590
 848445
 410259
 998945
 319096
 383943
 425774
 965434
 1069497
 555
 863485
 369789
 188734
 15341
 130581
 237041
 837774
 599261
 124918
 497973
 364128
 337489
 756218
 5800
 40290
 886748
 670171
 11275
 1062642
 660441
 413785
 956883
 728025
 46738
 1025681
 108100
 134965
 1018517
 474482
 216667
 1015622
 939036
 427845
 611808
 319582
 966416
 522966
 175097
 505449
 977080
 849731
 712524
 293196
 166883
 854069
 479459
 731871
 664694
 700259
 474086
 669270
 549475
 203438
 129634
 594577
 81056
 814800
 606193
 409816
 126199
 266076
 733101
 571917
 949644
 901511
 36917
 1045394
 789787
 224752
 451603
 380652
 186231
 1013376
 187509
 917292
 947879
 553027
 833657
 475013
 1095551
 467451
 614359
 718473
 898849
 696799
 622308
 13873
 900070
 703101
 756114
 341387
 134469
 778265
 924286
 226343
 646815
 422644
 188609
 380499
 747551
 464486
 264547
 286409
 66589
 846664
 18213
 506841
 920597
 645035
 649204
 733073
 32868
 217678
 160660
 953542
 181249
 557346
 2784
 961806
 225265
 967851
 1016824
 493801
 1077256
 835622
 51451
 951390
 145676
 269053
 538559
 363852
 358395
 1039944
 915219
 951262
 1088685
 765959
 252109
 57160
 81268
 932092
 167697
 646183
 896984
 684289
 336115
 1038926
 518876
 660290
 307172
 65912
 195258
 952681
 233824
 831709
 204648
 109082
 646731
 224986
 356999
 1012744
 725293
 396591
 546557
 1025856
 399510
 176123
 1000500
 184744
 420671
 914261
 989967
 797198
 80842
 374652
 415207
 971107
 65841
 151337
 1009625
 699756
 987000
 136697
 246864
 491650
 748729
 845494
 234045
 13951
 15535
 318491
 136462
 1053970
 147991
 871279
 729599
 952973
 494821
 164023
 1033957
 515254
 546876
 115627
 812120
 668065
 562975
 288514
 844299
 792590
 10554
 80707
 989472
 934860
 152505
 388356
 941532
 104544
 590861
 365158
 887926
 941195
 265493
 1065761
 272082
 593169
 1064886
 318237
 945538
 120518
 591956
 897656
 299564
 1008973
 571449
 748624
 357329
 704758
 336916
 860247
 1057120
 512895
 712946
 346452
 75383
 441503
 381179
 777794
 196414
 280392
 129133
 677967
 246665
 458072
 79105
 443161
 223885
 255691
 887634
 63765
 739008
 441431
 833612
 170984
 215044
 681033
 307334
 416717
 327357
 197102
 248910
 842318
 938421
 454115
 424082
 361219
 180195
 861410
 114751
 54362
 9258
 359262
 95085
 966379
 107630
 606845
 1096938
 750551
 665872
 244250
 352013
 885566
 515456
 153518
 587902
 687831
 596080
 162622
 182491
 552714
 676560
 1083195
 1040607
 789309
 716195
 632770
 442330
 157990
 125525
 400535
 809600
 851992
 969459
 605159
 857146
 183705
 1081666
 205936
 999091
 1033023
 391552
 127520
 499484
 866265
 11184
 145334
 479732
 481022
 1072204
 746453
 673996
 1030187
 223590
 416179
 560678
 751363
 53523
 1060050
 480134
 111659
 102986
 418059
 466301
 306714
 1051885
 649614
 49366
 287842
 884398
 460213
 869154
 527444
 847447
 481704
 928999
 360512
 469484
 5926
 672671
 67953
 730743
 1092278
 748783
 556074
 585518
 219097
 906518
 271965
 199448
 538939
 471410
 315663
 894814
 582310
 351740
 158104
 77814
 960193
 777240
 572918
 11909
 600008
 981582
 720293
 6854
 137291
 774411
 405581
 235827
 581566
 831305
 1097913
 257038
 409474
 375925
 21755
 436539
 587673
 987647
 718861
 265153
 640206
 711683
 920441
 493638
 698683
 473121
 747759
 296024
 1042450
 316451
 956616
 392668
 607088
 1053896
 818861
 907601
 993887
 467348
 26427
 1051431
 397476
 975104
 129434
 281202
 818046
 721493
 650786
 375526
 835841
 595711
 329478
 627068
 451445
 949391
 696678
 1045234
 339676
 1073726
 856064
 79277
 842579
 892442
 63806
 788601
 656583
 310130
 732762
 923583
 762139
 762174
 605734
 355649
 317673
 951513
 31308
 560999
 651226
 244705
 483789
 319868
 468018
 464127
 1024508
 159186
 349029
 228672
 245705
 1047840
 255824
 854956
 866257
 31803
 686873
 69798
 476862
 506620
 443265
 371540
 508642
 12413
 820230
 611678
 454669
 789027
 578683
 278873
 700181
 454283
 170988
 609665
 374725
 551566
 603992
 561729
 394403
 847118
 940791
 754546
 364536
 353488
 124146
 291041
 219218
 74899
 999911
 1084907
 470065
 1042398
 199926
 124787
 841139
 2172
 871486
 198327
 185960
 1084838
 951428
 981809
 565503
 303439
 984075
 559983
 626414
 230472
 212153
 55645
 708359
 59583
 129009
 576502
 358694
 460036
 369881
 509171
 626009
 31712
 586466
 925749
 497714
 843283
 1049202
 733729
 1092675
 224305
 854237
 88211
 522997
 84642
 527737
 919074
 703034
 459962
 939492
 634934
 691165
 1003726
 727717
 55779
 67637
 1071964
 644091
 336215
 961835
 27736
 309337
 904220
 17122
 839101
 138891
 594517
 490302
 212771
 12576
 749283
 480952
 89748
 375634
 528736
 288376
 256493
 693963
 1040715
 248099
 196211
 134949
 694895
 842201
 973947
 883119
 848576
 181574
 934720
 456417
 499526
 856034
 308916
 525563
 730212
 331986
 16314
 261104
 1066041
 267336
 975325
 668189
 1047128
 213686
 545454
 817334
 572076
 379567
 148499
 315856
 773595
 788556
 1066072
 1072172
 166789
 519962
 613987
 771241
 679389
 878418
 906707
 905134
 475112
 672461
 371338
 425578
 719167
 816126
 71172
 116269
 423038
 257876
 424657
 542434
 544472
 835949
 168528
 437693
 387401
 523300
 652086
 620589
 1004842
 497819
 686335
 857782
 801214
 56048
 483057
 714755
 178234
 524516
 419799
 850376
 404619
 1088480
 99187
 466545
 112752
 879589
 626782
 1094041
 441925
 318689
 660124
 11018
 383273
 647764
 137369
 1014574
 892636
 933084
 1055266
 900348
 250598
 349858
 1075582
 125527
 868637
 160394
 840551
 72110
 226897
 919142
 648436
 721597
 125131
 635582
 926760
 403440
 721498
 185125
 546829
 327025
 276319
 103078
 786537
 417992
 808759
 616553
 251735
 1082107
 75549
 235918
 464443
 881766
 534621
 616653
 107444
 651804
 343244
 253180
 565367
 317
 631195
 962738
 656146
 4049
 368995
 278195
 957272
 945777
 705002
 179920
 578992
 676400
 252622
 646564
 531087
 1056651
 1026183
 411921
 398959
 738956
 832167
 889151
 249624
 615200
 160699
 50809
 5092
 568202
 78691
 961535
 88231
 348680
 490436
 471425
 750960
 79190
 592523
 912174
 12657
 713782
 456129
 666746
 653871
 126055
 731386
 139738
 808782
 570419
 704721
 195143
 291929
 494181
 907257
 284791
 609111
 625698
 576833
 888881
 34522
 244587
 698878
 827461
 955380
 708168
 708455
 349166
 128865
 895192
 201662
 560322
 481798
 972430
 71469
 1068390
 744228
 165891
 822490
 898592
 95427
 258288
 1037311
 793302
 422299
 570183
 173959
 1018748
 927063
 914152
 143646
 148009
 218555
 463946
 1036919
 866858
 828797
 206147
 412152
 1040470
 625308
 173192
 53031
 770059
 870376
 153259
 68439
 116467
 869637
 188569
 135534
 917040
 539135
 332257
 44939
 916230
 124632
 1094370
 554703
 519514
 586667
 843806
 772732
 920330
 457026
 1026732
 381575
 427265
 381170
 487362
 756975
 420430
 1002069
 167636
 992237
 1030862
 993246
 93524
 1059902
 177985
 375968
 278117
 84424
 430260
 1099362
 1045264
 1037751
 363920
 898216
 154768
 494553
 579155
 443190
 339296
 172169
 730781
 305831
 47015
 702037
 1072030
 214006
 188915
 567642
 66898
 522981
 970160
 641007
 550721
 911329
 100785
 391848
 269109
 13931
 755263
 934278
 340703
 1055800
 273278
 752971
 122600
 85732
 916079
 438809
 369327
 943508
 77432
 128390
 230164
 23436
 732525
 994070
 265283
 948006
 986806
 908429
 1074173
 376302
 1059563
 1076356
 825625
 425097
 1014447
 445294
 371732
 830781
 506001
 210130
 135099
 430618
 604316
 979915
 609258
 94202
 356632
 826803
 941187
 112707
 154098
 932694
 433954
 585824
 537754
 60491
 1003825
 21901
 49264
 281236
 980490
 303574
 164849
 938181
 31956
 472951
 840862
 943652
 217690
 393545
 357530
 1054966
 1003534
 30128
 655214
 850059
 639396
 990908
 526694
 938386
 1090022
 67126
 1002276
 537890
 218660
 521288
 358593
 969125
 683544
 630129
 916757
 120793
 121948
 779788
 978173
 1091491
 620483
 155422
 596363
 689388
 472411
 1075863
 164243
 1019139
 307965
 692651
 1059173
 780233
 1088407
 938169
 219273
 48777
 971097
 487672
 313118
 118929
 31208
 237727
 343475
 485568
 270666
 488915
 544462
 24401
 290408
 907415
 328652
 272816
 774995
 1048119
 965156
 226269
 64305
 648542
 419904
 581686
 1069854
 775876
 348558
 1047315
 374944
 843056
 826070
 266065
 479767
 766778
 268919
 983783
 473637
 593954
 1045217
 404975
 393921
 308729
 971664
 380037
 607991
 451681
 454031
 118503
 287327
 93956
 954694
 875091
 213271
 78416
 575723
 42175
 330896
 958905
 871744
 1092724
 974750
 307072
 784251
 45876
 1068579
 1094122
 299616
 391611
 626751
 716587
 583853
 26589
 239633
 7690
 425288
 948302
 927063
 819611
 132516
 806137
 918050
 648937
 642048
 821816
 745613
 75049
 178282
 230048
 947932
 611953
 602592
 398573
 832103
 28940
 988870
 223179
 380348
 861317
 391988
 982925
 521806
 127646
 704755
 95882
 627480
 895398
 875706
 534979
 283676
 165972
 330598
 1001073
 622572
 924214
 679792
 273997
 779403
 665592
 443614
 199302
 475605
 633430
 15153
 599715
 137029
 890798
 68847
 371777
 330120
 301344
 540255
 380232
 301720
 552920
 358530
 327408
 506275
 511485
 908148
 715467
 374440
 226536
 209997
 31614
 879337
 908847
 649030
 480900
 1015425
 132103
 584642
 48716
 910828
 815824
 108007
 723744
 86783
 940773
 73385
 155809
 790373
 742672
 808725
 30693
 1093793
 725646
 329615
 296828
 562677
 238056
 846297
 629886
 639919
 492753
 450623
 900084
 810388
 726187
 157095
 193370
 885070
 579605
 183068
 576248
 621392
 808790
 520081
 778899
 609558
 452926
 629360
 812935
 890841
 897127
 936029
 282375
 989477
 846760
 954917
 303509
 245637
 418100
 405992
 491914
 46863
 225935
 1068330
 579228
 924316
 778582
 774615
 41704
 343963
 51254
 527577
 121983
 903725
 829620
 1007362
 528917
 778782
 55872
 439278
 60076
 185682
 1076141
 903667
 864926
 944350
 1030741
 862744
 926527
 405929
 193568
 179792
 909069
 1067067
 36838
 368748
 57722
 203571
 10973
 669350
 118499
 1076407
 21579
 361527
 13107
 470072
 214107
 505444
 681868
 686588
 1060581
 735848
 585535
 261948
 695918
 608422
 824414
 480269
 1009809
 439367
 252385
 1063597
 596144
 437741
 291977
 435084
 266413
 103066
 937099
 987003
 564994
 72363
 238014
 445830
 622645
 530731
 441569
 66742
 951619
 155044
 1034780
 725505
 176233
 258329
 496196
 912295
 150739
 1038379
 472929
 752290
 616553
 80520
 824774
 114362
 767641
 1023822
 900800
 1086184
 223052
 553462
 414493
 537904
 72565
 843723
 169305
 142115
 433090
 1038095
 980966
 555159
 77098
 976932
 679982
 805675
 1034022
 41370
 71341
 433335
 458161
 109153
 514438
 1017968
 900439
 452229
 412430
 291726
 972892
 277668
 97179
 66610
 1011648
 301620
 426028
 812353
 454497
 36866
 473526
 912529
 1036468
 1013378
 588149
 1012804
 255419
 1057612
 521633
 217581
 755448
 894633
 873317
 116207
 240871
 556802
 590516
 316001
 459317
 239093
 192715
 960320
 478677
 7692
 421070
 132690
 819921
 563663
 636710
 410768
 917465
 990078
 367054
 297060
 901561
 573060
 852765
 328116
 640804
 575784
 149569
 24027
 447119
 593828
 433368
 959082
 1082177
 420457
 85269
 947239
 308193
 877829
 681354
 712080
 311076
 430678
 946248
 1018382
 275188
 1089301
 569359
 144151
 889602
 150488
 51614
 884274
 46797
 258105
 288344
 687230
 207987
 183156
 85476
 769835
 574020
 669497
 264491
 769431
 386444
 554726
 921849
 472860
 906816
 91155
 870892
 768725
 557495
 196487
 806322
 326302
 242554
 750910
 891222
 28721
 770564
 969903
 343164
 151244
 61013
 551614
 191988
 31133
 822563
 817417
 1065755
 835311
 986838
 980374
 1089042
 128059
 921369
 543831
 435878
 434370
 644895
 384351
 611005
 750074
 170065
 125496
 52163
 882459
 892976
 403877
 779631
 1062052
 120443
 393788
 10308
 727621
 213877
 945510
 737985
 582677
 850755
 634081
 559042
 1025062
 778834
 234317
 525948
 1065438
 221643
 25426
 793343
 932869
 705040
 48115
 222270
 645452
 490156
 172695
 937985
 871767
 700302
 861706
 249777
 721884
 134735
 449108
 990338
 841038
 856407
 440355
 284707
 637612
 440325
 276414
 103574
 461892
 53569
 39874
 500290
 820054
 162708
 406468
 187828
 221968
 650344
 152717
 952456
 1004929
 79167
 884734
 785376
 914650
 492724
 908934
 1086294
 813258
 172267
 858928
 453677
 1092970
 911019
 962228
 701650
 671156
 304698
 74263
 632145
 262703
 44465
 168689
 510412
 513845
 372037
 375893
 966782
 1002334
 724979
 999195
 970093
 13807
 43100
 715702
 990887
 507176
 53992
 604365
 338902
 263954
 373301
 323767
 541090
 969123
 891544
 559983
 39036
 584937
 757409
 817590
 1022817
 975292
 992305
 66827
 959799
 495521
 260586
 1032871
 892797
 632647
 1012819
 695536
 725822
 567652
 998355
 693032
 903681
 1061510
 113923
 374704
 437799
 445431
 916610
 793166
 63796
 461534
 578216
 876073
 449362
 490876
 712478
 519075
 318964
 390453
 543394
 292166
 577207
 1086602
 487986
 864292
 973711
 125121
 1095312
 1037437
 273351
 19689
 448976
 1008683
 386593
 667117
 1037296
 103708
 353561
 1050871
 650438
 124311
 788638
 876956
 311971
 501855
 998528
 7665
 112771
 781787
 752441
 1044800
 49936
 536814
 678520
 847460
 539743
 752158
 519247
 132353
 126523
 483047
 208828
 781613
 836938
 134930
 548279
 135286
 562693
 290536
 76703
 325089
 748640
 471496
 643371
 259378
 462750
 188148
 487655
 266695
 929884
 507862
 56491
 953275
 161770
 325032
 1008145
 256160
 673581
 679555
 836788
 182607
 558587
 612109
 704403
 567283
 1090537
 646962
 279178
 152012
 991609
 1011418
 837551
 944597
 1047469
 169806
 1096641
 487672
 418228
 389532
 489193
 843743
 522366
 121686
 968453
 1063231
 457257
 826511
 659035
 56166
 206420
 883699
 503059
 799859
 205544
 640525
 13863
 340205
 356030
 936165
 637618
 223514
 899541
 200467
 760505
 867851
 734821
 681875
 10089
 279828
 453853
 141823
 589105
 803470
 231214
 1084020
 319341
 1062670
 919739
 1098836
 523758
 769526
 587605
 480887
 798681
 613419
 359856
 588874
 1076424
 188877
 606720
 415279
 374917
 345349
 145849
 931764
 954389
 795609
 798598
 906695
 476716
 931571
 251712
 467823
 1068927
 855089
 744910
 45764
 692948
 445740
 182696
 930115
 862871
 553514
 151565
 919531
 891551
 244132
 469163
 603323
 755142
 899257
 83096
 205116
 696738
 980314
 975526
 550622
 65075
 565436
 702011
 803021
 454139
 905548
 288124
 249051
 75528
 947470
 839301
 578654
 211667
 308371
 665076
 975329
 629112
 772706
 801605
 412796
 227729
 696443
 129901
 713294
 485685
 100651
 653916
 573925
 542470
 420177
 280604
 863120
 864907
 230048
 617334
 909773
 625380
 899525
 829430
 1024469
 222342
 1027437
 76651
 792831
 924857
 561770
 63850
 157516
 827673
 273033
 131159
 850867
 538017
 211094
 1036335
 260794
 301244
 372740
 834534
 702518
 111199
 10911
 1043959
 835731
 883248
 254955
 83188
 983911
 848251
 411886
 929781
 981696
 36258
 82271
 367010
 867181
 122864
 673568
 489830
 712138
 78836
 387396
 237331
 539835
 357193
 162872
 130303
 555066
 1035438
 787086
 385402
 783613
 120047
 61496
 803476
 141938
 1041437
 1075440
 479558
 1070629
 454687
 285675
 1026852
 206744
 250073
 802934
 880567
 451715
 355997
 1093083
 519091
 130301
 632990
 150121
 15241
 916092
 794864
 199108
 1078725
 317558
 610770
 515428
 461373
 890465
 793638
 717140
 378507
 651441
 857005
 930468
 680765
 556495
 34022
 767890
 570620
 24322
 232335
 834576
 839684
 30084
 6597
 140282
 940377
 468036
 605680
 556343
 272584
 772107
 465910
 930106
 280121
 895949
 667359
 94188
 268994
 751168
 252655
 925186
 394326
 34604
 701453
 531710
 206099
 919101
 514611
 950721
 363419
 636921
 1089471
 920758
 1099858
 836158
 409419
 282081
 327436
 522280
 663072
 482297
 108133
 241010
 406552
 690474
 325908
 374808
 944994
 1055116
 709536
 430107
 325011
 939693
 142606
 983994
 250170
 479212
 899581
 1022971
 313657
 330081
 487935
 860718
 462626
 542115
 990846
 41841
 724542
 896034
 128738
 1015427
 495673
 59896
 975006
 563717
 455425
 753307
 858850
 153613
 260629
 215894
 289737
 640873
 969959
 446979
 355282
 633140
 678494
 341932
 921898
 652154
 975010
 53885
 812367
 620985
 422699
 457525
 341359
 527572
 932393
 882967
 621003
 737632
 721036
 569290
 565953
 485339
 1087480
 905706
 118228
 50553
 1008184
 967809
 129390
 519984
 239239
 554029
 553993
 947048
 750565
 737060
 261842
 969259
 1031335
 52594
 986033
 692517
 299096
 277672
 265018
 494739
 893531
 384300
 657444
 325286
 19281
 265057
 1094631
 198811
 824505
 1020371
 47774
 451871
 693375
 276796
 142101
 803085
 437688
 681984
 126740
 788502
 982093
 141627
 170900
 674769
 889242
 825083
 596073
 504325
 298280
 1014185
 578594
 320518
 350448
 1095390
 52146
 679586
 799025
 282908
 745621
 868377
 132146
 265838
 989739
 402810
 854620
 383400
 1006153
 1059864
 1099544
 554587
 696229
 200911
 964080
 111231
 88026
 438040
 910224
 376485
 1095365
 117420
 859134
 125814
 284911
 740552
 212873
 608469
 963739
 705408
 805987
 723512
 7094
 468437
 671907
 230829
 262313
 526980
 487210
 3827
 899969
 151113
 99948
 296798
 381793
 748026
 957284
 866064
 249274
 515595
 318787
 999350
 98899
 199238
 241218
 273112
 456808
 865408
 470190
 276559
 127068
 70865
 937019
 515978
 656627
 558607
 346211
 655658
 300451
 411571
 460724
 124027
 856501
 2392
 516163
 192178
 885574
 326181
 924986
 898892
 522076
 438837
 1099584
 223540
 318977
 56928
 96762
 16374
 181391
 43173
 572089
 995297
 226898
 851960
 384935
 575473
 855159
 803695
 975615
 52886
 233057
 730992
 195059
 434431
 336108
 179779
 12712
 193250
 28873
 817408
 999714
 973783
 109911
 688831
 775046
 635962
 245492
 602093
 101529
 915348
 5014
 888044
 333206
 389600
 199333
 435542
 917417
 25344
 657423
 1038479
 984754
 654138
 165780
 697111
 717226
 1026488
 141846
 645142
 817336
 986820
 854285
 640835
 69486
 707542
 824145
 275855
 733187
 438637
 607944
 561116
 244441
 143016
 523884
 811405
 292817
 649340
 64480
 18376
 89399
 413612
 995971
 264229
 732535
 1063245
 71217
 942016
 244182
 147301
 431081
 1006580
 417917
 392617
 806855
 692152
 757034
 1093398
 319294
 76489
 366930
 204815
 1079613
 461527
 151694
 217395
 1024514
 933134
 1076901
 46229
 469913
 956638
 1036880
 280399
 628677
 255070
 1089663
 518885
 814948
 262783
 115204
 1016278
 457524
 58821
 900089
 632501
 1005560
 444079
 68233
 833487
 76689
 630533
 85915
 154623
 940007
 689314
 15570
 952970
 583674
 828701
 524432
 92031
 365254
 425814
 729414
 944124
 720909
 791420
 80132
 777515
 967100
 389199
 399214
 252298
 270998
 1023015
 324592
 80717
 952281
 237097
 96908
 647057
 65636
 55625
 158064
 305551
 595954
 533011
 685648
 420439
 240296
 309613
 33357
 230524
 824534
 1070990
 594168
 661737
 881900
 491457
 570329
 849607
 286198
 850414
 393679
 177826
 35110
 115836
 1010681
 1086825
 1052869
 713173
 903569
 14569
 656561
 498959
 867348
 283858
 1024001
 167109
 1007794
 161274
 868304
 807911
 979204
 603537
 224784
 203263
 312409
 503055
 428160
 783662
 358330
 554279
 31165
 863534
 853962
 320335
 880799
 750836
 1043718
 387283
 322942
 870948
 545502
 650685
 975448
 782689
 69123
 95979
 698575
 405426
 350567
 455941
 708733
 132671
 423563
 769068
 503422
 989716
 589425
 963280
 489660
 528220
 341806
 351107
 56728
 106504
 919180
 84953
 281711
 216411
 449106
 847051
 478668
 727952
 752632
 534801
 976600
 873165
 1907
 525386
 762193
 139381
 1046865
 288774
 237383
 92527
 570282
 525946
 854046
 314348
 124751
 894512
 750275
 625075
 201389
 353446
 568186
 874045
 106472
 43177
 237227
 645728
 445650
 100552
 98104
 155527
 890129
 828089
 563398
 253136
 1055602
 262047
 662963
 562616
 829838
 601815
 182313
 764017
 572433
 913501
 127983
 75179
 122541
 820383
 626912
 761684
 173603
 763762
 675120
 883125
 267286
 8669
 340441
 852347
 141642
 909649
 1065412
 992843
 897017
 258612
 323610
 44889
 572594
 698615
 342697
 856273
 565900
 605149
 777430
 582260
 267769
 711634
 1020235
 780040
 304226
 156424
 231403
 468234
 986324
 269749
 327391
 358883
 302267
 738303
 233592
 894113
 199477
 217331
 689624
 1018568
 354246
 875158
 623799
 288274
 240263
 454621
 229797
 313351
 612056
 457056
 1076374
 346261
 320133
 250718
 518914
 795035
 900556
 364975
 1033170
 595043
 636227
 580576
 572428
 841562
 828376
 914493
 648077
 730546
 515965
 369657
 901698
 173046
 388030
 793125
 182895
 87817
 762631
 26573
 764899
 564823
 365518
 35886
 287783
 177550
 876908
 960150
 627813
 1055580
 753629
 345540
 640615
 83721
 23355
 1072139
 959254
 467434
 993102
 874457
 303118
 282273
 993782
 521123
 456718
 143141
 743751
 237067
 227053
 901587
 447968
 200936
 659614
 450027
 1077735
 188934
 1085602
 1013662
 457218
 849220
 349999
 967215
 404371
 547496
 497098
 336843
 376354
 414112
 909609
 846517
 449788
 327530
 231633
 46187
 675805
 356558
 355818
 383948
 840924
 446816
 88732
 87592
 56824
 132181
 414772
 691069
 224389
 809869
 232113
 182367
 7286
 377756
 1079819
 371845
 1046592
 56187
 842357
 727185
 258246
 356647
 377665
 659111
 672345
 973265
 961182
 406421
 757153
 567520
 545229
 698320
 537467
 247133
 738773
 610632
 823567
 1021186
 44704
 643098
 456632
 890697
 365091
 726256
 5131
 372887
 626569
 534593
 1055666
 533444
 865358
 135809
 690105
 129604
 269419
 170801
 30017
 123718
 621885
 351429
 545036
 159179
 119144
 413545
 24486
 50568
 980449
 556212
 133338
 1037332
 394306
 331839
 258738
 459748
 557672
 594289
 313843
 578173
 237605
 491611
 994638
 1046113
 739137
 590222
 748434
 330258
 269413
 280282
 368737
 498679
 535290
 487432
 631057
 471363
 840436
 498391
 925244
 298479
 1013276
 505244
 844049
 172074
 708726
 803413
 209866
 812064
 1075200
 323713
 2764
 740612
 1072145
 780546
 188301
 55547
 712501
 450318
 643287
 232992
 749961
 828225
 263342
 709822
 260393
 943259
 564115
 201500
 285926
 930746
 497443
 234092
 560365
 1042840
 372634
 140316
 710476
 823098
 764551
 557791
 66641
 24369
 653224
 659939
 150043
 697856
 943547
 769020
 564176
 955162
 965293
 790147
 403944
 626766
 344340
 267603
 536170
 789470
 153255
 237618
 323865
 742337
 576112
 491106
 1077177
 103272
 41147
 1016158
 895855
 724661
 425213
 232817
 925147
 24880
 386143
 342652
 680166
 194323
 307349
 513910
 1022178
 600149
 422209
 518364
 917965
 342905
 1083170
 672082
 748654
 854230
 759387
 214321
 825638
 814629
 891260
 227899
 900064
 1056505
 485133
 1072690
 292313
 209737
 734034
 1020908
 976249
 505771
 224333
 919581
 90138
 710409
 419480
 651098
 703771
 978851
 413060
 407971
 5358
 332474
 613074
 132293
 901507
 672311
 838623
 957989
 91385
 253441
 720383
 766216
 857401
 842258
 291567
 788601
 37218
 682868
 426981
 493524
 959921
 178408
 682433
 859738
 627331
 1032771
 1082664
 752617
 1095504
 732765
 884182
 656198
 277386
 747511
 840748
 917995
 663033
 43588
 288187
 177985
 216068
 36792
 115306
 534665
 292343
 116403
 100407
 297249
 586522
 919224
 1037355
 112982
 295516
 554484
 820453
 574425
 918629
 130657
 32268
 445198
 327408
 549145
 1053365
 131005
 744845
 351609
 375624
 67150
 407900
 724999
 736541
 798398
 814402
 350063
 511994
 324437
 480786
 371952
 576568
 447939
 27418
 686340
 660789
 230580
 789018
 880790
 180272
 156467
 858645
 654640
 140039
 338148
 687998
 953288
 132332
 528077
 939771
 771559
 907620
 3364
 525941
 875400
 959301
 586494
 699982
 366925
 976283
 266733
 685267
 96738
 819375
 908977
 1097500
 1079066
 32038
 956991
 308574
 117369
 663255
 38971
 529122
 853039
 465170
 844574
 791268
 401689
 456299
 1040935
 54170
 229049
 716321
 768181
 386180
 1305
 618651
 118337
 543931
 992673
 904694
 373238
 737084
 85918
 275115
 354702
 240688
 212774
 388552
 942994
 734115
 993244
 621797
 820686
 628891
 945529
 339002
 897618
 595117
 717052
 945333
 866903
 1076638
 542972
 636863
 821500
 886850
 565433
 1047618
 39292
 1008678
 640377
 624750
 183347
 571812
 128180
 150111
 422779
 616956
 720328
 570867
 978831
 817260
 1050919
 661445
 1017482
 862120
 986210
 892019
 874706
 515950
 465296
 710659
 316851
 878022
 419677
 454939
 405879
 758252
 1098733
 1020723
 617747
 603824
 112455
 276575
 257808
 186603
 775898
 805684
 453317
 304766
 977022
 810729
 463612
 610523
 430073
 90095
 342165
 137590
 74500
 902901
 625898
 1073438
 881997
 436956
 248587
 750578
 695449
 1028704
 736094
 932789
 223858
 781251
 357435
 712043
 138515
 500630
 893602
 215816
 564813
 72019
 114410
 352002
 987417
 276620
 819334
 94778
 495628
 236427
 21209
 1017362
 553051
 170451
 9275
 356252
 787365
 837595
 159356
 235114
 878001
 972369
 647165
 1053449
 198065
 87898
 554809
 71468
 603191
 1081038
 344735
 281882
 979471
 247273
 522669
 914761
 897891
 1058019
 226363
 1023254
 407694
 402654
 351263
 732842
 855989
 570436
 700931
 425257
 43621
 1092499
 481610
 439764
 774163
 71763
 613586
 409375
 391242
 309255
 898145
 113144
 61017
 982039
 971402
 601187
 361494
 847422
 923322
 182012
 921320
 1061004
 509182
 679473
 228680
 652118
 520936
 591092
 298505
 1095559
 775492
 214437
 352166
 841440
 274938
 259608
 678364
 166024
 802355
 948398
 1065083
 590641
 825453
 774496
 311476
 182032
 761954
 996934
 1038537
 729658
 791835
 942507
 1060088
 605108
 553759
 34658
 181941
 560733
 263212
 404450
 655725
 99123
 268039
 146511
 655109
 305423
 162373
 260326
 116732
 1028967
 1072023
 880736
 10555
 221817
 664784
 361034
 314737
 398750
 584926
 899072
 953942
 873873
 978180
 1071788
 848998
 33827
 343266
 743569
 460099
 581627
 153241
 545682
 165112
 557992
 1040856
 269346
 410937
 1024228
 695816
 114220
 110398
 962772
 313582
 424487
 849975
 558629
 465595
 386280
 198156
 513932
 202430
 326883
 694194
 720081
 952521
 911075
 792867
 1033278
 1031526
 928904
 239113
 79482
 109017
 979794
 28083
 323386
 216671
 640764
 48045
 841072
 880404
 870772
 314544
 148094
 254689
 940719
 892408
 1095614
 486912
 1082798
 31563
 18521
 1086492
 815194
 937108
 247816
 563639
 201876
 34220
 894087
 214113
 244673
 308678
 65355
 913966
 1093692
 876937
 372124
 859736
 570985
 509207
 303803
 642908
 772941
 216817
 126556
 476558
 873939
 178736
 828558
 2957
 183095
 520791
 943239
 574652
 119914
 455327
 233426
 1054258
 548378
 464685
 763047
 543759
 898564
 60128
 925279
 901776
 42140
 144115
 553899
 547161
 840995
 667333
 315827
 1032895
 422116
 906027
 401849
 884080
 447383
 672206
 183662
 499415
 283481
 417162
 697835
 114505
 997413
 8037
 375654
 10467
 195862
 292361
 746487
 998442
 1080750
 351615
 798615
 841699
 33751
 323897
 974851
 202769
 552953
 99808
 945448
 354982
 562416
 791318
 853939
 948340
 133976
 665465
 807824
 857993
 349557
 251536
 398601
 143385
 720535
 479647
 85537
 5902
 808756
 530307
 199491
 219897
 492502
 123805
 77331
 365197
 494899
 161587
 270137
 784167
 548279
 736989
 953839
 1020016
 392505
 95789
 218419
 306062
 1001349
 755890
 731931
 746575
 589210
 648305
 94726
 944443
 215899
 1056888
 719447
 555138
 724366
 360145
 805909
 680914
 972622
 912026
 1039816
 912838
 224303
 789549
 875591
 277311
 282529
 18416
 932015
 396730
 832541
 750789
 982292
 49715
 823614
 291635
 781521
 809196
 645521
 769747
 222210
 925194
 621772
 705240
 192562
 763366
 563432
 323432
 499749
 602175
 343588
 1079615
 603162
 324312
 879990
 954325
 16734
 356057
 596049
 662672
 499090
 227339
 962760
 952889
 305686
 861541
 675759
 704900
 694020
 484938
 103522
 3308
 80873
 476712
 756667
 218451
 1069503
 841702
 1037765
 1060169
 455561
 1074725
 327377
 813577
 439677
 264498
 836697
 48255
 728758
 822301
 136316
 636802
 334897
 398729
 319719
 779791
 927497
 119839
 556737
 489125
 649485
 386518
 173509
 263954
 1059936
 468113
 187331
 624162
 6720
 1008363
 924915
 147161
 527202
 952222
 555878
 479588
 589550
 735165
 86939
 989477
 855366
 314532
 401522
 986758
 963777
 680162
 222678
 1099059
 779176
 844023
 938741
 1052461
 630662
 964817
 595972
 755121
 678251
 435933
 208143
 375353
 391847
 153341
 1091488
 31110
 390980
 733238
 1025931
 73027
 1061238
 475794
 1078675
 143722
 206018
 8710
 866931
 493921
 243179
 802196
 413078
 443543
 997441
 36224
 879022
 1091130
 364199
 576247
 986213
 288310
 403707
 371692
 375879
 533310
 723313
 1073048
 357933
 506838
 180668
 823985
 398484
 335320
 903530
 276671
 525276
 268932
 173876
 413129
 725600
 658317
 871638
 853218
 34044
 1041451
 605643
 435253
 775368
 455681
 886260
 508958
 894798
 312312
 52298
 500404
 1018813
 164573
 379670
 13357
 204981
 980802
 673817
 989584
 1097019
 66202
 342844
 1045672
 1010840
 587016
 790535
 1015040
 607885
 766055
 590657
 1065462
 593461
 516008
 537978
 965486
 848339
 103304
 30741
 98199
 572583
 61510
 534807
 791635
 950015
 711017
 172400
 324027
 958294
 283615
 856987
 405427
 217787
 66225
 815914
 247010
 1060986
 85520
 94476
 1071249
 684442
 420998
 811583
 206028
 124759
 163592
 270370
 460325
 801680
 821753
 593293
 428989
 696504
 449866
 484432
 609355
 982714
 479911
 56432
 26924
 312826
 160196
 564065
 393176
 402317
 308728
 476805
 749007
 1000728
 832206
 290099
 285199
 650895
 162854
 588667
 816901
 3023
 492893
 1082360
 458609
 972456
 498593
 67696
 43537
 106080
 537330
 394902
 399046
 994876
 995613
 1031195
 490172
 374942
 280508
 423216
 181452
 397464
 488401
 865043
 230415
 220693
 470082
 261548
 648328
 546721
 134180
 845006
 335667
 834442
 808140
 32413
 990720
 257573
 799961
 899647
 923649
 443928
 968807
 766764
 670348
 501563
 219147
 89785
 193412
 267376
 126167
 896357
 60738
 858826
 426085
 62588
 231311
 590526
 1025827
 45934
 880598
 69179
 366907
 768978
 293494
 30271
 34044
 1086984
 625884
 88678
 252980
 389999
 384896
 687742
 134640
 239494
 426035
 945409
 134759
 893929
 769879
 353819
 812879
 955387
 433624
 35299
 838125
 212083
 925149
 230261
 704199
 564552
 856091
 844482
 661063
 520544
 15181
 33490
 755783
 701492
 1011999
 365864
 448710
 361521
 405960
 963421
 692532
 648403
 212274
 758396
 771468
 94165
 837647
 717704
 431871
 676122
 1059668
 206460
 1014163
 808040
 589266
 106679
 995496
 578631
 528768
 917959
 670759
 907467
 500533
 216790
 88098
 1005868
 109977
 53068
 606021
 169306
 395848
 409481
 163643
 1095075
 334397
 939898
 719890
 69443
 873395
 813363
 618215
 24661
 596664
 733550
 852308
 1082206
 350366
 740632
 941541
 139438
 1081051
 17460
 87680
 673899
 446519
 691017
 259491
 608521
 444654
 735007
 1022482
 880555
 302140
 273154
 936123
 844976
 360246
 943385
 777162
 567028
 940512
 722499
 94734
 528785
 1011762
 209782
 642746
 975586
 441106
 244974
 685028
 734100
 632348
 44193
 211694
 653035
 616276
 150050
 934872
 35607
 713893
 791250
 81792
 411176
 698298
 635334
 555193
 145927
 610790
 103595
 765927
 223007
 931948
 47659
 874281
 736229
 953545
 481485
 860320
 607492
 125367
 213762
 4716
 756959
 1088015
 990312
 280518
 988191
 928647
 817319
 309886
 374610
 124914
 691644
 848259
 369282
 328527
 243470
 560759
 896144
 110033
 1030277
 409805
 691866
 1075685
 606361
 801315
 372753
 946268
 337461
 575256
 329020
 110949
 173383
 901772
 184521
 645231
 827416
 621348
 109479
 137908
 95823
 948923
 661647
 203780
 113332
 956362
 187101
 343628
 1048180
 1094842
 717688
 1041301
 447226
 997036
 364580
 402873
 699628
 399693
 818467
 596101
 432262
 1040888
 348456
 153821
 1049302
 666557
 626365
 459665
 838166
 19491
 278814
 1034093
 384073
 91589
 163279
 153610
 113656
 178825
 33584
 577493
 58797
 658362
 205325
 1021742
 423988
 528722
 210281
 532279
 944300
 187218
 683008
 562295
 19540
 894177
 53052
 805486
 148132
 924857
 890475
 67514
 544247
 1058005
 850826
 159428
 250902
 132184
 267794
 832384
 1058805
 405556
 327458
 1005134
 310780
 193254
 794345
 960761
 877084
 190975
 767301
 424045
 912360
 655220
 621810
 228379
 447882
 810949
 225427
 1001558
 451235
 988885
 855241
 869225
 560036
 183307
 891578
 95837
 608353
 43128
 142227
 553161
 410051
 1092461
 614284
 912262
 128886
 814933
 894430
 324451
 1076480
 264126
 518035
 882768
 7136
 637591
 405336
 40166
 56204
 983281
 1036343
 701447
 92022
 936743
 1096721
 483224
 269982
 67954
 654587
 545474
 1076182
 601864
 548600
 63138
 137205
 524713
 661003
 114100
 12451
 780527
 1026885
 1005415
 217469
 687593
 460287
 327317
 807381
 855986
 586728
 891467
 164174
 558467
 1071550
 214275
 230998
 214400
 72302
 334914
 183570
 413117
 1001468
 962508
 235227
 23530
 548518
 856005
 313277
 868408
 536705
 287553
 932376
 837455
 748098
 646902
 65368
 941877
 432240
 829424
 931227
 229763
 971473
 521537
 86313
 947256
 817518
 990967
 210511
 762191
 7005
 278376
 201383
 112605
 471300
 31039
 698447
 975327
 835132
 109356
 810331
 5644
 628029
 201577
 1013009
 607050
 593539
 950442
 897871
 352855
 219236
 960891
 52937
 1028553
 934486
 789355
 591898
 7289
 504368
 300440
 347937
 1059087
 211439
 417296
 126825
 130530
 683000
 747367
 288017
 433632
 813488
 1053067
 1099710
 106453
 1074083
 120821
 900021
 540453
 430589
 107675
 771033
 803281
 62483
 610903
 968760
 173441
 745477
 49242
 413310
 301890
 1059223
 117931
 1064182
 1051044
 808837
 63342
 338214
 807261
 188135
 888387
 513092
 388797
 789075
 7114
 609328
 24206
 542167
 929045
 653668
 745041
 683693
 371081
 360037
 1092981
 308756
 353337
 238812
 331158
 223397
 607402
 462251
 122981
 402275
 139451
 829219
 214360
 599673
 212946
 106247
 48921
 401222
 200354
 1008901
 811358
 690358
 908505
 972104
 426661
 253616
 978692
 250658
 1007189
 47318
 68313
 728834
 417051
 600811
 460333
 395834
 264099
 528917
 340709
 147192
 908921
 662788
 353681
 668598
 560013
 724317
 890377
 797731
 322345
 94330
 814498
 1000028
 202909
 460742
 883839
 170294
 555783
 191675
 355292
 610563
 953085
 929150
 265598
 317149
 768500
 808612
 169785
 1010799
 593613
 909064
 673181
 698976
 57942
 462509
 280511
 718609
 884922
 1032112
 577077
 735471
 991004
 934334
 769526
 155325
 54667
 834133
 974200
 92177
 156558
 327655
 596426
 750253
 980429
 954952
 784502
 94598
 135735
 1072547
 868114
 646675
 149969
 297333
 927064
 829748
 159336
 357936
 6067
 93577
 348101
 176155
 529060
 773270
 2520
 1065352
 333305
 540381
 540063
 6719
 383627
 1098792
 575007
 749378
 54799
 1050818
 607235
 1052995
 553786
 1012843
 973508
 721820
 1047013
 872893
 799539
 287486
 850572
 685890
 169668
 1078615
 224039
 443419
 567555
 135344
 281737
 351164
 1090748
 371248
 682847
 1094240
 734503
 552155
 135020
 348031
 814581
 585922
 273842
 899426
 849776
 977394
 482212
 489881
 92189
 784600
 898695
 936768
 994998
 614420
 179917
 1090229
 628145
 748766
 549359
 333586
 40481
 888378
 562996
 922056
 476670
 972125
 189987
 564063
 607776
 1017643
 704043
 142526
 1036077
 480131
 463391
 418687
 1029088
 1084036
 634395
 998745
 131930
 1058152
 638571
 69109
 194740
 72620
 14647
 971456
 134225
 544239
 830251
 531271
 100838
 579136
 651970
 826426
 1070576
 811897
 238233
 771725
 498179
 665138
 846382
 210617
 200180
 765074
 955121
 569911
 435138
 61916
 886990
 152135
 422455
 696514
 563339
 639538
 633549
 744400
 206481
 5702
 1028338
 253643
 146202
 845112
 616500
 317992
 680135
 872613
 678948
 98859
 1020095
 446705
 77202
 335263
 463578
 925364
 97715
 559960
 577741
 145118
 333597
 153182
 973548
 225632
 1084300
 950269
 950998
 712893
 199112
 341218
 1068511
 875598
 121391
 40116
 320839
 614664
 786818
 1002880
 284216
 260978
 871850
 403573
 583900
 169001
 644266
 864658
 1068368
 932260
 406850
 232587
 973250
 276314
 137365
 612469
 1085125
 1020693
 437234
 610626
 558263
 298401
 357773
 69096
 410007
 397596
 97336
 793894
 783370
 359471
 1008766
 208488
 917338
 477370
 322354
 406433
 228597
 711651
 657353
 70991
 615918
 1095796
 10727
 1040327
 659544
 792282
 592980
 336168
 229416
 973235
 552968
 719607
 226669
 346001
 693808
 193828
 771502
 443760
 642690
 301938
 318044
 639571
 52629
 1056299
 206330
 784024
 812780
 107018
 737575
 153381
 682196
 560359
 574026
 1039889
 404360
 73079
 729224
 605505
 912471
 725875
 240851
 235958
 526442
 726197
 829185
 1026629
 342727
 831097
 772087
 563944
 37891
 400677
 677239
 1045490
 276878
 1006599
 592849
 44148
 439528
 712919
 576957
 706923
 18883
 907160
 424555
 221008
 1012297
 777901
 690287
 133200
 953267
 1047775
 307702
 466744
 13317
 200797
 537737
 530494
 807973
 864736
 262371
 771048
 435879
 789046
 768794
 635145
 300993
 23996
 213139
 736284
 566197
 297014
 919540
 977809
 601238
 900578
 863938
 649717
 290886
 517524
 983271
 274251
 1049654
 215403
 332240
 172795
 72523
 401148
 700398
 402685
 826267
 91961
 799699
 1096392
 724562
 699362
 366255
 116791
 535707
 687359
 367770
 6460
 47366
 1049562
 151408
