778295
 724252
 5532
 16305
 674264
 745070
 748040
 45552
 1076011
 744710
 43272
 66140
 1036430
 1021818
 252322
 916804
 1018609
 618325
 313604
 179876
 881711
 102387
 574531
 829520
 857638
 740798
 222927
 1031918
 717580
 508722
 465954
 128071
 75997
 1068063
 22654
 102731
 597129
 301578
 38414
 919090
 235913
 357139
 334838
 851621
 727989
 976524
 44565
 74873
 913733
 676725
 275799
 942520
 623364
 381560
 780547
 415426
 498142
 27692
 223454
 127944
 1048919
 332421
 218809
 341646
 166685
 451175
 1013467
 842145
 841826
 385008
 79288
 654536
 211109
 372346
 1006198
 655004
 367751
 1075226
 832933
 207547
 121459
 417735
 1034971
 65130
 1021789
 707774
 462146
 260114
 993971
 83894
 127874
 1042812
 194206
 197017
 90513
 1045331
 992102
 536169
 564043
 525114
 770497
 76849
 107982
 588593
 157908
 416844
 525838
 224741
 634152
 1044540
 711294
 385066
 1063911
 579647
 77423
 645474
 395455
 515337
 964898
 49672
 119518
 439403
 573897
 897731
 667609
 27492
 216773
 418832
 545453
 890801
 560342
 548033
 443960
 929817
 166473
 199533
 698883
 875704
 65891
 777704
 564281
 1063781
 154581
 963100
 753023
 1085875
 647955
 902908
 179356
 794534
 64691
 403189
 370934
 385596
 740510
 1017574
 237161
 829656
 499866
 792997
 158185
 573969
 934521
 368678
 233064
 498977
 669787
 819392
 179754
 335188
 901668
 463999
 855800
 6400
 451883
 987343
 189081
 257537
 633584
 137148
 1054181
 46566
 850070
 597960
 725970
 715794
 568691
 1086952
 105580
 183304
 94337
 125535
 28844
 679933
 336732
 444512
 1083350
 484209
 531188
 620690
 130930
 804589
 333015
 1010720
 970711
 318593
 957998
 79063
 1050762
 662123
 563370
 422521
 657137
 164735
 865425
 623329
 571513
 150081
 977006
 256700
 1080397
 324230
 768037
 72098
 740171
 302252
 862405
 979228
 114193
 530793
 182661
 548236
 320453
 300409
 963658
 234955
 1002533
 241251
 161665
 357045
 651863
 211633
 951574
 864862
 912794
 684018
 458575
 44566
 853947
 771449
 355103
 839414
 924574
 226075
 860276
 905538
 804968
 194624
 820805
 1081135
 815354
 465644
 250926
 1051815
 476118
 945652
 948401
 446608
 290205
 1021085
 191213
 975799
 722198
 487818
 721445
 83074
 13229
 236497
 289052
 163858
 805670
 622568
 823386
 698181
 937724
 721562
 742886
 899353
 866522
 102761
 608942
 955377
 56302
 228451
 232969
 523769
 1012026
 682072
 164881
 166514
 1068818
 335031
 1033435
 864156
 1051354
 576726
 745424
 725029
 458002
 346890
 732217
 754853
 871758
 957709
 995826
 607924
 183510
 895567
 587004
 124255
 160574
 71654
 552222
 167324
 884544
 432736
 466810
 335534
 895268
 677599
 1005747
 95524
 147858
 348159
 121319
 925046
 763459
 377260
 902041
 1050926
 199972
 545671
 66032
 76250
 865976
 1032994
 241796
 1037625
 181739
 874685
 243454
 152414
 450757
 585016
 715477
 1081689
 907499
 51182
 628480
 308833
 819646
 585494
 36659
 662855
 24507
 695772
 266497
 22140
 959119
 53897
 772102
 396630
 197630
 835721
 789939
 683505
 718425
 759484
 812319
 316599
 980599
 302953
 580202
 729612
 723050
 509588
 1043965
 1049445
 705301
 510223
 522728
 520231
 394662
 636919
 931324
 582797
 726431
 967797
 1053666
 710525
 948067
 263214
 826586
 1052936
 235095
 742355
 152458
 379466
 1097089
 456646
 283842
 78487
 112659
 459963
 426627
 61670
 171698
 792708
 668930
 997105
 531898
 797588
 520181
 811502
 549860
 598828
 867224
 757940
 905247
 121467
 646155
 641221
 113983
 869272
 53749
 827365
 185241
 153388
 10761
 106423
 10877
 256359
 178970
 387070
 454898
 533594
 834645
 123355
 210467
 481812
 450601
 834438
 701327
 185038
 828085
 234476
 362690
 359395
 720657
 1036647
 872806
 269448
 751570
 276717
 1044912
 263609
 656825
 550083
 367910
 302793
 669932
 106601
 1015225
 1027381
 528378
 193544
 1010612
 5199
 338370
 570779
 55436
 6660
 886088
 183789
 366547
 61469
 439626
 547371
 218392
 1016419
 380386
 598213
 1019334
 398884
 57942
 772667
 318257
 964541
 925222
 837630
 521425
 196369
 521860
 118651
 257703
 226602
 723778
 485568
 838650
 922153
 583712
 1059489
 712704
 23854
 299169
 987783
 916857
 1033669
 507451
 334326
 984406
 808599
 325621
 170000
 724268
 250699
 221656
 474386
 261647
 320303
 11425
 313158
 977805
 1057460
 852694
 1078228
 646287
 560277
 1081583
 352053
 1072381
 509960
 186477
 233427
 579135
 836271
 512028
 417489
 990010
 55400
 68982
 758327
 550833
 256330
 194094
 961108
 20939
 120128
 652817
 156164
 421256
 839792
 1013789
 1055611
 336825
 1057643
 493756
 837590
 861412
 954861
 274680
 250691
 452053
 726347
 940683
 865082
 292607
 637710
 229675
 318688
 735263
 818760
 443667
 570231
 131965
 666663
 914283
 398159
 777846
 587348
 272441
 843066
 397024
 122928
 1081819
 1047177
 829763
 551234
 599027
 220213
 989375
 604344
 759202
 783233
 390036
 1020879
 340775
 130183
 55019
 749448
 683291
 12027
 268207
 245615
 147929
 710935
 1094964
 788289
 740060
 149232
 599642
 483917
 645214
 239214
 888843
 999754
 244682
 1060095
 1003761
 570195
 848832
 591214
 568722
 265402
 4924
 623710
 519978
 667522
 569702
 623167
 657078
 578271
 867405
 828527
 227299
 174370
 978451
 991412
 741480
 1076663
 972795
 236793
 422476
 928364
 137882
 424877
 181980
 34165
 468787
 627205
 924379
 465448
 902768
 264357
 38730
 783051
 541319
 1007253
 920713
 451814
 412572
 189867
 998722
 138389
 280985
 2437
 398346
 968788
 354664
 998519
 939978
 748588
 27713
 986746
 944552
 402549
 1080920
 298145
 161166
 471966
 481710
 655969
 991532
 993583
 350111
 549500
 315651
 479832
 338604
 569055
 319430
 721242
 862474
 519163
 544998
 552919
 276877
 580830
 630259
 285632
 429822
 246874
 819558
 812465
 468937
 537761
 488503
 620425
 506068
 113808
 472247
 599278
 380194
 460936
 347266
 944919
 207887
 907960
 195507
 305270
 48786
 787565
 388296
 795984
 170914
 1078096
 877740
 711810
 118571
 209486
 835099
 183796
 240222
 730673
 986831
 992286
 50930
 601507
 483913
 244812
 698074
 699254
 920631
 1095114
 135536
 382327
 452798
 672868
 643929
 374193
 72189
 829997
 485270
 371972
 75257
 839420
 16057
 224012
 145669
 419703
 462842
 890814
 960591
 406517
 1021647
 1065412
 153039
 349597
 246121
 464409
 133063
 850782
 573777
 1016582
 911981
 700369
 744260
 238556
 925964
 283724
 407261
 925683
 856282
 237121
 868195
 741539
 866651
 610800
 29182
 472578
 390419
 121192
 561781
 331441
 21211
 106371
 346561
 349770
 148910
 579472
 906604
 789853
 967396
 1088758
 404339
 282921
 694919
 1033741
 1017965
 220398
 203707
 1013091
 348539
 120184
 347512
 786706
 1076516
 853847
 962546
 758884
 489865
 558046
 920670
 763027
 48509
 783809
 171623
 616962
 425020
 466926
 231398
 702846
 401524
 377476
 981808
 974459
 212711
 965387
 858110
 53426
 85132
 481540
 401833
 704375
 931855
 1040728
 877229
 571526
 72993
 396069
 97114
 132736
 119175
 567620
 809694
 189386
 470279
 155747
 916366
 426621
 772556
 700142
 775850
 1074449
 945193
 861085
 886129
 122135
 634691
 232860
 479261
 960961
 659207
 922366
 110990
 183444
 167529
 1073531
 961881
 96400
 211597
 237758
 363223
 788558
 957572
 529796
 549603
 876506
 269234
 1066253
 770112
 821739
 261268
 209513
 1046995
 93269
 598031
 936620
 908541
 117181
 839559
 203773
 1089414
 379572
 1075739
 875249
 536767
 595317
 86050
 311378
 519187
 349639
 2153
 732735
 1050090
 362335
 1099095
 392839
 785781
 541181
 271444
 552705
 630042
 725839
 858211
 425878
 573805
 149805
 655338
 896405
 13801
 810158
 581732
 964943
 540825
 774530
 608255
 277124
 644495
 158193
 171981
 1070702
 770592
 864189
 213994
 900375
 853181
 774571
 808118
 858275
 38900
 805675
 181813
 689750
 51855
 200448
 789983
 231179
 94730
 918281
 796277
 1042748
 782383
 210133
 1087223
 244569
 1036579
 693513
 328121
 74378
 997337
 432505
 829472
 659627
 299369
 105696
 843846
 116182
 1045687
 985670
 257002
 359823
 66983
 110546
 447294
 101396
 743396
 35088
 50586
 694539
 318115
 454251
 771562
 797313
 34328
 854678
 715982
 754743
 448344
 946755
 141078
 830813
 132183
 880912
 169164
 1065265
 310453
 1070958
 544343
 997991
 346091
 647975
 462105
 548042
