111216
 976963
 465086
 290006
 17330
 235390
 552798
 842609
 320608
 916067
 786628
 6300
 820950
 651940
 654145
 482471
 164991
 309555
 95464
 1039228
 371495
 1037088
 661232
 287823
 977514
 578436
 781003
 25855
 715647
 315357
 201928
 249715
 445102
 62775
 1025342
 573995
 6339
 39806
 900389
 166974
 747145
 845653
 944780
 429741
 429193
 903407
 17408
 866315
 989255
 726550
 139616
 940116
 758832
 305712
 1023559
 127297
 1006110
 115036
 210083
 347952
 357728
 1039121
 1021510
 831527
 388376
 623342
 395489
 968383
 334462
 180038
 443334
 912150
 747064
 627304
 408500
 793635
 932331
 649062
 543600
 237047
 1018371
 670929
 804653
 210256
 160545
 562990
 772077
 203437
 567790
 795226
 644571
 1010693
 900274
 1064071
 122595
 992969
 307
 910238
 554446
 836847
 974692
 965003
 95816
 1038774
 11264
 578488
 423672
 497932
 701834
 448198
 631560
 54358
 473105
 477733
 71479
 840789
 536139
 978588
 502381
 823507
 1045381
 184570
 173036
 359243
 993276
 822200
 910866
 783217
 4158
 100949
 566792
 568463
 361661
 65553
 187431
 477742
 783824
 854078
 395792
 713645
 491996
 910822
 923920
 68203
 714461
 362027
 520005
 561590
 923605
 1095765
 183058
 644170
 70886
 224870
 446684
 1053746
 669246
 466506
 193868
 494329
 1085035
 987954
 998405
 988401
 381895
 981381
 509665
 717886
 929567
 87991
 682170
 616562
 267529
 584184
 799543
 247520
 239875
 230000
 713584
 509771
 604216
 105662
 497536
 521646
 796519
 386100
 981659
 427387
 96674
 1081751
 524284
 387106
 596878
 509281
 295835
 85339
 198188
 794133
 919177
 243790
 682584
 121562
 436992
 901097
 91176
 524502
 1027949
 13213
 91881
 872088
 965432
 767254
 564315
 116554
 399613
 15388
 208788
 1088619
 245933
 133945
 819926
 197002
 677526
 870069
 662945
 866104
 212127
 133551
 815840
 256984
 869535
 274642
 887559
 569902
 80847
 1045745
 192927
 238950
 444481
 13450
 799761
 377216
 365964
 1052641
 707335
 852412
 957828
 895437
 125050
 66456
 326050
 1025546
 343745
 528025
 656713
 426365
 160041
 829399
 1560
 812185
 939104
 155002
 113561
 340546
 824004
 1039721
 238418
 384915
 553358
 599115
 76547
 160578
 35397
 201873
 136287
 125818
 121132
 927639
 571066
 1016852
 897408
 274336
 114652
 729128
 470436
 530175
 969418
 914034
 589719
 464162
 979002
 582085
 666989
 615977
 258875
 865734
 238455
 690685
 717583
 678852
 332781
 21477
 352060
 622568
 947869
 14133
 697219
 228363
 332866
 398589
 312651
 825590
 440654
 204005
 963002
 195038
 415934
 87160
 358771
 628676
 638232
 417256
 826858
 715125
 156304
 1036092
 211796
 1094145
 440824
 203723
 541356
 742038
 808951
 303777
 9600
 72808
 642713
 769285
 524654
 704403
 938233
 583534
 998098
 133647
 826562
 658026
 1097460
 64612
 1016126
 74007
 132954
 296014
 618544
 1052336
 1078691
 910314
 788398
 13835
 398201
 146453
 699240
 32048
 184520
 600017
 628942
 127958
 981836
 403390
 784125
 1030375
 74165
 166288
 142489
 221878
 575117
 646787
 737669
 500329
 604486
 428773
 393652
 155925
 691111
 340651
 321071
 85592
 528028
 812298
 352071
 223876
 857302
 1025524
 419863
 813510
 159327
 942227
 757914
 187549
 681374
 893475
 755329
 21219
 463746
 1098258
 612039
 733229
 566656
 920903
 800100
 504537
 358022
 811398
 1091013
 441005
 148179
 814296
 343806
 283682
 897152
 196710
 689437
 126187
 726277
 462075
 861491
 743752
 358331
 194527
 737732
 379733
 745414
 129378
 360649
 605824
 49404
 206834
 1034945
 233707
 240826
 123632
 628760
 219025
 664686
 394284
 93619
 997197
 458664
 792719
 735817
 42603
 210426
 590526
 997776
 404612
 1031037
 1037655
 746385
 1094805
 340470
 221053
 922717
 492567
 636798
 611116
 188398
 884368
 382529
 306040
 617969
 477247
 920762
 218435
 222520
 760208
 656295
 675617
 274562
 111749
 936772
 627973
 339277
 688887
 973866
 941619
 1059034
 762242
 330491
 612604
 45637
 278121
 285250
 967608
 16367
 112442
 975891
 703958
 269383
 767616
 1037830
 347409
 764345
 41877
 193592
 651266
 426209
 487550
 366809
 422144
 261666
 161648
 771472
 653218
 1092613
 260845
 202254
 65008
 120247
 419879
 566150
 821197
 922703
 557112
 540182
 100999
 592197
 348409
 1070449
 205719
 89906
 28167
 707507
 1095820
 1064105
 380097
 521502
 504124
 442463
 87151
 988784
 783706
 498151
 87394
 906631
 949697
 838914
 1085609
 809156
 58118
 314212
 834573
 569201
 1087433
 31185
 876660
 1060822
 998918
 211280
 974293
 763032
 807770
 30102
 770259
 649846
 764334
 527799
 559443
 611066
 951429
 617007
 988688
 357191
 849461
 690226
 1057668
 984573
 240586
 136733
 816850
 721756
 767521
 817375
 713450
 124885
 769443
 586759
 794998
 239535
 1074250
 263588
 627590
 284813
 894802
 602313
 621733
 642641
 529590
 33528
 165607
 325837
 159219
 105163
 475730
 951097
 787549
 63407
 743979
 60186
 177975
 794950
 7456
 704143
 379620
 446146
 1008794
 811894
 172575
 571170
 24024
 918948
 455704
 202831
 1036970
 526432
 1005446
 932317
 419303
 865522
 948962
 1031365
 127054
 748873
 329072
 326161
 322763
 882203
 146549
 655106
 962825
 212398
 645550
 449944
 816616
 805847
 591337
 1087429
 247217
 385910
 505588
 125555
 334799
 635263
 21507
 126984
 666371
 400485
 381760
 271761
 175248
 470887
 311325
 752606
 96612
 554749
 638994
 982603
 677192
 694777
 712341
 873032
 1017492
 101311
 423400
 325066
 889724
 201900
 881116
 42937
 234755
 155035
 257972
 816241
 245641
 639625
 181275
 972476
 1034134
 475943
 154120
 902521
 558551
 919495
 1038945
 509977
 142358
 216360
 578495
 694863
 1024606
 957879
 104874
 846844
 894471
 407838
 975127
 931751
 674415
 970143
 299282
 491200
 169969
 182151
 1078444
 760997
 296377
 620441
 1058402
 370297
 1072046
 420910
 895144
 365561
 573456
 198290
 54313
 110053
 381904
 47596
 71008
 682607
 354788
 309176
 106268
 442400
 221628
 718357
 629055
 188106
 347162
 370710
 249589
 970489
 181904
 811377
 773806
 1014181
 983949
 366697
 21690
 13264
 410308
 748352
 773761
 126332
 433338
 137087
 565882
 867305
 333190
 125526
 50941
 201178
 367255
 84408
 382291
 1049382
 710371
 823583
 30241
 1688
 413427
 828545
 115981
 755583
 978914
 426960
 522439
 311288
 1072550
 890291
 837932
 90845
 887023
 375861
 1016958
 815055
 55811
 815215
 29256
 487698
 874006
 667549
 51539
 521525
 192594
 605451
 757596
 1096287
 72681
 235320
 1024296
 141620
 806452
 652732
 26221
 617407
 742174
 143813
 336591
 563924
 1071584
 321590
 910200
 906178
 775993
 53191
 424831
 690130
 436939
 1028342
 507891
 70629
 118288
 998292
 690926
 426524
 1099069
 663295
 773600
 1038560
 586428
 186736
 364578
 338546
 905902
 335679
 503060
 791312
 784919
 678621
 983215
 42012
 1069177
 677026
 282765
 293613
 876545
 266040
 850690
 97648
 363542
 529209
 139138
 812792
 86939
 584149
 403956
 834390
 893109
 274075
 1089196
 827314
 712908
 746412
 942327
 556320
 789110
 759508
 104233
 645934
 208431
 735384
 269482
 158950
 1042223
 574830
 1042552
 265305
 318744
 206700
 512840
 342572
 507097
 82150
 137731
 68398
 446910
 158928
 498539
 613462
 558053
 284103
 806765
 643547
 774315
 220644
 87038
 252113
 426450
 823220
 460073
 94290
 663547
 321892
 491644
 614349
 1001806
 643071
 195139
 671048
 955855
 119151
 380677
 204928
 1085329
 388923
 782968
 262735
 696578
 403763
 294628
 985593
 1014998
 228126
 36038
 516777
 472664
 677708
 295682
 244959
 948335
 437240
 904682
 1049424
 673112
 258233
 125243
 55801
 315896
 657818
 170393
 291050
 1095171
 537625
 317510
 247482
 859608
 236615
 710460
 959292
 91227
 616616
 426767
 500476
 907001
 707749
 737975
 1065738
 582778
 234847
 719432
 938491
 938271
 360139
 596665
 158530
 975747
 590483
 436975
 733774
 946733
 1064872
 1066790
 185688
 510147
 437259
 601390
 10260
 825624
 991249
 692190
 430626
 151825
 680768
 512574
 442769
 719690
 579869
 204525
 401127
 402269
 1047543
 994394
 916059
 546691
 640330
 1097441
 662159
 469260
 191346
 827259
 786644
 621867
 234320
 729232
 348062
 406646
 791617
 1022228
 24239
 964982
 219955
 394467
 885865
 599791
 759928
 449559
 553903
 131614
 405336
 525657
 562048
 25929
 467123
 343896
 707428
 38224
 373980
 472855
 434621
 345589
 710250
 772691
 85744
 284244
 487136
 90843
 55124
 402071
 1042246
 923403
 219981
 70160
 1027444
 530654
 1051138
 628903
 545409
 1018201
 684066
 86080
 232675
 600563
 839177
 756631
 944128
 720891
 718864
 236408
 545778
 702426
 947625
 194293
 405805
 916833
 679469
 813974
 267611
 86274
 1045346
 778563
 46609
 198001
 40167
 943164
 102506
 848010
 108285
 81467
 559390
 172754
 72202
 1009452
 657446
 1056888
 584684
 908892
 640766
 688867
 1074081
 945888
 549597
 954744
 518920
 469323
 575966
 179515
 700216
 708208
 307582
 706024
 892921
 122116
 814061
 288233
 38938
 834434
 4584
 452750
 449672
 830266
 759018
 842191
 479894
 432347
 458847
 224446
 1006316
 358080
 251192
 422103
 992679
 10563
 555583
 816433
 868776
 56751
 696712
 138416
 877332
 36644
 325207
 417154
 676268
 534658
 606843
 1072160
 645562
 894323
 701370
 535441
 969716
 874295
 617459
 819266
 190728
 1020467
 650502
 1029998
 457605
 679521
 993894
 435429
 692186
 402877
 425210
 261195
 561389
 636947
 270663
 236028
 594277
 1017164
 125007
 848029
 123119
 968403
 696776
 273773
 965729
 257129
 619234
 76408
 701347
 830300
 20568
 848252
 126116
 796411
 518959
 75770
 53239
 807519
 824132
 589604
 614466
 925861
 634669
 1068020
 1012873
 549006
 41739
 1089942
 179247
 832554
 337792
 1028194
 502075
 454906
 957745
 342570
 803533
 559950
 989787
 180804
 102757
 144828
 694970
 690402
 819251
 949933
 2046
 166036
 1012744
 276303
 92228
 1063804
 171114
 12326
 33682
 240140
 767396
 966027
 794512
 376595
 210669
 212488
 252828
 363757
 750947
 108161
 849764
 243222
 102655
 354319
 1066808
 84058
 127405
 201822
 557406
 624771
 976851
 311045
 95767
 1066417
 1073988
 706438
 570392
 220771
 890789
 778005
 23502
 169003
 802879
 438741
 689996
 528835
 600770
 935070
 11071
 394727
 96868
 431163
 788765
 800375
 93356
 308236
 502130
 596277
 14929
 694745
 487458
 747203
 824966
 832556
 166097
 1099961
 279794
 402558
 32869
 85509
 394162
 369082
 1053653
 294388
 712516
 419689
 300080
 364091
 774493
 771880
 474952
 486347
 1086294
 399439
 785922
 63965
 45332
 252047
 234602
 818216
 945910
 218318
 1087154
 536991
 891869
 975393
 850502
 187804
 658171
 493545
 390760
 1018336
 709706
 1023525
 428994
 293650
 94170
 428211
 34343
 994846
 524764
 494974
 769510
 328800
 73828
 853441
 899050
 170615
 559999
 1006042
 618078
 838075
 1070954
 599080
 337000
 1071375
 25997
 660397
 702596
 28978
 803350
 633944
 636252
 456266
 356439
 137369
 1003477
 198751
 487918
 482985
 795721
 969623
 395899
 1018575
 716551
 702820
 617679
 629264
 552496
 530342
 1059944
 398362
 363837
 343386
 496707
 366091
 614589
 779244
 418685
 500256
 932767
 609194
 775002
 1077113
 600562
 534350
 78808
 171688
 645499
 1042139
 773197
 125661
 806429
 813091
 7826
 1999
 77093
 353362
 398843
 197089
 658940
 463358
 731539
 786043
 152269
 974358
 728708
 1064350
 38329
 769802
 76405
 384244
 492716
 972365
 55812
 1046303
 577629
 173925
 146866
 1024676
 248006
 532491
 342747
 30207
 322379
 1026261
 504834
 57677
 1018831
 615451
 1029545
 722888
 499067
 141597
 19914
 1024429
 144087
 541676
 690631
 852165
 146749
 148201
 303145
 1036497
 233252
 50342
 266962
 387009
 318646
 88034
 532494
 326825
 127856
 1064819
 293673
 262430
 853741
 437162
 267270
 681745
 193964
 1020559
 510685
 218793
 870250
 1055581
 752731
 448265
 870941
 1005557
 890472
 547064
 983939
 842847
 403427
 923021
 112217
 960722
 701282
 415293
 67004
 514666
 201727
 148677
 378742
 1059745
 1041394
 256017
 403902
 420011
 300154
 1070206
 357673
 556328
 606754
 523053
 663498
 789561
 829948
 415550
 948433
 787561
 126111
 144500
 574056
 610335
 655499
 613742
 905893
 398093
 834724
 848025
 200808
 525827
 608254
 210351
 616628
 491408
 618159
 679623
 652873
 1066709
 49495
 252017
 504837
 450926
 363086
 893362
 747016
 772673
 120878
 781807
 207045
 970454
 58215
 390965
 350110
 177047
 879528
 937711
 341783
 144514
 530981
 712416
 849452
 947949
 793481
 725343
 87669
 365565
 246633
 303488
 604995
 112666
 696963
 563130
 1062161
 459731
 552924
 936908
 745701
 1043609
 211888
 375702
 943850
 932440
 1063140
 547747
 632190
 1029622
 522979
 153393
 253523
 637298
 128259
 338753
 431001
 268225
 437910
 906703
 476670
 264186
 25170
 464534
 323379
 500834
 51704
 969159
 618868
 71519
 786005
 601107
 736834
 863532
 819408
 803626
 388558
 384387
 514077
 922492
 324619
 1017315
 410948
 1064451
 458989
 558616
 712903
 584467
 826684
 859968
 391308
 251095
 722870
 507492
 111807
 82787
 216361
 421880
 555807
 729510
 814728
 778473
 775714
 560685
 419561
 895088
 46820
 182609
 843821
 334830
 703228
 219588
 990731
 716226
 147274
 244250
 279452
 524216
 667473
 719899
 451011
 129094
 822658
 238649
 958203
 269739
 927061
 185404
 734044
 895438
 666119
 225729
 327281
 920887
 607814
 812100
 713418
 1087158
 25700
 189814
 42724
 34013
 619578
 729610
 485162
 185935
 588593
 447599
 980715
 427632
 116367
 113325
 690583
 1065964
 1053480
 766363
 984040
 1056492
 454194
 727791
 1009050
 927039
 92414
 1078585
 4041
 99613
 172113
 192691
 1050641
 359831
 722032
 501098
 856193
 801893
 1018321
 533874
 64670
 271393
 371595
 412578
 230480
 863233
 812446
 417614
 251554
 79708
 889348
 981527
 101221
 694332
 972432
 916236
 388187
 416647
 371174
 1064417
 79231
 412048
 623517
 612339
 1008131
 543514
 901222
 631288
 872514
 449280
 220341
 772605
 685843
 657515
 212483
 849212
 282811
 951053
 920927
 909175
 916641
 761504
 955508
 457665
 586450
 717434
 678709
 921747
 903456
 664139
 428808
 681561
 551389
 1038120
 882814
 774187
 388244
 95502
 440803
 902711
 1058997
 229761
 150613
 144208
 144618
 759301
 379124
 536468
 865757
 1086115
 929226
 1026994
 400120
 422082
 8786
 167289
 189412
 456149
 682169
 426563
 241640
 279
 439187
 980028
 402758
 208296
 594857
 456928
 157183
 111564
 646367
 988453
 710771
 753841
 486335
 664742
 100282
 296198
 997473
 87287
 224139
 818590
 743476
 994293
 1079055
 359262
 421791
 1015395
 289732
 710219
 833237
 794631
 941633
 1000111
 931115
 594915
 259662
 58051
 485223
 1066009
 748091
 557792
 864346
 831571
 602159
 1007764
 33768
 315927
 657482
 878089
 187291
 706432
 609568
 813479
 990689
 373070
 575921
 431117
 784017
 338823
 166537
 681759
 739927
 738301
 244379
 407064
 730258
 310179
 537897
 324836
 651383
 619898
 366149
 668378
 479555
 287347
 465196
 448467
 396553
 141458
 690158
 782196
 568095
 677623
 976380
 1011418
 896539
 922710
 739578
 550723
 655794
 453484
 318774
 265966
 254756
 367018
 210227
 860417
 715765
 539696
 602989
 418142
 511935
 47757
 465000
 76647
 132090
 977926
 1029433
 531906
 343574
 55458
 802293
 304344
 849146
 544501
 465958
 742558
 989927
 1078903
 645591
 526725
 815847
 657964
 664797
 1089097
 259284
 958842
 619823
 344718
 898473
 615895
 1009876
 219847
 764192
 247045
 144320
 466518
 996973
 518246
 580598
 853732
 780749
 837751
 23407
 940044
 899608
 664479
 131296
 627370
 343565
 835838
 848524
 683307
 431362
 967536
 37459
 78337
 46321
 155147
 935886
 1033796
 332277
 1058961
 256047
 493600
 152413
 403384
 503765
 226853
 377288
 378467
 840032
 174718
 739630
 846359
 448053
 347960
 1071329
 88310
 35756
 482325
 710166
 166433
 324425
 802031
 550496
 250586
 575665
 432488
 493426
 643198
 282305
 5168
 470292
 198276
 181699
 286856
 755369
 578913
 385365
 895932
 640661
 585828
 658519
 574643
 1027337
 775485
 464690
 882585
 13677
 521977
 500676
 652930
 122581
 503776
 671320
 133575
 396884
 387265
 717363
 61295
 379188
 123194
 32245
 1081248
 807025
 571334
 691110
 114013
 509375
 152630
 227865
 518069
 952996
 35796
 273774
 572427
 816596
 680726
 1065916
 902403
 638355
 794173
 586144
 253605
 6998
 586882
 684491
 771813
 995071
 586499
 598062
 872527
 301099
 638998
 92257
 258147
 650422
 447323
 34222
 514263
 613797
 1079634
 36232
 247126
 92943
 106364
 161149
 1002440
 682593
 393334
 981291
 791807
 113857
 1003397
 469268
 328817
 997730
 38038
 645216
 652684
