123349
 332400
 484881
 453169
 317128
 606564
 389515
 746636
 191411
 544466
 902070
 231390
 822357
 1018879
 927337
 888056
 775143
 500285
 732110
 210807
 168336
 653428
 1061903
 899523
 149773
 487457
 18439
 239577
 824990
 169344
 681020
 861177
 780637
 88977
 750073
 318136
 798296
 860860
 9640
 68354
 397028
 470247
 1023210
 571636
 218488
 493282
 335790
 715609
 173722
 1008693
 265503
 265281
 282937
 777725
 749661
 934610
 372340
 723758
 220378
 390160
 925895
 703570
 851200
 784840
 371446
 355171
 622270
 664504
 731821
 852146
 876025
 381072
 580080
 809850
 487517
 59264
 418309
 664184
 698859
 207971
 562519
 738179
 306676
 992624
 1070916
 114055
 200077
 807491
 972782
 11057
 47244
 1050003
 569532
 207338
 960231
 669120
 665002
 697251
 473835
 651267
 217432
 970379
 143563
 799049
 24479
 289013
 947820
 111703
 609455
 419878
 267885
 905498
 759552
 1074927
 58222
 707231
 602036
 994022
 319954
 1036266
 608094
 416221
 158813
 492927
 121531
 497468
 410334
 41019
 413998
 83657
 420066
 403897
 311628
 649304
 266416
 487883
 1077959
 55938
 628580
 995593
 760979
 348895
 527580
 1050112
 905758
 611166
 164667
 1074627
 161026
 240786
 534422
 210996
 618752
 136887
 435911
 825301
 625929
 896029
 181373
 258132
 655412
 941533
 88258
 26239
 797362
 730069
 558588
 780556
 616672
 54004
 399836
 978216
 847848
 489507
 259461
 803542
 1068364
 201662
 253527
 130027
 995379
 41503
 463626
 973228
 426464
 644616
 335001
 456843
 714620
 583916
 252592
 6842
 617790
 914692
 817258
 523605
 733661
 1051665
 58872
 346153
 211885
 447137
 1073272
 285121
 877403
 401138
 1081281
 627132
 316128
 1082731
 309355
 931570
 718615
 541665
 823984
 892438
 703133
 162834
 797284
 1055381
 209967
 605193
 988503
 991037
 304658
 695148
 415149
 779717
 814452
 1059869
 260786
 148604
 853312
 486654
 715998
 282370
 1056570
 16366
 471069
 363767
 577376
 206964
 737823
 605954
 781798
 242730
 293799
 920256
 1012191
 413310
 993536
 369502
 621492
 636216
 103562
 125905
 210748
 857558
 529203
 817482
 669440
 387197
 467966
 53571
 535761
 308854
 39330
 708421
 1017176
 103956
 787066
 1079999
 12537
 804584
 681488
 1009187
 361904
 489139
 903593
 699440
 314467
 639439
 212369
 141447
 875005
 473696
 903509
 390099
 558673
 913477
 232404
 321330
 413027
 63659
 266602
 417927
 447778
 1033781
 379633
 781462
 313316
 831311
 875228
 916803
 310883
 68191
 848886
 278592
 74322
 763574
 538314
 259582
 307299
 444723
 429171
 673843
 220564
 1009802
 740534
 1015535
 970610
 577484
 936536
 529284
 1075565
 432121
 54929
 430932
 104273
 888823
 381010
 214477
 573456
 518022
 789201
 319085
 42685
 941678
 512747
 431961
 44798
 933827
 508898
 537621
 961624
 858587
 798154
 161450
 966168
 466878
 700167
 1022542
 967237
 836097
 55448
 487219
 786748
 421553
 534307
 181920
 400337
 389774
 334864
 5152
 560960
 1006057
 428500
 281765
 577935
 670635
 615204
 579207
 679637
 425942
 403401
 976445
 414825
 415839
 463247
 449744
 720167
 619341
 551563
 236247
 603509
 997110
 450709
 1253
 1069565
 494041
 802904
 611171
 1002854
 217244
 428006
 695266
 885577
 913910
 593656
 603557
 261144
 749113
 755282
 960004
 1072347
 865338
 490295
 242738
 584309
 536981
 20347
 290649
 184947
 20171
 1086187
 1078430
 662202
 354976
 196029
 165039
 468198
 978476
 676497
 608894
 97585
 994813
 205518
 355790
 160039
 543050
 460275
 536579
 779052
 1042720
 680933
 921593
 204830
 235276
 242357
 22766
 91361
 905024
 941418
 754627
 721781
 990325
 629855
 44787
 19667
 524432
 189581
 512201
 547928
 917108
 286558
 1094853
 791350
 992762
 388875
 986577
 970014
 735697
 546378
 939579
 154908
 263620
 527303
 568926
 880948
 731647
 606575
 1015256
 840615
 820021
 74122
 68562
 258238
 1001371
 36390
 19002
 171326
 661080
 454341
 156284
 161454
 329054
 416943
 929553
 386527
 81799
 838832
 680329
 393226
 431573
 764335
 305172
 878581
 1039
 1057466
 960194
 748581
 815861
 341141
 172488
 790674
 184871
 473490
 226179
 210144
 842869
 1019043
 836621
 72389
 734653
 751606
 557823
 1071068
 300418
 555154
 924470
 867726
 1009943
 578650
 942649
 185219
 135958
 1043092
 842980
 665489
 864308
 668055
 410095
 786536
 290376
 383971
 285134
 35998
 227453
 191610
 4951
 40735
 269541
 121718
 59653
 177977
 799213
 76238
 291417
 278417
 270208
 940637
 380577
 932650
 77364
 468179
 105734
 979993
 589468
 305408
 571587
 355512
 460782
 614645
 963383
 758123
 579429
 856549
 364262
 370959
 8637
 90512
 23803
 946264
 30732
 511439
 820336
 758825
 402071
 419312
 225546
 898790
 581887
 61233
 570323
 25676
 143152
 869131
 1057548
 660652
 578436
 724087
 285281
 75403
 995999
 411364
 522228
 57857
 240272
 848387
 772729
 251315
 434640
 740843
 921989
 81141
 1094601
 656002
 887275
 257529
 71387
 720641
 360920
 423000
 153893
 231391
 888034
 719558
 976454
 216542
 778759
 4526
 352608
 459792
 518256
 176918
 274939
 684142
 981331
 3548
 674387
 32699
 665134
 1033705
 508749
 614923
 1060372
 899738
 797823
 1038435
 913437
 648229
 243007
 916808
 375439
 732920
 479694
 639023
 551119
 18095
 960177
 524224
 30697
 159735
 962247
 746187
 591103
 490691
 1015625
 677423
 1008946
 1040409
 258409
 378803
 199638
 978710
 463451
 1011497
 283545
 639942
 815460
 31242
 993691
 694974
 636040
 423242
 1008447
 26906
 328219
 688285
 993691
 505879
 290391
 1073677
 329570
 1080091
 166204
 154224
 658592
 943086
 959338
 902203
 109305
 931445
 938330
 480232
 837021
 322499
 504424
 821431
 607815
 932613
 671409
 845513
 1028945
 190177
 184148
 120686
 25613
 1038629
 512931
 960856
 269281
 67989
 225574
 813766
 647300
 1014203
 447360
 897106
 385997
 277970
 844196
 485965
 211015
 1005259
 550565
 1098994
 306362
 205014
 64198
 134404
 603586
 478087
 48371
 1023863
 749722
 316322
 246070
 224744
 267051
 62234
 264571
 384709
 551578
 151619
 549348
 342955
 221850
 551806
 375532
 747145
 445881
 420858
 288220
 564163
 419702
 970398
 814064
 75817
 538586
 535863
 1087
 361946
 955702
 889358
 80750
 167741
 861417
 766187
 929190
 609644
 722342
 29390
 546978
 1098406
 1021649
 667022
 324075
 445314
 602928
 605838
 9487
 592555
 1002636
 30654
 311460
 1067578
 194743
 807472
 403841
 542533
 874119
 906085
 880924
 683547
 189055
 158110
 12174
 277841
 162897
 1050290
 975851
 266000
 649076
 553766
 341487
 522018
 750897
 261774
 284249
 447609
 724756
 536069
 260746
 947472
 643946
 938309
 617245
 736829
 898808
 837253
 657982
 233233
 848099
 787192
 86425
 138540
 845645
 733933
 914420
 128929
 821437
 550260
 17957
 347751
 218578
 390686
 408860
 413795
 62622
 772576
 55062
 74659
 827210
 513745
 134708
 1094407
 308632
 617710
 616156
 452969
 795303
 979856
 204632
 182644
 948787
 832814
 31679
 980080
 1035044
 304844
 709889
 441944
 998875
 60384
 741818
 327789
 509754
 978082
 523670
 451110
 1076820
 437578
 998981
 652311
 1038449
 661693
 264280
 225296
 472848
 952941
 9872
 658370
 703482
 362181
 204468
 1090153
 888823
 278242
 246612
 925957
 977119
 804113
 722059
 518338
 342263
 912575
 178882
 679659
 351835
 835903
 15138
 783490
 1047025
 68386
 25900
 638132
 315674
 66029
 352742
 1072936
 1000687
 75635
 522102
 376822
 246286
 401622
 918943
 571768
 212521
 418832
 914894
 798354
 733987
 492421
 332102
 592405
 843092
 1006869
 919313
 328795
 886716
 177435
 306782
 553147
 262630
 921967
 766835
 973270
 502981
 882780
 639028
 685273
 764781
 1079883
 368166
 546948
 596204
 145864
 1036313
 460508
 817931
 431788
 290080
 127495
 54653
 585699
 287616
 414498
 9992
 239348
 1073948
 450665
 423677
 1039296
 1024414
 766490
 183803
 512528
 470459
 933854
 572104
 777862
 921259
 709833
 167775
 963927
 727649
 882603
 784416
 724312
 286039
 300226
 428385
 291772
 867916
 698646
 165933
 52803
 429876
 568315
 233635
 602376
 857793
 807502
 851422
 455304
 1064518
 835316
 901466
 874297
 76919
 515675
 627049
 938613
 900535
 326771
 41221
 855491
 64550
 779378
 125548
 890440
 417756
 430400
 431399
 878416
 618623
 1046975
 108372
 934036
 192502
 926987
 194820
 861703
 404844
 289439
 239536
 57719
 1031334
 975443
 465727
 10230
 129487
 329090
 406012
 371869
 834887
 455121
 850714
 719645
 7772
 275520
 63378
 396427
 896482
 40872
 438884
 664216
 1022430
 640887
 848849
 1041762
 705653
 183942
 420394
 14766
 1058097
 1042540
 802579
 169856
 631162
 806066
 891271
 123763
 122142
 704070
 439662
 152786
 602876
 1005861
 872760
 301831
 1036950
 480031
 409997
 1019494
 86849
 594683
 516650
 677964
 462650
 175970
 837172
 455529
 1094664
 178095
 158261
 1016500
 167607
 857340
 295820
 206941
 116425
 151180
 949299
 774881
 743
 152030
 688058
 700860
 229356
 396828
 569705
 356229
 378770
 166249
 248039
 690835
 54911
 987105
 549690
 1051423
 132379
 51230
 1066641
 8789
 149390
 541245
 517722
 299590
 656540
 848227
 345917
 1074966
 692890
 892031
 831041
 1082002
 372296
 1005712
 718833
 878958
 65136
 727588
 561149
 919887
 1054684
 87798
 864452
 39231
 200304
 1087364
 1075293
 1021223
 827410
 477388
 199192
 573057
 1083403
 314025
 616268
 352047
 1087011
 594672
 892109
 1063055
 198561
 677135
 1032450
 390832
 478562
 262013
 623650
 1002807
 1009027
 971894
 271039
 861755
 899029
 482692
 773048
 735063
 342378
 411852
 318382
 342321
 829711
 603815
 259103
 206892
 417244
 588592
 495409
 390985
 858071
 546613
 1050965
 370601
 227708
 1050790
 549307
 729794
 148783
 754366
 349727
 580702
 120401
 73154
 561110
 945746
 632127
 583965
 801168
 433108
 90058
 520112
 844472
 296870
 29525
 724540
 633936
 1056783
 91706
 220905
 8223
 271116
 829220
 456709
 919786
 816794
 360912
 941013
 307229
 459379
 741510
 110769
 971627
 496343
 1006155
 209756
 137027
 455167
 684937
 809359
 921843
 910465
 1032202
 695934
 514173
 803734
 614850
 184202
 347723
 513470
 746529
 113919
 346857
 437079
 300244
 422898
 867122
 992618
 1090961
 1040226
 425020
 305555
 992534
 205224
 544278
 1014399
 1035350
 605724
 746670
 133654
 232748
 983549
 382556
 124372
 90118
 242301
 84029
 810915
 729415
 364257
 245270
 884541
 365459
 207911
 428990
 605856
 475697
 635576
 120273
 307026
 14437
 167253
 852199
 130240
 295754
 992176
 726156
 145605
 19847
 759757
 14291
 824837
 429964
 339303
 296464
 251984
 63579
 805310
 1069383
 941382
 1006493
 107284
 554758
 331040
 396699
 800404
 581995
 81436
 832131
 504975
 152918
 537136
 115756
 228185
 595057
 978080
 74373
 933616
 18353
 584386
 171933
 803634
 1003027
 384501
 355840
 904823
 1072654
 322362
 167815
 968544
 291862
 727742
 209533
 216147
 203737
 631303
 111622
 848635
 332414
 57751
 228849
 603616
 839028
 403882
 1021933
 300478
 717939
 825421
 26888
 93595
 679625
 1084813
 917462
 665363
 21343
 951591
 490308
 380194
 306328
 257074
 674999
 580016
 605285
 653512
 723615
 357778
 779522
 1014787
 541591
 435730
 922976
 168178
 591750
 1082421
 745064
 479900
 465454
 692306
 794079
 1008342
 405631
 344481
 465996
 224699
 272329
 177972
 1009244
 490250
 165241
 857636
 546560
 1057496
 1075705
 779479
 393677
 258825
 219078
 744153
 759732
 161700
 208189
 922032
 434623
 1052186
 808629
 1019259
 654257
 448745
 171453
 956820
 1001799
 572344
 435195
 86941
 753951
 260627
 828879
 13248
 1030782
 3661
 367093
 325044
 1080951
 141299
 577219
 156312
 78571
 334705
 305055
 713710
 93269
 1033592
 906081
 1004813
 108922
 955815
 774635
 1087922
 634860
 132555
 285555
 285003
 640055
 751337
 202289
 776373
 185554
 721148
 220317
 692973
 388465
 521048
 493085
 44124
 978827
 1061983
 105595
 634400
 289010
 998732
 35606
 949753
 513776
 763033
 189743
 938477
 681729
 58555
 643222
 314713
 908292
 698501
 908135
 602764
 741964
 354737
 130780
 887214
 706450
 1028054
 806304
 1065943
 600778
 1050498
 1095040
 362298
 149097
 248326
 264313
 900882
 11776
 1095461
 1019288
 992386
 667948
 510708
 843927
 166428
 1027354
 968930
 584594
 726899
 886833
 757911
 663559
 814950
 978950
 670285
 138743
 152273
 69918
 147024
 995487
 5275
 292886
 242249
 9845
 903006
 212419
 178600
 819842
 357008
 751680
 1059525
 328145
 1091668
 322117
 871344
 806561
 673546
 875022
 131848
 447141
 924553
 827030
 107488
 414794
 1032212
 997680
 1068749
 621143
 732958
 518155
 961839
 95456
 706040
 422884
 825021
 713937
 74427
 348522
 169119
 486307
 51306
 781136
 794779
 475227
 841005
 59353
 662748
 205152
 188495
 662494
 426749
 682319
 1068566
 430608
 526783
 40975
 163109
 771133
 206025
 750367
 259630
 641795
 781310
 671267
 836706
 29260
 478867
 981792
 123053
 125328
 257891
 343516
 228137
 660820
 77310
 500828
 111000
 767969
 174908
 1082891
 543450
 347224
 1037824
 603228
 611502
 952209
 186991
 204383
 430457
 320974
 114484
 404228
 330228
 64094
 350553
 474702
 1066439
 930080
 681411
 569924
 682724
 72320
 37367
 324546
 165566
 659957
 551236
 1049334
 963330
 549109
 394517
 548954
 869184
 961714
 913270
 10042
 399107
 185269
 808397
 136855
 64503
 303037
 224375
 476355
 901024
 505407
 75744
 656197
 99839
 852677
 807551
 570535
 280260
 814999
 336881
 424537
 664238
 616933
 406011
 779031
 329354
 992414
 268875
 365522
 544311
 515839
 872376
 1064943
 800100
 733569
 423383
 709118
 421719
 362072
 294048
 808786
 437184
 126144
 1042439
 36136
 438981
 675342
 837818
 654760
 372695
 436174
 617531
 599100
 303202
 149830
 1067665
 432853
 397612
 648973
 322852
 47618
 278004
 51039
 603916
 704961
 794792
 905688
 831376
 192261
 334387
 545990
 29758
 734750
 667812
 252423
 307912
 1027872
 921886
 408641
 480149
 667671
 896023
 984559
 743324
 953201
 567859
 1038755
 896000
 241387
 649176
 888145
 610357
 957064
 183192
 58599
 890047
 418907
 736604
 965395
 1060739
 15387
 385983
 1058211
 244881
 876358
 19079
 90395
 980059
 556825
 7272
 590011
 173167
 6565
 416017
 101198
 164712
 280462
 543133
 1078265
 358210
 395834
 670949
 256075
 95174
 8142
 84828
 660374
 369982
 182395
 252347
 143262
 565533
 9564
 598910
 794918
 794065
 390415
 707077
 614402
 411918
 958174
 579270
 1055389
 451995
 93091
 186452
 655308
 588330
 792596
 226875
 226148
 397104
 1052004
 1017958
 55111
 396875
 123616
 10087
 848215
 667835
 1001517
 305948
 531076
 81700
 868434
 730797
 769038
 289600
 200028
 1089548
 52983
 715967
 665545
 248863
 450474
 231751
 88585
 718350
 544920
 965558
 690321
 701960
 1081626
 85568
 1096231
 70537
 1021011
 897780
 993608
 921562
 517855
 474427
 74530
 223330
 451164
 153333
 1001583
 802051
 658202
 699396
 292562
 573832
 766484
 532396
 83090
 433009
 1016022
 836113
 1075701
 450039
 362470
 216636
 406984
 198664
 339238
 703121
 367871
 477628
 689170
 96844
 787298
 247087
 689716
 710613
 1091002
 943675
 687539
 427101
 99916
 707855
 835689
 1078512
 1055407
 75274
 564711
 362815
 894375
 129458
 1078745
 359843
 1099583
 131967
 909244
 69640
 325452
 382019
 345248
 210449
 1042690
 902566
 201995
 220281
 500496
 552939
 930416
 1091512
 299137
 387718
 917409
 208118
 1086987
 1044924
 383139
 884107
 982702
 402994
 663730
 666749
 57526
 1083473
 787075
 658444
 248534
 973632
 325866
 612130
 635071
 1008173
 620402
 553243
 376680
 552126
 866800
 430653
 811468
 478759
 297653
 634339
 95050
 570787
 121709
 796880
 536461
 170705
 302700
 373501
 465300
 453699
 235417
 123260
 367948
 154150
 250026
 1024804
 681760
 647490
 749417
 843861
 622306
 1018520
 577005
 453023
 613094
 651807
 1085914
 527878
 724630
 594250
 152485
 392054
 824451
 519398
 900193
 1036964
 62987
 782134
 783645
 573088
 593207
 8679
 406223
 862245
 913653
 930014
 262451
 629788
 808272
 192811
 120819
 1073661
 357743
 985191
 540676
 759086
 316502
 1025961
 911500
 1042621
 703437
 880977
 891442
 1064434
 950167
 1089448
 770689
 37251
 250817
 415968
 105269
 872777
 131598
 1069719
 299241
 72622
 662952
 181960
 203902
 456632
 659187
 200671
 409291
 236730
 16960
 73817
 463567
 397625
 104956
 1003829
 1080877
 972794
 810619
 1028462
 138410
 904950
 756473
 296924
 970868
 54041
 394311
 821509
 275230
 104855
 437340
 950925
 826408
 958634
 638678
 20853
 886205
 504960
 1013524
 264748
 632345
 153739
 802798
 138916
 562867
 367470
 343894
 808647
 672605
 31154
 196507
 1033892
 1042385
 519653
 121298
 710881
 676883
 207802
 677502
 835641
 524758
 734231
 619348
 644909
 419050
 931725
 943868
 820646
 500925
 693240
 1021684
 1023147
 682818
 189455
 400768
 540784
 408149
 804767
 234485
 485356
 942484
 505761
 439610
 1077627
 23610
 786897
 19589
 175871
 578700
 460755
 402353
 998618
 751531
 282533
 83854
 1004723
 1070396
 932192
 180627
 214874
 648325
 63860
 239542
 172995
 222616
 998551
 421177
 957527
 714539
 126723
 72371
 808524
 264328
 600581
 1079580
 532449
 609308
 474139
 251016
 612116
 777391
 226880
 755466
 758043
 1037258
 521117
 193848
 473925
 275886
 219528
 902608
 848645
 376321
 1056955
 514466
 863629
 827443
 739258
 682711
 853490
 504151
 1060551
 841646
 816811
 415406
 733803
 846741
 1073672
 105863
 259946
 1041392
 995948
 684554
 310734
 250022
 983296
 517510
 378454
 210915
 893198
 1089478
 143892
 189600
 695318
 878296
 790838
 209119
 471455
 791145
 980725
 523791
 607479
 663034
 451210
 241768
 559691
 798496
 686522
 344563
 125902
 758732
 1029929
 450020
 451533
 404085
 57325
 678430
 531723
 743791
 367697
 98146
 698614
 437810
 1076936
 736577
 1027470
 594451
 1062604
 1056039
 1024175
 853157
 4010
 697732
 579272
 574697
 214365
 311621
 265725
 537036
 790903
 578580
 570362
 82052
 569588
 410077
 850238
 239423
 347770
 19373
 35770
 698274
 730462
 676203
 983869
 664200
 547134
 978518
 676591
 619542
 1091030
 543744
 221314
 146830
 670372
 63408
 14179
 163201
 8662
 585503
 879690
 799022
 232871
 1060255
 491851
 668112
 909684
 47935
 153565
 91043
 472183
 229974
 977320
 1010314
 694800
 682048
 233849
 873159
 520916
 679481
 683166
 805452
 435247
 980255
 33454
 463926
 877424
 309864
 807015
 563478
 1028529
 271150
 69336
 331874
 242715
 411835
 760613
 424969
 214058
 184748
 293313
 194950
 258121
 269655
 102933
 391035
 1034389
 931123
 119557
 654279
 275898
 990442
 797595
 208305
 528476
 572276
 645501
 783462
 272523
 199086
 540632
 548726
 157085
 345004
 593098
 493028
 366216
 113759
 207662
 1041562
 405437
 625154
 761344
 136177
 278701
 352512
 607236
 627571
 914066
 121392
 445312
 622396
 511606
 92325
 1078602
 886733
 418045
 154658
 497999
 381857
 735767
 572955
 57400
 170891
 1044791
 196366
 199780
 776982
 53465
 1089587
 460233
 523520
 806129
 1083830
 478388
 456483
 332962
 259712
 596995
 704774
 596256
 352820
 741264
 244717
 9734
 162101
 663450
 79606
 1094011
 965079
 946641
 723893
 202417
 674610
 385616
 483579
 146179
 7219
 83067
 563782
 380653
 739363
 116463
 881765
 29811
 231939
 471396
 467030
 927995
 362896
 570555
 64823
 398510
 594042
 312046
 440418
 60218
 313207
 933044
 869282
 876008
 626476
 533652
 674096
 1083327
 1035280
 429850
 15617
 972802
 56128
 773218
 321942
 719623
 95758
 591156
 664975
 1073273
 482260
 11029
 548078
 361597
 1085172
 414404
 979656
 116256
 614286
 231129
 353132
 167315
 612692
 972516
 913675
 890631
 421112
 457824
 583942
 654052
 857471
 280906
 23715
 286179
 587826
 675793
 1025125
 514886
 1035556
 639382
 94142
 538478
 666954
 391059
 338711
 218712
 343443
 805406
 173267
 765282
 496135
 212081
 40170
 416947
 847608
 207446
 1020120
 667782
 836195
 654508
 792601
 568806
 150536
 283396
 498634
 457956
 109508
 611470
 249189
 66522
 6559
 156802
 854123
 1092310
 688708
 332768
 8437
 149543
 403153
 294470
 181950
 670815
 298237
 982796
 1038888
 741968
 564418
 682191
 1029733
 646021
 237374
 720001
 761524
 306343
 835555
 73639
 642668
 665838
 634088
 1078587
 746943
 821918
 698920
 771318
 443087
 810898
 542976
 924834
 198777
 667579
 456095
 246876
 124074
 335027
 559315
 341915
 85239
 578638
 546865
 707594
 850732
 1016858
 417969
 8285
 675991
 1029435
 334050
 96282
 744672
 10499
 57139
 1022630
 715969
 778210
 967463
 239586
 191403
 799460
 617049
 1081380
 645369
 52674
 1069557
 23233
 919395
 301001
 632668
 149034
 728278
 638079
 401534
 612912
 465025
 63661
 572339
 999346
 645874
 1042444
 115372
 276431
 974274
 892368
 872762
 78809
 186071
 193344
 684040
 434683
 91467
 850979
 1031223
 624440
 184492
 507499
 715614
 665998
 1041206
 572067
 978287
 22531
 252562
 337992
 1045996
 642146
 862973
 617446
 610192
 188863
 580956
 180250
 382410
 235417
 233342
 464295
 598029
 1013611
 1055809
 508145
 282443
 271691
 117355
 360469
 671229
 753449
 853502
 864271
 273395
 829998
 583103
 813005
 516169
 430357
 445026
 850518
 576498
 823096
 50041
 681912
 691331
 228739
 525615
 1022885
 999208
 576445
 282220
 73903
 247241
 114785
 406954
 1068323
 122996
 67210
 566747
 836745
 904360
 670712
 741619
 395074
 29666
 637765
 174551
 975257
 49287
 110123
 87276
 12844
 1067929
 3808
 67681
 114803
 733178
 198661
 437990
 691827
 805858
 40522
 905509
 602816
 819099
 222643
 1000546
 743552
 277328
 466426
 896454
 166179
 308219
 560058
 26409
 560210
 823428
 233473
 233015
 566325
 636561
 285851
 1072492
 704519
 692427
 53633
 866677
 629703
 1027606
 652180
 539709
 864508
 328523
 447427
 613277
 509218
 805896
 264448
 1012418
 413176
 1045185
 867687
 574756
 428258
 666860
 667292
 795240
 631958
 84094
 799033
 98361
 1017047
 772040
 78563
 529295
 956737
 109496
 140947
 965292
 725267
 1015168
 1068250
 213205
 778972
 737074
 1040513
 433080
 100358
 216923
 296354
 321687
 309875
 574171
 119751
 88220
 617619
 137033
 1056553
 945087
 273001
 296090
 673585
 1043330
 12337
 356576
 873981
 151560
 90739
 548735
 771511
 333972
 742448
 931149
 421849
 506614
 544536
 813146
 772275
 713064
 842687
 129298
 617406
 444169
 563279
 333655
 966272
 299044
 622364
 862963
 314748
 133965
 994270
 886610
 823621
 115415
 200639
 995748
 1027387
 647359
 150553
 584153
 685566
 76691
 520134
 255000
 864588
 1094136
 848175
 189788
 869911
 435080
 346063
 232762
 434447
 720737
 5454
 572763
 705672
 412648
 243207
 278065
 1098529
 376996
 841017
 528040
 756051
 296308
 17692
 370117
 379698
 426241
 1078808
 608834
 197464
 917714
 603748
 121415
 1058561
 541114
 474549
 825994
 17068
 377970
 16484
 72046
 673710
 195927
 881273
 743455
 988344
 111288
 661182
 580740
 551083
 645463
 777005
 28311
 408541
 884428
 1071407
 935123
 1010487
 1030940
 149941
 695402
 117102
 599825
 567390
 194345
 803517
 635968
 155749
 545291
 822448
 633867
 194136
 109511
 551945
 83857
 718735
 495741
 846539
 404668
 489759
 987298
 846690
 639594
 479505
 736433
 615614
 451962
 477721
 606985
 719029
 1099287
 848064
 613007
 785666
 151544
 261334
 519230
 914561
 641234
 515581
 425657
 877416
 322816
 315743
 583512
 1011077
 838451
 1062226
 429836
 877265
 289954
 897026
 1006802
 952911
 401727
 618565
 18021
 1042814
 632806
 682942
 658401
 1059431
 432171
 1040494
 407158
 295326
 312255
 882961
 289167
 955766
 308520
 712386
 419972
 586431
 776604
 582628
 841390
 431900
 284407
 609999
 759035
 1068886
 817677
 762799
 58024
 1076472
 90714
 635762
 628472
 1058394
 715251
 196515
 748649
 294362
 23406
 1080974
 531139
 473657
 9860
 199244
 199594
 831305
 180650
 20493
 993379
 177233
 541103
 174583
 775012
 600938
 517780
 836464
 309179
 647606
 751791
 1069443
 264249
 756005
 792582
 254222
 610331
 466848
 313958
 944051
 161456
 443017
 383175
 695219
 229426
 839159
 804030
 590507
 195255
 1060277
 701826
 595917
 502101
 451445
 112708
 383993
 777462
 672915
 785206
 15770
 201141
 987357
 185053
 155020
 897806
 683757
 995347
 512149
 130339
 793398
 676646
 601657
 950565
 73544
 1076043
 432928
 365349
 707376
 603037
 204941
 883616
 616275
 498317
 684265
 738847
 1088356
 349498
 824443
 465230
 898
 73787
 609170
 529790
 127371
 642264
 1023126
 60464
 654622
 840211
 1053994
 941271
 252492
 1008519
 473712
 214833
 684344
 890921
 809811
 152205
 674252
 957098
 858560
 327774
 972071
 818213
 1096121
 881507
 1022639
 647759
 4625
 373675
 775097
 226229
 580816
 1006858
 601293
 329641
 48878
 403137
 808108
 662800
 516381
 723294
 101601
 638545
 241292
 291883
 864635
 1050977
 359264
 586973
 770498
 557978
 70160
 525071
 339377
 281337
 785844
 510327
 475322
 603786
 856667
 817119
 185428
 953896
 322061
 532858
 79009
 473443
 321918
 431229
 889223
 588759
 381832
 557643
 447768
 475483
 946851
 205181
 608661
 767708
 835145
 315381
 453353
 24158
 862439
 855320
 30878
 625652
 429578
 864233
 808014
 786224
 4093
 788994
 665306
 52970
 851426
 633799
 800247
 463487
 104783
 784544
 846550
 76939
 358424
 911486
 487087
 970191
 61481
 871483
 708576
 666727
 513377
 670604
 387010
 1058069
 441223
 1027231
 357464
 224064
 1037285
 381231
 760897
 449020
 538475
 792903
 571484
 639670
 312600
 753494
 308226
 53317
 1065867
 83964
 1026485
 689726
 650156
 538548
 647959
 348875
 706147
 625877
 283421
 712702
 112941
 934034
 651044
 603974
 996292
 689523
 64715
 755607
 368446
 278839
 1033933
 324020
 275216
 311243
 278166
 164484
 682266
 130323
 384224
 822321
 267178
 415758
 993461
 498898
 836069
 513078
 344291
 917004
 619779
 1081838
 744623
 120823
 345592
 654290
 336664
 991954
 272971
 184230
 350601
 998942
 690028
 49830
 387168
 1016080
 204517
 99220
 69703
 294656
 515468
 790906
 990730
 172502
 663680
 801912
 182974
 205314
 272384
 209490
 455191
 181348
 701350
 991811
 981564
 321709
 250535
 330331
 758105
 55637
 756759
 159094
 974618
 624466
 205661
 717268
 537998
 749661
 696580
 1079711
 551049
 591732
 173327
 27410
 521674
 129738
 531022
 571550
 582783
 559017
 633418
 163839
 211765
 468935
 143045
 197139
 136063
 776499
 150837
 1088151
 213263
 976552
 891648
 701802
 1064287
 1075271
 331213
 443189
 773950
 725704
 298284
 711319
 653756
 349711
 1089004
 422759
 809013
 369466
 842152
 75063
 973832
 600604
 916130
 639988
 986917
 331945
 753443
 221754
 494134
 853767
 77895
 671258
 475471
 394712
 612087
 961615
 580402
 535334
 308874
 348202
 775285
 29165
 555543
 968999
 5233
 880782
 100043
 322908
 631350
 551699
 91994
 39709
 404587
 1020222
 926145
 1030568
 255936
 799024
 45059
 10851
 626323
 969789
 57219
 398974
 874897
 918001
 404760
 425557
 754926
 739080
 181896
 555982
 642243
 229185
 206852
 555823
 140753
 736976
 110133
 755853
 1058416
 128678
 828225
 171503
 128873
 155486
 1052327
 202366
 81360
 489247
 864004
 861694
 126528
 956573
 915995
 1066002
 1019339
 723148
 925856
 249671
 821842
 557247
 1021623
 232258
 984561
 75946
 800568
 151457
 208105
 670122
 481528
 792920
 916990
 332981
 60097
 613875
 348942
 295231
 386620
 627975
 469496
 769759
 761698
 151989
 3993
 554399
 666788
 537803
 511205
 416197
 278325
 780781
 282935
 589132
 189921
 1067841
 107068
 547303
 97757
 137674
 503788
 405476
 299619
 468372
 746015
 12029
 329438
 834474
 1085790
 968078
 385602
 188159
 1074808
 253720
 988958
 597293
 646753
 1035085
 17937
 179703
 1037582
 928402
 181303
 321623
 756568
 386728
 439921
 448475
 774073
 106556
 584061
 672961
 821849
 875213
 371861
 270428
 700389
 201670
 373235
 444579
 470447
 290887
 856437
 554172
 829034
 821244
 390975
 521574
 965809
 139492
 759559
 437785
 31328
 986059
 671713
 356913
 924618
 316072
 661092
 150555
 43577
 296971
 1069735
 560450
 133945
 719773
 84068
 440363
 882410
 118244
 237672
 466955
 638009
 612994
 286012
 990146
 916055
 343086
 559617
 182063
 367889
 368547
 867558
 698358
 290944
 793834
 506744
 353167
 417903
 817759
 876661
 118385
 147727
 250385
 489699
 11958
 42017
 660642
 597821
 278833
 1012102
 627752
 713727
 1083710
 489301
 1065817
 361201
 1028753
 899907
 1039500
 174190
 105939
 995285
 475250
 488495
 756511
 1059324
 859990
 305803
 428279
 241273
 80726
 447769
 811768
 443915
 983436
 273218
 372088
 887450
 147786
 408782
 983679
 653946
 546752
 100977
 534491
 907605
 575961
 488355
 886318
 423328
 388934
 759046
 325144
 371241
 974269
 150256
 319874
 597997
 789505
 278540
 905522
 900754
 1010045
 168263
 604224
 438215
 55156
 854052
 395056
 695956
 442976
 1019374
 597739
 355563
 668227
 318617
 925485
 823774
 951201
 322681
 733645
 678426
 657439
 467534
 645690
 871954
 432000
 86129
 463302
 1030664
 282884
 715426
 522272
 1083863
 304178
 1008051
 225652
 35085
 222732
 830582
 913044
 785461
 662306
 474610
 116156
 997514
 645839
 526129
 142874
 881018
 853855
 685946
 8805
 1085579
 352557
 155236
 309926
 924907
 1042444
 104553
 792942
 660926
 970954
 812274
 199231
 628423
 950719
 677224
 840762
 412652
 1039078
 664602
 1003110
 852865
 670338
 836744
 352708
 518227
 1084730
 702041
 111820
 270952
 146314
 458377
 121034
 905480
 733545
 548518
 331867
 345797
 218167
 932231
 330668
 1050320
 600609
 276867
 575370
 705652
 617503
 1064385
 348541
 1749
 117164
 59017
 691322
 535849
 980874
 46081
 671799
 936785
 917939
 599578
 971358
 1031752
 225434
 1031210
 455400
 1012235
 745591
 515599
 169027
 674549
 328987
 160845
 648319
 995020
 606838
 273057
 1060479
 804284
 483674
 982063
 546011
 888646
 972790
 300151
 692587
 403623
 90537
 1079037
 753324
 416520
 974630
 811670
 714397
 196112
 742580
 999831
 160338
 511116
 393337
 56077
 4739
 725816
 473018
 778095
 369560
 965265
 712655
 820879
 91371
 205932
 765187
 151013
 227478
 711158
 613082
 130118
 539872
 946169
 868435
 18359
 491315
 681835
 551892
 613467
 171605
 482604
 267800
 792304
 270164
 955230
 191833
 204856
 1035178
 933325
 314342
 133505
 324949
 882313
 687484
 913869
 694668
 985684
 23218
 375440
 31226
 658807
 356006
 531142
 994674
 453866
 148606
 271947
 739293
 318140
 1008356
 787922
 943834
 79712
 564071
 299490
 512015
 508791
 795738
 844836
 343264
 317708
 337535
 745639
 600822
 1043877
 707126
 441147
 1087810
 1014852
 428615
 710239
 369450
 496344
 413041
 436507
 597598
 563390
 358104
 897047
 934997
 568660
 607563
 798373
 875188
 962010
 549206
 879957
 996070
 813605
 55826
 293744
 591617
 151531
 591199
 914300
 1055602
 1076891
 746235
 922725
 28548
 1092082
 535854
 695557
 989604
 857087
 842250
 988228
 921475
 111033
 95724
 223884
 51836
 309884
 720456
 1086330
 239824
 993180
 598094
 656100
 507344
 50797
 4718
 990798
 759016
 562509
 170047
 579495
 679807
 416896
 243323
 137879
 995807
 477300
 936361
 405482
 27983
 1004577
 971094
 972874
 839440
 970406
 585665
 738907
 387655
 1007564
 402768
 774525
 568857
 859421
 267761
 567920
 71531
 670160
 617998
 519399
 413316
 396853
 384828
 263688
 511124
 802377
 11497
 262775
 9607
 1083021
 904875
 139603
 610013
 973892
 570935
 665727
 835038
 1033310
 451569
 226375
 1001964
 226700
 902576
 392312
 241690
 1085260
 707703
 412176
 774163
 637273
 1063339
 1075728
 373201
 717011
 270620
 558936
 534
 333910
 180939
 600004
 1012337
 497209
 272429
 465127
 953091
 187954
 1061996
 399330
 391861
 1057427
 503873
 863537
 950191
 519113
 34689
 513249
 877521
 1015741
 855872
 1086618
 508723
 584637
 587202
 872856
 984104
 726685
 387379
 350048
 547779
 664117
 279781
 385884
 963424
 18737
 712436
 768733
 918589
 940045
 703311
 315415
 770675
 220332
 749143
 558657
 500880
 784912
 383991
 1048768
 871366
 397555
 837567
 271525
 690619
 270692
 842047
 1066215
 1080471
 791438
 367152
 763153
 494532
 742103
 65371
 213550
 609088
 20352
 1064918
 124301
 1075278
 588522
 450260
 183697
 927082
 22157
 430135
 468238
 375806
 752765
 583208
 797570
 952821
 702081
 19017
 293966
 478087
 54349
 426900
 952008
 834573
 389314
 207344
 312100
 951277
 737463
 508524
 897344
 249599
 122926
 105467
 585437
 976069
 989229
 521137
 548238
 38402
 919078
 645740
 690947
 168834
 1097837
 321537
 335910
 733287
 180087
 655229
 799699
 905855
 305325
 52144
 894801
 576929
 610932
 870604
 621955
 474928
 871122
 1015354
 102370
 581441
 917986
 311599
 845678
 197983
 484281
 658442
 808428
 92224
 28691
 327478
 3819
 530934
 606068
 729425
 861709
 620892
 441677
 309082
 155371
 141322
 164441
 4877
 821800
 445911
 569404
 96933
 475811
 430978
 246361
 999801
 70265
 1007996
 122163
 247821
 1082176
 644861
 61981
 264671
 984632
 343505
 731419
 255683
 181618
 587222
 112329
 1024171
 667214
 390712
 967567
 584555
 154399
 454168
 937396
 980122
 1067178
 980000
 400684
 279849
 333013
 592395
 1080795
 299109
 1081697
 1056598
 145980
 193492
 421823
 421085
 605508
 7564
 1027210
 304752
 453695
 74859
 105802
 451855
 728942
 563397
