73701
 987853
 437360
 464605
 889523
 1005608
 799143
 209157
 396192
 68871
 607318
 317799
 58347
 1075772
 846777
 1053970
 186297
 1002682
 348361
 573693
 103453
 608301
 13380
 922035
 271586
 1041665
 422106
 318069
 832427
 390463
 366872
 1069460
 22535
 81148
 1071867
 449685
 87221
 637839
 425213
 1008424
 11945
 1041584
 539655
 57288
 154910
 1017940
 209630
 411211
 862610
 437238
 491123
 1085619
 584436
 924900
 622531
 393316
 821048
 245390
 838783
 35935
 533553
 919017
 834002
 676356
 778658
 761306
 39760
 772449
 1030935
 888013
 375810
 1058166
 161635
 276335
 271510
 726342
 106731
 601856
 966227
 482357
 222085
 532706
 246127
 1063657
 598835
 520526
 1052762
 973052
 296843
 289857
 59994
 131932
 167154
 843114
 867403
 693726
 434855
 526575
 967528
 443829
 465440
 717450
 1076696
 193797
 855104
 893760
 1082699
 230101
 977049
 462930
 81462
 1054999
 716752
 1010367
 278219
 942050
 683232
 1090331
 426213
 884932
 497098
 131446
 1006846
 882261
 292227
 368911
 256747
 597514
 348991
 478338
 88647
 987275
 932860
 595290
 798214
 31144
 850141
 278101
 414994
 251230
 202789
 399419
 817750
 437073
 321800
 1055411
 39659
 924989
 899556
 802968
 469623
 556029
 912630
 893079
 336978
 735526
 726387
 214364
 778529
 545318
 534026
 310170
 1075017
 438837
 738652
 143746
 283150
 85112
 634132
 409994
 347734
 407352
 83910
 366527
 18138
 1006351
 712265
 137426
 1071749
 764762
 84925
 998609
 1040109
 493450
 1039548
 403383
 541028
 828000
 594908
 683246
 895508
 183562
 623074
 67987
 165387
 510616
 896523
 804421
 358486
 58104
 67609
 151442
 522606
 977266
 487006
 1095363
 510685
 573143
 800866
 764093
 579294
 757947
 425263
 652442
 16578
 466240
 1045736
 534434
 757966
 791233
 135024
 489500
 207608
 122793
 622703
 498507
 72497
 676670
 611138
 248451
 764597
 561589
 1042831
 868808
 981912
 137832
 169576
 741973
 119839
 134309
 523365
 593973
 625930
 225824
 1064875
 184169
 696273
 777127
 1046465
 26238
 244634
 803431
 879538
 950739
 497855
 836197
 129769
 60487
 135306
 158758
 1060289
 977631
 411182
 786502
 598615
 364511
 1015048
 175486
 1073144
 92183
 846569
 62948
 993712
 10405
 527694
 213057
 1071508
 451295
 696540
 635067
 707647
 1079923
 594742
 923086
 596699
 198148
 1037579
 355174
 29975
 987899
 908825
 753993
 398313
 644263
 542591
 1003038
 152277
 1013968
 504312
 153268
 626092
 799847
 61470
 475822
 624637
 1055073
 902871
 371620
 851499
 774219
 334187
 157264
 851953
 791423
 959526
 439753
 4601
 435278
 682103
 346931
 380032
 382595
 72662
 956399
 924142
 487700
 494280
 820288
 362977
 647926
 76132
 163959
 568356
 611502
 1098176
 626135
 928892
 550178
 374688
 417112
 432710
 813761
 712008
 477912
 788890
 1053841
 570672
 34745
 212488
 818265
 126918
 370594
 577535
 622761
 232832
 22092
 93293
 616205
 445026
 517930
 302596
 1099369
 851472
 289211
 1041131
 1050915
 583023
 1018478
 441358
 68738
 554357
 50492
 463264
 653885
 904407
 494981
 759290
 1017480
 693537
 857912
 80654
 737327
 914164
 679007
 1048920
 252805
 937212
 832532
 245168
 278103
 152773
 660218
 491457
 562536
 783830
 594828
 341892
 782171
 315318
 821060
 702246
 634975
 860082
 459197
 1085530
 1071592
 714725
 503674
 78488
 920762
 4344
 177339
 365705
 615433
 41190
 575320
 971667
 821431
 446712
 1066882
 662684
 210220
 275051
 930095
 830553
 720929
 79506
 54890
 800177
 148523
 1033297
 357842
 696062
 848149
 741815
 546256
 489565
 224126
 740859
 30965
 299282
 1074346
 845090
 20313
 346540
 174221
 1025378
 455712
 666659
 834330
 282054
 1047816
 426393
 966155
 457952
 297517
 729608
 114047
 897488
 453749
 480126
 743338
 585085
 433495
 761253
 268751
 638029
 1026831
 249286
 267760
 399039
 195903
 871388
 1018767
 403861
 924837
 70134
 601049
 296518
 445979
 916909
 650635
 1003193
 613478
 902829
 258614
 654276
 288529
 996298
 948736
 843435
 648590
 617816
 699280
 628819
 280890
 784338
 653078
 922653
 297915
 156973
 949998
 1089932
 740563
 949880
 987135
 150066
 506277
 374477
 485558
 471322
 451822
 899689
 689574
 986282
 626297
 442666
 899583
 631292
 1077865
 398283
 574670
 1071069
 210680
 522571
 601188
 911770
 695591
 292011
 23149
 814353
 479434
 962606
 700624
 516681
 847883
 448247
 313550
 1020057
 820407
 941731
 887801
 210336
 525272
 733796
 612582
 944281
 729077
 1050342
 856749
 688130
 251884
 1065921
 860754
 332635
 87802
 37962
 836528
 327420
 331170
 904262
 497240
 538189
 671481
 680984
 1020320
 904927
 966675
 667967
 795660
 394165
 161344
 125572
 732710
 48679
 136276
 1024060
 186445
 547972
 313256
 1001400
 255722
 326014
 376359
 568632
 414630
 159740
 914512
 422159
 343118
 449088
 480855
 629097
 939212
 394386
 585829
 1075327
 434998
 125768
 482009
 364972
 303767
 408982
 675435
 365007
 190956
 1086285
 355654
 854851
 122540
 187939
 610273
 34981
 551090
 993378
 1082960
 868809
 753427
 17454
 1028438
 577090
 474784
 115133
 1017677
 294192
 19872
 1036663
 329344
 283787
 295448
 584372
 516233
 417609
 811089
 9393
 421176
 838664
 811545
 616777
 400489
 23453
 494944
 903586
 440524
 763985
 922441
 944824
 772236
 359772
 879531
 18631
 902264
 55653
 194638
 344840
 1094326
 32312
 392174
 776967
 756783
 919298
 170550
 479471
 485675
 585227
 497166
 429621
 806511
 120128
 795571
 970818
 14245
 247819
 479576
 284977
 157423
 347576
 198013
 687312
 514560
 375790
 342404
 417362
 783768
 1054417
 49033
 574497
 605084
 956252
 206869
 614642
 943694
 891704
 306184
 789059
 175337
 223585
 988031
 251180
 371478
 484411
 624357
 1044575
 690171
 417495
 962126
 296526
 901595
 362486
 308112
 505464
 246231
 744182
 700908
 32470
 172192
 827018
 997418
 930417
 912977
 1093087
 770402
 1042515
 171416
 342998
 354894
 580853
 237586
 514749
 877194
 774437
 260312
 674941
 337069
 340493
 928006
 763108
 41109
 499523
 208707
 1070883
 501383
 540181
 180172
 799007
 910464
 1065182
 738027
 821421
 635254
 453827
 678846
 747515
 187299
 983616
 467226
 1013010
 1076553
 353968
 236208
 1027675
 14312
 381659
 814751
 111991
 1016776
 552833
 221134
 786540
 560815
 35207
 44463
 450818
 571357
 587360
 1041881
 454254
 679674
 88704
 1059999
 239876
 415800
 181448
 1060214
 259868
 322552
 1020086
 1015201
 196854
 708346
 656036
 363042
 230210
 13439
 622447
 892476
 820266
 438041
 608544
 652075
 1015184
 810068
 264355
 980717
 265519
 762918
 701604
 64596
 177991
 309570
 367043
 606269
 492161
 550163
 155278
 404381
 850982
 347548
 726597
 656401
 517758
 474490
 671319
 1055916
 548416
 291915
 636908
 828967
 906815
 684075
 469740
 639123
 856221
 680629
 10710
 275028
 957851
 365420
 676645
 712960
 691597
 924941
 80604
 825598
 93471
 634478
 46359
 42608
 34553
 572306
 624204
 360791
 1063673
 679864
 1063023
 379552
 807970
 1038967
 55435
 982384
 703087
 470358
 423565
 121898
 479270
 639237
 190383
 565060
 68685
 146306
 423726
 223977
 762369
 1024771
 955424
 958723
 697015
 219207
 302307
 372178
 445714
 170686
 866494
 247636
 1046006
 701781
 1075774
 175350
 480935
 329782
 232494
 105075
 881939
 85673
 223001
 824534
 427614
 786874
 793314
 1054320
 837118
 769190
 60891
 909593
 94596
 412902
 842297
 1055785
 271841
 170188
 546094
 429889
 504152
 335571
 43194
 734996
 471682
 616276
 550754
 904670
 717945
 182385
 115966
 351997
 112294
 120837
 483585
 677938
 554865
 22539
 89163
 374288
 91289
 899693
 636984
 117539
 1032747
 703710
 718012
 1090943
 826340
 63563
 954112
 879249
 533453
 395963
 411376
 678980
 234338
 89707
 832651
 157621
 266704
 569032
 653255
 577846
 745650
 221689
 110081
 117079
 923788
 308361
 413359
 427514
 369066
 593866
 409930
 626071
 210665
 848537
 906728
 754633
 9042
 363772
 213420
 399478
 333290
 237956
 238194
 488025
 708437
 738879
 734952
 878491
 1096624
 313778
 464524
 19229
 1044238
 883262
 597928
 554422
 757753
 562043
 886774
 948697
 1014064
 972646
 519491
 742460
 677721
 785581
 248875
 1040511
 766154
 249226
 61010
 1013936
 142467
 727695
 786657
 995662
 663668
 686062
 954023
 943199
 28576
 893151
 122664
 913480
 831599
 691315
 425607
 880155
 745061
 961629
 660772
 198233
 553843
 310447
 1079589
 808426
 789397
 595972
 177979
 819113
 714068
 978319
 118590
 677961
 1004359
 441168
 183037
 996196
 1016649
 915544
 821209
 685208
 903748
 924609
 571535
 407170
 881080
 671543
 963526
 561544
 672959
 259716
 33812
 125378
 248768
 480695
 716617
 419522
 452304
 717781
 923873
 479487
 589749
 996752
 100599
 737194
 896188
 71656
 667607
 682192
 926061
 175284
 539983
 745647
 802914
 954479
 123708
 14761
 1024913
 276557
 18764
 362521
 756165
 870823
 893756
 819214
 141949
 63127
 453209
 247329
 878176
 864317
 186576
 764101
 124971
 632569
 572306
 882727
 244243
 58119
 676833
 666974
 32734
 426407
 239863
 841533
 84834
 909759
 1011488
 825005
 574104
 619367
 19919
 985187
 680596
 875859
 849443
 21335
 259974
 1074275
 751004
 610588
 124554
 138248
 319337
 442566
 116438
 750300
 488427
 242716
 41598
 30826
 283895
 677378
 1053883
 786497
 794922
 157289
 442210
 894305
 811809
 352893
 117142
 845316
 778204
 934918
 298326
 196690
 165249
 234004
 155423
 261502
 500994
 221602
 253571
 348973
 926053
 892387
 535452
 80350
 212744
 775436
 1077488
 248461
 389204
 367160
 1020657
 938239
 585478
 25408
 111020
 199254
 95915
 959144
 86617
 259705
 1054630
 753904
 1010786
 389667
 997578
 626404
 586527
 606598
 515834
 363482
 332127
 54968
 272912
 153871
 139741
 668167
 902409
 699674
 374882
 655721
 263798
 788245
 713320
 651988
 302414
 747367
 630667
 396029
 446307
 107874
 977293
 540447
 859500
 50174
 63985
 28505
 904421
 696448
 99770
 795843
 186507
 559618
 630957
 480867
 413725
 80529
 1072729
 674677
 215488
 718247
 873767
 980285
 835633
 223924
 625232
 886991
 1072973
 581873
 653917
 830381
 839863
 197452
 922938
 850414
 931956
 290449
 281103
 1081925
 771067
 986194
 628846
 879373
 441482
 373697
 738175
 904441
 215240
 341170
 340477
 338253
 770453
 36997
 128698
 16174
 695649
 518261
 855662
 161218
 308192
 79491
 156605
 87443
 334905
 236097
 364407
 387540
 622893
 1006516
 386158
 615054
 188407
 493194
 788214
 211185
 540778
 184211
 312959
 325895
 979340
 611848
 957374
 962393
 635777
 644455
 373798
 3208
 3361
 661537
 215841
 746077
 591176
 168212
 138138
 806991
 1097330
 904090
 513557
 97351
 87275
 781301
 357175
 131223
 679624
 131538
 997543
 429064
 466530
 976539
 215624
 621368
 1030450
 252418
 68075
 154008
 102386
 133987
 1032208
 850531
 340726
 784716
 301498
 856169
 389100
 621853
 605476
 201025
 907174
 861664
 589670
 905641
 1078288
 996660
 173914
 784015
 1073125
 276133
 594071
 850433
 424388
 484009
 338228
 471535
 1020895
 336835
 933619
 667134
 56655
 244319
 839025
 341190
 287267
 951619
 69741
 731522
 383974
 426129
 860380
 22848
 250334
 285520
 62962
 264767
 1059512
 739811
 423249
 931984
 617306
 221427
 1082430
 1002280
 121829
 841954
 64038
 566779
 392485
 964305
 645112
 316070
 513214
 566393
 566033
 841440
 1049050
 283245
 304048
 401379
 805828
 383626
 316658
 111157
 494415
 465373
 115058
 85322
 1059554
 312874
 769356
 192793
 496956
 7663
 1012856
 347120
 73377
 414203
 237679
 53261
 598203
 42364
 918975
 504513
 338451
 536755
 224821
 53267
 1088355
 355408
 757281
 445107
 24607
 66528
 902641
 218557
 592535
 471470
 1054232
 439315
 778489
 312288
 3751
 1079005
 532586
 256122
 778143
 41147
 281930
 20942
 1047632
 301504
 960157
 602483
 434026
 652912
 302762
 600416
 1084097
 854376
 460025
 707270
 508231
 133311
 998573
 495652
 450937
 908915
 603457
 701088
 777883
 285702
 940909
 394376
 858770
 191911
 709210
 926845
 479665
 638169
 870570
 385231
 822720
 742057
 1072748
 158947
 804897
 286062
 476269
 810337
 136143
 481871
 819651
 1075880
 763545
 915429
 377914
 362670
 1086044
 940408
 662639
 1020189
 669353
 569499
 871929
 719793
 402199
 687682
 857879
 449380
 1011022
 226625
 212306
 508895
 958518
 484067
 582270
 65279
 698879
 798534
 372483
 327449
 781311
 68318
 123285
 379487
 553700
 750328
 336098
 342942
 646792
 433442
 310732
 59503
 663822
 171876
 580166
 900940
 89527
 335328
 372710
 669831
 458679
 976682
 750480
 149572
 671399
 667499
 890274
 130664
 840072
 598220
 752108
 243056
 299125
 1067835
 58511
 167105
 846241
 911650
 415986
 856308
 209312
 291089
 1034865
 760681
 175674
 108679
 136007
 74417
 796668
 559907
 304329
 740706
 269225
 189616
 694303
 209584
 737713
 15242
 452282
 723677
 1006451
 597254
 1050070
 836537
 1033667
 914792
 563423
 920009
 383058
 1020655
 17896
 1077095
 958869
 669268
 89058
 866974
 231172
 132301
 562076
 783197
 830630
 520391
 1098568
 466821
 13536
 711095
 314687
 1043235
 627185
 194440
 23390
 548056
 135509
 637614
 229393
 676311
 241658
 932151
 737523
 1023458
 951081
 1064098
 55166
 763566
 312699
 33189
 221766
 360238
 64173
 1093348
 701413
 586678
 23023
 543439
 52324
 430272
 279427
 500295
 514344
 680607
 27123
 1065992
 104322
 246854
 795179
 282534
 275620
 340149
 493932
 626588
 1029731
 910669
 1001256
 47665
 612026
 321542
 55871
 1063109
 511552
 750034
 787988
 794021
 24067
 985765
 490073
 832818
 246735
 20456
 38245
 1034949
 110257
 845789
 685509
 766192
 439969
 170071
 1032929
 140157
 339253
 222316
 556949
 127166
 782068
 85658
 277972
 631807
 998875
 36596
 907141
 846809
 442777
 977035
 911231
 12192
 760009
 845612
 198232
 589450
 598605
 830690
 237120
 519471
 723082
 631934
 125729
 6442
 12896
 383894
 194081
 481335
 50311
 50269
 483352
 476843
 388037
 1075426
 372880
 523770
 112747
 973761
 316699
 46000
 233873
 300472
 443516
 1098774
 770689
 677308
 159354
 383008
 202463
 805140
 762133
 86729
 835025
 303771
 174442
 968053
 835659
 955740
 483663
 681868
 686041
 1083117
 875274
 171909
 1093942
 810940
 1099823
 468894
 880924
 738850
 1007759
 135471
 107129
 1087109
 550839
 759905
 686415
 958665
 40227
 681443
 167509
 974376
 825639
 595063
 1096918
 547400
 846742
 1047742
 387539
 115691
 466502
 1079193
 1047428
 815948
 996090
 101841
 656586
 632962
 558631
 807851
 589049
 913487
 71991
 651772
 1008537
 68632
 713943
 852987
 18842
 1064886
 579995
 734147
 193559
 991220
 772738
 743802
 295785
 65630
 237667
 703830
 869
 305690
 621441
 558216
 986342
 380863
 432646
 552063
 521706
 663704
 1060106
 882015
 282688
 462244
 174601
 485516
 887532
 806887
 29108
 590137
 645936
 696874
 426719
 117833
 142963
 487050
 522087
 643762
 583459
 31786
 453768
 755041
 248604
 296418
 692743
 980364
 796075
 1070971
 231085
 255646
 297523
 198481
 84186
 858954
 512874
 354933
 494154
 114182
 980942
 695765
 133086
 926876
 1087006
 1068084
 181520
 978354
 1033921
 51263
 418540
 158777
 576349
 493946
 131589
 156624
 537099
 598952
 958453
 683424
 1076406
 923261
 34471
 365447
 428953
 959240
 447048
 445932
 780468
 207582
 17589
 336654
 876072
 664900
 1064551
 14100
 787910
 173840
 104306
 337875
 329672
 740837
 1765
 571055
 947167
 46094
 323145
 841778
 569247
 1039131
 1038766
 738912
 1050216
 984588
 831185
 863302
 947224
 397376
 744884
 77721
 578429
 714930
 1014026
 673436
 1004923
 1020343
 351354
 555131
 976758
 871733
 323793
 578764
 129969
 597094
 622773
 73297
 250494
 410407
 1015306
 859732
 532742
 201296
 758508
 533459
 22780
 811605
 871327
 827461
 875346
 344580
 462087
 820333
 597062
 407850
 562558
 43607
 642422
 309715
 729301
 873408
 486741
 339948
 367566
 311613
 248727
 9700
 138058
 34328
 598433
 630319
 1002769
 246090
 687003
 180786
 1058182
 284834
 454447
 507931
 924136
 421545
 1091751
 355163
 95141
 936762
 851419
 110871
 601610
 809042
 1043911
 68650
 696691
 875155
 842542
 133898
 379296
 209750
 375741
 142536
 256263
 52754
 549208
 412892
 889305
 779904
 123762
 139691
 547667
 886529
 820679
 720182
 226061
 460575
 936751
 787904
 983922
 994145
 1003708
 367285
 903971
 617831
 465798
 235585
 102693
 43550
 943638
 769458
 988725
 628516
 247528
 143348
 227709
 97274
 262002
 544501
 544193
 402139
 435206
 585876
 52934
 256899
 480142
 250818
 1090126
 984563
 210439
 168103
 597685
 213438
 441238
 665224
 723071
 229141
 621639
 420717
 612053
 324430
 918660
 1051879
 182564
 904567
 694305
 130836
 717988
 258626
 12750
 1030485
 1025978
 604977
 193539
 877
 52699
 341023
 241811
 952509
 465056
 768912
 824894
 920990
 117429
 1031194
 174141
 375281
 430549
 119878
 1078357
 724396
 746755
 1029650
 1057470
 11246
 1016968
 796022
 906455
 608884
 157200
 621680
 416999
 432421
 896826
 585258
 177708
 141980
 808550
 658128
 744903
 408546
 962119
 44943
 453174
 607802
 328323
 384256
 832649
 1028496
 1009898
 536189
 362749
 409896
 412399
 765435
 822614
 1078885
 170247
 118825
 882772
 65495
 615491
 463134
 464076
 360991
 1081992
 285451
 504488
 506559
 6788
 567702
 327463
 154892
 326979
 464037
 1064965
 1025805
 77659
 403345
 69382
 441747
 427443
 106781
 72306
 782093
 641127
 769744
 108991
 401680
 125341
 221581
 384041
 845550
 625474
 947329
 888044
 508249
 473827
 1013363
 176786
 183054
 866284
 545031
 387189
 351588
 120116
 396452
 306163
 246949
 73174
 365320
 504943
 493388
 609184
 765174
 68695
 746806
 162055
 724766
 483982
 293345
 102801
 970808
 908606
 849777
 99215
 279229
 972235
 276158
 686124
 1062482
 487548
 148498
 686141
 244646
 986941
 521467
 906985
 300228
 644986
 841374
 991860
 193448
 667687
 685456
 825122
 778472
 731052
 111856
 525486
 129854
 516253
 219588
 356366
 773172
 705618
 1050569
 1024547
 106144
 263844
 492111
 813988
 120950
 354200
 992629
 948445
 587153
 72600
 878622
 991935
 648853
 898579
 426180
 1089355
 169516
 683201
 973068
 749602
 110635
 415660
 979555
 150057
 636784
 120942
 620047
 783660
 714985
 724653
 989271
 819184
 86559
 113061
 516725
 485011
 560020
 264580
 1054132
 574130
 88129
 929986
 395452
 481431
 1069972
 952599
 609979
 955863
 765191
 2060
 919451
 4210
 392943
 528727
 796879
 538759
 120131
 43287
 671081
 300153
 418965
 1089585
 971638
 863463
 281273
 1015332
 809638
 999254
 790267
 559340
 918659
 1096577
 1048637
 320736
 1063775
 357519
 378983
 510794
 763355
 561001
 387536
 253310
 537383
 151972
 557665
 255726
 764490
 1032971
 803743
 517080
 1091987
 601553
 152266
 518901
 432437
 12757
 428962
 2503
 24338
 473840
 484118
 675537
 32965
 1036878
 159014
 783255
 953978
 457540
 7451
 878929
 159156
 29809
 324763
 307330
 219927
 120879
 702663
 139133
 493808
 645811
 740484
 785363
 526332
 972553
 75476
 990077
 853012
 125072
 1084126
 786319
 640705
 939030
 664401
 44984
 230431
 221784
 405881
 722422
 83434
 864759
 1028831
 341328
 634064
 446077
 113274
 1077062
 527664
 1065750
 240311
 812035
 833971
 468900
 306043
 634507
 48658
 677580
 928616
 280185
 1013344
 1082695
 905942
 249606
 176083
 410263
 922015
 856807
 982725
 667600
 384956
 507896
 351981
 341354
 388258
 29417
 996486
 681159
 971749
 190438
 620770
 782474
 850547
 622849
 853466
 191778
 596446
 927081
 445427
 507370
 234570
 721091
 419538
 198290
 277527
 646538
 215329
 698648
 962327
 331534
 685386
 679238
 345557
 376327
 1097732
 921114
 557732
 1030292
 1013485
 883111
 107506
 737028
 1045809
 102308
 211214
 372953
 928397
 1062350
 31222
 101158
 51567
 898160
 422421
 837619
 161001
 487230
 753288
 778598
 104895
 90497
 987500
 72002
 1039790
 912269
 65878
 586898
 57418
 126042
 753207
 194447
 147734
 521269
 715519
 167010
 794368
 157391
 912379
 117997
 1042008
 506502
 164313
 37536
 678046
 674317
 560428
 954943
 923390
 538209
 700353
 890787
 807507
 608704
 739099
 233844
 434620
 834114
 372634
 859389
 952857
 632859
 212510
 418446
 931578
 1075927
 740960
 947389
 4918
 1016751
 930102
 804914
 75431
 610911
 119603
 489810
 848264
 1007289
 496178
 631279
 189191
 93824
 909486
 738727
 331907
 346486
 200128
 1042812
 1071980
 843497
 361564
 241827
 712192
 237595
 859090
 149134
 687930
 549066
 210856
 490758
 294305
 987409
 551704
 216478
 320645
 991299
 221961
 867533
 196200
 1008833
 582761
 74179
 1029049
 839712
 280088
 534474
 349066
 201825
 379493
 106928
 675103
 342960
 18989
 734412
 292963
 162368
 424441
 242531
 544387
 882408
 619053
 596613
 96455
 251997
 680857
 674893
 369870
 897038
 387309
 413010
 606438
 608980
 507559
 312679
 675344
 840367
 639486
 727541
 620322
 155692
 624030
 568890
 1092301
 135992
 304699
 741199
 561350
 778912
 1004568
 106376
 995109
 762341
 78634
 455327
 480840
 578892
 1070910
 401392
 1041043
 868749
 472875
 465585
 572966
 524205
 657950
 636455
 707520
 114644
 432317
 963502
 180797
 619545
 597665
 488686
 342027
 903864
 979117
 647211
 471451
 1039254
 712473
 527284
 560590
 300872
 938293
 887806
 143855
 193412
 280994
 745423
 340012
 88068
 757950
 626276
 529228
 590744
 469966
 669701
 177117
 938072
 79130
 717277
 462424
 150189
 1024330
 344774
 480833
 1083025
 494687
 548543
 22631
 350261
 865600
 624595
 979524
 680487
 285985
 794651
 455029
 880630
 1043357
 375334
 280322
 562018
 1013654
 879392
 1045205
 1064595
 377404
 776830
 832134
 497634
 939935
 1049873
 3085
 852877
 802556
 390825
 858776
 641145
 185534
 52991
 850642
 746740
 297656
 732137
 998313
 93613
 950547
 837171
 704491
 128489
 80352
 751867
 123974
 408399
 1094360
 328167
 664611
 393041
 626825
 287120
 852153
 855413
 589180
 289241
 83887
 876259
 902644
 854226
 909888
 813228
 904861
 1029346
 627171
 622469
 483072
 260996
 2179
 180774
 862535
 942654
 104462
 410304
 901738
 824017
 176339
 449680
 460867
 1022754
 665647
 475175
 408091
 12978
 24868
 162855
 877726
 566331
 243364
 268820
 977905
 725719
 710430
 6669
 210204
 243917
 285738
 875513
 1069000
 764092
 701702
 256333
 1032820
 284361
 977122
 293827
 590315
 314171
 1873
 370813
 1024484
 598421
 317498
 445237
 1029219
 290005
 530115
 682145
 154293
 837929
 1009429
 759376
 993345
 670066
 774781
 271308
 803264
 673808
 265706
 791568
 511962
 863518
 557926
 1019411
 870657
 819608
 247017
 831183
 174942
 239584
 318155
 255621
 447305
 698627
 872616
 1022069
 723282
 744601
 536646
 637993
 300017
 264283
 580965
 13592
 539776
 150659
 504827
 1010839
 1085250
 873427
 318645
 760162
 741926
 297483
 708164
 334888
 56246
 2193
 829200
 641012
 424557
 109427
 512001
 378290
 78315
 676137
 563438
 872096
 489972
 489446
 1097675
 995595
 889179
 12856
 533678
 113860
 264506
 972483
 1021713
 1047169
 648549
 395474
 556304
 644013
 1001968
 884953
 1002405
 604481
 661767
 838439
 835436
 1098583
 832578
 993875
 655019
 274438
 690250
 989249
 500598
 985061
 989041
 182104
 324287
 17362
 11110
 905435
 965942
 1016314
 895274
 725160
 888641
 95696
 1058427
 624747
 889237
 892623
 295660
 203393
 486363
 812111
 56991
 7513
 650581
 650150
 231150
 509619
 398974
 313517
 1061874
 1005428
 882640
 101679
 364528
 390086
 96081
 374802
 465193
 1080410
 289943
 502449
 920130
 508608
 145513
 908036
 106457
 973064
 615175
 87426
 31620
 41522
 293944
 859826
 153226
 668452
 983645
 708640
 469682
 795463
 433290
 562274
 129580
 350635
 835615
 876074
 689768
 295525
 980995
 494711
 875124
 348474
 1052552
 845277
 21318
 591303
 728235
 517893
 800216
 612009
 384602
 378791
 24818
 901047
 220123
 879666
 838847
 959180
 19780
 1022350
 704332
 399153
 920083
 1037450
 400093
 1006823
 228842
 189387
 547714
 183630
 618332
 161679
 914328
 268801
 453328
 327029
 379415
 944693
 390051
 766375
 498045
 965003
 824539
 644317
 999706
 342962
 402910
 275454
 175569
 547125
 529587
 495920
 776534
 136933
 533851
 575954
 340763
 1061776
 573690
 180491
 1006060
 429319
 455923
 364579
 456266
 775692
 311869
 424946
 557
 1013728
 577581
 398018
 405932
 512529
 199847
 188493
 886989
 614550
 700358
 741997
 401908
 671965
 1054934
 619011
 789410
 323336
 609030
 1057754
 199404
 984978
 588033
 614637
 250280
 478317
 175675
 247374
 131959
 157480
 159750
 631008
 75055
 663649
 787071
 687076
 232112
 182937
 1093196
 610609
 241118
 250511
 237190
 1050210
 409786
 204980
 23426
 410252
 55563
 298041
 1068125
 875858
 147884
 830687
 259046
 507708
 620797
 619466
 988320
 610662
 330329
 501056
 783502
 734794
 636131
 1039262
 155011
 875862
 716059
 5710
 39104
 467747
 880696
 285839
 402529
 953538
 97071
 66991
 1045665
 83909
 432520
 178210
 172921
 787091
 838086
 995901
 1031904
 717557
 1032347
 569960
 513037
 1010698
 1025886
 465858
 11100
 707156
 813077
 168982
 73973
 61954
 231336
 281468
 886156
 818180
 1049607
 237275
 652597
 282675
 256636
 75105
 1075716
 412730
 518085
 538154
 291912
 707549
 1010080
 725740
 472940
 465636
 594736
 358548
 1055540
 736590
 121288
 901474
 1028882
 170574
 274393
 141575
 237590
 570065
 923564
 508036
 587647
 1041301
 158353
 343547
 300467
 872443
 507061
 608702
 618858
 45766
 871531
 64100
 135800
 742630
 182555
 419987
 812302
 704798
 719481
 1088250
 652894
 835323
 76626
 471862
 506743
 195080
 972782
 679185
 874670
 135798
 635934
 1058440
 921657
 161908
 659878
 610111
 596981
 35010
 123369
 636537
 935963
 61352
 357477
 284145
 964341
 1075282
 825953
 431475
 458718
 129487
 517344
 256419
 205179
 439076
 221163
 667818
 25930
 268153
 929276
 964937
 561840
 837987
 815159
 294699
 637888
 1052162
 1055791
 385108
 370445
 329449
 659629
 1082497
 67153
 686429
 600285
 51543
 637879
 157703
 972869
 1006843
 264821
 747227
 1093887
 824115
 773363
 728009
 283936
 13073
 621541
 1345
 191782
 68582
 567430
 295306
 725545
 188681
 666709
 891696
 317846
 887332
 309701
 1048116
 812558
 1029031
 1081869
 645934
 520110
 186057
 127525
 68127
 1003315
 310661
 1074935
 943671
 837446
 975365
 241120
 395833
 38209
 143015
 1057301
 259447
 697768
 325926
 769653
 729780
 1083687
 882153
 975381
 260999
 915793
 243487
 952320
 134572
 632081
 593363
 330955
 185176
 229697
 48631
 212402
 1011766
 89168
 72380
 519670
 701458
 1013068
 681574
 168481
 513250
 1021232
 211527
 422195
 484791
 534937
 122481
 736218
 615308
 674856
 961449
 91334
 414753
 109876
 386361
 620182
 109858
 816485
 342217
 576462
 1081115
 756124
 807388
 41543
 321554
 1031667
 765633
 896666
 721126
 309864
 898870
 360233
 134522
 141775
 822523
 790981
 143139
 843905
 57375
 194623
 70924
 135182
 967507
 760765
 308366
 691645
 669688
 1027358
 505286
 80757
 625680
 260320
 416249
 1079577
 214508
 962766
 587454
 679870
 228708
 981688
 574698
 842258
 24673
 539622
 797166
 8243
 514102
 979511
 494828
 901876
 632948
 479874
 348536
 510223
 305111
 818544
 342458
 76019
 541546
 433232
 331957
 968970
 959092
 155973
 722459
 341507
 31275
 482131
 828064
 264858
 180712
 120414
 117728
 632150
 893306
 566242
 819419
 484858
 469872
 1011128
 867003
 85901
 1069664
 42697
 772769
 724957
 922531
 619547
 934290
 1067435
 1088185
 512013
 526932
 372352
 192113
 744335
 88082
 564028
 397792
 76832
 1095593
 640719
 714247
 1088424
 22938
 604518
 8582
 833195
 28531
 1074986
 1089859
 322868
 485944
 499117
 412336
 754128
 702328
 719618
 703324
 129665
 635630
 306815
 985413
 686917
 956016
 814087
 392100
 767040
 537063
 978093
 811021
 807904
 990311
 407075
 387052
 1079886
 147172
 602509
 752995
 55000
 397750
 722150
 244089
 151640
 848527
 443519
 27783
 824336
 272969
 963011
 762902
 129960
 947543
 305741
 883454
 584922
 229504
 1040325
 939824
 218683
 1024048
 271382
 969170
 642154
 399918
 37659
 543548
 663705
 284555
 392749
 54955
 473935
 386713
 684868
 916990
 35271
 719231
 173954
 1074166
 551112
 1078272
 580818
 16240
 592104
 920799
 163700
 630649
 741320
 1018890
 491092
 44231
 1651
 449023
 677643
 620841
 616377
 893606
 141541
 795074
 268482
 971817
 46400
 516245
 573287
 916139
 696695
 976221
 981753
 846250
 388874
 304249
 1014832
 675920
 499997
 746470
 635318
 179461
 327248
 360085
 333772
 661801
 832638
 987358
 691425
 562092
 343081
 663710
 220006
 367425
 299036
 672925
 342307
 348323
 408285
 429168
 492075
 752181
 795079
 936514
 1055393
 557636
 483658
 619621
 1067117
 396610
 738959
 819207
 673960
 1076192
 987833
 722134
 454474
 977935
 789880
 533195
 338366
 603636
 448048
 120380
 944933
 794831
 406596
 213324
 480834
 563714
 511734
 665915
 259621
 161526
 335445
 1028241
 73155
 493974
 669074
 521917
 644402
 24585
 1016718
 538150
 208482
 1084461
 595877
 270023
 1075559
 311005
 38410
 268274
 107948
 729571
 551532
 971004
 724030
 944562
 91639
 639838
 1076831
 978827
 73085
 1011913
 777641
 201779
 779212
 7135
 1048344
 170647
 614267
 165784
 707201
 1081985
 761622
 370904
 676414
 32992
 797233
 393225
 256899
 170937
 975570
 1094115
 223739
 626232
 264382
 471424
 506119
 316260
 960807
 92301
 1096255
 342033
 588374
 407735
 216894
 899575
 704161
 6982
 526568
 971472
 11465
 354208
 485285
 673430
 349730
 1082879
 960972
 36191
 951225
 177160
 92133
 27967
 57536
 273827
 364522
 535541
 176325
 156011
 395960
 441817
 928524
 915884
 269724
 773906
 348647
 520343
 1017103
 722908
 167297
 438395
 69302
 845280
 1089271
 448546
 411030
 374444
 81466
 852294
 958947
 141781
 762647
 140012
 998835
 170313
 761103
 1069066
 1006194
 901194
 50299
 54463
 397307
 1184
 533491
 31625
 675500
 366290
 968527
 859987
 852685
 596087
 1068343
 223459
 12304
 1006684
 1095358
 1073532
 372059
 319480
 497326
 477017
 1037462
 266553
 663257
 165205
 531369
 849395
 309063
 476614
 417044
 344563
 782663
 431662
 916974
 19023
 491750
 559277
 398563
 1037303
 379028
 91176
 1014187
 49653
 270780
 1079267
 25427
 403011
 359880
 268757
 1056801
 417296
 653640
 636906
 865411
 1053864
 690394
 36757
 164449
 203113
 511550
 736521
 33559
 332310
 1021216
 570663
 604993
 460765
 1005242
 1899
 593116
 305499
 818980
 602940
 778542
 1090492
 818974
 389976
 1025375
 586364
 878118
 555251
 644272
 9696
 458732
 41001
 357257
 692660
 163363
 269751
 446298
 145497
 448971
 1000731
 386214
 730606
 1090737
 618579
 191947
 1055313
 936953
 1064042
 267232
 79529
 590447
 356693
 855646
 606395
 23402
 900354
 909900
 942094
 229509
 637411
 131443
 917855
 248875
 686996
 44059
 459498
 332226
 1053624
 252139
 169872
 844003
 399844
 439664
 85676
 718411
 805204
 1022009
 856093
 1088648
 1003513
 518371
 548275
 25774
 563254
 611439
 459515
 667238
 417000
 444568
 168622
 750427
 581705
 551031
 303306
 55756
 491545
 407495
 439021
 154708
 979818
 748639
 962477
 1070696
 242366
 337084
 174790
 951439
 848401
 896336
 849136
 392382
 264555
 807804
 1080656
 417801
 671185
 590782
 759644
 645157
 398138
 139909
 828443
 888819
 1010036
 757006
 651441
 848216
 947759
 813288
 895222
 700335
 470712
 122615
 244871
 899885
 328742
 329024
 155977
 693625
 1056073
 720797
 750072
 23925
 1048020
 1036468
 385915
 1036675
 713740
 799681
 150674
 847532
 358703
 705120
 681571
 711846
 571870
 627771
 1090131
 151153
 757166
 979991
 335269
 665569
 748887
 205819
 1069628
 570695
 81456
 144927
 557762
 981182
 969162
 793619
 637068
 522204
 1077683
 868024
 974129
 915147
 53252
 714248
 49542
 389712
 172081
 398512
 245727
 754250
 39547
 418575
 1068099
 1090850
 906988
 692029
 661270
 118708
 166563
 1055058
 256027
 841735
 606373
 1054184
 864902
 128564
 813641
 1058637
 119979
 163882
 992171
 369544
 614539
 507745
 167280
 500324
 1089293
 918162
 55827
 1090435
 659119
 657847
 672265
 601324
 870493
 117121
 131663
 424377
 502704
 787749
 186209
 96435
 495926
 287884
 591897
 592572
 593112
 1061949
 915867
 381006
 194609
 220851
 889344
 573195
 198546
 738115
 529265
 104758
 720903
 1039498
 37372
 299409
 1001828
 170246
 614182
 19437
 608743
 712032
 539599
 117340
 26867
 655854
 689330
 880419
 96462
 559611
 541780
 203508
 791173
 392683
 813366
 699907
 142586
 38989
 1030964
 419120
 409308
 204494
 519337
 892468
 206447
 52534
 659401
 264733
 77996
 810251
 229378
 199807
 1002891
 745011
 787029
 223323
 1097132
 1036581
 970170
 556101
 701880
 537300
 417701
 472004
 257453
 871260
 1062574
 964980
 226882
 1014580
 502741
 613708
 279299
 231700
 566866
 382035
 115058
 559790
 355737
 236243
 821946
 109326
 845777
 602057
 377660
 835188
 166110
 1005547
 972004
 583413
 258474
 799754
 679550
 39312
 501373
 1071441
 1073220
 927663
 442204
 75945
 595146
 150228
 630849
 310373
 710377
 1025942
 82578
 822306
 528582
 242634
 421707
 88170
 258165
 900231
 789562
 238581
 294081
 1092652
 819716
 852191
 454750
 427578
 464406
 970773
 751963
 271916
 974382
 1014642
 657980
 199280
 9025
 730462
 69559
 350975
 326530
 261990
 547857
 626240
 690165
 737970
 707565
 143617
 454741
 676736
 41981
 295430
 752856
 932603
 681482
 948980
 842062
 103056
 767075
 491114
 566421
 678508
 277141
 62010
 792363
 857454
 698877
 58315
 244818
 319748
 313031
 459855
 901211
 685095
 833335
 489527
 1000951
 77972
 474614
 279889
 797553
 377179
 1044802
 862336
 1006319
 1068470
 107993
 492874
 719072
 499465
 567938
 409332
 1068737
 216639
 472322
 742674
 490527
 885344
 964269
 915485
 676540
 84552
 325754
 1082701
 680541
 498814
 999747
 555108
 368792
 650786
 279450
 562369
 964758
 288122
 879413
 537012
 1068115
 332838
 813274
 795192
 856975
 827827
 241740
 694210
 507977
 786498
 179476
 161551
 933673
 733240
 729947
 73765
 1036137
 938842
 821563
 79285
 775948
 100472
 820332
 107657
 514486
 188320
 543489
 291337
 1024973
 23194
 912559
 78152
 388812
 55905
 118027
 537089
 989539
 578305
 341241
 1000299
 774143
 255977
 430889
 343478
 277937
 43546
 582601
 27118
 1096312
 568361
 146342
 1010543
 192664
 470118
 912356
 492770
 37252
 933957
 552471
 947363
 1042867
 174197
 46356
 146139
 236360
 726221
 407242
 201532
 465978
 559283
 826574
 247295
 387061
 418744
 520061
 133178
 573589
 258976
 714782
 952907
 562321
 610269
 538708
 850174
 190381
 504374
 977767
 446877
 611621
 219341
 977740
 297096
 542309
 458812
 438096
 442732
 395249
 834785
 273634
 978321
 766823
 777287
 577885
 488903
 486831
 111489
 738257
 416948
 404425
 455795
 461744
 29842
 848295
 39177
 189218
 689597
 234923
 690100
 733244
 22755
 718539
 589660
 352243
 93268
 1070057
 1067274
 785657
 440175
 1090083
 449268
 333719
 156513
 685912
 352576
 995306
 733968
 684450
 610000
 892503
 1028930
 647052
 550011
 70959
 58822
 744012
 888804
 677653
 946390
 9536
 336471
 503959
 74328
 466035
 885145
 932522
 73025
 996951
 58049
 330127
 453711
 694481
 921758
 302747
 217417
 116778
 688508
 259795
 820852
 1011301
 605587
 813762
 852432
 1049525
 696275
 1024042
 254603
 432518
 761878
 330166
 7139
 1089469
 930846
 197947
 662806
 26207
 1009443
 297385
 112187
 316214
 113729
 35827
 195331
 361359
 280449
 91035
 172870
 889755
 1056701
 760229
 796270
 1099299
 41526
 660761
 679836
 141107
 1043346
 832206
 46657
 907712
 873524
 249981
 969140
 816709
 37016
 79903
 638536
 368855
 1014905
 696019
 956111
 306869
 78808
 637595
 700867
 203092
 49403
 336810
 171077
 478416
 437769
 245366
 444449
 346676
 341809
 721098
 654004
 584931
 815350
 277715
 995482
 328733
 779305
 112684
 1012450
 975784
 549137
 300622
 1055994
 661989
 351748
 848293
 315181
 577301
 212503
 269065
 42987
 626290
 317630
 824419
 105248
 39572
 287425
 197378
 904567
 471097
 709267
 75519
 566032
 206011
 948225
 301400
 444660
 273275
 136184
 58662
 543610
 494867
 675979
 374494
 303415
 1079105
 173266
 418404
 810990
 618255
 994546
 390852
 521314
 885156
 924891
 274034
 895494
 206962
 880613
 732465
 225407
 22112
 406451
 196128
 503329
 214022
 702775
 385858
 352062
 979576
 113095
 388980
 876598
 16500
 34971
 711435
 350289
 849438
 531050
 271415
 34294
 593577
 329279
 443232
 263515
 530484
 251016
 272686
 950420
 11855
 659345
 361200
 1095626
 389212
 936202
 341474
 275960
 726003
 973016
 351758
 983201
 336176
 319295
 241063
 929806
 1018654
 126316
 700634
 322927
 944016
 1017700
 371277
 715881
 495379
 247452
 761432
 645955
 372508
 410134
 15720
 186365
 1037013
 777417
 820993
 1031121
 1030208
 23137
 498777
 402525
 514841
 1078117
 843136
 337274
 601196
 940913
 32688
 462014
 883515
 821821
 930896
 873767
 130536
 537790
 730532
 583250
 988446
 522312
 1026552
 249485
 469863
 216540
 434972
 655502
 221143
 76715
 586507
 833825
 1049905
 501238
 238998
 258279
 333207
 427479
 573289
 42926
 507898
 93989
 514710
 179087
 850339
 964802
 299886
 720280
 11610
 351619
 757469
 210314
 730393
 545000
 552333
 1052551
 801280
 58813
 674559
 516306
 600866
 143619
 84663
 593901
 305039
 142058
 929364
 429945
 280890
 285519
 603562
 592479
 927932
 723189
 310540
 963449
 763959
 328465
 337641
 917458
 446365
 69234
 665928
 1066138
 871931
 1080135
 210040
 886345
 189656
 66215
 519260
 453134
 780871
 4126
 485496
 1007741
 56834
 778441
 1007510
 472125
 904912
 442285
 5270
 806613
 779073
 43021
 52087
 42754
 1037151
 425398
 718728
 829476
 582417
 737451
 140333
 815247
 371220
 337683
 353313
 578392
 648785
 825826
 996412
 924021
 1050057
 857697
 605579
 424195
 434067
 641618
 52434
 677710
 788486
 997741
 5804
 989855
 1005521
 99118
 436937
 614883
 368016
 950576
 408535
 837033
 824800
 963832
 161496
 90821
 883604
 200993
 6182
 93874
 494174
 131219
 708461
 406150
 697510
 84385
 117439
 649900
 499078
 368619
 1032577
 190676
 749136
 280075
 988276
 444566
 354934
 975122
 962263
 895196
 76613
 220016
 318061
 664866
 242028
 969937
 204865
 118038
 574982
 52455
 83553
 744881
 934130
 570529
 44455
 248190
 269291
 119895
 400623
 66167
 766096
 438735
 79787
 340283
 980857
 482879
 329003
 789041
 185414
 1079783
 915234
 786227
 989887
 56064
 386871
 609392
 3687
 869381
 186967
 914309
 582150
 71632
 999826
 438262
 1050496
 813053
 829509
 524255
 714416
 391715
 775631
 120474
 882157
 368055
 596124
 321384
 889940
 1011696
 268139
 980750
 1003258
 830590
 913902
 725092
 410345
 184603
 576552
 770487
 131821
 369587
 626705
 234412
 240909
 814325
 439492
 133809
 242830
 312478
 582787
 526968
 915151
 886783
 1082215
 472673
 173297
 787035
 755150
 384827
 471496
 1015627
 618144
 891781
 448343
 544942
 666745
 589349
 643000
 641527
 918694
 874985
 472769
 748507
 774021
 473298
 205344
 8019
 47069
 219036
 52857
 864812
 903766
 859375
 479370
 212226
 689674
 9521
 210093
 1342
 566410
 304682
 32070
 896139
 309529
 840048
 319191
 84382
 936818
 259157
 308252
 736719
 110588
 9687
 694113
 1080738
 942986
 1061677
 488294
 546279
 705490
 305958
 961871
 419554
 326362
 17061
 907435
 1036625
 437136
 112947
 10914
 838130
 814486
 125304
 369646
 681819
 1016472
 596134
 735416
 522904
 556951
 438891
 58816
 386586
 28283
 520978
 887181
 447424
 343476
 470452
 157080
 72058
 953677
 269494
 415756
 720963
 280074
 960067
 956418
 514405
 687975
 891697
 775760
 613898
 531911
 862491
 1031443
 986664
 1045267
 666262
 907317
 347351
 637749
 307365
 336829
 195186
 874609
 971374
 572167
 854638
 7912
 462763
 121882
 944221
 749056
 1018153
 603856
 529968
 603975
 299642
 434353
 104749
 5152
 471580
 395759
 344721
 273959
 353279
 890913
 474971
 483543
 594464
 486497
 1061822
 982049
 642422
 775518
 434915
 844765
 522595
 506978
 332427
 673359
 1089369
 294337
 280821
 712143
 668469
 739125
 756018
 1070827
 933374
 793507
 839053
 966663
 929515
 975116
 986261
 175235
 344162
 1009203
 307034
 635220
 192469
 777905
 75810
 81161
 415153
 798544
 66263
 459114
 171521
 39113
 652617
 465712
 264994
 86592
 639444
 783542
 915016
 239339
 593214
 856306
 621637
 1006509
 345601
 269109
 973672
 590447
 924709
 828952
 810908
 343953
 122058
 771612
 147276
 385504
 776213
 185375
 1002503
 608083
 449770
 270420
 565038
 938796
 826656
 611054
 160773
 572413
 753403
 385813
 480226
 594263
 48823
 160072
 146522
 431957
 57924
 963037
 416595
 249727
 789680
 186238
 181135
 244499
 706199
 382610
 1061757
 62135
 952799
 979375
 311507
 424483
 146162
 245155
 307529
 893800
 874042
 488346
 95074
 81346
 666659
 802042
 334696
 1038797
 590721
 1036110
 241544
 622860
 70712
 946391
 949554
 350086
 92897
 863447
 705656
 480324
 995588
 270159
 1026659
 113388
 443559
 819370
 264784
 757758
 678554
 149098
 1064527
 863106
 531965
 493392
 314971
 648794
 1094691
 643504
 695351
 458551
 628652
 394132
 736585
 866580
 631710
 305179
 1019431
 572216
 843765
 421830
 872393
 407512
 627197
 1004760
 188302
 56176
 217925
 18987
 99877
 804420
 990198
 677700
 854827
 1055711
 799674
 827984
 92778
 951505
 908860
 214676
 116583
 390277
 674474
 639199
 503153
 556814
 1035787
 949051
 359159
 283875
 456834
 534389
 309126
 680349
 495347
 377560
 917564
 369479
 196457
 940593
 615644
 681593
 534837
 557190
 209474
 79324
 816802
 511888
 296447
 665771
 806797
 549369
 939250
 989511
 129690
 345567
 17408
 607614
 1030426
 125725
 583471
 836802
 303993
 1032218
 475450
 744768
 857417
 319310
 720212
 233370
 894415
 1068971
 34083
 79612
 885852
 14958
 1054695
 1027432
 5662
 264530
 327745
 764969
 703501
 182958
 147770
 1037857
 1002836
 1046087
 646952
 261094
 1058762
 690222
 1013158
 999214
 1007130
 163607
 1090251
 457900
 71406
 407841
 21100
 539427
 100416
 119465
 967511
 791603
 112405
 898222
 696802
 142587
 334852
 397063
 1099247
 317472
 854797
 492981
 405329
 594808
 47155
 1055252
 35157
 334417
 887039
 812393
 800725
 1044423
 1012042
 353602
 812233
 934480
 497094
 378786
 693437
 653683
 72108
 523495
 492176
 21676
 539783
 718072
 908972
 901335
 572466
 238551
 582986
 186584
 67659
 307583
 361181
 1020118
 733865
 114468
 561768
 347622
 734382
 610543
 129878
 1096171
 333761
 177212
 73087
 445069
 777531
 634192
 163552
 552125
 63624
 284592
 1026641
 778845
 695179
 850631
 512408
 369640
 1048967
 354212
 948122
 730946
 1045929
 1035764
 19615
 287115
 83881
 445423
 1023154
 351680
 573323
 1016119
 564317
 1065186
 941880
 805449
 545724
 690674
 714268
 766280
 996942
 352953
 763576
 200186
 197604
 454605
 142689
 997980
 756408
 469640
 1055549
 783608
 332020
 667286
 475730
 866765
 95020
 57831
 39410
 488735
 1059358
 1030211
 1026474
 1020741
 375777
 276298
 779342
 237782
 61489
 959009
 551880
 1034216
 358309
 250362
 64740
 361558
 744545
 423865
 203205
 1092008
 774363
 131959
 182637
 35996
 623780
 494854
 424857
 839258
 818308
 741789
 905980
 236193
 198088
 522728
 660236
 844179
 499367
 1050377
 857235
 942798
 1088090
 539417
 491995
 921754
 799263
 600140
 769375
 438321
 93134
 717562
 910756
 150837
 1001645
 330967
 715385
 841888
 851072
 520483
 735566
 420454
 990621
 637876
 765078
 577607
 987305
 117208
 570165
 816481
 636
 314217
 962916
 478026
 173694
 871110
 752300
 141015
 1014857
 498397
 783762
 382195
 392738
 567450
 373678
 911019
 984450
 836201
 391896
 462858
 529756
 849772
 866649
 725616
 676237
 666383
 198007
 58787
 415975
 689037
 476796
 60477
 1087129
 321959
 963457
 140251
 265770
 126665
 374019
 4028
 1081097
 513800
 63771
 49222
 994456
 605242
 897972
 219774
 418097
 605159
 250431
 103009
 583281
 210234
 231365
 487100
 36435
 23299
 322166
 340449
 588677
 360607
 194806
 988516
 606360
 992873
 785700
 492796
 298074
 469390
 227467
 159566
 1084567
 813266
 666016
 328333
 789290
 1007468
 92091
 918368
 551950
 254885
 462463
 671743
 540027
 215330
 484987
 1043092
 1019423
 951117
 1060134
 1040397
 412546
 168946
 16115
 468225
 32730
 749491
 224476
 113135
 369636
 589935
 129088
 49138
 559682
 737152
 33322
 59004
 429176
 97575
 624321
 668593
 761295
 787631
 699334
 148777
 885189
 41466
 476345
 672067
 1044714
 1031425
 656013
 720174
 1086138
 835526
 898806
 935515
 932439
 858700
 572682
 644529
 960705
 47599
 462449
 355311
 214806
 51780
 651263
 993655
 1099920
 324136
 1038329
 120921
 28677
 376297
 405835
 604755
 935455
 1066997
 539673
 784726
 537328
 283067
 75903
 129846
 188335
 976135
 187878
 1092148
 989984
 420973
 594424
 389
 1081337
 572302
 545151
 592247
 364158
 488766
 108934
 616773
 128839
 40457
 500215
 505783
 41609
 80798
 833534
 200371
 769194
 254205
 770365
 215473
 146998
 61780
 150394
 114700
 984146
 331160
 785412
 235992
 391444
 864536
 643671
 334764
 463935
 177119
 589910
 186298
 308407
 266259
 38739
 516097
 579113
 55649
 605169
 593485
 85540
 808927
 429120
 155329
 157043
 195353
 615171
 938796
 282764
 977212
 463490
 892088
 712416
 867111
 61286
 1043412
 282411
 566014
 563109
 141525
 834812
 1042134
 558356
 880662
 255468
 573047
 1067960
 959905
 940316
 753933
 709468
 966290
 471098
 688474
 467763
 889853
 937954
 519637
 26477
 263038
 98098
 1014040
 737843
 651137
 280044
 561756
 799835
 725212
 667810
 27375
 955244
 737400
 152319
 430375
 307177
 521257
 320830
 930660
 684992
 838255
 379921
 262328
 126064
 241901
 1002555
 104634
 564118
 587059
 443004
 298690
 356588
 1007879
 71954
 535014
 332097
 577027
 185854
 303051
 186566
 929823
 60003
 161330
 581550
 353619
 292565
 157100
 984275
 717903
 714480
 165055
 783906
 624471
 972147
 798831
 985955
 390078
 563650
 502252
 612778
 20602
 293052
 451655
 328031
 600310
 511629
 950382
 638332
 715359
 633882
 294437
 833653
 672357
 1079535
 43016
 1030218
 139949
 430540
 129405
 884313
 667122
 847460
 682964
 644299
 799212
 592569
 35487
 91759
 139888
 1057825
 654593
 1051878
 515250
 621384
 704094
 593188
 985125
 459948
 571790
 556340
 1089907
 632906
 260677
 43387
 197233
 252971
 463673
 9457
 615815
 879339
 137417
 519499
 919318
 835814
 965296
 366790
 930933
 847452
 950667
 312203
 249688
 575887
 23955
 116310
 39435
 940190
 648374
 739612
 764322
 79480
 538702
 404541
 81566
 437793
 875895
 512084
 1027425
 847472
 19268
 308313
 266924
 746907
 824042
 1077941
 742043
 597926
 746397
 374249
 763655
 767953
 771523
 645279
 1020056
 843717
 1000974
 62116
 321229
 649023
 1000551
 976402
 39740
 937912
 124092
 444630
 972547
 132232
 495364
 319726
 137605
 942292
 1047403
 1027993
 431550
 96915
 40421
 818789
 229660
 759539
 27784
 110179
 194111
 1018505
 250239
 736420
 802448
 224797
 181052
 548662
 592711
 495774
 902990
 372742
 1006281
 309026
 847992
 167466
 409684
 711130
 269270
 570101
 447837
 95420
 986480
 134330
 617766
 271034
 253546
 959089
 561282
 178433
 919322
 106737
 192238
 996715
 139092
 90797
 296244
 737366
 799965
 643091
 938403
 20967
 655721
 532146
 3984
 887132
 652621
 534758
 648002
 282929
 175948
 746766
 1033947
 242819
 729650
 1049276
 896913
 781522
 351864
 114116
 831414
 217661
 1015672
 621239
 424262
 500734
 1046856
 323112
 918552
 99470
 552948
 729617
 732373
 611552
 1008283
 534170
 199511
 359688
 168181
 395290
 1060158
 603423
 832671
 172038
 736666
 94940
 570222
 943631
 574314
 284440
 837493
 942181
 270668
 952537
 833237
 431705
 1030970
 595565
 606951
 406121
 763063
 134348
 279547
 355176
 1056589
 646930
 182763
 891203
 994790
 78754
 246073
 873897
 553288
 385198
 823185
 711971
 974140
 287157
 705822
 825558
 107222
 1069583
 320496
 37989
 328518
 611999
 674212
 865753
 292107
 220101
 696590
 58375
 997818
 707173
 1006583
 36301
 356096
 325120
 290806
 146650
 476103
 662650
 670800
 722024
 51981
 404291
 862858
 559255
 101814
 960909
 107354
 427601
 46683
 696282
 1053599
 797058
 183350
 314815
 343374
 741687
 42290
 985914
 584305
 358109
 801740
 823843
 309602
 222062
 45800
 1093928
 539326
 24652
 585156
 95820
 504060
 684995
 594102
 618912
 973484
 599120
 239907
 482236
 319578
 125450
 683777
 894582
 69251
 756751
 614888
 357549
 736461
 297123
 905244
 551305
 846748
 65004
 753821
 199060
 300347
 696357
 68391
 923478
 76282
 381241
 796594
 137757
 549675
 612505
 149971
 183140
 300702
 818725
 150835
 81361
 27485
 649477
 155281
 54495
 213655
 961038
 497268
 769798
 511122
 1095966
 87588
 180282
 578610
 469628
 704360
 714278
 514688
 638377
 28754
 436939
 876756
 227854
 234362
 546406
 447897
 1091089
 36955
 832911
 845195
 357572
 817103
 936751
 566595
 173407
 1022611
 191138
 370463
 954534
 230436
 123798
 101562
 671729
 988962
 774971
 785932
 289593
 1065191
 549787
 897576
 947143
 1074814
 396610
 947454
 126578
 765830
 897183
 944146
 386921
 681041
 435013
 99263
 534008
 990952
 1003639
 181004
 1078349
 964029
 558908
 91816
 148705
 993433
 469544
 373425
 789669
 209480
 479066
 906448
 278005
 694310
 292787
 366184
 903488
 1040024
 876162
 4551
 59910
 786952
 699846
 222506
 1014263
 711819
 972192
 139356
 914118
 344674
 308108
 1001745
 923639
 914806
 58159
 152188
 898288
 18666
 280006
 373836
 795294
 893786
 291516
 641158
 252469
 622177
 1086179
 12190
 275033
 358459
 263945
 904816
 269894
 895197
 152480
 275189
 284529
 411908
 727252
 921630
 879919
 471489
 966857
 134809
 747050
 323042
 384124
 558361
 866211
 70150
 714352
 647508
 605467
 126630
 268360
 204858
 337746
 756089
 576273
 91555
 393054
 270794
 713199
 773423
 866987
 815069
 437500
 1097064
 86233
 633500
 931410
 1052413
 469210
 813433
 299082
 777967
 920733
 742989
 896836
 184137
 895062
 59353
 29272
 1096302
 152368
 528708
 581928
 1000349
 289863
 987563
 182777
 598047
 127040
 579569
 968688
 123171
 679873
 42248
 615081
 165986
 174664
 189604
 205332
 1037030
 852197
 995077
 175080
 519231
 310926
 287763
 406443
 121746
 1081099
 574776
 558103
 1079003
 881603
 768844
 980969
 671589
 874883
 326363
 472808
 552832
 201377
 724462
 451467
 964363
 421071
 785791
 1012416
 277618
 2855
 299614
 53771
 306097
 1066044
 1074832
 764640
 815490
 652221
 992271
 161024
 550875
 912106
 706407
 521106
 236148
 391117
 164657
 1021527
 557605
 326532
 606116
 539863
 496561
 1042102
 853701
 261005
 1091421
 811403
 1072236
 14740
 584149
 951307
 607609
 182744
 574694
 287335
 9177
 436817
 311571
 702136
 884905
 1077578
 596137
 214857
 630912
 764226
 57444
 954791
 305329
 268039
 781847
 649232
 1070998
 534173
 285063
 429589
 62353
 1017117
 287068
 161863
 656648
 525262
 412347
 933583
 957092
 336032
 96316
 527889
 1005913
 590799
 246451
 1023723
 240761
 480156
 406746
 303585
 965613
 235834
 253423
 34928
 194568
 590994
 348673
 189065
 1094055
 343689
 1099405
 646189
 930076
 293033
 998914
 619820
 931474
 372594
 381708
 717551
 614109
 166736
 575756
 1032052
 120193
 940854
 1069222
 582028
 166007
 142133
 668720
 1086465
 639461
 103038
 205478
 463626
 175841
 231012
 1077423
 971432
 428359
 258887
 212991
 408567
 172630
 933754
 58998
 559428
 465979
 581760
 177726
 20828
 427939
 572630
 316784
 810071
 50089
 568325
 382457
 346406
 266182
 689205
 212143
 967834
 1088138
 1079671
 125053
 223862
 56155
 775574
 720459
 106668
 747270
 311184
 178702
 65533
 957134
 884745
 336296
 654399
 427735
 638769
 303872
 413354
 79058
 24065
 621225
 212403
 453240
 421038
 944812
 283938
 1040424
 324301
 882494
 364721
 438027
 111577
 821409
 716115
 78181
 300375
 700672
 626825
 190516
 664688
 48061
 185337
 991598
 256166
 392166
 900530
 554980
 886813
 599779
 21726
 781112
 804906
 238669
 697004
 80004
 1009602
 424358
 356481
 596342
 4286
 918400
 170607
 68243
 348726
 422452
 181964
 375067
 147655
 423955
 85582
 664387
 525091
 644034
 733212
 821546
 250933
 241055
 919034
 824267
 83837
 482546
 864625
 499529
 450556
 933478
 794394
 527957
 551839
 709604
 386726
 439254
 319503
 1052510
 49506
 277870
 34870
 49023
 32785
 465698
 947975
 658407
 143039
 563926
 530679
 1092724
 793797
 730499
 714109
 198543
 7279
 431783
 152649
 673630
 838313
 942646
 614045
 78493
 938030
 158205
 833350
 285530
 1045539
 231571
 743699
 202136
 166718
 22960
 236356
 1085353
 266089
 627347
 14657
 192213
 1005353
 884530
 838791
 456325
 236135
 81969
 908064
 101417
 516616
 989072
 227141
 129357
 89264
 57281
 500216
 953313
 1084379
 263804
 928771
 982133
 690990
 349714
 94172
 783768
 385282
 695066
 1076050
 1095501
 78686
 87234
 788589
 1081661
 852065
 587701
 240717
 579864
 8847
 1080155
 973882
 487507
 789225
 998016
 680822
 1005031
 479939
 270369
 737484
 128411
 485984
 220911
 362031
 256915
 974546
 783206
 364518
 991157
 496687
 615857
 565522
 786368
 1050225
 293644
 388017
 703293
 423582
 502450
 411442
 248532
 776065
 979937
 193167
 666993
 688735
 63262
 113722
 657483
 358894
 584051
 177386
 17041
 187224
 1086647
 930940
 143496
 713895
 238043
 488386
 330607
 683350
 86068
 849554
 647269
 997119
 664167
 288003
 602991
 1014464
 169710
 551769
 92435
 858882
 641916
 785159
 241864
 86000
 914212
 97160
 1086665
 157987
 401405
 850021
 602694
 175657
 973839
 866694
 890169
 505131
 413280
 478717
 874891
 262991
 316620
 1097525
 1013617
 578994
 24717
 478027
 162867
 67244
 601244
 1041346
 1050244
 428987
 103255
 724167
 1038805
 9401
 235058
 823058
 936071
 550609
 395276
 200352
 462923
 102838
 860928
 1089738
 355573
 136776
 709461
 474431
 42496
 281950
 235591
 1062108
 300537
 287340
 609402
 343868
 723502
 935253
 905675
 751863
 258689
 476313
 258226
 1061165
 619174
 435357
 478336
 267832
 478392
 147418
 1020888
 91549
 932311
 401507
 524607
 11221
 281498
 1006095
 264706
 190906
 1029935
 557147
 556541
 1058885
 948404
 618959
 32305
 481999
 869574
 1023281
 844465
 380598
 150150
 365604
 1044992
 969331
 621989
 5063
 510167
 302368
 155497
 779178
 607967
 896632
 307480
 657253
 220828
 618033
 31090
 301198
 949730
 81615
 661680
 937046
 160601
 97345
 227364
 257055
 1038484
 738299
 966695
 319471
 551931
 474407
 644505
 835588
 621231
 735293
 527627
 284427
 764366
 763076
 198546
 845363
 288024
 573898
 1050679
 763858
 458665
 171747
 50825
 151636
 218733
 884832
 859649
 43519
 963756
 136191
 862907
 532856
 261710
 1045730
 578994
 213412
 975552
 449587
 156835
 317084
 148639
 216999
 240409
 718078
 755990
 498628
 276262
 642477
 207297
 261384
 277858
 62254
 685893
 845146
 647662
 108750
 921538
 427417
 1087535
 757920
 395375
 361857
 874241
 58080
 177993
 781409
 554365
 768038
 975479
 60366
 741153
 84303
 433290
 812617
 695115
 365228
 677351
 381552
 486518
 863519
 875285
 269476
 433969
 1031010
 892512
 485531
 491794
 28849
 238987
 123792
 234196
 1099877
 1059922
 161436
 210409
 150096
 545906
 662514
 753867
 572925
 593159
 246832
 319713
 743260
 305021
 349158
 446968
 990379
 1044972
 958063
 463199
 961355
 539354
 306969
 879843
 511453
 954531
 169516
 255382
 96560
 689312
 702159
 360009
 981845
 27802
 942071
 436141
 1083319
 463984
 893394
 929667
 817552
 716196
 528205
 203157
 594494
 7231
 488790
 655491
 374387
 314686
 945606
 317795
 384410
 84689
 248048
 836142
 110887
 894431
 824326
 903349
 329291
 207216
 1031715
 972972
 529478
 477971
 804681
 496050
 393716
 1010641
 897341
 771320
 844719
 92902
 854804
 1011336
 431925
 302614
 599810
 620635
 491705
 83579
 879379
 458058
 863414
 538709
 1000837
 968499
 155410
 190352
 415742
 946745
 287984
 655304
 300442
 985056
 465186
 281403
 614353
 640758
 668870
 447213
 796438
 155790
 636724
 485731
 1040104
 63932
 943526
 816550
 116984
 730708
 756812
 734862
 725417
 578055
 662424
 895001
 933601
 877698
 388431
 645890
 246894
 756383
 739400
 72738
 308706
 469584
 321206
 789465
 728859
 663528
 1045240
 835036
 641947
 428243
 659181
 999381
 966992
 439250
 934378
 1046813
 460131
 573504
 208421
 176528
 242351
 701075
 883245
 555556
 580788
 760467
 28732
 936376
 989915
 354151
 405366
 951108
 586716
 480435
 195018
 512670
 706531
 837077
 678765
 323758
 142669
 594279
 151737
 819435
 893671
 114224
 72162
 619298
 431088
 740501
 941035
 557143
 372997
 72341
 293612
 64455
 159367
 311407
 625439
 1084549
 815656
 42178
 658328
 1067223
 441002
 935779
 937762
 160159
 720931
 330936
 1083844
 452378
 574141
 980608
 33037
 348462
 332244
 234139
 894150
 760823
 457366
 855764
 810517
 786983
 151466
 939034
 742768
 283573
 724960
 294753
 477890
 10398
 746846
 965112
 957341
 699724
 672570
 950530
 1085273
 244246
 976701
 833476
 940703
 408985
 707077
 187534
 33324
 179015
 433469
 802878
 947044
 704719
 464972
 803357
 262500
 1039870
 314230
 1093478
 1065955
 596091
 400542
 923658
 56476
 1041066
 1037338
 736063
 851504
 599753
 1005667
 1006540
 825272
 231942
 867220
 875579
 546707
 673085
 299825
 510002
 616521
 17991
 117091
 413814
 88698
 399483
 845527
 439785
 735346
 807725
 1027272
 394449
 973719
 32601
 1044327
 215572
 472029
 773433
 967299
 277301
 535880
 384890
 499646
 756855
 720031
 246075
 443772
 398364
 211166
 1067138
 864427
 578737
 85653
 384237
 44386
 949803
 664725
 558176
 24945
 778737
 644137
 129650
 725581
 46883
 535090
 9558
 589106
 390040
 63156
 18342
 511446
 235933
 220299
 237037
 745821
 879258
 665186
 287403
 193253
 380991
 360824
 831654
 459201
 281252
 1055076
 690824
 168655
 262846
 57377
 135365
 441782
 925428
 417585
 821211
 95564
 11229
 593179
 990789
 191345
 422770
 615682
 660414
 660144
 14690
 242383
 513716
 770358
 191076
 923848
 117746
 8378
 454506
 658263
 1046153
 1043724
 414419
 1048936
 238766
 208578
 867849
 225154
 1003008
 659756
 1001703
 227563
 105282
 709526
 689518
 548711
 717003
 1000344
 258697
 713054
 638206
 43262
 256162
 915152
 1057406
 188769
 777515
 861581
 270623
 650966
 81738
 733148
 151521
 685920
 1047259
 1010888
 46646
 307975
 509068
 812999
 531035
 931720
 404918
 629784
 534833
 235158
 554272
 347231
 6090
 68471
 1009778
 910901
 57828
 207509
 383577
 994884
 919684
 333730
 264300
 1011050
 984653
 763038
 524842
 777121
 177516
 815774
 376098
 926649
 180226
 677129
 278715
 272501
 580133
 350559
 775352
 379094
 643787
 945909
 298725
 976820
 448833
 135794
 1070953
 170149
 1035001
 1037857
 713662
 33463
 517024
 333960
 247251
 1032524
 968596
 872032
 150662
 856914
 678330
 434488
 123218
 337692
 814249
 396680
 722119
 178161
 849180
 238002
 821747
 153973
 985651
 635931
 929771
 137297
 681124
 311244
 858552
 842447
 456126
 153422
 956551
 1012201
 1000733
 106134
 262435
 485431
 633168
 543711
 826558
 465677
 530903
 137709
 399977
 729481
 711728
 714986
 56511
 1091607
 593488
 566512
 554692
 545359
 763070
 404842
 739426
 987733
 1073318
 211595
 243038
 28440
 206610
 455069
 157483
 340381
 63383
 40583
 277065
 946995
 239447
 1019317
 707986
 988849
 135174
 363712
 330521
 37220
 196751
 513828
 61898
 71424
 812976
 173598
 821067
 932080
 892699
 755258
 1063443
 158223
 868867
 959718
 984973
 761450
 613014
 902402
 282555
 623496
 546953
 329156
 519050
 53089
 853175
 63645
 371956
 738931
 193576
 389859
 870841
 445665
 225902
 540384
 887065
 14481
 1080934
 153967
 1074217
 547526
 115038
 400023
 190227
 499498
 615569
 591303
 2897
 589994
 1078436
 808327
 98333
 393371
 149844
 858068
 470202
 570712
 347088
 643650
 281627
 556020
 1036630
 1094251
 889333
 120038
 697116
 1052407
 277179
 103696
 276981
 887364
 648825
 669803
 414850
 620375
 161644
 795391
 229367
 164720
 633596
 286240
 51224
 397715
 531256
 52440
 373917
 1045473
 61814
 735083
 303959
 473200
 360250
 858636
 1036167
 429040
 452316
 510651
 177203
 992632
 1043632
 572201
 431190
 560649
 781695
 978638
 142618
 909067
 375327
 946283
 576619
 735346
 1073858
 1085518
 171512
 796176
 357124
 229803
 657942
 374217
 649646
 695623
 279826
 886099
 523754
 405780
 112308
 241436
 700065
 490884
 792905
 789481
 277406
 432641
 874291
 68045
 956523
 37658
 735879
 97623
 74077
 295047
 106115
 500754
 398096
 365573
 639189
 336533
 834907
 933057
 938880
 1085454
 467902
 586798
 6175
 280741
 781111
 473503
 986390
 502739
 216711
 1014706
 564645
 7018
 887382
 625160
 167169
 750541
 451529
 843894
 670678
 991833
 206249
 802076
 984620
 99473
 532009
 180235
 161295
 554790
 436813
 813401
 909699
 229049
 1011650
 205416
 904796
 478475
 1082160
 831162
 110149
 249316
 489910
 44707
 1073769
 42694
 239386
 969879
 840928
 924809
 421773
 355585
 798078
 667964
 124972
 1003315
 708723
 461215
 544640
 557723
 990642
 384370
 1057076
 222155
 982579
 845131
 741617
 21019
 308677
 275589
 455615
 713985
 676154
 701180
 582830
 686874
 114995
 868374
 594897
 51682
 189913
 648469
 868102
 852536
 1066819
 260186
 67475
 383570
 1085750
 103826
 792417
 1003713
 1078253
 728024
 473163
 9423
 184323
 616665
 670088
 524148
 19236
 918871
 480940
 77173
 489880
 967932
 647708
 529612
 1020293
 743544
 956676
 118001
 997978
 276620
 35045
 551853
 256167
 275576
 1025254
 875727
 293621
 127431
 251360
 168016
 1082517
 895810
 33320
 284699
 406190
 1046957
 158336
 265102
 276133
 786003
 770336
 720049
 127917
 1007961
 7121
 724770
 91429
 470338
 211473
 631228
 283057
 65024
 492543
 49172
 777315
 735349
 691144
 299541
 1047451
 924065
 62037
 723013
 1001826
 727580
 190565
 172572
 474636
 239864
 593046
 776743
 679017
 126121
 342901
 732704
 538003
 830883
 568580
 140526
 399371
 587696
 1035323
 993173
 624978
 1055701
 438507
 301543
 804143
 909984
 382998
 1079252
 318634
 507299
 569981
 135628
 948413
 908275
 1090842
 528056
 668812
 442754
 113095
 486624
 310978
 489830
 605251
 291156
 380168
 305954
 1026714
 727133
 858095
 158055
 831772
 226466
 1010412
 453676
 167387
 1081658
 331188
 796641
 680664
 175943
 1069564
 977920
 416440
 1023977
 414944
 163186
 610377
 412379
 1026093
 67378
 38289
 425000
 511318
 692898
 412216
 278850
 57571
 828513
 1065321
 403584
 382899
 13237
 181777
 419205
 1005868
 367101
 590893
 848593
 503250
 806002
 927770
 1064114
 731841
 1026481
 670573
 1047859
 49665
 844174
 518631
 643044
 205808
 795460
 679111
 412668
 1093750
 527043
 847939
 1066973
 790516
 319401
 786162
 124278
 902977
 951013
 135942
 192235
 610467
 462737
 30013
 552558
 475401
 728562
 863090
 19499
 168411
 111686
 582256
 1072520
 75057
 709722
 374796
 699105
 522505
 280895
 401663
 298671
 790551
 94250
 954038
 745589
 101579
 880447
 753245
 661788
 666397
 860782
 668247
 802998
 738280
 223636
 903440
 684535
 347696
 474094
 247615
 899776
 910087
 1065180
 945595
 13917
 561898
 461669
 429150
 162813
 279879
 778334
 435563
 369568
 26629
 601424
 472289
 770426
 473695
 251094
 515880
 465392
 261854
 1004985
 591810
 227103
 610267
 280024
 483698
 323456
 441154
 345677
 1045995
 762753
 11476
 355290
 1014000
 1012310
 372412
 512979
 784372
 659795
 40693
 407388
 737447
 1081004
 336225
 249149
 16569
 673579
 156108
 620459
 572893
 602094
 602510
 284320
 107724
 363646
 341867
 712119
 815532
 212732
 460960
 455251
 780361
 344260
 844164
 179865
 583838
 472077
 42139
 1022684
 484453
 654554
 526609
 148822
 809661
 234241
 625343
 56143
 974025
 732807
 180385
 415410
 276006
 56885
 952832
 738475
 425420
 189045
 470469
 850741
 304369
 415149
 850894
 325339
 1012065
 821527
 764281
 73785
 112924
 694095
 1049465
 114721
 99446
 334487
 875054
 1078766
 590005
 72650
 524313
 617181
 133055
 809613
 320609
 145287
 974849
 224289
 664143
 1066121
 270597
 399090
 176084
 59448
 739583
 588050
 562280
 432835
 267059
 826793
 65814
 131609
 642056
 697010
 200063
 480877
 558432
 245509
 727131
 756748
 397298
 29322
 917042
 779650
 482122
 976360
 744630
 128007
 244277
 957935
 720244
 726108
 1002463
 739755
 121736
 681683
 327150
 326864
 688760
 236557
 718707
 1027738
 814230
 376161
 37065
 1006015
 389189
 498798
 690330
 728152
 575362
 749166
 263313
 994163
 517402
 974415
 987318
 841433
 595170
 99224
 1047224
 33177
 303696
 538651
 991407
 371358
 298933
 570215
 444757
 827943
 874342
 902845
 892690
 533605
 660703
 17567
 923242
 1048713
 71035
 629949
 894931
 685820
 977405
 767746
 749818
 893169
 360082
 852038
 353920
 292662
 60447
 580356
 854757
 459924
 160619
 1063591
 304311
 562692
 312279
 242323
 516992
 1021160
 860720
 849032
 59867
 821332
 302209
 347679
 116019
 145312
 395598
 1095723
 803693
 372222
 861492
 351638
 199132
 311047
 1079522
 606056
 1028358
 316714
 304633
 41523
 1042223
 1023195
 769258
 252684
 248223
 1016293
 451087
 462627
 1098863
 210422
 790306
 423930
 672491
 162082
 110485
 830756
 849724
 181012
 699133
 215909
 517564
 312636
 325156
 423270
 26413
 421779
 80970
 556416
 758578
 115780
 922350
 350923
 356909
 429436
 14011
 240181
 577830
 942378
 77234
 740965
 529076
 85019
 914272
 928610
 380615
 514326
 209491
 755850
 570081
 803986
 766995
 878327
 910889
 1002965
 239140
 420721
 417672
 461224
 804100
 889932
 1081827
 334292
 313329
 925875
 121242
 793431
 273372
 654771
 397346
 14021
 417849
 1042298
 85445
 945414
 608594
 592309
 738611
 898643
 1066686
 962359
 777642
 75082
 771215
 296355
 924371
 380971
 698213
 868180
 468603
 911783
 673690
 785176
 453719
 866315
 623469
 602577
 969042
 680634
 721335
 84127
 344443
 22938
 1039989
 70238
 357088
 744212
 628594
 361795
 611075
 483356
 459217
 609773
 57717
 247586
 263721
 1043861
 865305
 614590
 222274
 144709
 672577
 365569
 267181
 436798
 527191
 150491
 305197
 915901
 467093
 706159
 439213
 288695
 1069778
 739669
 713597
 696865
 96517
 630805
 48536
 152742
 194255
 182545
 131073
 1046048
 635336
 210361
 339522
 915033
 533663
 763763
 93096
 867162
 677265
 697363
 934949
 927919
 954661
 184279
 980838
 787637
 223676
 566188
