171367
 540308
 555100
 518817
 812237
 1086605
 96951
 99979
 558843
 864066
 457895
 192770
 638014
 798478
 161264
 940437
 830183
 386761
 593548
 1058304
 578006
 661957
 475286
 124803
 617694
 349116
 794290
 624242
 611845
 683704
 180378
 554780
 424360
 868827
 397109
 433998
 283974
 1011862
 379322
 205888
 373336
 545636
 969863
 719227
 574180
 374618
 1025963
 421322
 831925
 733171
 451489
 715074
 592716
 569463
 932635
 834926
 546089
 1072828
 221436
 723315
 568250
 160969
 69443
 245807
 730577
 319906
 592642
 78266
 716163
 154137
 316555
 540757
 456823
 113634
 791931
 378937
 1017981
 1015141
 642369
 538734
 436339
 465774
 562726
 244005
 204383
 748206
 176506
 505501
 88821
 649024
 727896
 1051446
 1060271
 564090
 408928
 336562
 466270
 1055717
 861907
 180473
 185988
 131523
 453255
 407880
 738668
 496208
 533827
 545849
 288113
 663109
 716084
 873640
 324976
 1093834
 44923
 315089
 1084212
 365964
 520876
 795293
 484564
 11971
 41887
 399773
 390789
 994373
 901417
 707670
 247874
 821568
 47055
 659315
 717451
 614058
 936124
 788045
 85213
 130902
 521367
 111030
 423781
 581702
 1056034
 261299
 420665
 54622
 779673
 966446
 717208
 499895
 57787
 886870
 1019724
 183102
 983059
 116307
 365945
 330792
 505721
 276967
 141810
 490901
 726805
 1050930
 673218
 163272
 864068
 997558
 395556
 397038
 863036
 116879
 322048
 977749
 522325
 103185
 1021503
 334647
 282127
 57416
 609557
 435368
 78701
 180869
 164599
 838752
 1085973
 139007
 1012593
 511378
 857862
 309382
 344830
 1026369
 113969
 329699
 997629
 673657
 955483
 346877
 1056274
 470220
 1026864
 186458
 529051
 552792
 260298
 476530
 289640
 453047
 533422
 49385
 65044
 399278
 907914
 255988
 166634
 307669
 802463
 973757
 1019561
 226122
 182447
 832638
 860142
 228063
 490779
 57860
 350267
 838895
 440664
 450191
 548986
 74793
 46177
 979027
 61819
 396929
 715337
 207103
 38610
 263386
 164008
 1010009
 853821
 858693
 29223
 944858
 196925
 526887
 948046
 1042192
 1043310
 807656
 521995
 867595
 449571
 441926
 516312
 475074
 349946
 3969
 950426
 509392
 91740
 1052698
 206628
 405208
 428065
 640131
 1032463
 613801
 845872
 967283
 25051
 435418
 211815
 543038
 537413
 271548
 1081663
 748380
 634814
 802573
 1051740
 1074296
 831782
 523319
 276895
 184751
 305279
 617422
 790661
 979603
 156541
 96824
 244331
 574396
 80581
 811759
 469211
 615654
 863067
 885817
 652480
 513304
 677714
 723743
 966254
 894685
 546857
 1006116
 910404
 562180
 261281
 1045375
 686444
 1022215
 329143
 143712
 883476
 1073713
 441579
 310287
 357414
 1040035
 519243
 473143
 401908
 770755
 845662
 858280
 193358
 873992
 902038
 379744
 623476
 746682
 293175
 214046
 958513
 343464
 91979
 286469
 160268
 85834
 192686
 976788
 828352
 695500
 953955
 573875
 619724
 63917
 726561
 394941
 228980
 861832
 1012664
 363155
 137135
 210157
 262109
 707039
 962326
 512290
 306397
 754181
 424306
 424140
 980430
 759443
 580536
 403761
 773757
 690063
 113625
 827498
 88375
 429628
 772586
 411143
 648327
 396445
 416352
 965232
 232784
 968789
 160582
 211836
 96433
 793449
 892922
 199525
 534985
 548356
 865220
 226151
 844424
 716285
 1065037
 139369
 752453
 856232
 972040
 204329
 836915
 226234
 234243
 781291
 529697
 309374
 460241
 699536
 8001
 224497
 419523
 804080
 156942
 125930
 189182
 349440
 874310
 699005
 1090441
 243550
 578667
 560373
 31887
 669581
 225044
 15151
 140221
 436246
 140879
 974041
 1049283
 1050609
 942342
 1052335
 834857
 139513
 407298
 323062
 479991
 676187
 595193
 553676
 849580
 82398
 223297
 603567
 1036011
 1009189
 715405
 1010672
 869769
 118553
 834616
 792065
 497006
 461909
 320660
 608679
 663297
 1024753
 359793
 1012352
 558807
 790255
 10397
 771343
 881394
 456168
 326342
 703950
 618000
 294268
 1044048
 491442
 731115
 640931
 283746
 750741
 126593
 987980
 349728
 948488
 791158
 728991
 750807
 1081492
 723799
 872378
 840848
 415915
 577240
 1001919
 686564
 310759
 25451
 516480
 1028711
 854736
 564584
 796035
 57365
 942016
 233783
 377247
 414110
 635408
 133610
 490289
 679359
 61443
 917640
 561561
 742468
 484637
 976687
 311218
 117112
 401102
 172605
 400371
 885119
 330898
 80212
 540754
 896543
 546840
 624751
 717909
 633160
 260531
 1027436
 157796
 769217
 426158
 1071086
 266484
 159081
 144438
 141800
 799961
 133076
 556198
 708148
 577489
 88619
 628937
 95414
 445829
 969118
 414124
 71825
 355867
 865817
 1032655
 1033761
 716694
 470315
 225831
 995939
 98608
 970357
 981986
 687963
 323817
 21096
 116649
 69013
 893888
 472173
 17398
 856108
 988425
 960642
 998156
 6665
 895668
 783021
 776695
 423081
 538391
 954806
 787850
 302769
 1041395
 641165
 552051
 818896
 255917
 465957
 1031179
 630240
 21658
 702344
 84957
 787453
 884858
 617779
 172072
 613503
 151262
 823039
 611166
 62147
 809679
 482391
 766873
 48155
 595089
 47722
 76284
 934648
 644439
 1069257
 218584
 283771
 655266
 1018876
 746846
 637270
 39282
 1016800
 20032
 992534
 1076111
 283288
 490612
 398976
 825595
 332190
 443946
 227503
 344722
 10911
 936778
 290505
 561819
 795797
 423417
 752644
 734201
 536195
 569368
 774281
 842151
 717819
 1000421
 468276
 277965
 953175
 928902
 495549
 452704
 1052883
 343513
 854331
 498270
 659141
 160325
 1073656
 9400
 559951
 794001
 1019219
 202742
 683656
 997276
 216874
 400479
 315648
 735677
 279388
 37755
 82801
 393507
 593980
 285139
 928232
 760105
 1017694
 116343
 400302
 991473
 718148
 775668
 188465
 805648
 840803
 63906
 35965
 193196
 514724
 589773
 958072
 96774
 967280
 561771
 160044
 1002572
 1005775
 867947
 662254
 378678
 775343
 323925
 322101
 909542
 506928
 636600
 413487
 1076722
 677599
 193080
 722880
 788563
 86352
 202900
 576245
 282127
 486455
 546362
 1017381
 424394
 711496
 748680
 1046985
 291920
 10137
 393104
 131964
 32864
 542167
 840159
 321286
 692890
 516690
 959316
 761669
 863295
 1060343
 140659
 809499
 339186
 799957
 17892
 70144
 118339
 691874
 82619
 1052658
 821898
 280084
 214879
 515158
 222189
 861737
 308882
 734039
 10780
 361830
 1036323
 558210
 820723
 920698
 1050985
 15348
 94449
 308021
 911433
 501982
 941665
 811070
 334598
 5001
 1027852
 630732
 1034160
 627630
 237238
 753189
 547666
 1085557
 374817
 271786
 941625
 632519
 508127
 732057
 833168
 449635
 957115
 626086
 783120
 506261
 806580
 680018
 893461
 276184
 1031445
 207238
 503587
 672492
 79192
 826705
 542004
 35353
 264202
 926004
 876013
 1019615
 716251
 83316
 1091921
 291804
 781501
 824548
 521138
 70763
 1064885
 51008
 1034950
 1002627
 449660
 956400
 854998
 544118
 784264
 1036728
 330409
 722134
 702128
 969600
 240734
 228647
 1066394
 222446
 540575
 674727
 1034679
 342710
 461881
 280620
 764951
 513533
 915019
 1000488
 987065
 227964
 1027713
 753448
 46052
 252403
 732282
 942231
 282859
 853512
 1074571
 767028
 980942
 502160
 15948
 666435
 440324
 822384
 252745
 293431
 929182
 736751
 640772
 963091
 111641
 480812
 759507
 986108
 510610
 169317
 182459
 548470
 576988
 132730
 541306
 708979
 142602
 437186
 337238
 22207
 1059644
 612586
 356853
 845005
 48978
 660236
 772123
 688369
 229787
 1044666
 758206
 223529
 16754
 525338
 770792
 705088
 257610
 775868
 1046749
 837195
 837123
 65435
 267127
 189624
 1032802
 667229
 455962
 52236
 710666
 835471
 388975
 747891
 520507
 503829
 1014244
 1015324
 882369
 40927
 841722
 624459
 235938
 326953
 921897
 671815
 414441
 951769
 886860
 653835
 647883
 327527
 1073406
 821015
 915624
 122454
 865825
 411890
 563713
 60086
 745256
 644804
 40928
 914202
 213201
 284926
 161022
 514339
 728287
 365158
 876347
 956133
 18768
 837108
 120225
 767958
 9181
 211142
 688556
 801307
 357128
 676000
 141451
 290186
 94231
 874450
 422573
 322968
 833495
 945186
 274785
 375669
 482114
 823892
 54239
 873929
 610907
 406223
 434647
 829042
 229929
 667649
 604027
 651165
 880295
 796292
 419283
 752859
 26557
 103029
 450397
 845562
 419881
 353813
 496612
 550819
 815727
 214584
 1096743
 754788
 354978
 895535
 607848
 197943
 89373
 941518
 316400
 484030
 659563
 817415
 915211
 59929
 769681
 204089
 909520
 589789
 373613
 1062498
 586623
 592240
 122008
 869484
 733008
 525814
 11709
 122189
 516265
 390496
 139156
 1005421
 167573
 503687
 1043669
 471861
 1089396
 228182
 231804
 40603
 686075
 1050568
 54151
 94416
 836918
 1047663
 1039530
 338428
 934975
 425128
 439232
 81779
 7240
 477106
 1060741
 126330
 99289
 161193
 999192
 193949
 367889
 67968
 474228
 288586
 680172
 255598
 89421
 36191
 518058
 284166
 279349
 263066
 845832
 794892
 40187
 221492
 399473
 857536
 293650
 186850
 673388
 738732
 916216
 1026018
 942580
 228334
 566137
 106448
 1006552
 325082
 704199
 961744
 286767
 130752
 619534
 366471
 1070055
 33207
 33714
 1066310
 883184
 64137
 117693
 274395
 274225
 559936
 827294
 1059467
 411998
 241442
 947357
 262008
 184845
 290777
 24965
 611146
 133247
 961113
 822433
 734322
 178994
 407638
 317261
 266680
 754338
 48266
 239725
 189899
 178048
 831576
 70729
 952904
 330794
 527026
 276896
 1057751
 281018
 159536
 615243
 516458
 1066323
 814735
 582169
 777554
 857785
 332049
 839076
 705898
 277252
 464550
 219918
 1077950
 102708
 183728
 215733
 550301
 576678
 117193
 977293
 420052
 841404
 281493
 201873
 208429
 481030
 534650
 1076066
 775308
 20621
 503557
 812245
 378276
 936392
 486575
 239856
 322040
 257459
 643576
 837572
 653040
 43388
 247880
 976404
 326392
 690574
 485093
 191860
 404158
 428173
 320121
 350046
 661984
 311176
 548665
 77149
 539693
 461151
 1025438
 29451
 1036019
 515659
 1055841
 878170
 493008
 219221
 258997
 1038637
 1009720
 358921
 952367
 1052206
 971423
 671420
 1067448
 330604
 708353
 584490
 74430
 189948
 1096646
 971812
 415799
 608785
 497502
 834236
 585944
 179837
 298415
 1038234
 1081877
 646821
 1017963
 810335
 816800
 355047
 809819
 423171
 384515
 57966
 807498
 217497
 1001184
 498385
 419673
 547484
 230878
 475663
 53803
 706074
 523150
 559987
 868196
 677686
 662655
 206473
 283307
 245703
 548812
 245511
 593936
 536489
 607265
 30984
 64976
 564578
 710511
 317176
 709853
 889075
 461225
 831796
 524438
 686126
 672382
 356344
 20463
 176158
 117838
 739088
 298726
 934884
 715607
 397605
 442128
 815472
 966845
 981307
 1051719
 1068100
 45989
 453499
 174221
 543546
 219223
 872686
 264462
 178057
 685433
 1005412
 560841
 1029495
 110434
 471790
 668820
 573627
 307712
 728877
 319131
 969976
 597081
 1003517
 860914
 117673
 664474
 845203
 325954
 671118
 403672
 582602
 13201
 158531
 744433
 905961
 323166
 42497
 446016
 635651
 74732
 377139
 494858
 999250
 506498
 863475
 520481
 836485
 1036771
 378252
 1087429
 164055
 198953
 227894
 1032180
 965128
 1024550
 161676
 1020860
 168272
 770523
 311643
 923596
 801350
 678001
 437585
 249809
 559853
 994371
 406321
 993298
 967585
 827628
 192503
 55547
 540558
 739726
 875560
 307192
 535501
 609174
 1012210
 160359
 659824
 28446
 910339
 791253
 677887
 194680
 599898
 1081517
 332300
 600111
 293937
 1078776
 867370
 415902
 969973
 265869
 610226
 267684
 567250
 958732
 346281
 924252
 532097
 694274
 689928
 979419
 410242
 922236
 85752
 620661
 214884
 759752
 107184
 312657
 541085
 259983
 199445
 517494
 10007
 959816
 584848
 256308
 608656
 399134
 16989
 476498
 175867
 74743
 997755
 115293
 724120
 263730
 247376
 1039486
 165224
 565957
 708820
 791346
 980421
 1217
 733647
 889019
 736754
 1519
 652612
 525824
 112087
 1013784
 731440
 649892
 211434
 48441
 13625
 443422
 335635
 580106
 798330
 1099296
 394060
 980935
 593722
 1064523
 556627
 358689
 674281
 226906
 1041730
 339465
 642263
 42468
 613545
 783016
 446860
 275108
 1070665
 764257
 66639
 943442
 1048669
 800532
 125173
 1076803
 81573
 234971
 971704
 962292
 488081
 293260
 302144
 495786
 1038836
 59363
 41308
 438209
 389841
 158449
 1085174
 589684
 283462
 178260
 412723
 663834
 1096659
 213725
 245099
 693531
 515083
 637760
 687220
 337883
 723946
 556310
 628418
 685932
 979768
 312777
 808212
 93115
 159378
 186259
 114546
 922859
 623173
 424142
 676204
 688473
 12742
 276028
 1079986
 551431
 1033833
 905844
 889155
 1068900
 861768
 131377
 936658
 330657
 996920
 668985
 888876
 888706
 396252
 703545
 272658
 619426
 515552
 906610
 769580
 654446
 862034
 727380
 536736
 552506
 904234
 306256
 190953
 1055987
 854665
 580053
 788197
 798913
 504127
 705862
 14166
 638495
 81759
 748487
 542528
 334951
 785670
 401581
 800956
 901385
 711641
 346957
 263151
 461215
 345727
 38672
 890122
 997899
 345275
 973641
 1013116
 469421
 421479
 52574
 603683
 1055554
 432512
 215073
 845876
 168045
 1040129
 309084
 19174
 1038165
 499128
 857886
 520210
 603100
 122586
 36609
 50649
 584408
 516279
 359400
 88653
 126268
 1093609
 869596
 668214
 977545
 515371
 933324
 398564
 1066691
 435833
 945072
 176615
 128026
 500900
 254772
 542214
 844547
 1029001
 621058
 36243
 1056605
 623467
 519861
 791161
 827902
 920832
 521502
 277832
 578694
 392474
 894376
 221390
 1021330
 561812
 877002
 408391
 543320
 288531
 461138
 179242
 443464
 832064
 120662
 37020
 775226
 617598
 705514
 194281
 195141
 942924
 944954
 945187
 385486
 134110
 800318
 605716
 484547
 721070
 701631
 1097088
 1029475
 639642
 454732
 622795
 1004890
 740327
 798211
 627276
 1074374
 590137
 844999
 539342
 657290
 838327
 96644
 877326
 84309
 263153
 167060
 1006593
 1031967
 140458
 706691
 1065291
 2752
 64817
 636765
 886530
 1016626
 443873
 63951
 601207
 319703
 578408
 517222
 425520
 961040
 653117
 72765
 471522
 155765
 356073
 297834
 385311
 1020692
 225153
 512892
 1050541
 444941
 142749
 937067
 355753
 1035105
 497628
 1049604
 488545
 717170
 434817
 463666
 113579
 720835
 984134
 453553
 991114
 541288
 582840
 1029335
 731014
 119789
 288423
 176738
 150839
 44378
 698689
 996019
 991475
 80085
 129780
 859751
 81438
 148812
 601202
 883576
 1039366
 1096718
 324311
 819749
 885462
 773713
 923945
 1011376
 262620
 721902
 962210
 766126
 748006
 989438
 739856
 856877
 884384
 592384
 850535
 813835
 326624
 826946
 188792
 313020
 607137
 641053
 704256
 525180
 296534
 502907
 241087
 577844
 61945
 93994
 539142
 77671
 750146
 819645
 215851
 431648
 1062345
 85702
 311373
 675073
 273745
 622526
 629083
 241442
 698043
 340894
 334279
 245824
 757080
 282263
 38262
 35781
 383701
 205720
 702979
 1048097
 715082
 915956
 603519
 526300
 389198
 122803
 51897
 268825
 587826
 551151
 505061
 602596
 840013
 30037
 929610
 387807
 200769
 939948
 710953
 108864
 547474
 672963
 910470
 314215
 171376
 173694
 319447
 52649
 586924
 600590
 874967
 1076123
 981781
 576800
 572141
 55486
 536782
 1007163
 1011024
 1059699
 274668
 639945
 481954
 477408
 408582
 926388
 939199
 781920
 1089505
 706449
 196624
 866082
 1011296
 162569
 1024679
 723482
 75798
 705532
 943286
 714982
 64221
 723550
 38011
 551087
 374322
 390994
 719427
 206690
 444244
 207430
 64968
 122846
 317722
 270666
 631899
 53486
 646078
 358629
 690148
 369244
 999204
 285586
 202746
 7114
 32428
 259843
 593364
 895277
 174166
 398273
 958476
 683822
 379796
 966323
 1039173
 914339
 58950
 558215
 903068
 57906
 127915
 444697
 286222
 776449
 39229
 1868
 432456
 192628
 32236
 509735
 545776
 377375
 946121
 930838
 747760
 151104
 811593
 113486
 566971
 284323
 616672
 475340
 118275
 742700
 930187
 595366
 317018
 796195
 826759
 565485
 650323
 679789
 839779
 530311
 473628
 259642
 239788
 374352
 943769
 948632
 639848
 874952
 797888
 147436
 151020
 138609
 879788
 527957
 40840
 732729
 826058
 741484
 120392
 862840
 89295
 979410
 409991
 505951
 425377
 611539
 535222
 236738
 951138
 304490
 222244
 569338
 1027182
 164525
 303998
 615791
 799082
 216801
 302901
 488303
 285064
 731753
 780572
 288246
 480997
 1048822
 185420
 1006562
 954505
 535025
 523437
 746330
 16283
 920756
 634821
 360429
 376956
 61508
 320671
 553170
 696120
 357253
 431984
 903002
 750629
 350635
 168845
 332120
 312756
 469972
 1088533
 99481
 317495
 993108
 542315
 732932
 1063394
 495151
 940203
 46334
 762433
 418514
 518639
 83109
 766782
 870101
 476720
 1088284
 914248
 125866
 510698
 554858
 112842
 297710
 235916
 2587
 760650
 884866
 252881
 981531
 827758
 957568
 722813
 373989
 337928
 979149
 646418
 590444
 598444
 949923
 1027147
 530861
 830616
 822976
 614357
 820073
 842263
 873609
 597733
 979978
 83869
 59602
 294876
 733313
 380089
 664383
 488061
 36834
 900662
 555394
 64820
 884306
 530633
 409955
 314837
 17571
 311097
 403579
 993783
 771275
 1023288
 957781
 923289
 901174
 869825
 1088587
 137229
 671671
 266497
 551318
 583392
 22849
 888486
 754645
 194994
 46849
 1030729
 945173
 393090
 495105
 928184
 644238
 685873
 260758
 87438
 156002
 404669
 345610
 98543
 28696
 672005
 367960
 1005673
 511450
 290535
 514911
 366492
 658155
 573054
 507980
 1079568
 1048357
 450597
 422822
 635537
 848147
 695559
 204390
 32889
 635678
 32265
 919651
 3609
 635141
 168936
 982026
 15525
 287400
 727276
 1097045
 1024276
 290010
 839453
 21211
 778767
 757072
 204611
 565162
 59967
 74847
 114367
 822356
 1080707
 378008
 98083
 654680
 1014264
 444578
 115943
 72400
 894546
 788228
 78858
 918307
 640592
 830647
 413575
 91616
 308637
 923124
 167610
 37411
 163077
 352380
 312988
 3670
 954595
 471856
 172518
 719019
 196943
 426183
 272736
 923748
 476226
 509883
 822913
 701931
 597447
 341388
 165726
 819949
 812602
 702006
 786416
 402584
 762415
 286888
 429854
 195395
 906934
 493088
 376594
 698222
 587588
 411110
 37346
 524330
 112691
 604036
 796458
 100173
 572622
 444792
 551876
 133581
 966960
 646837
 416816
 639012
 948147
 252145
 36950
 454841
 668632
 490448
 571107
 667972
 426583
 249522
 414608
 175745
 167728
 615068
 505537
 363510
 841211
 638792
 695268
 680330
 644993
 232324
 109621
 730771
 928359
 738861
 20821
 378562
 71668
 540045
 854020
 312754
 1018373
 845751
 132328
 981281
 390489
 176316
 766347
 886862
 1072925
 111809
 339975
 911175
 237343
 364983
 1080102
 711361
 221049
 566985
 226673
 117360
 795473
 824664
 38883
 1004226
 30239
 269807
 413057
 403270
 991169
 363373
 974253
 876517
 484905
 208658
 148739
 616938
 612356
 811271
 813283
 7797
 29513
 75008
 783700
 115330
 406470
 741837
 494553
 627352
 1076216
 925032
 591644
 398670
 562889
 1065053
 87227
 345988
 1058746
 167945
 713086
 1003405
 159294
 1000353
 52583
 791870
 991688
 550866
 481132
 29785
 368714
 1045265
 591286
 958249
 306642
 525380
 97398
 1079217
 471971
 921000
 339952
 582534
 800129
 282403
 857461
 754677
 946407
 970312
 1070344
 860783
 851344
 732768
 728011
 706024
 196978
 502388
 509
 547517
 168511
 819806
 964865
 993620
 269141
 412862
 268410
 1056705
 1055005
 1015888
 896081
 497637
 367855
 492186
 223126
 689567
 405584
 709749
 785484
 847631
 892172
 1074821
 910970
 742317
 474183
 775119
 819414
 890985
 191124
 962706
 779392
 245275
 124785
 275660
 363575
 857599
 409657
 619426
 626059
 1017201
 10906
 695053
 938678
 166411
 864756
 115855
 725371
 557972
 4964
 336529
 582658
 279975
 176232
 362036
 568949
 84242
 1057551
 355057
 412122
 479408
 1025789
 495377
 693301
 876320
 278986
 109376
 58633
 788308
 161217
 391978
 43687
 965462
 672793
 556244
 503833
 700493
 435139
 527350
 138819
 630667
 303846
 3022
 978655
 844507
 878655
 775171
 212201
 1099973
 354305
 601717
 636970
 969928
 471216
 34419
 629930
 352555
 506095
 755898
 491953
 540462
 8995
 482122
 848142
 527045
 1059167
 434077
 967299
 149063
 847964
 268183
 300308
 702855
 749371
 341932
 703953
 1030631
 929038
 1078243
 846389
 985594
 905517
 226931
 924596
 855301
 1029321
 600478
 486079
 660459
 381407
 749934
 839112
 207187
 633806
 89832
 565551
 754600
 998667
 640077
 104016
 427078
 806690
 1055563
 1030272
 94111
 157744
 23456
 476016
 930936
 416733
 553361
 407517
 777420
 61430
 1059603
 692732
 466000
 742256
 482829
 466364
 380236
 413974
 697825
 829624
 159547
 83821
 324502
 597225
 412204
 528444
 27951
 561515
 592970
 386907
 821330
 622362
 739459
 135085
 173070
 594722
 1038569
 934533
 678501
 544280
 621620
 1052911
 295116
 161789
 113184
 472547
 1007032
 366849
 439015
 232577
 661436
 205130
 1064492
 464999
 612660
 68129
 263722
 1096216
 92342
 473510
 702139
 518476
 426935
 990314
 571194
 149124
 1014227
 189564
 813572
 56865
 345004
 739969
 1022394
 774506
 758408
 113897
 324400
 1003379
 1095188
 887318
 635066
 1078745
 403550
 205985
 880308
 585332
 594497
 206804
 853802
 304532
 25110
 128809
 1099302
 624274
 5239
 952021
 785439
 233838
 496800
 398962
 15941
 702761
 733444
 625464
 418974
 566677
 70328
 388874
 709828
 179025
 80713
 713578
 556338
 1012768
 376068
 34351
 689720
 425957
 822209
 428340
 919399
 3184
 551302
 122802
 595177
 316134
 446649
 886545
 760195
 646868
 807381
 501475
 89729
 443755
 895715
 254296
 722498
 675050
 825912
 120861
 208697
 1035433
 401041
 592132
 105381
 473481
 660053
 636138
 637266
 753111
 536226
 802229
 99729
 387545
 997139
 1067174
 884548
 535427
 331697
 961574
 618258
 1044316
 832766
 866725
 572357
 100222
 851027
 787126
 823110
 390898
 918690
 743157
 481482
 115907
 587456
 853870
 934405
 430602
 399494
 892749
 209792
 915703
 1010036
 576015
 894083
 432656
 934680
 991403
 430451
 342716
 691816
 145945
 971140
 25620
 966491
 503873
 434710
 785241
 157360
 716835
 414341
 1053862
 609116
 194581
 429672
 16780
 752182
 133380
 731262
 994164
 245645
 64227
 753262
 603005
 777900
 556619
 83602
 322354
 750023
 233415
 1052857
 231667
 729089
 512814
 116389
 97931
 768279
 597014
 839022
 467088
 1037564
 58564
 118519
 126799
 448259
 864107
 551030
 444711
 959919
 898946
 877256
 857867
 709804
 998836
 848791
 487175
 122453
 322362
 1050983
 651160
 65850
 906804
 473667
 714524
 594565
 975657
 305016
 129762
 952173
 446862
 436492
 533462
 873111
 243906
 760586
 1061663
 812284
 947379
 367081
 769865
 725005
 1024145
 715969
 252052
 1003702
 352196
 794520
 448045
 814497
 692306
 211051
 512629
 323503
 183620
 802243
 959634
 1003422
 343576
 878429
 781724
 633238
 959592
 352898
 1066294
 36552
 684304
 1007260
 1075381
 1057967
 434990
 551280
 626765
 343547
 841332
 98272
 405843
 287702
 501738
 599366
 640951
 709740
 340477
 737841
 596616
 98076
 624642
 739947
 62934
 40642
 882025
 201107
 751451
 447021
 837528
 1075674
 150357
 194748
 382066
 87253
 475614
 773869
 58192
 12518
 755392
 716734
 535504
 896127
 820515
 530671
 825340
 510760
 867823
 1611
 563066
 150431
 132261
 1071271
 430138
 624175
 951174
 559796
 448376
 1030629
 50936
 481608
 907916
 201798
 434788
 985589
 177850
 644593
 996747
 660680
 846495
 284145
 172916
 1082652
 158503
 720503
 691975
 60146
 829146
 505921
 804418
 924981
 511082
 758665
 31111
 54555
 613661
 811207
 1049605
 519468
 361740
 205093
 283310
 61215
 1090743
 148928
 980032
 437181
 64016
 396084
 314479
 826608
 243724
 225925
 1005138
 869118
 355843
 126283
 517828
 435323
 1094132
 820488
 153219
 737148
 624725
 844080
 807301
 453485
 1041284
 331265
 1040527
 488360
 1097251
 139978
 82972
 339330
 887885
 377845
 863405
 66363
 42253
 650246
 433951
 329347
 289147
 47306
 426187
 90511
 20752
 555734
 48110
 462911
 663230
 648759
 813138
 250997
 596475
 504981
 322918
 975878
 79697
 34729
 164325
 578463
 341563
 494001
 1034633
 15121
 1096203
 875698
 925143
 398402
 553557
 1069475
 1081508
 1038932
 830716
 503815
 606169
 681280
 952194
 828449
 406993
 431766
 845779
 74935
 802479
 88966
 594577
 645942
 310335
 602315
 280291
 609957
 742583
 374068
 982164
 268267
 307090
 12019
 441774
 632283
 425640
 891400
 1034537
 1064768
 1031368
 450365
 146046
 645210
 131024
 838532
 154286
 250582
 234972
 1006650
 282194
 708514
 1014821
 978897
 1067768
 278977
 423330
 256148
 724349
 597968
 126371
 76500
 552256
 983514
 26833
 397485
 977140
 988139
 617839
 374518
 690497
 178119
 581762
 797532
 109703
 549753
 84962
 835931
 784246
 958340
 1045731
 46439
 603033
 406242
 760879
 1098270
 528953
 139100
 907460
 516747
 895254
 903324
 1092531
 759835
 488504
 94935
 16458
 525783
 524661
 673997
 969641
 635480
 134793
 691968
 873393
 873512
 1038879
 989056
 937682
 170709
 881005
 175506
 934473
 662857
 111372
 676792
 411429
 815475
 33856
 221117
 398601
 188327
 614495
 202986
 1061422
 336886
 70734
 337764
 853462
 533517
 461988
 126378
 559638
 639302
 733607
 627694
 551671
 399619
 419551
 117230
 714242
 737617
 315093
 698407
 730402
 713263
 801987
 284907
 281587
 471511
 509062
 579001
 1034867
 874853
 390344
 537585
 206255
 415022
 809347
 411380
 229699
 193480
 887910
 841228
 680434
 120643
 533938
 96637
 767088
 690273
 1051537
 170229
 807796
 581211
 197528
 28512
 439407
 330293
 38873
 1066949
 968083
 320726
 512237
 178161
 61432
 1077892
 493439
 1010260
 907815
 535175
 988412
 476451
 830998
 1046399
 383383
 699955
 812128
 161640
 412903
 808181
 67908
 840809
 216323
 440741
 770553
 620344
 944938
 894618
 878248
 482283
 105114
 188536
 272419
 851478
 56023
 858967
 544054
 518884
 874961
 74000
 17836
 798039
 714010
 389537
 935231
 972805
 126334
 351487
 213352
 1010799
 865659
 809411
 183088
 229139
 1098892
 310940
 1061178
 939738
 219672
 222693
 556694
 209429
 581446
 878301
 507426
 345918
 695330
 638711
 267698
 82800
 844462
 591248
 722588
 41421
 906927
 180177
 923588
 110305
 444353
 515429
 2840
 506147
 126073
 687797
 475961
 883742
 630999
 916197
 11754
 148553
 1064747
 498727
 945573
 702856
 560428
 17824
 207207
 31420
 278234
 460493
 338604
 648796
 964828
 1075626
 738201
 223061
 451991
 676000
 1038109
 979755
 873056
 691830
 807860
 541717
 719270
 600463
 759208
 706706
 59329
 981067
 795620
 707644
 390635
 124340
 260606
 1000483
 639837
 225149
 278548
 925855
 199357
 764667
 583040
 342653
 452624
 640160
 770496
 521498
 797393
 1059225
 771346
 705003
 809949
 621716
 598475
 880402
 244129
 818389
 617232
 22204
 579193
 645625
 867243
 34980
 742064
 35519
 127684
 112114
 756622
 491660
 361110
 433140
 156125
 45690
 845645
 562956
 711293
 809064
 789322
 685138
 216222
 384816
 486899
 481950
 684781
 1003680
 360196
 466440
 744219
 416870
 897702
 807876
 552278
 336498
 324432
 29370
 761498
 759922
 142468
 728025
 93630
 547641
 998123
 442680
 429719
 550204
 685485
 724120
 811612
 304253
 810166
 267823
 66796
 303148
 1014066
 997748
 107139
 1073185
 966409
 342005
 882363
 670989
 170435
 208025
 122423
 520158
 1010031
 989801
 259361
 1061371
 384733
 513866
 1062616
 1066940
 219461
 975972
 354388
 39692
 66714
 1071066
 51976
 1048597
 127191
 517383
 930833
 1018978
 184846
 630249
 1066397
 402486
 769927
 723426
 2177
 476280
 300009
 17551
 785644
 319695
 71921
 930582
 379405
 655444
 611876
 155923
 968947
 282310
 918360
 520027
 508780
 811842
 283036
 636187
 709762
 152993
 223299
 1058077
 553394
 445570
 861277
 323272
 866199
 301324
 1081812
 553056
 137381
 301933
 974337
 199240
 926261
 500251
 261245
 139932
 836279
 442878
 160891
 119747
 703171
 36312
 50301
 122773
 675536
 979422
 586519
 854870
 727478
 640053
 151412
 699076
 138027
 793538
 629921
 422879
 1043649
 759935
 899293
 136862
 598645
 831777
 508204
 1040012
 1033295
 151867
 9954
 963949
 912746
 907600
 1070275
 14345
 735867
 728932
 115526
 571183
 297532
 157243
 501038
 740744
 276945
 573845
 613829
 635882
 387679
 295654
 207993
 542876
 454543
 974575
 909853
 96941
 38866
 536406
 606280
 77666
 56253
 245943
 80159
 751284
 291379
 894031
 263881
 174033
 522069
 327758
 286970
 472385
 734736
 591887
 450826
 1036887
 384010
 430468
 685056
 551996
 747782
 1020600
 934322
 702502
 805213
 193741
 550475
 950565
 215198
 787310
 579025
 750844
 527798
 617158
 611650
 623685
 404856
 41917
 739595
 1085751
 1059978
 965781
 1032504
 929511
 1033291
 779646
 410500
 983808
 438952
 447109
 289830
 949051
 756962
 243732
 111001
 544956
 526515
 244384
 323401
 216363
 578870
 370712
 851493
 534979
 842790
 499774
 731266
 692747
 101985
 986736
 39906
 662430
 710964
 869879
 464232
 102092
 813099
 402298
 140238
 711776
 152108
 435427
 1081591
 682148
 878645
 615491
 998899
 880812
 992189
 180328
 19889
 72549
 1018217
 926040
 842806
 916168
 625639
 486355
 710006
 48638
 31631
 975413
 942564
 358038
 636042
 219447
 277790
 377120
 184195
 1017418
 634234
 763953
 1085226
 726364
 64158
 582313
 1093513
 728172
 709300
 515569
 959801
 500057
 558327
 498189
 255037
 898975
 996947
 94421
 780981
 41210
 877734
 823396
 780467
 720149
 1004179
 230985
 145815
 996365
 951715
 418638
 726642
 143672
 1735
 442218
 823978
 894587
 958633
 701313
 150477
 719191
 44039
 1011568
 805972
 934210
 809361
 786922
 204086
 598011
 691522
 957612
 466282
 456668
 118314
 242909
 850249
 100766
 819079
 1052370
 459838
 621655
 511815
 564695
 78651
 32990
 806928
 761093
 283361
 518194
 641385
 800203
 455144
 151129
 293458
 725092
 536521
 162664
 612308
 575657
 926545
 571354
 396135
 582448
 356596
 227717
 294634
 197281
 699273
 133918
 943808
 107913
 623760
 367746
 564054
 664675
 791947
 453461
 537908
 371000
 267771
 502501
 816132
 394791
 620229
 391252
 69697
 787635
 43126
 276970
 989747
 654806
 213049
 769891
 724768
 474298
 182563
 755627
 658402
 117476
 925489
 593811
 905768
 441041
 212055
 3358
 39990
 105164
 527907
 35060
 918762
 437036
 275516
 177069
 598958
 156987
 529498
 702729
 946935
 879011
 448102
 125396
 776239
 737075
 431878
 970182
 53117
 198984
 796342
 324532
 3110
 353668
 658008
 242500
 236565
 709279
 31925
 754203
 411212
 525802
 287766
 195365
 268687
 472155
 320762
 689453
 145069
 502112
 551451
 958604
 541486
 79356
 977003
 733155
 166774
 613915
 751648
 76161
 145547
 995578
 105175
 739533
 856538
 453180
 973165
 2399
 215966
 13107
 143790
 448069
 391039
 1034212
 676325
 711074
 399480
 605306
 79973
 346215
 290103
 798729
 805312
 529487
 771673
 267713
 618475
 802846
 515333
 33030
 680299
 211111
 479385
 318088
 726333
 689471
 1079970
 666485
 733903
 761236
 2462
 909574
 257568
 91118
 853611
 1034986
 795413
 416165
 327864
 831536
 445904
 446797
 944031
 776880
 461172
 92622
 941151
 79405
 616524
 671450
 489857
 645824
 182063
 550839
 232932
 510093
 735858
 441958
 668495
 191139
 188326
 236719
 992582
 230350
 1047882
 268541
 217199
 1013642
 56054
 932167
 497442
 56225
 953608
 34953
 600794
 146384
 423342
 152811
 425655
 708835
 954385
 125529
 1053969
 1028027
 211186
 437851
 418542
 72349
 537580
 374173
 937980
 246453
 363421
 3413
 26083
 179961
 575440
 550187
 343610
 322514
 428571
 438431
 971346
 705929
 132459
 117306
 728263
 278287
 414226
 135150
 642500
 549710
 518169
 685032
 971190
 969606
 781243
 586509
 1075668
 94570
 278011
 756288
 866278
 65601
 214245
 502202
 957150
 223739
 879120
 393651
 764185
 37123
 327952
 17375
 891598
 685940
 1026362
 516667
 859563
 277011
 501144
 1049891
 291561
 94129
 277733
 960487
 919407
 958903
 504476
 222388
 568510
 888585
 104337
 855256
 884347
 1029039
 355931
 7948
 709624
 971933
 106664
 664042
 667007
 636779
 972374
 638415
 539340
 593256
 655615
 547224
 785560
 626169
 248297
 1097508
 335748
 990699
 556032
 790116
 1080981
 927728
 116567
 864307
 293825
 109817
 395982
 457247
 724755
 375610
 906955
 596445
 772951
 237597
 45977
 492424
 121825
 1058551
 52081
 605611
 410931
 357057
 792273
 1020616
 1025287
 988049
 413313
 486746
 813515
 418823
 1079379
 536079
 642457
 410625
 584792
 775331
 420364
 121881
 65412
 256825
 326123
 581925
 762899
 323813
 931062
 822666
 435074
 376270
 275436
 187702
 482124
 183251
 242870
 80863
 630688
 260874
 329801
 197659
 77360
 341348
 1038621
 124038
 729538
 23019
 114950
 498198
 181033
 394873
 56896
 529937
 371066
 481731
 111391
 97500
 1066165
 340999
 925427
 349882
 1069685
 375925
 8655
 555830
 506954
 666100
 660263
 44412
 97422
 243858
 681048
 731603
 963690
 464568
 436420
 697065
 187725
 934418
 532190
 183927
 1000511
 195436
 231880
 935987
 46443
 580056
 256617
 501636
 903825
 652983
 312106
 109444
 1040759
 943681
 1029005
 783668
 759189
 383868
 221967
 407861
 294892
 56311
 159776
 702437
 1093789
 541602
 984812
 43327
 596997
 637249
 880320
 58839
 872965
 26390
 164604
 388050
 775554
 937397
 177286
 843255
 873949
 666173
 721735
 801159
 1025464
 277564
 533641
 760708
 1023185
 973231
 596684
 1057054
 860454
 338251
 611947
 105460
 1051932
 1030715
 828652
