115489
 214005
 921329
 739392
 978466
 1091944
 1024150
 274696
 81584
 69261
 1060968
 395028
 800386
 613288
 695657
 654610
 407236
 574058
 762837
 50177
 374538
 171319
 931651
 801380
 765066
 950542
 420004
 942507
 609345
 892361
 743644
 1001278
 887046
 445297
 794684
 913179
 1090911
 473787
 638956
 913600
 810516
 97776
 528163
 375160
 399486
 333716
 871400
 981380
 906020
 588346
 977422
 958311
 570392
 261958
 28896
 1067417
 1046602
 766581
 792675
 57308
 588703
 409500
 110839
 837472
 51271
 126927
 334957
 976305
 688068
 745181
 268271
 193863
 540221
 108876
 543017
 1009750
 344390
 640585
 982623
 430431
 490906
 478205
 299300
 779621
 291917
 1004161
 985863
 774250
 125761
 24153
 912174
 294556
 56640
 1039003
 817403
 599916
 453619
 208632
 564757
 795710
 197471
 918052
 456377
 17422
 21045
 1051866
 236237
 970959
 569805
 21308
 725761
 558905
 665233
 992848
 128845
 638352
 62096
 78634
 1083514
 489882
 1038978
 239275
 163681
 537091
 555116
 150572
 280230
 396915
 122967
 493598
 967744
 642509
 1091930
 339297
 932236
 522389
 832501
 854163
 850469
 535645
 52178
 79541
 883941
 323869
 429567
 121801
 479899
 414598
 678723
 779716
 322713
 944924
 763541
 1089312
 902191
 518146
 995008
 323849
 572038
 119501
 194723
 657370
 556892
 874479
 807322
 570350
 129372
 331449
 835742
 126896
 495221
 817393
 467729
 741752
 95040
 37695
 186996
 444772
 37284
 485226
 513027
 516701
 167098
 674964
 11699
 582034
 146449
 339987
 930445
 282158
 608605
 370538
 336363
 35168
 293164
 989933
 833766
 547037
 926782
 1093507
 257578
 198118
 227630
 542515
 288667
 912485
 686238
 106935
 1034521
 616352
 21418
 604061
 403176
 562983
 488360
 278646
 582142
 840512
 658558
 532741
 210989
 146686
 802839
 683422
 1058504
 1020792
 109887
 508463
 641594
 42844
 714564
 751479
 762002
 434939
 931475
 490830
 512302
 370135
 473079
 610058
 15884
 446964
 1014658
 166410
 937328
 324979
 271688
 671932
 61691
 652470
 505867
 61347
 45704
 783265
 248083
 626752
 374738
 18852
 790563
 1067563
 98568
 230525
 967768
 747842
 63037
 857550
 643714
 549852
 945057
 438619
 641473
 278823
 271818
 142368
 127113
 533629
 998656
 438705
 524963
 206455
 571777
 873462
 10853
 557201
 975507
 15924
 1084855
 516216
 604445
 1006643
 85393
 911934
 1081791
 326749
 701563
 491408
 109505
 489372
 834280
 155437
 282390
 627905
 680919
 1043439
 221382
 1026091
 111040
 833316
 211514
 977877
 1006585
 799203
 749986
 534144
 805100
 514342
 593822
 552745
 693516
 684533
 972715
 685992
 793557
 702131
 991001
 597533
 486429
 493940
 289509
 502651
 99642
 526363
 466104
 46974
 769343
 688582
 655489
 3797
 614282
 1014858
 444764
 8059
 277048
 140848
 873808
 195445
 361596
 605025
 846442
 936689
 501333
 759978
 340184
 230390
 557335
 782504
 1009262
 989226
 46591
 887322
 1072458
 162086
 993754
 235512
 442057
 540272
 354712
 229247
 958575
 411568
 590797
 574606
 611326
 802129
 283342
 467026
 966544
 394791
 963147
 515652
 984372
 112312
 566955
 328271
 1097061
 256963
 1007582
 1032342
 646372
 893392
 242259
 433119
 348218
 544800
 4692
 201439
 890090
 618302
 269255
 730979
 893707
 252508
 237878
 804962
 5516
 136971
 515213
 36626
 504299
 1063853
 812723
 744471
 159160
 541260
 177574
 867864
 367169
 194030
 229335
 793631
 141456
 757569
 654040
 145076
 127247
 869114
 100758
 1094759
 65105
 252572
 22695
 342205
 815559
 411386
 634219
 234580
 94403
 522092
 15236
 695763
 971321
 740641
 817293
 494140
 671976
 687318
 932127
 744218
 350892
 299559
 356975
 625286
 613900
 791074
 792635
 913001
 538324
 379236
 1067772
 905837
 924206
 598404
 568515
 60243
 144643
 646836
 230382
 24025
 971249
 350374
 818797
 478772
 507968
 594401
 553378
 93157
 73358
 375614
 159204
 62794
 701177
 585199
 610296
 170811
 735852
 131676
 888512
 907511
 728582
 662279
 322667
 292710
 318759
 277342
 27915
 967949
 912503
 1079081
 194663
 481261
 531393
 851034
 592517
 725469
 873849
 198908
 642739
 1060430
 492620
 207893
 519453
 58250
 618765
 358397
 856587
 116040
 657705
 934564
 917567
 817874
 558945
 83685
 322399
 620343
 804936
 732099
 346840
 271985
 452207
 223498
 1067503
 520412
 604553
 483326
 575464
 851509
 172363
 857504
 404597
 392456
 638969
 997043
 370727
 1099855
 448212
 335642
 939861
 158849
 241690
 1041685
 749956
 847019
 42430
 167024
 338312
 1049559
 712165
 809588
 516313
 91708
 609238
 655932
 451664
 753988
 646895
 730582
 236985
 471137
 205040
 558612
 982434
 417239
 186586
 446002
 124492
 878770
 774932
 325139
 986077
 898052
 330501
 361498
 229795
 87138
 1081973
 728179
 424828
 283620
 702094
 252473
 785392
 103001
 794830
 679047
 603407
 449743
 63432
 32450
 782802
 254166
 981588
 27727
 335712
 866027
 734901
 941202
 836304
 909542
 481195
 66220
 609146
 701626
 711521
 1013285
 1001850
 569641
 617246
 311838
 610097
 584428
 686805
 960843
 377664
 805839
 689375
 345497
 301727
 190884
 617842
 522302
 824613
 970341
 224883
 507875
 1082504
 694233
 721854
 852219
 503994
 21987
 366355
 1068792
 198870
 172782
 296517
 771323
 429561
 119783
 412618
 121852
 665323
 967540
 250345
 462700
 1010997
 747439
 272788
 718309
 65016
 510441
 543305
 388218
 888279
 64015
 159948
 548513
 769296
 511352
 815435
 370001
 808407
 881709
 999648
 408594
 316538
 415202
 871020
 864916
 754281
 175104
 99715
 406440
 593570
 489031
 829805
 991815
 824517
 459805
 610356
 406816
 113690
 517203
 515501
 283670
 498260
 462132
 1000362
 4611
 869807
 633125
 190892
 740077
 156477
 826172
 967939
 125918
 822321
 667126
 922181
 795301
 28447
 259993
 244537
 532246
 922129
 909257
 892642
 466515
 961290
 457572
 202093
 898092
 831517
 772937
 454172
 992190
 399134
 957075
 1000409
 1069750
 264705
 731467
 148707
 529733
 945908
 134144
 734758
 832653
 145763
 985710
 863790
 1045269
 949140
 162960
 707786
 326749
 661704
 828286
 205537
 14996
 831934
 604331
 933152
 869318
 296173
 754409
 698708
 420766
 207178
 170675
 754350
 26167
 84377
 705485
 1064849
 724516
 925526
 690916
 1026184
 236556
 805328
 497265
 229339
 1011324
 62440
 665288
 701453
 814825
 314952
 876963
 1022532
 627094
 889559
 817175
 344623
 338723
 315335
 657533
 438347
 667701
 562222
 916818
 623559
 74651
 1070762
 415893
 719875
 123912
 764712
 392222
 932509
 742841
 1050638
 966108
 585163
 811257
 674039
 1006628
 1047487
 595148
 488383
 281620
 327008
 169042
 700977
 438357
 1001714
 85866
 642490
 686477
 1024771
 854152
 168377
 277559
 865142
 374944
 1062981
 763113
 882801
 52083
 544663
 697513
 723156
 671000
 104319
 875004
 177975
 475160
 864932
 729688
 18590
 472342
 957679
 140490
 933531
 815253
 952336
 130049
 92443
 1031350
 79080
 234362
 730388
 1036841
 92104
 595581
 104193
 440286
 16113
 456126
 515601
 454368
 428649
 674799
 672216
 154402
 456007
 155069
 528175
 724775
 276315
 426592
 923370
 435545
 693165
 758992
 1087269
 337309
 235245
 701185
 37810
 73324
 615338
 769598
 1056263
 1046849
 263850
 97915
 118200
 77222
 253319
 654344
 92044
 381558
 281826
 777151
 886667
 36257
 965865
 468191
 70390
 568384
 651996
 257218
 885221
 853098
 743632
 10339
 42720
 529641
 772780
 981086
 1065039
 137825
 242389
 728619
 584587
 680619
 162049
 1089168
 695410
 265038
 524341
 377236
 918183
 1049267
 365548
 730914
 589498
 558133
 854114
 499587
 356382
 267542
 103975
 291838
 829232
 586077
 140477
 1090632
 105341
 7059
 518097
 57075
 249055
 298006
 677723
 1063730
 701198
 387277
 241463
 989656
 380236
 899300
 464568
 394026
 561919
 663631
 337652
 569070
 448135
 130360
 461648
 398226
 729244
 164445
 133783
 554339
 277474
 308121
 362172
 148367
 458518
 762018
 1064238
 700632
 767273
 364163
 514312
 645001
 461100
 660312
 313118
 90932
 171263
 943762
 1020868
 145942
 508246
 464713
 42778
 264335
 724556
 831384
 190431
 154743
 619111
 977638
 394111
 166473
 884243
 67182
 929747
 333754
 978043
 305163
 1089388
 380002
 965292
 560747
 786237
 729727
 1011152
 396466
 192539
 567537
 691368
 942985
 45341
 1005555
 1090102
 394545
 532185
 168505
