95631
 706482
 424355
 153483
 130660
 1086896
 53860
 677974
 186347
 864050
 666512
 733082
 906783
 452846
 827514
 1077255
 221962
 838117
 527590
 597208
 30949
 534974
 584761
 915735
 790509
 465925
 611091
 493848
 537598
 531745
 139367
 978107
 960480
 658737
 539685
 863017
 479563
 30892
 502868
 363279
 824024
 801014
 498092
 854300
 285376
 668871
 766934
 552989
 406727
 153268
 1034377
 1065780
 201935
 1000854
 518367
 1003586
 377513
 74609
 361287
 475663
 164584
 193892
 136651
 12056
 9259
 854768
 201105
 579638
 716473
 805048
 314970
 985239
 868314
 485781
 1088765
 210374
 894277
 619901
 717831
 773509
 707908
 493184
 670528
 60058
 370834
 401236
 805679
 341310
 227271
 27325
 332371
 737864
 903772
 477483
 264832
 554095
 146732
 561079
 912816
 19234
 570674
 33593
 195729
 594958
 554101
 859398
 556444
 930913
 998021
 162872
 226772
 973210
 308940
 1064516
 192376
 805772
 218717
 780488
 781067
 188776
 24565
 181716
 623555
 111612
 376023
 671708
 472977
 393503
 476454
 272562
 204920
 106880
 86662
 1026557
 708960
 215883
 573653
 1089930
 621054
 820499
 76530
 504937
 952351
 14262
 791813
 442521
 1060626
 976762
 455960
 28775
 628519
 868627
 897082
 948729
 707485
 680541
 137048
 216003
 343218
 772205
 236479
 301806
 702154
 814704
 1092469
 983830
 214337
 783923
 16842
 188954
 901864
 122352
 537539
 1029603
 293716
 770943
 97464
 1020757
 582688
 988307
 417561
 102903
 694413
 339911
 796582
 850162
 322639
 741033
 644567
 81703
 1012996
 321685
 706916
 524826
 274550
 1019291
 203922
 51302
 173812
 300308
 281910
 378054
 589921
 108236
 1080043
 1002072
 896643
 858409
 664881
 248056
 425910
 731180
 369222
 294323
 966890
 397665
 330042
 374031
 185967
 648139
 493179
 776746
 1022034
 1049326
 656824
 276174
 613762
 618351
 1055481
 994832
 1099999
 27385
 353978
 615649
 956888
 690793
 103263
 315467
 460611
 319584
 50481
 190813
 525055
 1049705
 199601
 282792
 454963
 86401
 521984
 404454
 612791
 1072965
 662251
 571828
 191154
 278237
 717723
 889727
 458202
 951811
 521424
 578934
 1086681
 537261
 472359
 273587
 849649
 370429
 930508
 768968
 452165
 632216
 497785
 1077235
 959386
 346648
 640970
 305322
 561580
 783167
 893139
 478150
 791876
 301917
 134040
 552069
 1039832
 98578
 268968
 275411
 23238
 438788
 480285
 861242
 392400
 669921
 520606
 295637
 563913
 85676
 800464
 1044170
 725865
 891610
 681893
 131793
 502011
 477533
 772648
 163301
 973408
 1078672
 71180
 779764
 1061319
 1034412
 872073
 705363
 222422
 216818
 732851
 778663
 936484
 49656
 1056365
 970217
 900603
 564747
 1014195
 118114
 143709
 31340
 579526
 490643
 552988
 452976
 236994
 351522
 861214
 32048
 235552
 10568
 276801
 719280
 56126
 314071
 138507
 462129
 424073
 430554
 771015
 552037
 691208
 427204
 797793
 1046198
 508801
 565295
 775024
 131728
 744096
 42681
 901826
 126059
 316450
 522339
 56314
 882701
 129273
 286930
 741050
 924057
 779307
 961021
 483660
 571722
 227708
 887759
 116120
 33195
 437120
 35490
 339450
 678260
 627373
 815609
 604124
 682894
 167364
 910821
 1067443
 842785
 902792
 265181
 808677
 78902
 159560
 586774
 268947
 808589
 658358
 251418
 955772
 309252
 746563
 835900
 808514
 98020
 1085567
 837540
 818372
 919022
 66120
 747610
 420265
 511738
 840829
 427120
 766396
 4135
 785117
 614205
 107561
 143007
 529626
 111687
 767879
 261395
 140060
 480155
 734008
 396063
 122904
 421858
 373943
 385304
 291893
 704514
 544897
 183869
 981314
 460569
 749384
 108885
 556988
 541794
 572534
 146348
 259441
 314383
 59608
 582489
 155452
 392380
 290865
 717296
 468362
 438984
 605093
 91620
 1006077
 576682
 532213
 1071857
 325170
 985239
 186214
 680997
 142844
 934190
 172749
 884250
 948586
 749247
 30171
 949529
 347343
 217123
 897680
 597704
 525464
 99544
 409304
 653102
 937373
 358117
 102825
 659603
 108286
 351370
 256514
 433016
 811272
 433725
 846008
 1699
 503479
 25402
 240316
 38394
 270917
 980770
 957794
 982483
 685684
 855918
 23891
 880660
 43434
 122734
 657184
 454835
 630307
 974285
 260421
 590181
 974228
 705340
 577885
 1095132
 116165
 979284
 445248
 917707
 1072140
 848657
 516978
 940389
 51668
 144858
 13182
 1052693
 87442
 502871
 969789
 343581
 64919
 946575
 859181
 432468
 712406
 292440
 465639
 517878
 806114
 330840
 674575
 1066244
 927615
 562140
 756492
 72117
 167932
 312598
 297474
 525458
 462202
 47513
 724001
 695920
 246484
 455902
 734817
 904373
 800538
 545107
 212333
 784382
 163460
 841402
 221931
 69162
 731139
 1094701
 896485
 684933
 1033540
 363045
 353047
 706552
 332091
 243093
 436683
 951482
 931293
 205794
 309993
 418614
 216129
 990940
 1076448
 544167
 122613
 724169
 323353
 355109
 1047453
 674855
 296839
 367351
 1000452
 362019
 1041124
 903536
 39050
 758177
 166684
 861186
 356202
 454601
 856238
 384909
 672488
 14772
 415583
 978785
 425548
 727604
 148177
 485997
 380895
 91873
 825946
 711943
 423586
 577415
 201437
 421879
 53253
 64527
 691483
 435937
 234203
 132555
 735478
 285327
 558335
 128411
 1002708
 407117
 490431
 533738
 1001377
 486221
 957193
 610540
 910759
 761948
 176169
 439999
 320543
 10460
 587127
 317022
 354000
 1018617
 756756
 73624
 821559
 326563
 493041
 355882
 838450
 984521
 675458
 344487
 150074
 711882
 962317
 266314
 225499
 785679
 1045310
 429971
 317332
 259829
 208760
 449670
 291047
 359306
 558351
 504662
 789825
 510295
 549841
 586469
 766293
 593860
 1032260
 870882
 6170
 696123
 571029
 778494
 11384
 960512
 801899
 1092718
 332481
 890727
 176926
 515088
 992298
 536173
 592668
 908114
 1053345
 184685
 457649
 595041
 1046059
 765509
 806896
 373514
 731291
 362643
 97021
 51788
 388565
 750979
 609051
 227774
 551020
 165993
 590199
 73044
 863827
 954678
 848598
 1082630
 275732
 276078
 137356
 396086
 1071991
 430942
 18714
 1015868
 1032689
 885050
 148890
 767146
 949905
 23158
 79024
 139760
 946123
 1081723
 598897
 518789
 216175
 682256
 214647
 339078
 1040466
 159757
 960394
 306818
 336290
 750701
 449065
 613578
 173024
 94158
 163049
 624577
 989714
 772666
 826277
 707553
 949265
 589175
 832157
 255307
 862050
 609352
 476385
 944732
 152168
 400875
 1018940
 521204
 69268
 754090
 822602
 816189
 897036
 664098
 306540
 202245
 651417
 1059595
 1082317
 918180
 87104
 405213
 151228
 491673
 174073
 599917
 282896
 304680
 438071
 854108
 350254
 101896
 950092
 179628
 377344
 965689
 460946
 866879
 160000
 619523
 815542
 781634
 898650
 901801
 1067089
 502540
 28019
 798941
 501534
 273772
 327557
 66254
 748795
 331027
 52879
 12364
 747232
 702252
 673610
 419728
 89292
 315759
 530972
 385521
 1075120
 465308
 450721
 13237
 522138
 839679
 634632
 967989
 466756
 118432
 228565
 299189
 391369
 39616
 400904
 175107
 137322
 508931
 618624
 869903
 220086
 387452
 184602
 773777
 365426
 168512
 433500
 887558
 28739
 642391
 592130
 672711
 109599
 228847
 447757
 631225
 207157
 754968
 103588
 351105
 670365
 386780
 538633
 119670
 897431
 1067511
 1064432
 787588
 390348
 441808
 108977
 1030264
 837152
 782942
 707724
 733957
 846149
 379214
 772805
 461790
 338800
 562312
 1026182
 1058446
 599280
 191166
 799994
 274962
 187781
 333224
 406678
 917870
 598493
 981640
 60182
 740758
 521408
 863469
 1048434
 761379
 676477
 250642
 774811
 175344
 1073656
 846667
 212297
 306041
 988078
 1086682
 500433
 786677
 830431
 358495
 86548
 482758
 671634
 1082201
 337795
 887041
 119526
 470203
 437865
 389870
 780195
 953800
 857921
 155775
 580003
 931314
 1023594
 1061367
 549529
 211279
 818965
 857895
 455010
 868116
 247013
 835499
 380223
 656192
 762655
 598219
 480831
 355595
 784151
 245356
 953445
 442164
 556234
 1055521
 1055924
 618553
 469636
 842071
 789812
 758332
 243353
 965428
 912769
 1020023
 758658
 419038
 129115
 413127
 1055438
 879189
 40783
 604004
 917439
 34074
 891304
 545079
 315194
 910740
 1000068
 188368
 1098308
 1022819
 630909
 426284
 387870
 852971
 648701
 491817
 1037708
 1046235
 89041
 996915
 379007
 127097
 1044738
 543833
 408768
 1059357
 942813
 797210
 187343
 938007
 255831
 893737
 981188
 1082119
 816201
 409016
 13171
 676873
 87313
 1080160
 420320
 370950
 162932
 295682
 48798
 815581
 6229
 342118
 283187
 868322
 855656
 341166
 695291
 40259
 9571
 633364
 921834
 563744
 456079
 784453
 340033
 437966
 978670
 868762
 568011
 575857
 232480
 1067500
 1053299
 201831
 970673
 49291
 919986
 904098
 462961
 787923
 832203
 473889
 64569
 163039
 605345
 760840
 1052421
 368951
 245399
 861208
 237770
 196569
 362126
 1030943
 628522
 356772
 458660
 58542
 66799
 1014748
 897265
 482384
 526934
 1078209
 624279
 104406
 432530
 400582
 597835
 912541
 760499
 996743
 437669
 519113
 226944
 867863
 811792
 483941
 728869
 1015895
 933176
 226207
 27305
 433577
 166123
 899876
 731260
 947389
 863368
 301083
 563313
 319599
 325843
 1095447
 996430
 752637
 321554
 481409
 666500
 745720
 958636
 787736
 325458
 586071
 98914
 543714
 7771
 358406
 333761
 983504
 875364
 858154
 888917
 674613
 27315
 597957
 657932
 928854
 9213
 881122
 381916
 13526
 632249
 462228
 362099
 383340
 252671
 170719
 222171
 135002
 781649
 274472
 391324
 985924
 573422
 707180
 418218
 995845
 225176
 274358
 624760
 719942
 475169
 560317
 378975
 833141
 873613
 1014277
 576915
 813401
 735259
 612559
 881283
 29047
 159558
 814395
 112007
 329922
 419052
 504987
 1046545
 1003786
 943764
 704097
 777236
 983886
 1031760
 240822
 160422
 95339
 201133
 785974
 406324
 583221
 739319
 618356
 570638
 1063016
 209568
 645003
 1096543
 1036067
 1094917
 813718
 1057470
 362371
 683303
 490043
 902982
 728863
 31886
 103868
 842352
 176826
 17763
 612645
 788370
 190874
 675989
 461617
 414343
 836097
 18281
 1041651
 1058312
 84085
 676169
 262943
 937346
 47736
 232396
 241803
 835628
 1994
 298349
 252326
 834220
 1088575
 579173
 804625
 159648
 298386
 329982
 1080824
 1039779
 543313
 615779
 767867
 871819
 945740
 853094
 767604
 662322
 278047
 17272
 832203
 95845
 831140
 65278
 3141
 638151
 144153
 410964
 938875
 968761
 848153
 29938
 656638
 355596
 846600
 426261
 1000990
 49371
 26675
 449546
 748308
 773589
 1053725
 690392
 962310
 56680
 727602
 446370
 719008
 936962
 90239
 694646
 1007360
 553066
 376425
 809995
 828414
 778413
 99231
 657755
 745581
 3818
 475687
 907531
 482472
 388188
 910267
 996471
 513171
 963210
 792333
 452236
 886074
 736330
 260084
 102037
 224602
 773493
 676139
 916003
 534824
 108905
 480405
 1023815
 603946
 397788
 882643
 760951
 816617
 453009
 972837
 946879
 739638
 27428
 160428
 894221
 1009187
 210430
 713263
 731197
 308836
 37614
 482071
 770024
 645920
 147105
 310664
 773217
 67877
 705160
 589822
 152879
 1005989
 803912
 271357
 335819
 123874
 515626
 741858
 573972
 857582
 223721
 241479
 456861
 990031
 338128
 677278
 849662
 263671
 740959
 398889
 237825
 116695
 217687
 4988
 93185
 33989
 387796
 461810
 266242
 1076837
 20667
 536961
 990853
 194903
 920196
 498725
 266258
 117440
 219125
 591638
 921100
 95409
 468469
 233265
 313839
 423430
 543280
 167648
 790268
 185223
 789252
 1022517
 834674
 957324
 547889
 578871
 523358
 974515
 944701
 59486
 409395
 115424
 724790
 359624
 901162
 781933
 1078028
 509187
 933874
 968255
 556245
 213649
 504702
 428934
 248868
 985394
 305765
 477115
 392099
 722992
 618210
 258691
 764001
 423922
 822234
 197646
 611564
 376226
 513994
 478225
 783513
 107435
 488064
 449009
 688297
 790913
 64422
 321413
 124602
 124539
 615563
 68090
 620678
 406272
 1004470
 336485
 876936
 47251
 290823
 663433
 608849
 631487
 958107
 646737
 176715
 118159
 194948
 124157
 42790
 97323
 466041
 588391
 175850
 571063
 764956
 47442
 65691
 326384
 921598
 1071584
 559973
 931758
 640086
 181662
 386769
 324115
 429178
 580839
 869574
 37708
 1041799
 1075144
 1054801
 726724
 734113
 871726
 501116
 740304
 415285
 1046702
 592736
 651350
 1045879
 77057
 924239
 165343
 749798
 9248
 205561
 610489
 302860
 993493
 876951
 729694
 191279
 780233
 915199
 261598
 1003459
 354006
 81526
 244015
 774436
 283482
 985294
 527770
 652683
 866677
 550743
 128195
 597057
 385276
 440897
 568937
 663920
 721359
 633099
 1031072
 38609
 867775
 616281
 948042
 140061
 25699
 590096
 458615
 1028513
 719915
 239214
 878935
 931356
 864886
 210578
 809655
 137598
 1010966
 257141
 680428
 58183
 506915
 304043
 785654
 727125
 497801
 51968
 660340
 243656
 595018
 610894
 845145
 557917
 192499
 402146
 588322
 780728
 295138
 279205
 1001325
 914163
 713290
 417336
 611186
 653836
 846939
 336035
 306194
 818494
 943512
 711722
 410714
 897422
 727823
 741678
 111122
 451721
 351001
 977996
 931014
 363656
 669406
 636810
 156644
 649169
 231124
 138785
 374649
 1017220
 901144
 138840
 799234
 316150
 395838
 497172
 253532
 502543
 416823
 6720
 982028
 746263
 114733
 357036
 191036
 927893
 536946
 878169
 1077468
 656422
 679501
 313611
 234530
 1073096
 470560
 15236
 189210
 471783
 339507
 665088
 831604
 841299
 715217
 881182
 945521
 646128
 586136
 841871
 65372
 102569
 546081
 1020109
 565729
 769571
 502501
 512464
 610248
 984485
 917561
 446212
 837260
 975564
 102707
 92373
 904461
 360224
 1053407
 181516
 870642
 552064
 539867
 454823
 504381
 436599
 537872
 153929
 138862
 177778
 35308
 713635
 847556
 808861
 461692
 533775
 1001522
 275218
 355113
 1060137
 1032076
 387228
 124777
 423449
 453543
 107465
 542443
 177042
 517243
 107046
 683132
 377751
 194091
 277432
 648730
 257833
 389219
 747948
 538842
 397060
 134443
 706402
 823876
 107455
 387811
 408756
 256690
 1018366
 782634
 537817
 615407
 689536
 385145
 638306
 637877
 824720
 183210
 28215
 832810
 1041786
 16206
 345121
 1062458
 831922
 149501
 535255
 525404
 161684
 1010483
 887780
 139413
 593026
 354952
 207655
 124154
 535931
 1003899
 85658
 145745
 171228
 766613
 856938
 424391
 382687
 838265
 625279
 157197
 821623
 1007165
 301539
 893687
 1081462
 114087
 878632
 1053929
 91268
 676586
 830252
 686770
 197560
 435423
 630127
 424546
 865121
 685728
 208722
 559839
 239540
 801880
 17445
 226664
 653298
 762184
 56742
 157393
 1063076
 971908
 245582
 752941
 980473
 638255
 926466
 87380
 618507
 716940
 349911
 1062299
 1099023
 196388
 837148
 716879
 403250
 85211
 366903
 1078526
 343327
 576011
 38662
 92820
 546582
 996776
 964449
 717645
 772046
 518665
 1090670
 455815
 743761
 278262
 263655
 557675
 520567
 229420
 190870
 297514
 309414
 628569
 396648
 753368
 34478
 987364
 927301
 552589
 380297
 271693
 566390
 635377
 795450
 7823
 633050
 485507
 25475
 1006789
 1089143
 227401
 307990
 960198
 479456
 601908
 895226
 893461
 768817
 708562
 706439
 230622
 1081859
 1074950
 322488
 302630
 383918
 725316
 183027
 282985
 372750
 84688
 964749
 36052
 26717
 1066845
 223099
 264523
 1041730
 836572
 664583
 591250
 339426
 684097
 1058566
 908339
 607033
 482102
 1043715
 343889
 469360
 438615
 154007
 88411
 147121
 434411
 425789
 272186
 1026474
 181214
 58161
 155012
 942379
 989962
 754818
 1056619
 289156
 837450
 163620
 709113
 1079935
 330080
 326536
 879653
 311589
 907966
 79665
 148997
 827264
 963486
 531980
 837614
 1636
 502231
 866010
 222479
 469411
 128854
 747322
 983211
 530525
 17542
 224118
 257549
 996811
 1019005
 240240
 798384
 288389
 142728
 878387
 593938
 570511
 528814
 692961
 973719
 363855
 878675
 17609
 594367
 103365
 167141
 188895
 837033
 182158
 1019417
 459900
 168369
 934989
 68037
 637429
 243449
 1098530
 400747
 215242
 241553
 2109
 168066
 173707
 933081
 349325
 1065587
 183362
 779970
 622621
 579636
 270950
 643467
 177145
 752177
 272430
 825114
 370457
 121046
 413920
 1060884
 884145
 48242
 520181
 669451
 388122
 26399
 397718
 869136
 852558
 934581
 285044
 80473
 584730
 133880
 1067928
 502935
 15904
 597815
 780048
 393782
 471618
 114362
 794757
 15375
 1076968
 648843
 1094726
 595319
 649547
 448018
 448168
 535410
 891101
 727365
 903367
 254825
 180539
 612250
 126732
 593849
 522047
 96408
 679286
 882658
 875426
 338893
 999997
 902467
 784331
 841599
 654075
 1097036
 682723
 677640
 406274
 650230
 582801
 68762
 1071284
 498126
 369781
 680151
 774824
 663851
 749532
 196481
 345072
 614412
 993115
 185437
 486347
 161012
 636635
 444302
 377251
 817403
 742536
 1033347
 926061
 27052
 233488
 771378
 761313
 1096511
 1081761
 995728
 724112
 172204
 437782
 496045
 171335
 642357
 270902
 982056
 862027
 1018001
 808538
 813503
 312899
 196862
 863311
 563106
 282582
 1035311
 1029395
 482468
 797236
 475574
 225550
 1017510
 944280
 412649
 22339
 59722
 600316
 48018
 657122
 556247
 76693
 294162
 723145
 672528
 461037
 511244
 378616
 322876
 209785
 461575
 585055
 747456
 172404
 459778
 518922
 422359
 606943
 57007
 1066454
 371425
 453249
 317841
 1055883
 47388
 782916
 354915
 879379
 402711
 315071
 282711
 86166
 844957
 160373
 288886
 128720
 869299
 786884
 276528
 649603
 757455
 3237
 737646
 130413
 783570
 232616
 704478
 185615
 528411
 671184
 555173
 765740
 432584
 496198
 932923
 688982
 796848
 1046561
 475400
 1060117
 583524
 122965
 551458
 190929
 484109
 285948
 575425
 608046
 888309
 1027080
 470787
 587004
 46551
 438730
 940640
 876994
 525521
 160067
 281494
 581221
 285616
 607130
 559135
 1040037
 204479
 1003572
 554210
 412162
 905881
 159519
 251541
 1039135
 533299
 148940
 547259
 1023907
 391665
 1017428
 957783
 190704
 885024
 755976
 268719
 712082
 1022961
 569329
 766831
 1044407
 810458
 665675
 149343
 169878
 524264
 922470
 692762
 217962
 702849
 216230
 230456
 704886
 340409
 312923
 914597
 178935
 76574
 281458
 865644
 328278
 745660
 419480
 565457
 153989
 51590
 89993
 207826
 130259
 7448
 675497
 891619
 516513
 951672
 86008
 1010132
 1050651
 365744
 1065696
 1063858
 276286
 1308
 849314
 88130
 966787
 685151
 706512
 889850
 368446
 989596
 146943
 65429
 631488
 965945
 268355
 440656
 513816
 625950
 222330
 45415
 253461
 180350
 97595
 514431
 730033
 958523
 59335
 881380
 445711
 521780
 337439
 620906
 211955
 1005997
 742915
 240227
 413130
 738899
 592167
 796337
 111250
 84613
 64332
 8030
 218553
 708088
 271892
 722003
 642823
 45884
 885789
 345282
 510509
 483300
 86378
 192302
 656871
 14422
 111783
 161761
 857176
 1090419
 814796
 70199
 763035
 261758
 66907
 909818
 1078643
 493655
 556293
 354559
 196435
 925583
 885372
 344498
 1000635
 30631
 58331
 850731
 479733
 298055
 612590
 58819
 381018
 999186
 158059
 1044173
 854630
 758034
 75607
 383948
 58855
 828521
 721982
 396709
 531789
 731026
 363097
 714342
 430532
 106129
 1034632
 313025
 953330
 974881
 485336
 826246
 277377
 831336
 786706
 217308
 393183
 157910
 586829
 954054
 716912
 615874
 783818
 566261
 801218
 1072937
 91850
 738528
 702538
 77189
 543789
 319133
 867986
 766214
 810908
 319278
 261083
 629743
 359950
 461609
 763949
 378187
 1034332
 239333
 125419
 355644
 882109
 378246
 345871
 438895
 876525
 509410
 70907
 201017
 252973
 923367
 837182
 1098782
 841965
 690093
 738804
 391917
 446379
 81098
 898658
 71126
 933151
 1027704
 78253
 593943
 322317
 760010
 634409
 706072
 942426
 777240
 266117
 339385
 312089
 51731
 554115
 1021892
 114279
 586761
 271799
 253560
 335236
 545241
 757687
 439909
 489907
 920683
 904415
 179147
 82296
 300747
 604661
 662199
 203376
 318690
 470781
 503347
 210412
 17206
 700433
 308725
 213651
 91379
 553063
 467809
 434715
 454511
 235415
 576915
 504469
 1071446
 454542
 660082
 112676
 728451
 433004
 64065
 143640
 614861
 268122
 803602
 1015880
 609716
 475573
 431371
 24556
 364418
 320253
 744071
 466729
 1017859
 859315
 403956
 133086
 13248
 264810
 633331
 697379
 774098
 850943
 213109
 895499
 277509
 206655
 79966
 901538
 679026
 566862
 517890
 677252
 622105
 813095
 363873
 961646
 489196
 459812
 809978
 391263
 1080457
 425525
 750022
 863624
 365717
 979373
 630240
 44634
 1084616
 452625
 322105
 15994
 434609
 121678
 230293
 1072826
 729532
 645813
 88695
 969200
 732731
 491216
 943309
 259218
 199477
 745817
 853988
 242616
 14400
 335257
 423177
 549376
 498112
 355765
 258275
 147112
 113554
 482261
 85176
 23712
 943490
 583768
 655557
 622554
 742394
 70165
 499842
 895795
 8142
 757318
 506656
 494590
 457562
 645988
 512174
 824021
 265831
 1052944
 493775
 289513
 895386
 1086675
 956492
 991820
 934708
 58968
 991264
 675961
 121881
 521856
 190783
 492238
 125846
 641182
 28457
 738471
 497719
 757303
 959959
 907382
 990844
 1025356
 838093
 315606
 385962
 738198
 907196
 794614
 136913
 495920
 287570
 992494
 518463
 140687
 1021796
 780237
 341989
 386916
 9597
 303635
 640219
 336590
 982705
 100244
 83392
 728811
 881851
 540344
 343551
 1059160
 593401
 715623
 312134
 768696
 688183
 1003422
 144344
 664786
 196580
 862144
 261421
 891016
 1021185
 337229
 880356
 68808
 979996
 780800
 667934
 794532
 946410
 21759
 273097
 469605
 390289
 226197
 588746
 711
 410003
 614493
 444428
 1092688
 492365
 705012
 197534
 963043
 835431
 152542
 709338
 1014418
 1069690
 398132
 671737
 273904
 458957
 976858
 145013
 473227
 938690
 750323
 854511
 835006
 1065816
 1097337
 1036297
 678367
 838824
 902391
 835550
 705816
 111586
 647257
 1023704
 307160
 594639
 125248
 572605
 592030
 622631
 663026
 252292
 62782
 507196
 982193
 1042241
 1063512
 464672
 207716
 898043
 133810
 350403
 1003349
 349349
 1072511
 429286
 1019319
 498503
 510348
 392455
 501473
 1017117
 497614
 108376
 173937
 52914
 287724
 564178
 311763
 887724
 319522
 422775
 141632
 137409
 350215
 242595
 895714
 506503
 883059
 288745
 1044251
 198714
 103968
 363198
 1042241
 1032114
 797141
 677077
 431770
 90218
 414477
 316209
 601505
 1076544
 216458
 337203
 762223
 781259
 131415
 316465
 507198
 82044
 157101
 15041
 698325
 633563
 862411
 901331
 30018
 419531
 722971
 277027
 1037471
 676246
 1051479
 798383
 495282
 31671
 426184
 132297
 1069423
 919216
 231065
 928563
 131327
 598493
 1005140
 425266
 353862
 307469
 700711
 1056928
 181791
 211171
 650417
 128114
 176804
 385836
 492538
 1094992
 416796
 667241
 867101
 594550
 237122
 839369
 12813
 414522
 418673
 244073
 237860
 99510
 806720
 600617
 155989
 183509
 882779
 104266
 180062
 308455
 907978
 759152
 505422
 547406
 816630
 357369
 879680
 53953
 681248
 407660
 684668
 722693
 771947
 194654
 370608
 676157
 158293
 81830
 448937
 823040
 890228
 911155
 577772
 530854
 118459
 1019674
 85550
 250169
 953637
 770163
 210350
 838415
 293855
 391691
 665555
 838774
 366740
 322140
 582338
 743958
 155517
 789961
 640518
 58327
 582130
 28791
 958959
 290195
 162645
 621010
 967604
 434068
 4862
 326152
 50713
 983839
 94528
 1082221
 159576
 260309
 170709
 617658
 916516
 96677
 415499
 309803
 916994
 865012
 26412
 355647
 545259
 630666
 1028760
 309423
 351322
 194844
 549036
 269198
 1041747
 597760
 552360
 692818
 1001553
 317563
 517051
 720886
 1339
 61812
 732456
 173087
 551658
 869204
 70383
 56644
 1056059
 464451
 829963
 403226
 1079977
 265121
 702871
 451186
 698568
 294717
 344390
 175808
 790909
 801773
 172360
 273215
 591426
 84592
 476704
 293730
 1046328
 855354
 514781
 439497
 589189
 105699
 732739
 53078
 34426
 362678
 164265
 999144
 155761
 287456
 639415
 759877
 408532
 13952
 937693
 208208
 387960
 275025
 635916
 324009
 115453
 231342
 691352
 886798
 908375
 313631
 691787
 1007375
 395013
 420120
 409685
 955897
 229182
 513593
 247572
 692832
 936692
 1040277
 496000
 385421
 191437
 178098
 1027560
 633324
 1058287
 424229
 369771
 36459
 874764
 1009597
 1034270
 327372
 558292
 389692
 133687
 367801
 600171
 591400
 958477
 809250
 812600
 892170
 120066
 895782
 355794
 977873
 304167
 780072
 344406
 440866
 802183
 32844
 222026
 836067
 854730
 513426
 631951
 719131
 496598
 575831
 551073
 8509
 454852
 669770
 775413
 890030
 354089
 199572
 147894
 250997
 849952
 951886
 756049
 460285
 529903
 639525
 743063
 106975
 572436
 255164
 95423
 265575
 485394
 571459
 1013207
 565224
 776716
 346099
 154227
 624031
 1062018
 414106
 548812
 594000
 673291
 648138
 702942
 391100
 17764
 833709
 37211
 801081
 5263
 737360
 144984
 982377
 391731
 721747
 703494
 407785
 612277
 1055815
 826664
 186434
 581977
 350076
 657956
 15311
 566720
 149411
 851162
 131794
 1089464
 986767
 896493
 131355
 40676
 1000844
 237631
 577732
 807589
 476062
 652008
 835782
 889076
 683466
 521104
 352497
 1007107
 342092
 530055
 1044168
 37629
 1064670
 842947
 162026
 321702
 787320
 322042
 922478
 69084
 9761
 465160
 934800
 770131
 987178
 533103
 294975
 39740
 477905
 594676
 699822
 672181
 162832
 234481
 933491
 940563
 285998
 965869
 779533
 22556
 668547
 1031625
 83552
 534479
 223199
 661628
 482532
 467343
 1040304
 518621
 365355
 821909
 582186
 402326
 718154
 25244
 1050441
 1095464
 1036687
 1004146
 70560
 941858
 702701
 702002
 745924
 753622
 796745
 857009
 770642
 202734
 197483
 566205
 577519
 922455
 249924
 74787
 509191
 594674
 49524
 361717
 573323
 184006
 832118
 698422
 389092
 97708
 950990
 655951
 469545
 41105
 407852
 743944
 534540
 892240
 797121
 534382
 829525
 39979
 666136
 80640
 250782
 235648
 40698
 775082
 720722
 540903
 495368
 253738
 226372
 257867
 630481
 319047
 1077207
 856760
 836159
 448849
 38570
 1008786
 873685
 1037078
 108514
 958951
 601280
 658375
 539276
 1031281
 38135
 301329
 959132
 927789
 329822
 556170
 979416
 226526
 674870
 847825
 736190
 455022
 616082
 640413
 653316
 360576
 316789
 952940
 282193
 507115
 254167
 999197
 926365
 16623
 1053628
 717314
 112022
 668843
 228235
 1095214
 698883
 174930
 727819
 393032
 458405
 1038220
 555087
 172841
 326827
 154023
 154599
 723448
 788379
 179766
 300036
 193420
 426265
 258024
 124472
 200222
 677470
 513387
 532979
 87816
 785712
 830303
 1049293
 88586
 878352
 855518
 845959
 635621
 63973
 91635
 825813
 95586
 1061627
 726021
 541952
 1063022
 426598
 692753
 397366
 720900
 559347
 370075
 39808
 803702
 805819
 774294
 503212
 1002978
 260832
 542561
 952603
 722700
 557112
 714073
 755440
 640524
 422096
 835104
 987337
 417030
 398784
 713847
 491850
 255612
 824241
 191572
 359227
 50558
 159891
 997945
 910656
 708848
 11611
 884477
 874313
 515028
 836615
 646692
 532546
 664693
 643154
 595358
 807922
 664478
 789587
 364371
 874574
 1062431
 424233
 591458
 916168
 710248
 749726
 948133
 863792
 707542
 193529
 609393
 481536
 373753
 991187
 474657
 200163
 346186
 291712
 96341
 543537
 557884
 647406
 293461
 605307
 729497
 777346
 194019
 854423
 138906
 871335
 677481
 4054
 851504
 65212
 333728
 176151
 227473
 919877
 31880
 983028
 252210
 231265
 1072069
 91037
 504423
 484770
 1092837
 165285
 773824
 540373
 946710
 742925
 188280
 79359
 689888
 398452
 1076328
 770078
 371055
 564021
 366151
 1027056
 24096
 449121
 252858
 688173
 767345
 410076
 904339
 273177
 830283
 128202
 974429
 60603
 463740
 567364
 939451
 235356
 110500
 677100
 860637
 966709
 206051
 61975
 421031
 198697
 546193
 418357
 599278
 699905
 102780
 128479
 460630
 626840
 907058
 1084393
 1067447
 427418
 540048
 397319
 379348
 54057
 786592
 711392
 717088
 850486
 899070
 747716
 988172
 1096296
 594011
 500914
 669980
 153722
 663050
 85272
 1063213
 682556
 975148
 689772
 689135
 481027
 1021451
 569787
 736326
 51949
 935670
 677330
 149243
 634824
 292062
 607236
 976475
 560651
 494179
 636253
 1071276
 1080863
 586157
 340173
 987437
 17344
 1017450
 212696
 7626
 12270
 578607
 1068793
 669191
 107357
 107217
 258510
 793073
 192646
 298002
 779038
 582724
 899061
 179751
 981620
 283567
 730971
 167289
 789339
 565771
 889710
 268037
 121719
 652229
 4140
 373197
 1089963
 141642
 518019
 1048086
 605970
 898955
 761758
 920452
 824384
 707003
 922677
 916070
 530799
 869565
 618585
 793975
 502429
 747001
 68890
 608671
 609517
 663589
 883059
 288307
 546400
 391705
 775035
 196259
 552099
 307589
 550097
 666931
 248059
 995221
 208442
 1068880
 87556
 1019308
 917422
 305817
 551929
 62014
 764026
 456656
 328969
 803062
 260555
 586836
 472534
 1015456
 214766
 844363
 375656
 734469
 1082185
 928971
 560935
 718019
 1053122
 976632
 490280
 609148
 419400
 211882
 918294
 95694
 340774
 353702
 258596
 105562
 52635
 1059696
 246041
 147386
 925478
 142699
 769458
 173525
 560679
 240051
 565598
 583305
 463352
 203584
 771688
 812225
 408885
 379717
 919907
 607360
 1078262
 1012170
 297872
 109860
 1001822
 705429
 331535
 1023957
 124065
 67506
 10709
 385812
 667019
 966753
 673096
 1063632
 254106
 28679
 789647
 830030
 608935
 454936
 842443
 1098148
 27928
 662029
 620743
 225180
 558957
 550211
 227782
 562463
 57950
 599197
 333868
 803427
 267248
 683805
 907652
 784263
 829835
 761883
 382100
 561156
 288253
 637843
 141143
 445185
 411570
 317474
 632136
 172502
 567732
 231791
 110047
 111497
 139049
 22572
 949453
 733314
 993656
 669665
 542385
 305257
 143560
 1023009
 214318
 582532
 161345
 492645
 964538
 245434
 306793
 6289
 979336
 654504
 924154
 699806
 960682
 90930
 27219
 826016
 279247
 219052
 636796
 977258
 304355
 872451
 594422
 234546
 1024502
 627860
 24518
 1028541
 7243
 687355
 84410
 921982
 703817
 386007
 635844
 196056
 965396
 762814
 556087
 7730
 712364
 1016743
 1055785
 280629
 158
 760395
 857282
 731362
 977401
 875517
 1084164
 522490
 585263
 845273
 954632
 913969
 913742
 852746
 993538
 434472
 903989
 840439
 257215
 95046
 567354
 567876
 526091
 81176
 58377
 227420
 651440
 657459
 1051442
 620280
 883456
 760305
 943974
 813881
 120174
 758514
 604914
 402805
 400002
 671745
 166423
 357915
 279639
 825414
 91658
 159915
 482363
 1017048
 575438
 207639
 181256
 354895
 1074625
 184479
 568946
 661422
 372845
 100842
 1077135
 680235
 365511
 576674
 258464
 763571
 45586
 239054
 654627
 743861
 642433
 858385
 372871
 672757
 1007290
 1027222
 72989
 620147
 679838
 78905
 517685
 1035690
 398079
 338294
 909546
 591549
 53151
 715944
 699429
 43463
 1031971
 557010
 786582
 413354
 1059608
 971513
 390340
 253663
 920065
 856749
 86528
 288250
 185037
 1023078
 121279
 561829
 100591
 988053
 781745
 863396
 864821
 922341
 106180
 984159
 306095
 89360
 537011
 752154
 750640
 616041
 814249
 952901
 29552
 415904
 475043
 392371
 190735
 885946
 411952
 745818
 840092
 207270
 1007488
 581425
 66661
 1032492
 992662
 501582
 467029
 113064
 149000
 402298
 1076807
 1091070
 192134
 926796
 647425
 414059
 240243
 312029
 86349
 1037015
 166234
 946904
 683868
 457045
 334340
 784377
 483448
 843558
 651698
 928019
 257616
 613978
 805519
 830824
 476913
 1080564
 888771
 430583
 587824
 253819
 339888
 1304
 562324
 630546
 589727
 451320
 646249
 815726
 570075
 10824
 213720
 698893
 487340
 45779
 38543
 653040
 940648
 826638
 935808
 178578
 487138
 306705
 676742
 36890
 827937
 541013
 362174
 374143
 106984
 67499
 55043
 408551
 819148
 70219
 792867
 1043070
 880152
 150367
 994114
 30129
 16963
 15554
 396730
 319952
 336254
 622430
 556584
 762862
 360130
 400445
 836067
 483474
 452200
 1884
 751175
 555841
 625106
 1022118
 49347
 604102
 781583
 118753
 1046464
 98440
 902615
 295655
 402055
 37094
 970712
 557236
 755784
 642156
 22192
 79531
 72784
 263263
 644224
 381240
 840952
 565333
 1084686
 337599
 492061
 797382
 472497
 1005955
 966265
 316736
 760671
 516101
 550461
 438623
 232009
 946184
 986403
 343385
 34947
 680794
 454712
 782210
 869647
 641450
 748668
 1041513
 1099916
 249511
 82514
 1002256
 30243
 486726
 414045
 234488
 878450
 484180
 616159
 128318
 1064481
 538920
 650223
 970430
 503373
 627118
 169584
 453853
 769248
 984051
 701509
 154967
 751148
 1037499
 196372
 736882
 846451
 1058670
 1006554
 291907
 575976
 24398
 312119
 1021391
 549541
 127541
 207966
 883776
 756384
 54881
 247920
 387785
 18367
 816394
 68888
 468375
 306497
 121924
 684913
 1014458
 720735
 539068
 1442
 99367
 509221
 758608
 865842
 659295
 680530
 299756
 197831
 280499
 821527
 232509
 397580
 486781
 664818
 540211
 1005411
 874203
 387072
 611462
 1068645
 780664
 404801
 797693
 80495
 1038727
 460456
 403991
 1053544
 1046159
 522613
 639598
 789737
 265459
 21310
 729844
 481023
 934696
 515992
 904094
 593116
 881575
 628569
 917315
 822967
 569065
 766407
 971333
 19185
 117110
 9395
 570983
 1057278
 54219
 197853
 1031521
 603464
 201103
 908191
 358260
 269568
 294213
 411977
 758317
 935345
 121075
 339136
 286792
 402092
 355141
 1065708
 480265
 459412
 206380
 725017
 1096341
 862883
 872143
 814407
 637592
 35468
 819790
 309675
 835080
 694699
 404532
 804189
 1037457
 551433
 21619
 1097385
 634409
 325115
 211618
 204277
 899316
 334685
 787346
 178437
 422468
 781649
 249117
 614893
 828129
 632935
 827361
 684165
 633369
 200237
 668509
 559878
 770042
 1012001
 633190
 1042946
 149050
 748954
 47413
 291426
 716326
 291204
 874203
 877871
 223682
 916239
 273534
 317694
 950174
 494910
 840925
 44482
 1048485
 530294
 938402
 109399
 341282
 568324
 180788
 210413
 934859
 582420
 960532
 539658
 1051871
 990110
 727243
 509423
 388019
 555547
 825015
 817825
 390033
 145485
 949706
 842717
 725534
 917694
 888302
 485609
 216194
 643392
 261347
 418199
 1045859
 37308
 100546
 124213
 671696
 37096
 850532
 880836
 398950
 780509
 686250
 835329
 836436
 120840
 154120
 836110
 350619
 740953
 285405
 777066
 352039
 336725
 546380
 894915
 118033
 408871
 293521
 381438
 1017925
 933895
 1078653
 782528
 995829
 541141
 249032
 682637
 92584
 503009
 477738
 406929
 133448
 302498
 86710
 389495
 249109
 270739
 243124
 865797
 106484
 1046336
 312495
 490754
 385051
 70731
 1068936
 752914
 470252
 891408
 322244
 40488
 1028992
 652995
 981693
 570406
 626578
 707030
 51315
 832618
 808805
 225053
 105107
 546459
 355580
 144985
 804826
 239748
 155802
 977067
 443157
 439786
 431140
 304046
 263599
 460062
 64989
 105198
 633408
 47187
 1033437
 560218
 180703
 277252
 455407
 575508
 651686
 176787
 232339
 949313
 617063
 1059182
 653549
 201940
 1097604
 453194
 193465
 930045
 836624
 469071
 398563
 528211
 236286
 147837
 929876
 861647
 302902
 916083
 481060
 862510
 949965
 594678
 714135
 683515
 853883
 202958
 632173
 663401
 459395
 160219
 887930
 111808
 632090
 403411
 456519
 39476
 219100
 230400
 1041638
 218924
 291031
 86494
 303157
 107231
 131607
 149842
 930892
 781217
 442198
 804162
 448499
 383344
 741053
 970653
 88575
 1018117
 940965
 793288
 266233
 631181
 312477
 703773
 830572
 263614
 276581
 662381
 1065288
 646779
 275907
 468257
 778930
 252487
 1016039
 985967
 928451
 255855
 122420
 538312
 462768
 942254
 288140
 787422
 545915
 23490
 470451
 653472
 128054
 869690
 179890
 411753
 372246
 453395
 35982
 761920
 720443
 401860
 856317
 560511
 328323
 993099
 332879
 477556
 656842
 669898
 476575
 101631
 524222
 858638
 463233
 884549
 155544
 780572
 224619
 1004285
 1056438
 970184
 145799
 1060955
 241077
 315139
 352342
 180989
 1050486
 681361
 638203
 570833
 1024921
 606704
 339738
 870879
 359537
 618778
 390265
 990300
 685580
 420367
 1029373
 878535
 353109
 727954
 128060
 163115
 515194
 669912
 978000
 905776
 641383
 663970
 121103
 987079
 924962
 413257
 756765
 729516
 702675
 832223
 1028437
 247316
 1056327
 126493
 109473
 1090158
 866958
 456799
 46058
 498086
 534739
 333576
 602523
 544818
 569006
 129646
 83680
 909223
 918175
 19422
 820513
 731517
 228208
 317430
 339016
 137306
 732581
 558185
 102985
 255825
 996562
 248806
 450001
 744805
 189826
 25683
 513061
 246913
 167859
 703446
 924129
 262953
 823071
 21572
 472233
 85151
 929376
 468780
 205523
 505641
 609663
 671400
 723033
 640998
 1091081
 185388
 350403
 767166
 397165
 949973
 242079
 1038942
 752068
 438392
 208149
 123480
 1085092
 573420
 344202
 552806
 342775
 53210
 1041090
 90986
 958411
 386962
 639082
 7062
 325250
 368758
 307810
 575746
 619219
 201502
 333421
 1008818
 1080033
 914031
 1050044
 1077121
 32644
 477365
 196347
 372805
 978108
 951241
 877354
 307565
 716245
 643472
 126963
 183479
 1086950
 978891
 252802
 991497
 1016478
 10262
 123914
 655317
 715687
 126438
 159
 847167
 623024
 590956
 594896
 545967
 476768
 562002
 601646
 231856
 541006
 100776
 610208
 849787
 163874
 598330
 805079
 497719
 104057
 474192
 518787
 340172
 771881
 931090
 194561
 1074540
 238345
 1064341
 5665
 940140
 700639
 828732
 703348
 334636
 1062551
 391526
 39998
 344300
 497650
 528188
 201630
 302737
 219358
 1009761
 673995
 903669
 203074
 1013724
 357925
 5820
 597852
 840013
 826345
 1078182
 1010043
 586407
 955910
 853559
 992604
 718513
 545608
 929675
 871278
 335011
 818273
 808397
 855702
 854876
 286908
 381945
 912346
 184669
 975452
 694699
 1037015
 534077
 709283
 583122
 680532
 591170
 879690
 267882
 558416
 662475
 481031
 1084558
 379660
 171565
 675523
 839390
 29851
 237697
 14833
 626054
 895105
 846809
 104078
 15630
 184093
 503132
 844657
 616888
 530622
 338356
 256037
 376997
 666535
 277159
 179698
 936661
 22589
 307793
 1075587
 432959
 271368
 357421
 1097145
 847708
 1053759
 290339
 186402
 621877
 1002310
 335583
 768099
 328480
 1030580
 572441
 5255
 841644
 145718
 957988
 838660
 759862
 640771
 9911
 285364
 774960
 1050989
 330063
 50151
 137045
 257733
 907281
 403112
 317172
 153578
 878350
 407057
 896399
 784193
 998177
 553938
 636579
 525840
 1065007
 881714
 668576
 609868
 245188
 886404
 266933
 1011068
 323085
 818995
 645042
 747012
 73582
 17649
 541575
 877259
 1061624
 852080
 934179
 250819
 987222
 847903
 1082536
 354295
 689497
 864438
 509680
 1095086
 18738
 921863
 410571
 897655
 355736
 767218
 1085115
 915568
 268752
 627520
 990483
 770016
 207930
 54379
 557615
 41296
 1076686
 604990
 963106
 787713
 220726
 221060
 459245
 943182
 619684
 333245
 848183
 526593
 453792
 524823
 660082
 314918
 70215
 504999
 508997
 253033
 412213
 880262
 725467
 209165
 203479
 449063
 444581
 557174
 603562
 613169
 778504
 35180
 565265
 913861
 595436
 1085154
 310230
 391584
 70123
 152429
 661735
 527480
 972314
 21877
 963560
 862548
 840040
 441354
 827127
 182193
 1085087
 971568
 588424
 796089
 737899
 632566
 281514
 315098
 572743
 564520
 312771
 432268
 515304
 297894
 922571
 1023803
 292923
 904933
 804511
 1035259
 916097
 126748
 728543
 286916
 495229
 260020
 738801
 999551
 482303
 1001145
 271217
 134900
 731021
 64374
 233785
 744223
 958759
 856596
 97704
 112251
 670960
 468500
 718870
 238643
 210381
 209092
 125885
 177851
 368760
 856171
 598313
 1096016
 575374
 313791
 751271
 165433
 889376
 56772
 522383
 116056
 38404
 774121
 36254
 163203
 433468
 425909
 1036228
 541770
 450609
 739215
 656487
 1025294
 1080740
 313063
 158169
 152169
 845574
 630691
 662290
 201185
 1049333
 829338
 139868
 592031
 687787
 989672
 68948
 121884
 984557
 359920
 572809
 60000
 888070
 310926
 985847
 626511
 1054816
 899727
 551544
 1001512
 751242
 294676
 146805
 780103
 979691
 955353
 335236
 667801
 574611
 1098612
 159821
 243712
 28170
 910302
 801837
 217570
 101770
 788751
 343706
 984966
 1018014
 375814
 845182
 522102
 610705
 639855
 526814
 818033
 150041
 337282
 238676
 404188
 734010
 182006
 593379
 769029
 56022
 340933
 249000
 518005
 1080064
 359672
 260397
 691820
 414902
 477686
 587265
 950130
 330330
 1029930
 929118
 157246
 968465
 130494
 675226
 1043656
 400500
 955109
 456749
 565522
 177314
 801027
 838283
 979145
 543567
 473370
 128219
 1073934
 73254
 757778
 469885
 870224
 915701
 992401
 691785
 1034714
 274190
 723969
 1092051
 226894
 156881
 285703
 569865
 45675
 728779
 170053
 125778
 966140
 919373
 1071990
 1064029
 732096
 244519
 231596
 369552
 319859
 929978
 765515
 169749
 928232
 938232
 100705
 555568
 61427
 225906
 530868
 411889
 985821
 899985
 137754
 857695
 226323
 315933
 394703
 1076621
 664556
 858578
 816620
 474355
 878304
 23640
 153271
 458413
 78673
 784330
 318144
 537398
 111018
 342242
 521239
 588861
 480127
 471372
 430894
 1057388
 688347
 224997
 1036411
 223932
 443203
 1022754
 791521
 187956
 945885
 914153
 1032414
 679249
 858469
 362550
 705780
 754031
 672208
 516172
 586886
 250158
 447705
 856692
 289355
 1069672
 409127
 765388
 1047274
 377425
 996417
 551696
 611599
 486637
 939758
 6019
 617447
 146168
 1015430
 264959
 95385
 467726
 984179
 1039608
 795310
 39240
 896801
 533628
 745993
 465068
 603877
 372476
 876579
 36188
 921441
 199920
 1072202
 317313
 722881
 399399
 835195
 750021
 282135
 396286
 401848
 934136
 150788
 858004
 905604
 551387
 1014028
 904189
 1020827
 818498
 71750
 319476
 1016451
 982803
 118001
 445988
 1032569
 833300
 141104
 49699
 319275
 75388
 219115
 170741
 536578
 538442
 1001971
 898374
 254809
 1075358
 667848
 650150
 128001
 398213
 916418
 330944
 902337
 198929
 141545
 458050
 119050
 544293
 536788
 62779
 396842
 25446
 746046
 15038
 194249
 943702
 1081390
 242905
 39691
 140789
 1043576
 256954
 120068
 645351
 128842
 409525
 436018
 588473
 704588
 1034985
 1045599
 445613
 662836
 914887
 763021
 286472
 805634
 431340
 690253
 366978
 177186
 119530
 936248
 458232
 197265
 476459
 525794
 308970
 856719
 287641
 131695
 244953
 382548
 315490
 415826
 934287
 769722
 945413
 679208
 746929
 65966
 965105
 415004
 200333
 493665
 981889
 796414
 1000297
 165502
 344524
 929018
 322328
 273904
 843560
 742844
 1070758
 455629
 703680
 419625
 913430
 350123
 241056
 426091
 302887
 180825
 504959
 601901
 269604
 212377
 654631
 608562
 807837
 331717
 950212
 809905
 966005
 171719
 58457
 616000
 626378
 103514
 990768
 570181
 770140
 194171
 394259
 1042518
 179510
 182495
 314233
 874708
 255278
 1039973
 681497
 447541
 768702
 229286
 634312
 1076925
 998087
 7447
 365907
 422485
 872777
 940132
 117244
 483909
 242195
 1021402
 768238
 385670
 553988
 603987
 850515
 134234
 592551
 41737
 56549
 693716
 190894
 980258
 954299
 323135
 514918
 770389
 741169
 541270
 157308
 773576
 1067224
 223908
 64456
 573410
 85718
 766300
 162077
 594324
 123017
 777622
 596894
 37500
 147568
 1062383
 783874
 534043
 247685
 1006267
 860347
 991071
 796909
 620431
 511299
 158924
 634253
 841802
 1018004
 317984
 557561
 734043
 105627
 79110
 226982
 554235
 575817
 884829
 645919
 400702
 993258
 529776
 75541
 964785
 522228
 730941
 437635
 947684
 789885
 831460
 771287
 386699
 898787
 792819
 230819
 208969
 353736
 764359
 628998
 261658
 695582
 593797
 996666
 1014287
 548418
 1061611
 262008
 436335
 400539
 963613
 1022428
 12307
 370961
 902556
 333455
 91385
 297981
 439546
 999899
 819925
 920419
 381180
 392728
 355111
 316696
 975794
 754171
 946593
 953370
 266173
 555114
 562240
 240315
 391195
 519873
 853242
 493876
 1068371
 449347
 668862
 937487
 335896
 363407
 739147
 963334
 1054626
 732709
 703270
 83336
 448753
 826863
 287635
 802449
 255813
 876449
 234215
 1017736
 167447
 562847
 253505
 684226
 326882
 157477
 35253
 886440
 144749
 35866
 300395
 118314
 152800
 298057
 187852
 1071601
 602613
 477416
 507640
 339295
 780793
 227040
 590537
 511943
 1081923
 445170
 765137
 894449
 1086374
 746519
 170003
 980974
 12402
 658206
 868698
 559852
 50092
 654432
 591724
 622221
 1024534
 246657
 763046
 742120
 812792
 1004242
 628921
 119482
 92935
 247983
 389724
 105350
 741630
 1035946
 72144
 32982
 528276
 993258
 632770
 939721
 1008669
 68955
 204642
 995155
 507785
 545492
 1012678
 657913
 1004035
 522920
 999142
 506938
 223154
 480540
 386081
 514409
 317980
 608614
 1098120
 71464
 241901
 912231
 386430
 449475
 197315
 1079840
 327962
 156561
 1093651
 1069017
 208330
 138867
 99268
 967829
 902773
 722601
 321541
 586185
 682786
 1019059
 343673
 460394
 889660
 236263
 935785
 1047098
 210696
 800494
 766064
 144829
 42531
 349691
 829050
 1008725
 419796
 454119
 397940
 343627
 868164
 779322
 51055
 184297
 20442
 182482
 538306
 182912
 626260
 905642
 452967
 573871
 278825
 877029
 305639
 658796
 713290
 340336
 725566
 86119
 989393
 606962
 215183
 58458
 999664
 141168
 668329
 687331
 770905
 752454
 524902
 1031142
 587052
 497927
 648391
 248204
 352564
 479024
 508240
 560075
 736590
 553508
 915811
 493469
 141193
 363034
 839506
 196434
 169018
 906900
 650666
 1032781
 301694
 209922
 751487
 1015405
 61808
 1096071
 329466
 969725
 482850
 154897
 696036
 413224
 290232
 121874
 769763
 295928
 303029
 635372
 962790
 115943
 178856
 741682
 672909
 456806
 540464
 1008836
 580755
 637154
 392872
 609496
 254748
 1068791
 794988
 41758
 896734
 62654
 655637
 365831
 649371
 659043
 934591
 674443
 505384
 227043
 499660
 228872
 850431
 1017627
 789781
 421030
 148158
 556313
 38453
 639841
 581628
 646966
 445481
 975306
 789431
 409703
 986317
 620503
 283451
 902390
 754255
 305656
 338859
 917534
 500873
 470231
 257634
 303216
 609916
 383596
 462466
 268956
 85877
 604221
 443060
 359601
 148583
 231577
 80756
 841202
 209678
 625043
 764177
 386969
 593293
 858917
 225917
 896887
 518660
 349429
 998131
 335041
 254062
 13879
 482373
 380235
 269531
 933816
 317727
 252274
 261926
 38319
 870142
 35823
 540034
 616341
 269095
 308685
 580199
 877563
 818928
 150994
 549233
 441427
 287314
 638262
 38853
 954213
 80292
 1074842
 950145
 433687
 968399
 685218
 636048
 316118
 43559
 192426
 615355
 759772
 114089
 507165
 407246
 880431
 359706
 445237
 534278
 690697
 467741
 972404
 933156
 503670
 533691
 535934
 524535
 874631
 121812
 308611
 753221
 763901
 176828
 553749
 232516
 196532
 601495
 936672
 769147
 46836
 719578
 88407
 1061710
 205526
 859758
 241024
 975660
 1019697
 486530
 556358
 477866
 707139
 817994
 434126
 1086551
 693643
 210541
 447635
 216340
 964723
 374543
 519639
 609039
 658137
 743741
 996366
 899839
 80663
 203529
 31027
 967565
 75102
 835840
 526996
 101482
 823232
 39520
 109011
 610444
 942879
 1085556
 262817
 210819
 422744
 519366
 407088
 995915
 941831
 442676
 298745
 231907
 184890
 545702
 1082946
 68943
 260643
 90737
 126592
 420012
 111526
 1097445
 603009
 596387
 605003
 343620
 676174
 321095
 831897
 95231
 456150
 816655
 819503
 569053
 171478
 348611
 47526
 552218
 385863
 67058
 1000273
 1004518
 165908
 512088
 29654
 20783
 467404
 410431
 1012887
 843426
 436455
 464451
 947694
 887835
 893348
 143700
 396691
 930084
 35038
 861546
 49850
 1025800
 705540
 461309
 1072474
 81370
 535677
 241342
 661946
 921393
 672885
 112662
 959331
 133780
 188770
 169627
 840205
 972247
 967452
 45154
 487242
 979416
 646164
 418701
 596660
 686505
 1082115
 742750
 638830
 317623
 66593
 355300
 288019
 603578
 1097043
 184356
 1056682
 10455
 1046276
 559131
 912181
 535335
 426878
 669769
 266692
 414862
 95344
 332260
 9604
 984343
 602090
 605057
 119447
 870661
 423399
 941684
 709696
 760383
 331417
 1027086
 456090
 72745
 1038102
 868682
 701762
 157277
 293880
 1028225
 534405
 53516
 1079963
 703205
 817963
 63969
 1055246
 976990
 14266
 452085
 671209
 113435
 1095490
 169351
 679434
 581559
 383082
 490500
 272979
 28389
 993887
 686722
 1026739
 85668
 16824
 186802
 658186
 755348
 256691
 550884
 338416
 1092089
 288169
 624698
 23779
 983726
 715200
 215732
 1077955
 729980
 766103
 255760
 696898
 582626
 547903
 742759
 889023
 363372
 460939
 760671
 253618
 894847
 817030
 751691
 560361
 170987
 726904
 594487
 737199
 680219
 529252
 1057604
 150054
 380032
 1010625
 520275
 578105
 452123
 594654
 1042613
 131785
 996408
 873950
 685911
 154223
 367853
 930392
 661266
 1095882
 586606
 335703
 742859
 666643
 1055927
 233390
 186500
 197404
 907247
 978274
 959734
 308457
 1078186
 987194
 548858
 602433
 97506
 951825
 17798
 142032
 282794
 597133
 790958
 1020695
 465258
 1008789
 69746
 1074423
 1032820
 747474
 837387
 304738
 668073
 69734
 1021985
 285366
 876641
 274500
 24022
 195225
 378343
 413846
 461848
 686343
 133159
 1075626
 784252
 1077312
 749216
 81822
 362288
 88325
 430035
 137815
 638613
 2194
 443618
 686323
 334667
 375528
 253954
 826886
 510202
 151382
 462810
 428585
 1037726
 134960
 618862
 482793
 359361
 775463
 408285
 441499
 1047451
 247599
 177167
 233459
 821298
 1099807
 212578
 208461
 832600
 591097
 897874
 593866
 786707
 575372
 987374
 69089
 103404
 86927
 455492
 372455
 668566
 961722
 121992
 962268
 862723
 947009
 692486
 230123
 1010418
 190422
 917381
 1007229
 273127
 667341
 454386
 125983
 563346
 947938
 389140
 285426
 426092
 455215
 1098612
 451693
 546947
 918854
 57769
 796280
 396411
 942455
 279509
 543633
 221235
 48565
 511830
 30262
 756368
 364720
 825966
 954652
 281963
 274436
 196892
 177191
 167524
 744237
 1027960
 360683
 1031485
 472825
 590829
 1083434
 284829
 866556
 581447
 125997
 285929
 228591
 386536
 747699
 674788
 474903
 417614
 18461
 501562
 333973
 428714
 815418
 808160
 189135
 801583
 112628
 790553
 794549
 303610
 921210
 636580
 762336
 121883
 504655
 68719
 526493
 322669
 911155
 57299
 1041991
 567148
 639271
 193263
 513652
 581896
 532844
 552797
 772583
 997087
 971736
 217161
 864283
 570179
 198374
 761667
 272565
 464784
 320342
 408281
 160962
 730373
 811327
 77191
 344792
 55159
 106074
 613642
 515829
 65807
 969355
 811681
 802526
 260067
 138543
 553512
 905242
 684072
 451683
 427315
 927500
 936516
 541224
 1070471
 216159
 231065
 420579
 865547
 138725
 556773
 819835
 767715
 582460
 84027
 525874
 620655
 440056
 620162
 976174
 480885
 560123
 920586
 699809
 1044891
 1076097
 909025
 970586
 877849
 787998
 353995
 199155
 958734
 155676
 671933
 246595
 507296
 1075195
 969141
 59820
 250269
 722563
 737464
 474448
 1048782
 270981
 1062476
 158290
 585918
 980918
 412124
 438995
 689664
 449318
 858411
 659855
 985845
 325524
 776715
 65823
 26976
 454129
 308774
 885978
 939055
 230279
 352877
 692740
 160140
 533222
 344695
 537378
 994598
 334631
 867628
 426428
 350428
 303368
 1087104
 188431
 526758
 903099
 723425
 76082
 368032
 321604
 204238
 243608
 14201
 744063
 722639
 263512
 251443
 155153
 983447
 657284
 519694
 302640
 127652
 472009
 2530
 655949
 935760
 881543
 494339
 600690
 1048116
 89535
 288312
 728476
 890537
 139665
 556845
 914516
 573045
 582641
 726879
 975536
 159207
 553908
 23914
 521759
 31420
 680022
 907496
 321290
 1060635
 876904
 953365
 285541
 920342
 524189
 856012
 443139
 8755
 684555
 571992
 238118
 1032614
 953766
 241019
 531802
 357494
 905392
 867275
 971740
 802804
 597951
 327828
 112106
 685160
 974197
 256883
 354317
 975557
 64878
 40882
 325954
 457832
 743651
 515808
 915664
 1081904
 845155
 555984
 565286
 826266
 240770
 695786
 274878
 983794
 1028352
 218020
 519508
 286612
 1036276
 43972
 524288
 931500
 845674
 516279
 497203
 997834
 280704
 81989
 16672
 261153
 507987
 180096
 480512
 984815
 326056
 985414
 803988
 155402
 1016065
 899550
 1043194
 771974
 191039
 690346
 26153
 512291
 213242
 875514
 602094
 899599
 977049
 545106
 369431
 318339
 231555
 76799
 375401
 204247
 415649
 254996
 464490
 331684
 80695
 645983
 4446
 352831
 102519
 625032
 230213
 1060707
 306508
 840640
 376766
 107360
 86324
 306413
 1014096
 716954
 937888
 182153
 565188
 515438
 123028
 454724
 307074
 235287
 823795
 1025115
 794595
 678645
 538421
 409613
 792757
 1017401
 731620
 995297
 11938
 85788
 870421
 150372
 815206
 73044
 616297
 963290
 97261
 75240
 477284
 281073
 143105
 977612
 257286
 433326
 622275
 719498
 576133
 529689
 1069332
 329698
 1063404
 269212
 659430
 1039848
 839028
 339587
 447095
 356994
 582426
 528860
 915313
 114659
 100237
 199918
 14700
 797482
 113645
 950145
 910275
 814020
 852635
 252931
 1050186
 681374
 976930
 953949
 152081
 730593
 752039
 384791
 172244
 829962
 252091
 976509
 544881
 574900
 730227
 698700
 194218
 612657
 813854
 1050431
 468248
 521882
 488997
 792856
 674549
 144934
 543512
 456120
 70965
 827048
 549010
 43153
 1049376
 864427
 224378
 93575
 424167
 355064
 194891
 597491
 702589
 565978
 1066606
 464546
 1043680
 135745
 692795
 1060771
 163372
 335398
 178518
 280864
 241336
 390208
 731100
 595038
 846113
 925448
 181494
 69307
 752039
 101715
 317956
 298227
 675478
 1017854
 305976
 266150
 921741
 1098907
 325132
 653752
 127002
 113923
 717770
 177242
 896252
 945695
 490492
 472334
 563470
 152948
 855288
 946609
 767545
 1092478
 152612
 2473
 750702
 1055929
 844351
 293027
 592100
 696674
 853410
 662098
 7962
 712141
 1065368
 310105
 675545
 815468
 1095469
 551126
 52956
 40642
 22813
 186700
 257127
 1063508
 150119
 262611
 283933
 861197
 786435
 63003
 728195
 165019
 519017
 516701
 505448
 515890
 1073834
 243058
 834524
 408248
 47779
 1032081
 195185
 520425
 972408
 1011472
 16700
 978565
 121776
 661207
 1043944
 297501
 900712
 481521
 377014
 515329
 17868
 296771
 798191
 802283
 177859
 624265
 402676
 579169
 657448
 400639
 854543
 767037
 669651
 240631
 545662
 249758
 716770
 815685
 699537
 805996
 903110
 1038932
 123380
 987762
 932895
 946774
 750760
 590074
 824173
 849486
 219565
 496831
 733900
 456027
 93352
 928586
 294047
 213958
 322394
 878736
 321005
 1099510
 176817
 739169
 700521
 438450
 368008
 734605
 54340
 937822
 580963
 936908
 884084
 724051
 945062
 457151
 974024
 612509
 881645
 1069653
 1078653
 668664
 746174
 256847
 275916
 814337
 986261
 354302
 408436
 874383
 440656
 564326
 460875
 1075557
 600520
 321747
 58117
 409239
 775769
 971129
 991707
 291902
 1877
 130678
 544252
 1048767
 215403
 235772
 141658
 666315
 1505
 409
 591610
 742056
 301833
 451843
 367349
 1035742
 740490
 262234
 1051496
 570558
 1031571
 502752
 881288
 945020
 797753
 317051
 156665
 962059
 413923
 1013510
 601220
 659569
 698605
 183738
 81852
 196852
 700027
 62026
 259416
 701032
 846443
 312809
 639396
 1084197
 1026444
 638401
 947023
 693746
 993180
 951912
 86977
 226278
 84654
 630614
 945649
 1013989
 316056
 277219
 915029
 93217
 353114
 294434
 409484
 1084764
 592258
 778292
 195786
 512210
 685841
 559702
 168299
 468852
 41081
 133734
 686565
 877083
 1033997
 169469
 848391
 1042633
 369588
 532442
 234062
 1088576
 297134
 309778
 430730
 1021234
 628588
 1010396
 878749
 514018
 50888
 345709
 926091
 1037913
 303816
 858372
 991888
 998364
 319987
 441988
 657480
 777154
 531983
 58093
 346571
 166766
 1045738
 877205
 141260
 36544
 277202
 746932
 603865
 678852
 745599
 123959
 19575
 785803
 953899
 37102
 499501
 480088
 784346
 973607
 182380
 665862
 738480
 211671
 1089962
 881657
 483948
 225793
 197694
 491824
 666528
 484293
 148481
 390610
 1036660
 490777
 307815
 758681
 387330
 242495
 924451
 182582
 79149
 879344
 717193
 115805
 311873
 255846
 1035077
 1097605
 961372
 80290
 594178
 1064163
 241165
 348055
 916495
 202663
 620293
 354547
 182819
 120118
 925985
 835763
 1000585
 888057
 1044089
 428902
 784725
 553279
 500088
 231955
 446734
 648130
 211289
 285335
 145109
 539120
 312855
 60855
 780151
 1053782
 696244
 558256
 610497
 1051176
 621379
 809500
 1074109
 158785
 560381
 453961
 649429
 562228
 265930
 166956
 925076
 311798
 505805
 593724
 723836
 67173
 881098
 547171
 984528
 231520
 734628
 574171
 977657
 628594
 595336
 704853
 784284
 120930
 729568
 187994
 175694
 327576
 543034
 88924
 885229
 95745
 207365
 678141
 1051957
 240289
 427057
 569119
 70854
 494008
 590410
 208197
 904830
 94270
 393070
 721296
 869578
 630052
 142625
 109392
 125337
 632489
 569110
 352157
 792039
 636765
 679160
 205031
 212268
 337224
 382671
 384120
 977158
 604573
 381532
 411698
 967841
 151515
 73203
 410151
 347636
 435882
 133361
 388733
 237961
 657887
 830827
 1002337
 190334
 289280
 874885
 368467
 196288
 722245
 1018641
 687169
 602066
 923735
 754902
 674292
 753779
 726686
 990519
 907638
 218386
 901625
 796473
 15761
 373242
 1066386
 481340
 523634
 500307
 776758
 7990
 912047
 174961
 540754
 695850
 965584
 91843
 293146
 361205
 737338
 1015087
 142064
 466326
 1070390
 378004
 420288
 931508
 882028
 887111
 713852
 1040107
 614928
 1066346
 258195
 321458
 965926
 271317
 902626
 864252
 633776
 989864
 270038
 370416
 910046
 759760
 339243
 777437
 884483
 1061461
 855286
 1099604
 177315
 631756
 767603
 603617
 865487
 17620
 1012250
 96730
 933585
 611480
 617567
 58115
 1042601
 121396
 254348
 227807
 659610
 481769
 889989
 1014914
 779015
 557275
 399355
 446815
 1082470
 197977
 634543
 770640
 331572
 943949
 638342
 16895
 743019
 1082734
 689579
 1001925
 14257
 448717
 1054461
 341523
 396096
 12440
 174651
 1046482
 621206
 425824
 65998
 1037260
 340358
 898632
 362267
 379490
 453759
 87537
 286642
 1081289
 882877
 226629
 384340
 71377
 551630
 81117
 848722
 641875
 75225
 315531
 667555
 1023064
 812174
 576212
 589351
 979898
 532934
 130790
 887451
 215775
 207690
 995323
 329390
 237417
 634294
 385444
 76606
 708153
 455447
 493861
 50313
 345880
 668790
 936058
 362250
 730857
 479489
 118676
 639343
 110702
 280414
 419126
 570710
 488830
 242427
 328065
 443432
 605033
 518118
 717730
 190813
 751361
 79746
 820896
 922228
 1067557
 893400
 722280
 1074092
 691358
 518413
 1038458
 245396
 23480
 478413
 786717
 230062
 690756
 175872
 995430
 624850
 165979
 757169
 1533
 918740
 931867
 13410
 56959
 449471
 123758
 322006
 691942
 1043451
 538659
 859102
 515358
 1056484
 832162
 580325
 508820
 472852
 247276
 613461
 134867
 168075
 318555
 813968
 596328
 841765
 351352
 15349
 191430
 952705
 665178
 676373
 10524
 617288
 840854
 661059
 724511
 1062444
 507295
 1022670
 1089903
 933213
 750633
 489562
 858631
 592800
 848202
 757974
 581806
 828133
 389955
 501749
 660641
 413240
 900991
 196944
 464033
 53133
 1086704
 1011639
 80304
 380651
 397823
 500808
 819125
 991577
 756424
 555396
 764513
 39111
 886999
 1037722
 1024154
 483760
 997885
 238074
 50754
 251386
 808528
 178976
 1081322
 498594
 192233
 1041850
 815031
 1078908
 151203
 484971
 13417
 29233
 317033
 192782
 985891
 357887
 1052740
 850713
 1074628
 692142
 767818
 252061
 453201
 963526
 418151
 384608
 975092
 113332
 836943
 725092
 521048
 238924
 950349
 248694
 753643
 716954
 651613
 956541
 547441
 314809
 983657
 474898
 675647
 659805
 174527
 1028880
 1061461
 557248
 475758
 823010
 625157
 248545
 830561
 856899
 160826
 553592
 225119
 971867
 14760
 634485
 162482
 786865
 80991
 510298
 96409
 832810
 883235
 119954
 269559
 107024
 575204
 258165
 451734
 1077692
 886451
 677869
 843628
 317427
 463219
 577321
 110216
 1008470
 847804
 101847
 67088
 934015
 296588
 388423
 96877
 576851
 235122
 732791
 336126
 58604
 741425
 109143
 991860
 893247
 398274
 383269
 327083
 59049
 421432
 648208
 18154
 817031
 212967
 1077525
 460259
 999916
 22150
 781900
 821790
 211030
 390848
 1086652
 235934
 342346
 146276
 4118
 158871
 557508
 73268
 1005568
 776139
 354697
 377271
 947465
 479130
 836443
 1082586
 906099
 56295
 507771
 957924
 390432
 416002
 82771
 232960
 35022
 880441
 649478
 680346
 838380
 584899
 813354
 195707
 764995
 202600
 793849
 1071260
 399539
 790320
 190559
 620037
 646832
 415356
 476104
 801724
 558454
 739860
 124400
 749271
 417787
 980392
 723796
 507626
 201699
 334986
 50097
 116692
 66096
 94408
 220690
 903290
 1083643
 376455
 538724
 838903
 954523
 946708
 1074057
 1002923
 182670
 1018672
 30160
 56657
 127013
 938556
 1092857
 919403
 848509
 905262
 442050
 122723
 92740
 4369
 577036
 207014
 395844
 820045
 393451
 719069
 590717
 1029906
 526292
 854269
 110556
 1024807
 467684
 120741
 220622
 1012431
 951029
 935898
 512756
 911047
 173643
 932336
 323401
 1094456
 687092
 938309
 892971
 305954
 308947
 280804
 200732
 1087031
 290331
 1022976
 71537
 867971
 880113
 980524
 130955
 777020
 775728
 402743
 737940
 1026567
 495483
 176719
 819382
 1072077
 854984
 837530
 993094
 524480
 261731
 591305
 53808
 500752
 1089142
 564043
 481315
 1022498
 696584
 466231
 1092013
 609875
 24349
 835856
 1018121
 125643
 257660
 163201
 121621
 43798
 44843
 573188
 546237
 90804
 588812
 926827
 153483
 1095061
 1098759
 1045302
 560579
 447703
 660984
 178397
 78052
 789439
 254522
 883717
 589258
 410462
 732766
 686752
 336455
 308229
 321426
 317110
 488615
 591641
 775816
 774489
 401643
 20282
 691002
 562237
 561226
 908591
 253830
 870265
 704911
 206558
 1004714
 826548
 970580
 695430
 2884
 873428
 519833
 564315
 982410
 901632
 618322
 596166
 388942
 861375
 52522
 213468
 372174
 262438
 600598
 69773
 147308
 426024
 604939
 195941
 321463
 845370
 369625
 598022
 70863
 656687
 369337
 743293
 803362
 623420
 298853
 1032773
 993668
 745573
 623687
 838774
 1013957
 567266
 109401
 863840
 406225
 193482
 298723
 433807
 701332
 462673
 275054
 772568
 768266
 931790
 830045
 1023913
 85238
 550031
 813340
 615643
 146991
 91172
 443731
 111427
 78141
 671026
 183997
 6030
 559176
 720834
 513627
 303129
 816877
 122067
 886178
 1021135
 1067227
 282528
 909364
 255664
 502702
 363316
 972661
 870127
 723891
 834364
 403485
 1048409
 588873
 1013005
 570304
 567614
 80201
 526481
 123306
 877888
 296664
 228808
 60160
 669929
 1041823
 932803
 91652
 762331
 12800
 542297
 894970
 1045565
 529924
 290074
 1060158
 789107
 232359
 839979
 125139
 1053771
 751115
 403692
 497256
 115535
 192444
 467189
 112199
 99013
 1087371
 541180
 221088
 678057
 406709
 931243
 258864
 421757
 853604
 123737
 1076498
 332143
 466893
 301816
 553082
 476814
 566278
 720224
 760816
 325345
 911482
 53288
 513076
 990961
 64227
 1021595
 13190
 257303
 127515
 724681
 348021
 506872
 409447
 460485
 744092
 1045177
 179683
 960852
 445503
 446052
 54649
 830014
 880374
 1092586
 796104
 98355
 247418
 802073
 281900
 614477
 331247
 308471
 430952
 646394
 897248
 50386
 812002
 957711
 879082
 397323
 70568
 478260
 799091
 872899
 1010115
 293823
 403979
 130709
 279177
 700523
 436655
 1082714
 450454
 596933
 227298
 982369
 553086
 899655
 305098
 1001893
 96849
 715579
 437047
 96178
 1068342
 6814
 917313
 1086987
 612724
 760874
 93803
 411289
 507672
 627430
 256881
 142349
 577253
 225449
 282728
 890395
 934138
 889766
 855691
 922797
 514440
 823375
 12787
 1032956
 960153
 916929
 50374
 849030
 69644
 767556
 653122
 219928
 295621
 559999
 1005722
 230746
 468550
 860422
 249259
 77639
 198435
 706451
 51339
 818943
 697135
 766823
 721094
 526644
 309530
 359059
 343911
 750235
 928362
 1084387
 952261
 402316
 998217
 418183
 486108
 544121
 80530
 363887
 64440
 198043
 688188
 100083
 256461
 846943
 952095
 212766
 973941
 581887
 598313
 307786
 185430
 252421
 407415
 1023596
 653776
 272939
 522386
 450506
 1093640
 742534
 70279
 792664
 749595
 595088
 9940
 517750
 255682
 669578
 210135
 250374
 62024
 603512
 511430
 378079
 659835
 885372
 427467
 609788
 278221
 268628
 636173
 50380
 388948
 816644
 813918
 5723
 94057
 212998
 419362
 69994
 533253
 171570
 731331
 857568
 978591
 899951
 830499
 952224
 640732
 1030889
 675298
 718873
 676744
 139184
 967795
 11593
 863736
 635438
 450405
 153788
 701628
 47032
 221273
 900859
 309730
 292085
 616308
 612143
 782936
 644834
 402377
 1044522
 654864
 217600
 9100
 398436
 701659
 604886
 151120
 443767
 519681
 612472
 556328
 398358
 1859
 525441
 56247
 782052
 132925
 503640
 1045167
 359122
 775925
 191098
 491704
 448843
 521925
 887100
 330410
 1036451
 520301
 682475
 377778
 737910
 606491
 503877
 481073
 331999
 1053218
 138383
 1045918
 934352
 829300
 752522
 888109
 1079570
 529383
 688187
 122159
 598
 612251
 1056254
 916541
 50856
 513321
 815519
 489401
 377505
 189826
 245059
 58199
 530288
 1089342
 724160
 141856
 1059032
 1052968
 906461
 950368
 1033391
 1079203
 934421
 170947
 579342
 690328
 1029496
 909693
 279140
 440604
 207175
 474698
 436284
 1081428
 678253
 633410
 36940
 1096330
 724188
 293368
 355701
 814670
 187018
 647602
 269818
 785726
 1035483
 741954
 329797
 806485
 916806
 274589
 1058472
 29354
 590214
 842015
 389665
 1035264
 125989
 191294
 756547
 121894
 83087
 851602
 377452
 617483
 589187
 419419
 529549
 211808
 802476
 381873
 804132
 872116
 728003
 51459
 713878
 232023
 950266
 770614
 758208
 836112
 686783
 151638
 538162
 799586
 703082
 666801
 1068032
 955187
 1040701
 3100
 794804
 937595
 913668
 469579
 129959
 313748
 368689
 339451
 682760
 890522
 531246
 769787
 379901
 768849
 569481
 34553
 964493
 316930
 55935
 812042
 251806
 1082232
 54197
 36462
 984655
 46881
 709024
 990646
 88469
 660779
 393946
 345234
 387599
 689578
 381325
 1095514
 827397
 831803
 257547
 909218
 1049711
 834676
 588598
 1001448
 319150
 909443
 313167
 154135
 911987
 1013859
 106788
 584077
 96558
 484699
 820329
 163273
 629156
 601430
 337384
 39023
 316609
 556865
 153025
 786623
 921229
 776538
 228668
 220987
 863961
 587240
 898017
 690994
 231996
 946322
 761651
 514092
 727711
 283922
 473373
 671384
 1065470
 1089480
 102465
 136583
 789432
 919846
 765572
 588437
 527
 833700
 340738
 1078684
 385494
 171920
 345122
 777471
 223448
 937255
 670963
 980641
 276981
 864535
 573225
 309889
 930128
 1042806
 269467
 304972
 267461
 326507
 409596
 242297
 414523
 410804
 393460
 1086806
 48642
 735785
 608455
 419377
 481832
 300427
 306337
 858885
 616809
 416838
 1047649
 517600
 543353
 491831
 622761
 256793
 110364
 421153
 845695
 397308
 1095127
 662936
 549815
 505801
 964986
