772127
 71660
 341846
 146171
 734707
 334782
 1059793
 1075287
 152972
 494602
 725408
 1018772
 807065
 59171
 944929
 574124
 322103
 645695
 474377
 426477
 729700
 650950
 345255
 944853
 722059
 623162
 1032000
 427565
 77110
 542990
 422623
 243417
 787868
 756891
 794601
 840821
 319393
 582054
 546231
 551292
 631063
 800659
 284750
 234053
 528744
 172594
 644101
 901928
 475449
 603684
 413513
 300950
 869952
 940141
 814588
 765786
 157275
 673163
 226951
 479762
 810246
 8404
 1043530
 300194
 915217
 356569
 396034
 791396
 362391
 800962
 887396
 651434
 128953
 124661
 1039335
 1066473
 535557
 136100
 214634
 708618
 907024
 946633
 98900
 46056
 844563
 922080
 313836
 648746
 781831
 745620
 867821
 826456
 408079
 624979
 527125
 671931
 107823
 25642
 434858
 948574
 13761
 1058126
 851318
 1048349
 868837
 644148
 637575
 464197
 139011
 759408
 27194
 854410
 237204
 1095889
 1069918
 353885
 751175
 703901
 682438
 609518
 347517
 934587
 347887
 914721
 999198
 81162
 204569
 964384
 579744
 647835
 71285
 55352
 817217
 1041743
 845190
 938015
 989437
 791737
 488948
 645380
 93397
 83035
 603187
 1012011
 642246
 645991
 255848
 150660
 146963
 463475
 210665
 326475
 753696
 571001
 590275
 129451
 645987
 844340
 174581
 713084
 296230
 438494
 1093401
 208953
 949678
 105496
 388922
 355050
 905451
 499910
 937393
 670703
 1009960
 388739
 618529
 714548
 867569
 755698
 814309
 319503
 171795
 499051
 517101
 402286
 859660
 178781
 776086
 78914
 503606
 364219
 872825
 750246
 644987
 58682
 634441
 433502
 1021631
 416248
 11314
 176889
 194396
 206920
 913799
 924287
 594641
 1090355
 594827
 122950
 463757
 802092
 361693
 269069
 936206
 596420
 814935
 688524
 100994
 179022
 300258
 73164
 1082926
 713902
 307866
 614030
 670733
 672790
 296269
 587044
 155053
 381933
 592326
 499290
 587113
 761460
 979876
 597169
 512775
 142986
 658761
 19121
 173758
 591233
 401846
 560691
 135481
 758955
 465838
 230825
 357993
 888672
 577029
 189105
 94181
 1068066
 550415
 520582
 405709
 435756
 675830
 1018202
 659974
 589784
 290748
 17256
 907097
 615
 309397
 133730
 195674
 305042
 312198
 250820
 21254
 914294
 204881
 812230
 761927
 708160
 257803
 631472
 559657
 565540
 975865
 2121
 1092343
 497506
 1053887
 88817
 935945
 734979
 190787
 734958
 52963
 981259
 910105
 406635
 400816
 427741
 442603
 356973
 857165
 723971
 879210
 344465
 1012780
 813606
 705420
 1074701
 396609
 73763
 1032156
 984824
 188342
 221491
 833741
 886227
 135418
 629692
 415693
 703561
 398773
 457195
 532708
 902059
 101674
 270261
 889187
 32986
 269650
 1056652
 544695
 796167
 340613
 633162
 312903
 392465
 154468
 217166
 339418
 353217
 633453
 721699
 425786
 358248
 166099
 465530
 1007207
 931044
 801292
 165339
 128928
 604062
 238064
 866925
 471576
 401704
 727277
 134097
 430046
 665387
 1018425
 5627
 760896
 925975
 801329
 536307
 977250
 484935
 217699
 115429
 877769
 703246
 859544
 724677
 1049144
 318554
 698601
 239499
 138248
 489163
 418739
 734889
 274466
 811180
 425058
 110624
 189647
 201748
 321407
 1003456
 916852
 583029
 627769
 794659
 291727
 1014198
 221902
 370994
 689208
 190334
 918560
 581783
 767493
 268448
 120762
 744944
 1007873
 608974
 402942
 236662
 889826
 78500
 926832
 477465
 1079065
 277239
 110072
 592002
 227636
 1008920
 200614
 118389
 590786
 736556
 456006
 88580
 1054262
 767976
 165537
 1080952
 617215
 76012
 104345
 469355
 22673
 586945
 500274
 535791
 882429
 783417
 558675
 962037
 433314
 345262
 294839
 941731
 1058627
 1040346
 612925
 370045
 754613
 960195
 121660
 358961
 197484
 24667
 519471
 872523
 725070
 654997
 1016247
 742748
 970374
 118528
 775455
 154456
 842071
 477991
 442184
 468899
 648778
 321184
 883316
 686974
 617033
 565307
 49437
 496582
 320221
 633183
 964568
 345832
 598845
 1023962
 1011541
 180825
 511761
 565840
 635895
 928058
 563328
 138485
 547370
 834426
 904038
 15016
 1068041
 81875
 796240
 258564
 687170
 270362
 662381
 715246
 1089933
 327006
 433395
 125126
 13744
 77722
 877362
 201086
 898474
 830767
 79010
 831058
 728931
 771607
 802819
 1073765
 299257
 209609
 896864
 187280
 777785
 68401
 490003
 801110
 90670
 456215
 669353
 459578
 763905
 337304
 962813
 958838
 251787
 769587
 659091
 53479
 1043549
 176147
 345706
 116373
 1075089
 541399
 864932
 932047
 569170
 915485
 936565
 969144
 600233
 83484
 651529
 113573
 154265
 355824
 1009818
 476535
 459330
 654107
 169141
 760215
 354219
 885009
 707671
 1057310
 799484
 878335
 64873
 1057756
 751006
 169855
 201034
 725741
 112824
 114323
 254121
 595199
 579145
 511358
 845541
 257594
 416213
 848683
 207749
 653224
 268666
 267067
 464481
 751004
 315834
 55193
 19738
 439765
 795515
 689444
 464256
 511261
 915637
 978122
 555949
 994090
 781502
 729389
 642612
 678802
 920106
 966036
 477693
 436263
 449745
 373054
 377864
 1040092
 550305
 911386
 99632
 423020
 1087048
 765701
 655228
 169283
 309208
 509267
 295297
 1043560
 787687
 268395
 97507
 756101
 496017
 785701
 1070272
 114001
 217652
 9257
 69234
 437316
 577437
 62211
 4352
 273902
 563277
 580587
 60809
 209540
 1089397
 675094
 263867
 167400
 739974
 289888
 710236
 494049
 418057
 390948
 623971
 536883
 132915
 367545
 955332
 448999
 75084
 839479
 783284
 289515
 800687
 942005
 861612
 116865
 291711
 602506
 1072416
 482390
 504831
 978639
 574140
 660145
 486289
 75252
 21619
 434068
 1001078
 643243
 423262
 1014184
 1073727
 721485
 308393
 339788
 673805
 1091117
 834668
 617421
 411183
 257199
 11942
 687515
 332570
 127486
 337749
 1020403
 180896
 119669
 947734
 894601
 976087
 718910
 1086648
 807900
 50014
 356713
 754728
 410627
 1003451
 993259
 458290
 194678
 995461
 976658
 312930
 982543
 439713
 473959
 121234
 815100
 300821
 91421
 389953
 486807
 155528
 900777
 252126
 907136
 999907
 188044
 364331
 701076
 167283
 701798
 472328
 595609
 210799
 196323
 539730
 678587
 771048
 934946
 629028
 220366
 933226
 576003
 276226
 630556
 96940
 209239
 254198
 59357
 433087
 1058924
 995547
 117639
 729910
 115052
 696622
 672001
 385626
 14518
 165768
 518869
 557961
 1016148
 201147
 75251
 13209
 847805
 660691
 153095
 931753
 483520
 979237
 30330
 495158
 208308
 386264
 488598
 941114
 639304
 797723
 162100
 396466
 493081
 679558
 482749
 1014049
 371952
 407799
 480923
 141734
 828221
 675211
 393429
 7306
 447329
 423787
 97577
 658850
 695730
 751937
 717715
 392363
 17933
 653971
 1064344
 828241
 629408
 511944
 640961
 1064156
 1076246
 136476
 611774
 267794
 190584
 127050
 185437
 164949
 636370
 849327
 1081626
 669388
 376438
 555604
 565962
 45674
 141581
 868004
 950764
 1008318
 75167
 695106
 1035697
 672041
 251129
 533607
 69054
 135219
 399933
 567201
 1024554
 940796
 890677
 305115
 809776
 885192
 626036
 364947
 327297
 349257
 510784
 731277
 593365
 966149
 394742
 71609
 351753
 96576
 575979
 1044404
 992734
 85655
 551065
 324256
 895531
 248865
 920632
 212859
 1043781
 971139
 447168
 30328
 780089
 250597
 323532
 369694
 216251
 282667
 927346
 403098
 38348
 451496
 244560
 1028104
 597830
 20903
 45115
 435839
 491209
 790462
 339856
 287351
 353058
 258374
 325807
 466225
 992471
 839974
 775017
 147547
 274822
 876619
 762518
 526404
 78541
 82228
 490900
 642497
 404714
 764734
 976382
 792584
 523696
 589392
 864148
 190646
 338829
 840399
 150077
 661456
 1022769
 562048
 240917
 541687
 511687
 352743
 603118
 461478
 500906
 320832
 128032
 447333
 1081103
 557737
 311069
 724843
 442223
 730680
 121424
 433065
 144186
 470916
 428229
 374818
 792160
 770964
 594646
 509431
 636513
 1015455
 831964
 747181
 805477
 685297
 168006
 720951
 476603
 239048
 448534
 831183
 1055393
 919576
 882663
 195606
 149243
 1048373
 136716
 483429
 459722
 1047041
 436841
 1044279
 680455
 569805
 487708
 572332
 958498
 656049
 653086
 556535
 427300
 483640
 278469
 1032592
 481006
 1042713
 1052464
 699682
 1048047
 892880
 1092920
 1063809
 971534
 694798
 318449
 1051920
 382690
 816638
 238248
 222392
 872220
 756846
 377891
 478828
 1051690
 762812
 541741
 266799
 318289
 73120
 442157
 752441
 936018
 401998
 58664
 75714
 117679
 422253
 543267
 229855
 301553
 854442
 467019
 537017
 414984
 1018295
 724555
 1065330
 908991
 886523
 462472
 587034
 189581
 789552
 103621
 913038
 3327
 862041
 311431
 959842
 1067644
 299173
 549007
 796352
 34204
 729471
 43130
 248730
 83791
 765672
 813009
 759259
 667693
 731851
 256245
 750405
 3055
 468999
 657568
 267321
 947388
 1036561
 191899
 907300
 992407
 303114
 712399
 750993
 818469
 982206
 909697
 1017174
 575284
 967934
 116270
 248753
 663533
 783358
 1060520
 201909
 600496
 497827
 317113
 1042086
 172729
 601952
 55124
 897226
 19521
 897471
 286579
 247444
 1002955
 564703
 718923
 993998
 275636
 350836
 163545
 838922
 953963
 982985
 1056669
 514982
 431618
 965728
 960323
 394957
 869314
 1063001
 811160
 200091
 1064479
 353361
 685901
 1041538
 49878
 867913
 511867
 663109
 836478
 1006423
 182172
 401463
 909642
 606311
 1057210
 643754
 1081639
 505480
 599271
 852792
 1021708
 567837
 731420
 813723
 886730
 586134
 944368
 117383
 54706
 64540
 856429
 240016
 352554
 115514
 959855
 811707
 755057
 957043
 481926
 163314
 1062801
 835804
 235687
 1037935
 555711
 762715
 430875
 835908
 894722
 606411
 105125
 457945
 245533
 79758
 604662
 519484
 581621
 969859
 786159
 257319
 903253
 206321
 615867
 986401
 393570
 81852
 151968
 99476
 540687
 388139
 960441
 75230
 943106
 237909
 119513
 797876
 781722
 855404
 675912
 376139
 330681
 406482
 623451
 505642
 265719
 1083480
 126202
 52398
 712045
 337819
 672777
 762289
 529497
 316470
 594374
 168483
 491916
 652703
 930022
 380325
 664525
 376675
 554278
 589129
 188994
 745489
 84963
 63070
 115872
 119030
 884062
 1097099
 756662
 775828
 782851
 20024
 560671
 343090
 1074660
 428953
 30539
 1040227
 759831
 3269
 821181
 861170
 743180
 853903
 75726
 127676
 345005
 1093000
 15716
 499550
 492083
 950510
 905705
 513715
 44849
 253327
 951557
 815873
 1058985
 119351
 1018154
 86204
 685378
 47380
 970419
 44183
 162629
 841293
 224320
 266216
 536358
 548490
 553508
 1099680
 1064538
 1043793
 842635
 258550
 40637
 773799
 855317
 677605
 374538
 390880
 485638
 908224
 698085
 1086994
 503550
 745716
 341595
 666799
 814037
 696737
 717719
 1019558
 407098
 991416
 333200
 288296
 1086220
 942160
 479584
 961615
 811240
 1046543
 831651
 930796
 588082
 1041696
 832005
 163180
 164361
 169688
 8222
 721492
 651543
 151842
 201477
 849258
 526375
 300288
 379075
 522745
 122799
 733426
 329705
 829212
 1069062
 947961
 752377
 803882
 1028067
 350475
 25153
 897549
 518509
 532230
 645427
 982593
 160267
 530780
 519197
 979495
 398986
 868246
 210663
 338268
 767401
 1086736
 585976
 183557
 56644
 475147
 516899
 19439
 356255
 256836
 808293
 526019
 415538
 900599
 781611
 1067288
 208394
 397529
 423227
 824194
 1078770
 1011277
 206584
 857766
 1030928
 1026853
 424388
 395747
 597471
 1008184
 390663
 904583
 489387
 9729
 715636
 1081762
 590554
 608478
 896511
 893849
 616484
 297336
 324230
 214587
 906406
 1004898
 64971
 917353
 758915
 795612
 1007647
 201814
 944819
 527897
 207267
 826211
 757258
 74264
 17428
 140958
 544988
 808081
 1003120
 333674
 13201
 2891
 635405
 146850
 579775
 812439
 556427
 583746
 869545
 113078
 1030809
 1082998
 634654
 919290
 320560
 892205
 206290
 671134
 685998
 667698
 965844
 461628
 348008
 288591
 981361
 602948
 45559
 827594
 645516
 612837
 339969
 844887
 781356
 820969
 872626
 165114
 466893
 232367
 873228
 783574
 427152
 205757
 504461
 869172
 808339
 1096071
 562622
 815044
 504458
 213068
 733580
 533242
 747573
 1049059
 906267
 935802
 296540
 45495
 829735
 1040116
 688654
 787563
 62919
 810116
 473143
 817495
 560350
 259772
 122431
 479563
 260700
 718
 70348
 687047
 1079169
 890835
 104409
 106659
 820287
 916004
 315898
 496602
 168069
 90310
 64517
 504872
 955191
 653964
 616243
 966839
 1022664
 1088983
 450282
 456044
 253983
 93169
 440032
 686029
 943097
 499515
 297977
 922889
 156465
 643485
 234221
 995143
 317402
 220206
 1028682
 314764
 375276
 192517
 366793
 1097116
 244875
 13848
 603619
 1040653
 1099002
 385079
 609016
 525537
 207216
 640406
 387913
 617789
 62993
 615741
 61107
 339338
 129251
 1012508
 703522
 451316
 781290
 178401
 21408
 1030913
 664915
 948208
 492665
 1058386
 431373
 381844
 380746
 735134
 1018724
 582259
 431813
 657710
 217419
 379595
 703599
 819163
 836859
 28965
 549817
 147473
 1069262
 187042
 929460
 1031916
 1092349
 984966
 905373
 885668
 273173
 858434
 903440
 753529
 210524
 246204
 729525
 12051
 194716
 122575
 1099141
 37152
 713723
 675914
 1001031
 542838
 1061001
 896641
 147660
 1066289
 708507
 232121
 141249
 1044384
 611600
 915806
 153866
 674571
 403005
 44063
 599899
 790204
 1015572
 527837
 828436
 143805
 622804
 907621
 137921
 1083949
 416261
 188417
 282267
 640022
 627368
 551372
 68081
 336087
 240172
 364437
 266274
 889582
 912912
 921937
 811085
 1076746
 1016952
 413533
 1039605
 718578
 268245
 513080
 195166
 1057439
 910764
 1092141
 254142
 524010
 712428
 297882
 594399
 466001
 691912
 749632
 167136
 572907
 64413
 735451
 124537
 811766
 942907
 766192
 607891
 966482
 607713
 185136
 736804
 220456
 986385
 1058551
 991490
 859511
 1015138
 178686
 1047559
 330107
 800114
 394900
 946589
 544679
 51741
 744385
 722893
 221131
 914437
 781113
 429589
 555851
 992214
 574294
 461852
 1024714
 651978
 465739
 779323
 478613
 1085278
 508774
 484698
 997382
 1065415
 181135
 492995
 921659
 154944
 607078
 1086729
 107820
 1074874
 255176
 843801
 805413
 226321
 287342
 784644
 584278
 294345
 572684
 1003200
 149612
 58097
 119705
 912947
 647963
 694619
 701838
 1089435
 83964
 713052
 329925
 747862
 976650
 99093
 437264
 399953
 345830
 246402
 390495
 86063
 444571
 617264
 904977
 226128
 66576
 632904
 155293
 857347
 751410
 864696
 244255
 847091
 432314
 575780
 940501
 973150
 490721
 53848
 385974
 1067383
 2221
 945695
 531197
 1016382
 389221
 217871
 45220
 427568
 249717
 267060
 994022
 421849
 444076
 528314
 1044561
 769662
 98267
 978443
 15479
 332164
 172383
 32764
 475983
 582601
 240400
 144415
 256865
 152652
 69284
 420502
 241392
 246463
 900252
 93020
 1033758
 959085
 432078
 556574
 578696
 863020
 780856
 200586
 111473
 336781
 989437
 626732
 1061966
 183244
 458453
 162607
 451775
 935453
 603955
 453236
 1006799
 947445
 836903
 424645
 399484
 696197
 932089
 974710
 658490
 380404
 532632
 422047
 644850
 812822
 971525
 406828
 175121
 88952
 701057
 91825
 501022
 535302
 940076
 755913
 217959
 379178
 661293
 720314
 684444
 742203
 100907
 735686
 583135
 103253
 677885
 743632
 551396
 790184
 415834
 626893
 303995
 1031092
 256006
 285334
 492395
 753987
 177520
 1042972
 988167
 367003
 229673
 272430
 68347
 717911
 642056
 108178
 344646
 267377
 518992
 437112
 157933
 298199
 61724
 1043344
 648139
 244436
 402699
 1084088
 452553
 807001
 892247
 613690
 364693
 462556
 569224
 296068
 403441
 491405
 706773
 798827
 323691
 439978
 1049124
 615706
 690211
 113124
 455234
 980187
 325766
 269424
 999009
 378384
 615297
 327450
 939153
 739380
 572065
 239447
 873298
 511004
 538507
 444756
 1034346
 508727
 93824
 1001657
 1087499
 138917
 869885
 463175
 929288
 122467
 46347
 109522
 195556
 156251
 390881
 557977
 1029442
 503182
 792491
 770909
 583930
 1077337
 1020961
 1072365
 756280
 333641
 85351
 451067
 737417
 140137
 309122
 193691
 769960
 83992
 223071
 582036
 461908
 718100
 86349
 897447
 1078616
 880516
 235358
 52095
 527400
 103502
 939592
 301939
 700676
 401725
 41550
 670816
 564667
 3940
 1079461
 57412
 331945
 669089
 600949
 745450
 101268
 792540
 463344
 761407
 814721
 506894
 549142
 919746
 99572
 793816
 100643
 91302
 594433
 740455
 1019546
 757471
 711749
 100955
 488655
 938463
 635417
 120599
 853448
 907333
 382500
 154751
 423446
 1007431
 770664
 669048
 150041
 190511
 1066486
 798170
 540728
 136487
 698208
 45417
 301073
 922018
 622411
 907885
 808969
 360052
 1097305
 280797
 593025
 33364
 467245
 62700
 1017454
 845761
 995347
 313613
 1020904
 383247
 1011173
 901351
 554748
 1084953
 409994
 316392
 230920
 63988
 770757
 1027203
 79534
 795168
 1019488
 824603
 138833
 947338
 903584
 559283
 727490
 282948
 660488
 846944
 633307
 512585
 384919
 357796
 38667
 46927
 495246
 205258
 587428
 785610
 553896
 678623
 642876
 364186
 238266
 960289
 9620
 631024
 1084851
 370399
 56746
 746432
 975339
 576178
 1018937
 849588
 74214
 703952
 979260
 978682
 841924
 1004057
 901454
 848054
 545315
 82761
 49089
 352096
 127252
 790532
 921521
 759509
 675136
 55964
 214745
 457650
 1021815
 176656
 716346
 1057274
 351299
 1099481
 386715
 1028413
 146868
 999105
 989957
 1000555
 35507
 223270
 172385
 1066804
 199788
 53794
 209333
 22315
 12093
 825304
 894266
 1085540
 904526
 368079
 329878
 360078
 647049
 1004927
 481797
 208907
 644342
 767740
 359509
 297976
 307317
 250987
 500002
 591392
 271062
 24426
 330307
 258344
 167690
 8023
 1012049
 821096
 227743
 67393
 1073779
 814276
 781793
 1057274
 870486
 203379
 80343
 493556
 30436
 1044619
 604959
 501425
 381095
 4543
 262372
 1011163
 143102
 511943
 828194
 713561
 162662
 163308
 205206
 47491
 134552
 143148
 976024
 9731
 641404
 214942
 104585
 903573
 1008358
 368643
 1019218
 1003617
 386555
 565350
 252049
 762384
 456455
 134012
 803621
 676667
 609418
 418754
 517280
 1054806
 763478
 338589
 320559
 1093797
 673360
 77670
 262842
 41417
 292340
 310393
 1080562
 1030665
 1026195
 721496
 962526
 672798
 456367
 954135
 400566
 651891
 713179
 1084832
 860681
 888597
 764426
 181852
 353916
 188905
 167580
 381347
 910355
 383218
 910365
 671062
 172829
 479570
 125121
 507046
 499734
 77601
 15667
 801831
 1005863
 426175
 616890
 26433
 530600
 398750
 624737
 869222
 1023341
 831393
 519649
 92888
 1098383
 971968
 818710
 615370
 499260
 484195
 702506
 139341
 436889
 171607
 416713
 402222
 804591
 1031345
 59879
 578580
 924244
 994586
 574086
 676748
 833072
 669626
 777335
 625300
 456049
 205062
 693706
 393010
 83532
 216915
 167740
 292534
 290281
 464992
 226266
 34471
 859251
 152224
 181587
 90516
 125651
 807046
 1012915
 378038
 19736
 892796
 979067
 239842
 355399
 33369
 594570
 592573
 850633
 981571
 653832
 41617
 367693
 125838
 919735
 1078230
 940567
 490194
 411086
 981209
 507282
 669060
 727680
 836462
 37951
 1024150
 309697
 16182
 786700
 96577
 1055813
 295637
 233829
 21816
 179045
 758442
 393265
 773045
 1061997
 808339
 291515
 1046712
 823542
 573270
 455653
 37298
 429021
 982211
 357758
 562200
 280394
 101780
 9266
 1039499
 393249
 562722
 503386
 560052
 324041
 759713
 859959
 548000
 748543
 407717
 340500
 963391
 130666
 992457
 722957
 501639
 22101
 233623
 591308
 763360
 383389
 1008147
 736379
 1013573
 608275
 689931
 444429
 251371
 35191
 254615
 231016
 1065844
 841570
 669290
 796652
 110767
 176939
 31891
 733329
 855255
 680893
 235808
 500184
 265210
 557661
 771021
 95369
 1031332
 581932
 337712
 791669
 178138
 519150
 455506
 798156
 63478
 968321
 718130
 512281
 1059242
 895409
 61416
 48707
 689350
 131501
 391649
 482325
 591252
 37152
 245669
 49051
 479644
 619257
 201984
 23163
 940677
 1060137
 173110
 841263
 836929
 564767
 515961
 107555
 157180
 751363
 162200
 326185
 949254
 198488
 666770
 852705
 220019
 4905
 176046
 184385
 991758
 758415
 917006
 821577
 1076868
 272758
 980281
 693985
 966429
 935120
 118414
 365588
 657774
 364570
 1002381
 275336
 545493
 816405
 247153
 29551
 139993
 317650
 486263
 181005
 918108
 532280
 650523
 459403
 994785
 413285
 867829
 173381
 848466
 694772
 883434
 378249
 578760
 340117
 813273
 814074
 216231
 731154
 55806
 369542
 921210
 781530
 739748
 1056394
 1095383
 274817
 85588
 834359
 722825
 522538
 359735
 475686
 652449
 277838
 429468
 849614
 693970
 69674
 888571
 913446
 519153
 719453
 762278
 135550
 290390
 962013
 86427
 1030923
 1044243
 92753
 593810
 175267
 70663
 1074131
 557855
 170128
 896495
 855263
 30686
 924045
 889433
 505287
 497789
 399460
 882478
 624080
 372771
 958323
 149791
 727874
 720048
 1094740
 475689
 753518
 763058
 753692
 471944
 615269
 441498
 239187
 953272
 509077
 974113
 903543
 245913
 726723
 1063702
 194465
 331007
 473566
 768074
 208922
 598954
 770859
 1082583
 283842
 93747
 265232
 174664
 229284
 633623
 466011
 917985
 564247
 275628
 583706
 1021791
 123849
 936947
 1002472
 1032123
 44344
 396675
 259436
 965756
 539316
 650489
 32102
 164204
 154429
 657185
 135540
 891574
 382121
 396109
 457684
 905072
 549631
 599492
 25910
 1098888
 4282
 837214
 219963
 97742
 668801
 592410
 457473
 347403
 703062
 198134
 694192
 98357
 1008600
 390737
 459186
 774615
 678975
 14288
 341034
 994273
 304347
 55999
 266889
 513212
 739126
 476549
 929817
 672094
 853283
 252606
 408317
 6810
 826262
 696302
 756889
 357903
 102508
 893106
 866709
 321426
 241002
 101698
 654844
 417398
 971971
 634315
 353671
 620192
 92474
 810837
 601842
 751042
 25524
 648759
 403857
 221358
 650752
 246514
 72004
 211515
 243614
 790285
 376108
 1086733
 575991
 1030386
 574172
 938755
 537594
 714797
 145362
 51900
 217925
 33898
 1033329
 1091580
 497266
 563538
 109087
 460812
 183887
 757681
 1071018
 969382
 591335
 606987
 13546
 663716
 656293
 192721
 962369
 763826
 196307
 727440
 1067182
 748833
 699792
 377504
 769344
 702019
 640685
 949512
 519793
 197360
 989067
 501736
 945784
 502782
 972907
 402383
 1084177
 802152
 779409
 739819
 860266
 723671
 622382
 974482
 66865
 327291
 1055604
 584406
 837665
 1023576
 414336
 321233
 309729
 707867
 700477
 1066841
 151135
 349815
 306564
 539744
 147937
 798282
 1066549
 679450
 876144
 962564
 27528
 190545
 328563
 206300
 1049493
 813177
 238615
 469250
 160223
 71139
 465633
 540235
 829913
 658277
 829409
 240204
 444130
 137963
 97681
 234970
 535584
 251932
 614188
 811084
 1057486
 952226
 904369
 50280
 330064
 247263
 51436
 441265
 923468
 371121
 734340
 403864
 1091232
 326169
 753441
 225015
 57543
 182127
 761992
 667797
 759231
 1078839
 790374
 662645
 833207
 520882
 213115
 1044718
 32884
 638388
 261317
 695147
 576205
 449495
 543497
 439133
 1034287
 1041281
 522081
 740080
 345166
 842797
 214218
 297342
 904605
 854609
 181852
 387439
 225044
 122194
 1010207
 355848
 815617
 1005347
 396168
 723377
 912694
 551835
 224247
 999154
 132420
 800780
 1068655
 656549
 458408
 244176
 1087915
 774546
 885699
 315394
 764742
 270364
 314129
 678572
 33931
 640687
 486279
 922694
 426153
 542982
 1016830
 458899
 314866
 75698
 216931
 148008
 591925
 637022
 628720
 1024781
 495334
 895461
 926701
 297689
 685679
 186675
 1000786
 381362
 295239
 321534
 851773
 782267
 473846
 1016245
 296132
 409995
 573711
 231187
 298985
 64691
 27561
 509659
 712786
 434864
 826262
 418802
 788627
 772969
 759909
 512297
 797640
 683989
 901887
 734004
 526990
 366324
 1051417
 873624
 976310
 828799
 883451
 981239
 144541
 753193
 212368
 288376
 327843
 77476
 523142
 1036074
 497503
 906455
 171369
 21379
 925795
 490923
 105002
 36080
 771388
 873624
 422408
 645056
 989145
 286208
 649646
 174491
 483563
 542336
 550996
 766111
 712697
 646132
 349561
 386209
 737522
 1029821
 263544
 301000
 236463
 164961
 847227
 809021
 42870
 956050
 737942
 818409
 739990
 176931
 319245
 208764
 68377
 189057
 113716
 193275
 507913
 776762
 45784
 48073
 622388
 369912
 817583
 854635
 459532
 332430
 1091332
 785439
 387751
 731088
 229124
 955838
 473389
 148041
 817483
 555641
 77696
 1014635
 738270
 461090
 140267
 381334
 413169
 977846
 305988
 76460
 614629
 527022
 1050120
 638799
 202189
 140985
 832884
 630144
 95771
 610757
 364202
 580204
 140590
 953199
 140509
 361538
 678448
 294147
 35342
 325366
 615098
 21594
 248203
 964354
 522458
 293882
 945268
 375880
 177154
 293561
 514164
 51540
 778501
 779644
 27327
 48918
 321591
 820550
 56896
 659229
 576620
 1089688
 468914
 567743
 709393
 996447
 657362
 48076
 745842
 775841
 149450
 807488
 395532
 574313
 293519
 191585
 581357
 896922
 349844
 761564
 1042329
 154157
 1012815
 578233
 1074059
 198669
 1028614
 812052
 930095
 662750
 1079139
 182397
 913848
 49121
 324673
 585076
 316151
 1068122
 406372
 287308
 223739
 528541
 789869
 321348
 336398
 162129
 882288
 810557
 994878
 849220
 132030
 96183
 824888
 147266
 1043083
 391555
 81113
 397588
 928168
 881446
 988913
 149153
 730763
 1084782
 599069
 561466
 919080
 94301
 414119
 825962
 516633
 260703
 528114
 220569
 920835
 667283
 272658
 787870
 15996
 635267
 592371
 335755
 748164
 880832
 510605
 510342
 834075
 466091
 70566
 1005466
 963851
 533184
 1058757
 378699
 435709
 294972
 854702
 231131
 960352
 438899
 935810
 144746
 638391
 329684
 857806
 698935
 445090
 489090
 674130
 898355
 567303
 402103
 243406
 56806
 907023
 743439
 432211
 164751
 108138
 359969
 130218
 182478
 894850
 1068440
 1018592
 232264
 796025
 884573
 699519
 1028929
 432639
 417370
 625231
 502108
 638108
 302510
 690684
 286266
 299227
 368036
 454243
 892792
 1037680
 613070
 981120
 269511
 176110
 412630
 494086
 990503
 606133
 539662
 474373
 1022587
 493368
 501638
 752160
 892607
 49599
 1005831
 636867
 309650
 418313
 570515
 220925
 911724
 496737
 925311
 1022926
 152658
 977681
 577104
 225553
 743697
 107494
 472134
 105001
 991234
 535153
 584845
 508275
 754658
 1081098
 997290
 166847
 369238
 42441
 189337
 354486
 1046002
 81768
 269047
 890305
 425823
 752623
 861312
 646640
 1047178
 332035
 839502
 619823
 232296
 801069
 463018
 843341
 201794
 814271
 871530
 54906
 1017708
 711680
 766135
 522587
 448354
 938700
 575092
 285567
 51860
 243202
 976507
 398901
 826228
 366475
 582303
 1083213
 409142
 279701
 748663
 995473
 637785
 5323
 1000669
 803379
 579031
 197142
 361192
 540690
 230077
 152106
 949529
 118664
 947805
 636354
 781989
 709785
 1029392
 1010887
 367853
 63828
 441636
 50399
 429623
 1051545
 728797
 962954
 376660
 468376
 503388
 8163
 205871
 118776
 118636
 685728
 718158
 452854
 150585
 146722
 557597
 441764
 1083305
 51652
 123418
 853230
 135691
 446794
 662496
 1099372
 279748
 474963
 1052899
 495518
 1079728
 578364
 641506
 333779
 852206
 308097
 338364
 454184
 632152
 752488
 83132
 1053846
 380221
 89255
 393128
 298161
 571403
 1007172
 690945
 622684
 293926
 118801
 908379
 40357
 45732
 899599
 253504
 593753
 1011288
 1037679
 47675
 605262
 305713
 247410
 911994
 25202
 1074106
 544684
 417286
 693219
 814695
 773547
 365755
 466750
 786491
 835464
 237398
 941868
 296481
 1023998
 849250
 934855
 827397
 614222
 171382
 683709
 500388
 61410
 752439
 1008142
 265164
 210859
 689113
 744880
 113694
 302073
 651429
 713974
 764490
 695060
 342467
 334175
 828660
 563901
 869988
 998417
 747721
 516118
 324072
 36738
 970052
 785731
 617400
 552143
 120258
 190925
 396324
 90515
 814198
 370162
 45448
 435473
 1066043
 349966
 227486
 992375
 988648
 755035
 273363
 514746
 593523
 647477
 231764
 1085741
 387982
 443946
 541609
 758913
 31217
 805794
 100442
 181085
 337379
 583631
 1096490
 954419
 1051288
 1063029
 791762
 907441
 396486
 374354
 955847
 1052372
 665616
 798423
 955988
 410741
 427191
 950830
 488555
 560256
 1033363
 130539
 11208
 960948
 870847
 475836
 1083228
 1004297
 1040065
 309064
 747018
 556735
 311685
 586311
 204063
 603324
 962170
 269650
 446891
 358251
 523491
 925758
 575900
 1028870
 737081
 809539
 621227
 279158
 787327
 288242
 574977
 925472
 428078
 986629
 760554
 651969
 997005
 447481
 249422
 448769
 140285
 998831
 783318
 980597
 87145
 774881
 275067
 764698
 358696
 631651
 688476
 768919
 1002385
 753699
 512301
 674856
 850634
 226254
 108554
 519957
 668932
 959521
 1098828
 573035
 743929
 472770
 600819
 120081
 1019486
 5723
 383882
 1022501
 832348
 841042
 434226
 631653
 825163
 583775
 322615
 175314
 865080
 909261
 26711
 1083582
 548333
 550851
 30415
 229968
 757259
 620883
 608007
 915080
 816022
 707678
 539017
 299761
 632357
 675811
 646412
 891300
 329157
 389949
 1010397
 509255
 965690
 415381
 918528
 1020316
 898189
 314760
 378161
 750646
 710341
 652054
 257645
 866778
 205303
 817377
 311671
 904905
 1022004
 802816
 849540
 685151
 482462
 757695
 167492
 932140
 847003
 537958
 204255
 712896
 656724
 520613
 792781
 681485
 217872
 87199
 887157
 88918
 160754
 691899
 650635
 978614
 237430
 853923
 1006804
 34232
 836345
 736328
 316093
 594375
 552583
 372476
 564648
 274391
 843579
 462898
 1003693
 1004479
 536378
 805194
 604609
 678228
 872685
 919838
 516124
 399484
 282603
 903014
 336827
 69409
 243894
 932509
 350099
 112784
 56979
 120018
 789060
 363623
 574992
 580728
 967885
 623316
 312919
 1062830
 198838
 778724
 1024453
 123046
 7797
 148086
 673611
 399188
 597863
 891520
 1078353
 158337
 638875
 234807
 647789
 547672
 391524
 139143
 736230
 973275
 468437
 498580
 36807
 977684
 240830
 984073
 682380
 441986
 725614
 515127
 1021543
 472503
 139063
 559378
 726546
 739606
 354690
 706831
 461539
 644397
 868347
 634211
 1470
 444099
 455876
 656934
 9175
 167798
 996548
 753615
 1001803
 542720
 100463
 504732
 862608
 1025257
 975802
 388515
 607575
 792171
 439879
 626100
 573917
 140757
 319307
 525178
 807797
 199824
 623627
 704397
 978805
 855615
 643761
 1071713
 895831
 219678
 614751
 458826
 583066
 264435
 504761
 614725
 958349
 434735
 285370
 142268
 194978
 113820
 1009790
 540982
 144888
 340702
 110292
 346554
 349957
 209076
 319109
 509353
 642379
 567557
 824214
 507765
 562590
 476644
 1077762
 858707
 1025487
 185634
 1045901
 712582
 303189
 344771
 816946
 91636
 500169
 539201
 448897
 654506
 139671
 1051789
 334706
 67265
 885311
 843552
 994799
 160461
 116805
 915901
 891560
 156312
 940676
 357434
 954401
 110816
 840536
 717851
 573473
 443040
 968256
 706856
 607334
 351639
 1017761
 19958
 815918
 841483
 395284
 312954
 396787
 193014
 395250
 934039
 1056799
 363694
 468283
 717301
 213961
 721972
 293885
 200615
 483089
 647170
 678888
 58784
 920807
 903761
 888936
 794455
 698061
 430540
 918631
 282075
 667859
 212425
 331243
 99691
 513269
 302263
 648193
 17385
 533550
 866226
 376050
 598562
 592407
 795758
 955801
 140010
 678090
 828699
 860942
 960970
 243651
 873389
 626467
 994026
 1085723
 1085461
 137596
 972992
 278321
 956032
 779157
 17753
 295331
 978231
 591255
 272125
 951120
 1009873
 445380
 644350
 71999
 386313
 1037520
 997110
 901182
 23686
 660724
 956638
 679234
 1017404
 870014
 484704
 264059
 487588
 161357
 503076
 2126
 1063760
 310997
 988822
 639685
 626986
 841755
 159497
 1047145
 388990
 947369
 594998
 484889
 688042
 544631
 551703
 470093
 31514
 31153
 71197
 651743
 338469
 574657
 801938
 28291
 280369
 225170
 1056214
 636222
 332514
 995044
 610981
 817003
 882384
 567048
 799275
 1056751
 274166
 36190
 55290
 133947
 224722
 564887
 972682
 716745
 466302
 996018
 533821
 521919
 254408
 651879
 39980
 925458
 1064736
 1034706
 110185
 1072382
 806963
 154723
 907517
 1068349
 847169
 502711
 109544
 948461
 176902
 744858
 289451
 896206
 649436
 299753
 895768
 526638
 92388
 198616
 232818
 1022517
 521916
 664033
 37960
 117126
 706664
 355312
 252950
 654783
 35654
 231516
 521244
 1001229
 476821
 728151
 660792
 462298
 1017690
 360977
 532605
 633918
 401811
 182708
 731430
 380693
 2510
 320957
 131868
 369721
 875387
 38308
 691458
 328099
 662723
 978238
 803032
 209178
 621144
 543216
 437284
 157750
 867452
 837287
 669256
 884385
 914865
 1000700
 90592
 985444
 803414
 1057853
 1007902
 190510
 517723
 825869
 263612
 632674
 491861
 853923
 355551
 1029750
 614973
 90222
 266436
 222765
 547863
 608815
 644586
 830022
 758399
 356577
 329281
 646528
 590071
 710944
 101330
 343779
 929163
 207999
 511484
 391363
 622955
 934892
 576692
 426997
 252064
 855271
 457363
 768947
 457969
 1076393
 1086821
 214204
 589709
 514136
 970147
 232870
 353742
 822531
 613017
 431213
 863894
 944676
 472606
 991381
 561969
 227578
 504798
 93152
 347203
 235950
 258303
 559158
 248058
 801424
 475346
 584786
 478027
 1048694
 221248
 244657
 727652
 859211
 244682
 430746
 143966
 138964
 790594
 396004
 999616
 178836
 448089
 632851
 91454
 539423
 73961
 905021
 836381
 562755
 489823
 1080667
 808143
 607510
 45206
 735131
 869520
 42830
 43996
 934622
 27700
 291887
 567231
 443065
 859798
 233278
 567992
 110005
 881077
 248309
 41958
 135459
 895775
 381699
 88793
 1093835
 562867
 989373
 793872
 581524
 473217
 610
 1059295
 423816
 418832
 1071484
 1071465
 315538
 199457
 323916
 601630
 54159
 247039
 671401
 192263
 144782
 121149
 1088075
 835619
 902132
 269178
 352713
 769152
 846698
 464667
 1098716
 153532
 311668
 1068741
 402753
 478616
 1059192
 995282
 479286
 1056357
 79587
 542019
 136898
 763870
 707416
 959412
 918208
 1056341
 1076259
 933697
 856064
 39381
 691880
 990515
 821598
 794850
 539390
 363197
 865707
 85059
 790760
 127547
 942914
 31847
 96710
 1039866
 938430
 891746
 582568
 842772
 124675
 685924
 455127
 860990
 597329
 257547
 168640
 831594
 762087
 494690
 595551
 854274
 379165
 1008087
 538513
 861346
 931788
 508109
 350454
 970762
 639580
 336115
 913031
 633078
 231352
 904977
 872831
 822352
 445114
 1002077
 927431
 899073
 294784
 758076
 236239
 1040028
 590716
 989770
 739395
 140907
 717336
 969227
 311715
 281670
 571626
 844871
 820759
 667755
 90305
 35305
 319397
 877662
 298641
 1070828
 426756
 507878
 358068
 1054013
 1058771
 818875
 750684
 739380
 1011580
 98252
 134102
 905600
 634839
 438755
 298543
 207373
 446087
 266554
 380245
 7677
 104438
 781612
 1059295
 901591
 275146
 969237
 374564
 521471
 69585
 626835
 598580
 158405
 29760
 860353
 585495
 484617
 122732
 49804
 373524
 449405
 762675
 49698
 904913
 1006059
 806552
 420762
 235811
 290023
 686081
 922211
 788453
 637937
 654408
 881127
 158021
 1075361
 853926
 322238
 1060642
 473265
 750608
 807382
 738806
 700276
 78570
 7333
 402672
 544459
 510896
 632402
 710441
 36779
 393485
 153422
 908729
 49785
 933888
 13155
 454541
 396474
 439575
 220907
 369340
 473861
 123536
 175296
 430708
 582083
 1019765
 1010035
 405160
 460869
 337640
 428100
 653367
 282301
 273420
 905216
 320896
 229094
 59793
 843289
 764850
 180503
 443074
 315607
 976335
 56217
 582060
 212333
 594447
 423129
 59810
 926854
 487433
 712313
 335874
 612848
 455924
 38929
 383066
 581914
 627254
 901637
 883196
 285834
 683330
 571702
 1031250
 362569
 1088258
 701783
 888145
 7430
 433644
 765265
 542262
 1090050
 503960
 438627
 847708
 930911
 1056327
 246388
 510241
 37552
 372656
 106814
 631237
 909419
 341284
 599374
 1037960
 474705
 1093776
 1007764
 1068896
 116683
 751436
 484738
 660775
 1057188
 250925
 639348
 913855
 972341
 1087011
 793388
 97662
 12025
 345472
 247944
 44462
 44038
 490220
 1045573
 635769
 43617
 281045
 731562
 892303
 973897
 814114
 229723
 560739
 772355
 832347
 916703
 36796
 500763
 1020856
 64299
 853650
 375461
 959631
 111235
 1014208
 284944
 933922
 92898
 415590
 739036
 865844
 372701
 210674
 773118
 157037
 1095622
 210624
 609077
 465150
 610203
 605548
 287807
 674071
 655087
 982264
 761373
 169356
 153352
 1097005
 636826
 585681
 355042
 458500
 646214
 827675
 894822
 998383
 1035923
 718886
 390140
 486372
 919311
 290122
 712357
 1039031
 745830
 657800
 757112
 201992
 376298
 646984
 894476
 148096
 495352
 268121
 929320
 1007795
 798666
 996738
 47448
 664629
 328096
 379833
 438388
 96942
 603548
 933384
 666914
 423668
 284425
 199854
 583169
 484678
 804965
 80073
 372477
 619104
 778290
 808037
 642563
 143737
 219709
 1026970
 560428
 151621
 501367
 618
 617820
 120533
 707770
 463768
 996197
 422189
 714704
 157341
 893244
 184850
 406609
 38711
 109754
 348741
 940239
 424266
 831297
 119690
 105365
 789011
 1084481
 801652
 571160
 384255
 857806
 827920
 903720
 1094994
 307216
 1093933
 306879
 663222
 714733
 329358
 709056
 1095609
 903418
 749704
 337073
 501153
 522109
 391656
 805818
 84544
 23728
 1093008
 4236
 524798
 854955
 69946
 571774
 212776
 114938
 298261
 779491
 955865
 605240
 138311
 1058739
 316744
 296985
 531031
 56148
 845352
 598180
 1055189
 661029
 380673
 589842
 117628
 534393
 156803
 109842
 789590
 278306
 940359
 732109
 26180
 178320
 437240
 904778
 676163
 435042
 384441
 659486
 671116
 107317
 606358
 450907
 435501
 424451
 81247
 213027
 156153
 531207
 990428
 45931
 51325
 939756
 743727
 504897
 712411
 71292
 58276
 705351
 939908
 640734
 239416
 417933
 487829
 1022408
 78680
 430736
 701198
 159052
 242823
 697984
 941428
 528303
 664863
 680002
 387428
 673590
 203739
 1070208
 182971
 504233
 652344
 675005
 211064
 349338
 880215
 664151
 1094275
 1000365
 876866
 1047075
 796783
 887423
 752802
 872088
 536161
 738761
 903178
 757182
 897725
 259065
 1071632
 686729
 489394
 435601
 115954
 952221
 37898
 983233
 760254
 699645
 689745
 584575
 604444
 234025
 475610
 1042738
 342093
 634150
 669228
 486676
 1052715
 183673
 506636
 964818
 933099
 981568
 586610
 982717
 214483
 948136
 745566
 629153
 697269
 379757
 55068
 134419
 354921
 288170
 336258
 464897
 383286
 124672
 435229
 319407
 556741
 678383
 666833
 325600
 720868
 562322
 665598
 5224
 970536
 360169
 91565
 738318
 552756
 248501
 19319
 788163
 151850
 972946
 207580
 1090203
 213353
 776582
 537897
 433441
 608253
 893612
 940915
 16512
 940748
 886212
 384822
 1059743
 689144
 938935
 81802
 563005
 918041
 707961
 1097522
 618521
 1001537
 323517
 981730
 912709
 931914
 15676
 917433
 579871
 790826
 530555
 927409
 987708
 1011066
 911169
 175309
 514758
 828347
 291753
 677895
 619455
 862628
 114873
 994394
 954438
 753479
 18320
 617117
 8344
 57951
 972900
 930305
 939061
 708741
 1033862
 602212
 442440
 764399
 596951
 82670
 584255
 304349
 377964
 781727
 443609
 946511
 667872
 655427
 1073928
 780310
 603105
 34669
 925371
 812479
 332989
 196512
 159327
 388487
 703452
 289967
 37371
 835397
 544959
 971077
 84917
 828202
 908028
 1022289
 254609
 972160
 136593
 216057
 961886
 972030
 205087
 507640
 685659
 573791
 757141
 935306
 370121
 25256
 760926
 135989
 477412
 286707
 4735
 558487
 282259
 903121
 528094
 720535
 355495
 717000
 761804
 732462
 993678
 415318
 100016
 756945
 736696
 479762
 1013489
 715124
 491050
 688066
 584737
 33817
 285005
 89827
 1061445
 49167
 93751
 1055860
 496283
 112566
 313928
 974771
 1081301
 220817
 55281
 816443
 426254
 957654
 1017980
 581894
 762171
 769860
 570238
 1072162
 885902
 393550
 691766
 819491
 988960
 326340
 323294
 30056
 967501
 249535
 748906
 1035277
 996697
 832772
 444306
 387778
 652015
 622079
 923637
 907264
 847345
 574905
 292875
 388681
 227874
 845556
 495896
 699056
 163308
 977254
 893280
 601171
 79526
 860165
 778896
 151186
 67561
 804594
 732264
 226103
 182669
 648274
 473673
 373632
 874822
 264413
 7755
 227764
 854397
 720606
 407814
 1022069
 889165
 464642
 680655
 491808
 155040
 506857
 579378
 210616
 230547
 1050547
 454149
 993353
 649740
 893140
 678695
 342847
 842101
 916765
 577771
 485356
 142571
 587012
 370522
 265800
 508982
 471063
 995963
 745901
 683821
 589799
 156763
 42673
 276348
 69384
 427118
 240879
 510034
 424072
 196628
 482896
 1065412
 336633
 343811
 1049115
 641587
 496160
 49349
 374393
 728273
 480602
 1095345
 964718
 884531
 342618
 639484
 678749
 792764
 847960
 777914
 79640
 1005830
 983979
 439682
 382007
 2576
 52162
 4606
 509140
 542608
 455179
 297679
 339115
 70876
 952087
 702369
 307426
 894425
 340170
 1010824
 970002
 854598
 471173
 688686
 884761
 317689
 984032
 641895
 165750
 370752
 633736
 711990
 833857
 226706
 232233
 723372
 298688
 9685
 246826
 332479
 1074369
 1023747
 107576
 4394
 391509
 418501
 90867
 1018828
 901884
 845659
 962621
 291405
 530304
 541669
 244573
 1006474
 695868
 217071
 768564
 117574
 337297
 284103
 760136
 1075227
 386929
 122620
 196930
 258317
 687214
 75951
 557652
 814347
 905246
 644380
 87781
 835072
 385337
 468224
 301768
 200295
 794486
 1089610
 275622
 385404
 772259
 355454
 150159
 535986
 1057036
 828390
 328233
 869610
 6642
 9820
 280594
 40416
 714387
 466658
 785711
 256679
 807973
 94933
 828134
 1031434
 574653
 79240
 444960
 554378
 1055507
 79588
 247758
 1018414
 559548
 1092159
 76560
 1073967
 705215
 781907
 375910
 1021590
 863302
 77726
 350268
 1058223
 214812
 33933
 400154
 334990
 757610
 919747
 815295
 771802
 227391
 665035
 784269
 361860
 147262
 14355
 1000485
 884078
 439258
 848411
 69672
 700356
 481481
 369364
 1076467
 1034850
 558348
 821129
 737604
 133169
 698908
 1047028
 649765
 268305
 972154
 311696
 836198
 12066
 308242
 1027348
 1055951
 91186
 847418
 743028
 734976
 659305
 355653
 73529
 405378
 786800
 686333
 377430
 506383
 930754
 473753
 629048
 83709
 201201
 372252
 825261
 901614
 468412
 1061011
 586047
 1046606
 989505
 425561
 761487
 588107
 507231
 774282
 481969
 654426
 87908
 11550
 1066048
 618555
 352532
 124472
 357006
 976631
 715488
 729254
 867383
 648144
 863031
 204864
 358651
 170850
 197474
 2959
 157722
 970755
 1093016
 487598
 203342
 888844
 544732
 494646
 692536
 76383
 645269
 1004787
 507732
 60843
 850560
 64491
 359453
 215223
 982294
 440915
 136306
 702918
 908370
 126129
 153880
 249567
 832413
 93029
 133983
 790689
 823033
 516695
 64514
 328069
 1041462
 671907
 408224
 765593
 180483
 1087650
 218417
 1077712
 919443
 806780
 95210
 716611
 590678
 387675
 168777
 776087
 943903
 812640
 1050114
 659515
 841230
 1006770
 96087
 537275
 956894
 143644
 705548
 262047
 713908
 770730
 303205
 50540
 560189
 833472
 933038
 1089674
 323893
 606364
 975569
 494319
 353376
 152256
 383347
 821199
 561200
 900896
 664061
 514781
 187822
 905627
 741455
 914798
 945124
 343891
 647019
 838911
 801884
 460805
 521004
 414840
 312489
 995139
 877466
 118598
 162708
 905865
 643666
 569045
 298585
 479599
 820113
 1051404
 692684
 262724
 533214
 299065
 576259
 145789
 128199
 617986
 66551
 319844
 668502
 449581
 937203
 1090366
 328808
 1053510
 746509
 675462
 29713
 392862
 734329
 352487
 724181
 129841
 500318
 1073619
 284968
 629562
 433221
 71348
 1014709
 849164
 782094
 787387
 339023
 597574
 199322
 169730
 184685
 415984
 673699
 186605
 72262
 426271
 519428
 91344
 697265
 895281
 881130
 778447
 743268
 887545
 621544
 909120
 308296
 954900
 718524
 214306
 1003915
 625930
 180174
 356192
 120154
 422909
 93725
 575768
 841444
 934116
 567800
 609215
 386744
 585833
 507042
 942505
 164892
 160336
 498339
 64590
 324823
 724652
 178083
 112331
 902468
 1005037
 974207
 2084
 343472
 1047919
 554327
 187710
 746660
 754516
 673330
 671077
 724919
 96572
 347249
 393749
 648721
 436760
 932401
 193241
 460693
 493679
 518571
 135170
 99613
 1038798
 311837
 4697
 476715
 145327
 929392
 969484
 7970
 40750
 149068
 491482
 1001181
 304220
 653368
 27142
 321614
 197052
 710067
 356396
 983831
 8087
 977299
 789826
 206621
 700756
 349960
 989184
 952723
 1036870
 155600
 1084174
 810016
 743371
 221944
 133773
 239169
 990894
 1026110
 230867
 224107
 65
 322488
 796940
 485575
 397190
 659631
 441400
 442275
 430081
 894228
 867865
 942093
 666026
 172182
 266425
 180045
 96351
 208794
 371604
 1084577
 613663
 947247
 1071073
 1036840
 870510
 782065
 72580
 585576
 752730
 277151
 939834
 817589
 96287
 30884
 916770
 628358
 557408
 145400
 560594
 1017824
 1049390
 1942
 799257
 1089973
 647094
 128400
 533131
 539934
 1041518
 15552
 105180
 619691
 115919
 501429
 925560
 762443
 529611
 261252
 1010175
 963457
 1012933
 54577
 482469
 20728
 497244
 1009416
 47346
 210123
 876221
 803241
 928902
 617138
 279198
 428339
 1055033
 144762
 653272
 499576
 907681
 771110
 486015
 1079542
 312531
 563824
 839464
 986959
 669389
 850950
 123309
 836504
 1069210
 931590
 349905
 781168
 702245
 330310
 903022
 97176
 1048048
 673198
 325330
 689080
 817191
 976379
 507916
 782961
 493399
 1086302
 1021398
 540008
 772771
 466787
 377353
 433981
 579935
 407200
 631308
 718343
 259063
 36420
 1090191
 549409
 678746
 10775
 9824
 415024
 626147
 514154
 604899
 27446
 266531
 429518
 262724
 496438
 309025
 455562
 121897
 988443
 940023
 1005198
 415276
 277027
 516761
 425555
 17806
 520744
 222226
 171008
 639182
 1033549
 360198
 818632
 44695
 633568
 762039
 317837
 878587
 784713
 199454
 983420
 1097544
 532140
 198756
 650651
 363779
 302705
 679325
 974587
 125352
 1038508
 22450
 325143
 764721
 1000029
 437765
 66872
 870549
 822569
 546141
 757987
 112338
 260317
 99461
 680847
 711153
 854903
 498838
 241009
 748949
 1009653
 953728
 591919
 642743
 796371
 132858
 222770
 843415
 603457
 13662
 454203
 21989
 509225
 1064610
 535779
 515314
 173641
 905183
 624928
 615069
 746132
 38569
 266972
 987161
 528562
 206551
 874865
 221778
 204548
 155109
 590747
 707485
 1677
 1063842
 340858
 394160
 305670
 1061323
 653866
 521406
 785619
 166561
 374420
 865036
 1013539
 446838
 237904
 35684
 1031863
 611962
 298541
 546631
 894674
 783892
 1086190
 16420
 824882
 615742
 89024
 594726
 561557
 245401
 156598
 217791
 170275
 348436
 1015963
 629376
 345342
 297582
 193448
 875490
 644298
 235739
 168714
 817108
 1091332
 731330
 394654
 551583
 56885
 772674
 900574
 249205
 637726
 638567
 489322
 486397
 323842
 477133
 812631
 431705
 636260
 649563
 795425
 946227
 52548
 301431
 827947
 41724
 772825
 1086360
 714976
 259091
 1067822
 902676
 771603
 1030951
 251829
 849270
 649005
 563640
 989083
 371430
 836473
 478081
 358504
 62037
 97336
 709469
 317353
 275898
 158695
 152457
 245669
 441925
 735000
 353540
 100469
 668067
 1004192
 521582
 1097379
 938866
 464916
 40908
 923515
 1010537
 617184
 381587
 413099
 837692
 194064
 318861
 88545
 760645
 938339
 173840
 985904
 1098128
 4496
 622955
 129412
 947805
 956460
 97106
 491569
 565573
 868774
 269930
 872792
 1012150
 329238
 567424
 45432
 397399
 162295
 768482
 7047
 1016812
 610659
 81333
 117700
 601010
 784393
 543799
 1060248
 512316
 698245
 179770
 221997
 857668
 968057
 1015201
 536264
 235909
 888368
 1030764
 641765
 6088
 917208
 518521
 1076948
 530998
 796173
 483897
 175110
 632448
 796018
 313485
 503952
 77141
 49212
 967806
 660833
 75406
 424947
 538333
 297568
 243329
 849045
 532470
 1078612
 118665
 400427
 370157
 530722
 888677
 12390
 710025
 829674
 341694
 354898
 317240
 748224
 566821
 598177
 619831
 490225
 114823
 413127
 710103
 321637
 907630
 1043255
 274584
 278405
 612223
 135781
 568646
 1046984
 349145
 831584
 259302
 527410
 28279
 677810
 1048374
 526588
 892590
 843706
 320737
 780458
 490247
 166087
 908413
 411163
 270647
 654691
 823711
 212943
 123995
 987915
 142274
 145536
 289601
 598217
 1098591
 841807
 648001
 728280
 343404
 543989
 338108
 527329
 222357
 173460
 546183
 1055537
 880866
 442056
 17101
 1065166
 463639
 66710
 468188
 362425
 853576
 659683
 236083
 653368
 356272
 181277
 905008
 123228
 799863
 957330
 1077079
 923255
 14767
 285090
 149176
 597886
 862767
 830732
 6970
 742750
 391751
 985922
 749200
 816438
 342128
 600680
 607833
 150176
 283016
 163741
 886531
 466937
 455096
 245108
 60852
 133493
 1002142
 454896
 844950
 337403
 293102
 74373
 531735
 784440
 200197
 280119
 358944
 1053892
 622928
 785332
 1017862
 1035584
 745247
 525427
 891158
 670565
 799111
 1069086
 560646
 399356
 674978
 688623
 635630
 763149
 219942
 456495
 896885
 121161
 697840
 1092189
 737337
 126159
 858084
 791383
 479574
 697191
 185957
 987071
 798180
 886588
 407802
 1011441
 837345
 512237
 296261
 683383
 405077
 935370
 119607
 875097
 891715
 1000752
 831946
 965857
 460043
 843953
 839686
 6252
 283285
 231976
 335388
 960789
 651207
 17530
 781404
 1071269
 51976
 836160
 413855
 286571
 97566
 750021
 825474
 134386
 557011
 963759
 112773
 20354
 201613
 108895
 12152
 344276
 248437
 879246
 501527
 429980
 1026680
 993350
 1098085
 974282
 345909
 894552
 796972
 1042770
 185319
 342773
 901410
 356856
 838046
 1808
 260169
 38826
 1040074
 1600
 833679
 993672
 337919
 713000
 201065
 263205
 200425
 814787
 16830
 76210
 329794
 333108
 144232
 812716
 795294
 773332
 92691
 880774
 299477
 307941
 86555
 471149
 520925
 193904
 606055
 600025
 598983
 316847
 379819
 14012
 517723
 264682
 1082885
 812778
 476052
 281633
 1047884
 450741
 933106
 987497
 797679
 792758
 788430
 749566
 96219
 953242
 242643
 311734
 538095
 789099
 151926
 616806
 858990
 827440
 1035750
 934560
 540440
 330877
 717524
 1075882
 77951
 834806
 607430
 1063520
 780040
 80727
 751783
 788429
 241264
 5199
 635350
 876998
 694293
 994430
 465113
 905183
 205939
 1086473
 205166
 108937
 393790
 499821
 174817
 507152
 1008368
 880028
 92327
 115661
 398529
 426458
 931473
 206056
 379548
 260746
 534960
 295278
 785843
 371894
 580692
 221391
 718568
 49214
 38548
 574781
 888886
 420030
 667790
 920721
 638143
 498972
 744797
 502576
 267899
 718754
 352118
 549640
 1056605
 466676
 874149
 929648
 109290
 735498
 485763
 715426
 800549
 956151
 407464
 550053
 322026
 875050
 1080382
 787401
 381312
 878605
 31914
 904273
 151184
 776623
 490950
 634738
 151986
 1051655
 995687
 436200
 1088534
 697294
 598695
 458347
 364991
 1056078
 782474
 1083525
 1057497
 616372
 391019
 987485
 417040
 70228
 2113
 378169
 427273
 315166
 243822
 799955
 645441
 365673
 667068
 562848
 715916
 155337
 246722
 377981
 156446
 403789
 687219
 447008
 624357
 827867
 200364
 575629
 419518
 427422
 357587
 118182
 552511
 598869
 896329
 940311
 796763
 434015
 1000104
 420512
 1057543
 62534
 576708
 443860
 855621
 846042
 60426
 788284
 476932
 645909
 535293
 409586
 54257
 486405
 315305
 901272
 636048
 14143
 675617
 852393
 169081
 979784
 19935
 114196
 456172
 890939
 647282
 994083
 1011527
 431635
 427
 657069
 1032696
 70394
 45064
 124497
 984183
 616930
 285205
 283370
 923645
 414571
 560114
 329279
 705444
 191259
 790968
 978828
 1080926
 961975
 787343
 885947
 395121
 228732
 86220
 291793
 619725
 824963
 602074
 1017373
 267931
 669696
 975982
 101517
 469257
 123720
 226374
 369482
 849149
 145089
 533417
 182704
 1022530
 359335
 128942
 348760
 914402
 985731
 905244
 300987
 512463
 1093410
 472168
 46273
 1025090
 102971
 205629
 564295
 146170
 182586
 449478
 527073
 363953
 585833
 730181
 533513
 779793
 396357
 829356
 391063
 1042383
 58474
 661647
 311481
 692591
 488360
 539020
 708614
 1060573
 244338
 548109
 943430
 1053332
 802841
 348251
 984192
 72637
 718670
 1077571
 935898
 1030123
 1054030
 118158
 55988
 937766
 712657
 912831
 146046
 188016
 300927
 528244
 642908
 559648
 176605
 116827
 476968
 1094698
 516623
 58717
 253920
 162771
 889008
 430625
 354345
 312652
 860677
 856661
 274227
 744893
 866516
 522612
 976092
 72048
 1053373
 519436
 345277
 405190
 216070
 419838
 610336
 148186
 121457
 149040
 714151
 1044826
 32044
 558513
 48294
 1066954
 938084
 473873
 1025747
 689240
 16479
 680461
 18261
 336758
 515189
 875212
 544335
 1087436
 645830
 48043
 519539
 315188
 135951
 882275
 539047
 1035399
 829806
 90760
 462497
 762662
 344613
 177995
 227668
 439674
 350221
 231603
 950601
 681325
 430162
 904521
 90223
 879835
 590041
 643289
 54936
 97626
 17612
 1081149
 380949
 357083
 817927
 933393
 171405
 976144
 900705
 1007917
 760870
 527169
 1096731
 857891
 830611
 257536
 780795
 893080
 475457
 566971
 350865
 458661
 520031
 288372
 472135
 239562
 470696
 707448
 381239
 211879
 945364
 148561
 832848
 1028887
 962455
 173390
 219932
 996077
 901664
 311326
 525198
 132303
 49172
 728884
 131536
 370401
 989959
 440942
 693029
 904567
 1032200
 67512
 761934
 535068
 671406
 817532
 315895
 693351
 884232
 926948
 197584
 615414
 872118
 543865
 985248
 391298
 981215
 329404
 908211
 163657
 103067
 661956
 142431
 666356
 983830
 976858
 975940
 1085298
 1043784
 861800
 576839
 199342
 615388
 1025974
 1046868
 534494
 1019568
 93868
 123501
 739921
 404032
 323108
 513329
 688101
 845757
 333071
 462336
 991615
 542535
 829545
 491556
 176622
 824095
 203392
 336892
 992693
 846734
 597148
 49068
 248923
 389283
 456378
 817647
 804499
 55923
 740226
 250532
 859971
 1029951
 173576
 187624
 1014368
 588634
 115031
 1041448
 197704
 362690
 947717
 473263
 888625
 701113
 12385
 163841
 661722
 1031043
 536500
 33123
 914682
 576577
 123217
 992377
 1045597
 342193
 743624
 726168
 942950
 782542
 853143
 885881
 14072
 702922
 1095619
 95500
 993861
 396549
 335988
 123369
 818798
 806769
 515694
 489562
 544271
 31725
 709732
 1054328
 311577
 809209
 172279
 426700
 593632
 849949
 1096662
 250853
 25121
 215200
 520219
 717530
 820632
 382464
 1036994
 52856
 193015
 1032049
 314474
 182823
 990285
 10809
 746571
 47744
 22418
 1055831
 639539
 273594
 505750
 619971
 234423
 1027661
 617642
 41893
 288682
 505232
 230052
 684532
 1072810
 271194
 806938
 352795
 324740
 146115
 537311
 1048787
 688052
 915230
 28656
 425168
 9528
 142044
 690331
 433503
 1017782
 221396
 742606
 58143
 296103
 103986
 1027351
 912243
 294973
 901908
 55270
 109850
 542804
 308476
 535714
 433436
 1070461
 1077457
 847916
 931494
 236011
 181228
 760358
 399168
 755714
 138211
 107686
 227511
 282712
 869697
 872230
 235630
 192078
 827532
 468959
 567043
 406365
 1025446
 944849
 73954
 285134
 46467
 719849
 1098558
 246806
 443214
 525164
 989374
 628181
 803013
 876774
 268851
 209874
 363200
 312375
 351564
 861102
 752146
 1032819
 988233
 711879
 548577
 352687
 281981
 493713
 960621
 336119
 710497
 80131
 288243
 327765
 141508
 948835
 913416
 677979
 990011
 53733
 328301
 980351
 1037830
 657167
 50729
 810078
 95443
 269024
 282778
 831362
 155689
 480475
 959746
 1066467
 467784
 127791
 240036
 759439
 806690
 444967
 943784
 574818
 616235
 761223
 348206
 1077910
 327073
 437015
 3819
 974334
 765303
 119145
 531187
 1048313
 647763
 254658
 1016186
 178548
 285711
 904811
 985276
 92862
 168453
 536109
 1073847
 378703
 485301
 27706
 562225
 107758
 864447
 484152
 738522
 411337
 77341
 642641
 390728
 765260
 367412
 826158
 1007936
 518850
 425838
 942610
 1083366
 1033504
 382672
 47986
 1007025
 587167
 753974
 212138
 219738
 355037
 129427
 504074
 890503
 135508
 181683
 992458
 1046868
 61291
 683629
 110765
 925975
 650190
 137145
 649451
 702464
 426906
 685180
 166546
 610177
 400209
 834999
 566112
 4124
 606390
 701639
 387948
 129860
 520168
 554229
 952802
 486017
 657047
 934758
 1058891
 374039
 925747
 406495
 804940
 955119
 597405
 530690
 37036
 574001
 548203
 69127
 839965
 818879
 101041
 988443
 426469
 710631
 818359
 388234
 894655
 1028351
 1035587
 842477
 895087
 571202
 264479
 710652
 460276
 1079941
 279683
 744746
 538834
 195791
 315818
 771421
 306706
 473462
 178073
 1000145
 171728
 95620
 94990
 154073
 656514
 532367
 828101
 311875
 87176
 444705
 471332
 888112
 839321
 240726
 126810
 605565
 944839
 6396
 291275
 246829
 1063535
 989237
 886206
 1059864
 291388
 248849
 715752
 115880
 1031473
 782491
 701833
 1014893
 189617
 1012442
 950100
 962427
 28705
 100157
 478998
 532632
 21674
 600896
 982228
 101862
 1071051
 871742
 693340
 420010
 544404
 334867
 592811
 757009
 401719
 103473
 661175
 805102
 51223
 702852
 356312
 195287
 467896
 901988
 629838
 416570
 768568
 55771
 569829
 856017
 406741
 593197
 202072
 1089411
 821400
 267602
 132926
 446843
 1022628
 681433
 684069
 263691
 658214
 361440
 755754
 857039
 455904
 166926
 964380
 179189
 415823
 566880
 97564
 1011478
 1031733
 871327
 538132
 561034
 497072
 73151
 1019108
 1085234
 225595
 485788
 113509
 535991
 207347
 585828
 426845
 866251
 137043
 9599
 443384
 828157
 337834
 712471
 508172
 194659
 39837
 1035720
 645009
 5569
 597257
 719303
 834857
 393890
 1081044
 738642
 771824
 855211
 121092
 181527
 516007
 103282
 103315
 117935
 347789
 752125
 292647
 165966
 230620
 256743
 201737
 857834
 567920
 113725
 201435
 1000357
 450657
 563557
 564514
 1072871
 123993
 981868
 436411
 539598
 2743
 49958
 388898
 505198
 229825
 591625
 393440
 789484
 10512
 306352
 1083464
 587587
 8938
 887995
 918252
 872163
 890662
 666179
 1017378
 215103
 974103
 488502
 514980
 27796
 519010
 321084
 239058
 74128
 686555
 415440
 682380
 458420
 654608
 151658
 594511
 1061674
 999407
 1065809
 105827
 1010767
 40996
 275740
 266527
 744360
 643160
 251953
 713672
 144622
 516613
 691749
 423117
 276910
 842571
 142330
 150988
 139774
 594955
 17901
 291275
 723729
 479019
 103892
 526465
 281777
 6181
 273983
 761363
 674288
 687554
 162783
 18644
 727751
 1038602
 444872
 337865
 80611
 715721
 812766
 489495
 509936
 324637
 945028
 913701
 31021
 209068
 165693
 906508
 764992
 384114
 171123
 811496
 228272
 975561
 401215
 822811
 144183
 860960
 835682
 1034182
 174428
 91435
 256156
 223766
 381688
 568549
 1076377
 957744
 1012905
 291898
 606454
 55889
 279094
 282259
 343054
 148618
 903827
 16381
 373583
 823057
 568977
 580329
 225748
 36064
 1046195
 239759
 563687
 490163
 112427
 350764
 97261
 894538
 935363
 180866
 805321
 347221
 129170
 904003
 910842
 346807
 229084
 603886
 510472
 103816
 80757
 455189
 538523
 915708
 478774
 424819
 64992
 411692
 734939
 444379
 771238
 125181
 7418
 734591
 896718
 901239
 571391
 1076384
 886265
 1004002
 561852
 498421
 1081085
 847974
 152941
 1053002
 914611
 98914
 648607
 94673
 907520
 644417
 345374
 973239
 920883
 159847
 876925
 907578
 170662
 1067972
 271723
 162033
 706045
 714784
 988656
 1049713
 561758
 1087738
 319110
 493741
 795116
 818883
 1070656
 217022
 759697
 829220
 1056776
 86315
 801124
 41813
 908933
 503445
 873876
 929958
 877125
 793214
 1005049
 774012
 41969
 872575
 9974
 568522
 634426
 391756
 414372
 30214
 309113
 193292
 693113
 661621
 165355
 189999
 96049
 777434
 885415
 890755
 564066
 724474
 111675
 1097034
 513425
 1035630
 716657
 750195
 1013829
 1054783
 639876
 1003565
 318224
 742214
 412882
 789386
 858379
 447997
 978405
 142401
 1003710
 279185
 468712
 809066
 714475
 924605
 269964
 508081
 615064
 675152
 414467
 255149
 987829
 579843
 1028563
 35532
 442338
 968710
 684223
 299880
 442488
 950484
 925941
 214562
 506626
 477465
 153809
 859059
 279176
 226052
 506621
 90230
 703927
 172545
 664486
 388466
 1076448
 234989
 678525
 1087796
 673378
 737060
 537162
 582775
 287224
 349194
 142303
 238535
 254854
 1026069
 494052
 427784
 208623
 229079
 747638
 486473
 488904
 772874
 902052
 663411
 818398
 99664
 446502
 846273
 901415
 733010
 766647
 230886
 904167
 411699
 689067
 160098
 743025
 446595
 102711
 62736
 594470
 177184
 1031374
 762234
 1066590
 1039268
 446031
 801219
 913625
 600414
 210
 77286
 901517
 475064
 252949
 666142
 272605
 1054822
 224598
 127479
 774258
 234842
 125302
 485483
 838562
 409762
 902605
 334852
 858842
 115886
 1055278
 14562
 298965
 825399
 470345
 414401
 682234
 700964
 221400
 866059
 664422
 396402
 525466
 413719
 602404
 919539
 345511
 363008
 724162
 859563
 609493
 688726
 658762
 511851
 90612
 733262
 750483
 187012
 597339
 677746
 235714
 247539
 210009
 543701
 533841
 828350
 1050611
 637709
 567330
 513058
 224242
 227537
 743122
 996199
 468967
 1006327
 297354
 913574
 738098
 742806
 249317
 855811
 643527
 545908
 102424
 82808
 143447
 594885
 1089141
 249403
 54017
 809470
 227266
 949983
 276979
 62788
 506175
 150535
 568922
 880908
 98407
 961713
 965913
 391776
 713456
 233627
 359619
 751901
 453937
 817489
 87057
 100617
 995094
 392548
 836790
 957936
 269490
 940533
 268099
 1069453
 952560
 830706
 54860
 119474
 665056
 724415
 830144
 881654
 202283
 478266
 536118
 739182
 365001
 559648
 969442
 762322
 749470
 701098
 55634
 608407
 965600
 834302
 417531
 93274
 132342
 97091
 745309
 272190
 355523
 772242
 46648
 15922
 823073
 57369
 7572
 78926
 1034244
 736208
 1081057
 598740
 621719
 838771
 57511
 922162
 93205
 468495
 254248
 329470
 83082
 147198
 242371
 209361
 481359
 674042
 209184
 984253
 235608
 833354
 73165
 233521
 375983
 287319
 62707
 805783
 957913
 465144
 373263
 98146
 4511
 943393
 323597
 903075
 514964
 447034
 755686
 112055
 564386
 132939
 47614
 189044
 85508
 86712
 339810
 51828
 104593
 1009105
 755603
 239035
 343649
 197528
 162134
 34758
 1007152
 891872
 368931
 246018
 753883
 492425
 744892
 280690
 1030907
 97644
 1055939
 1067422
 1073395
 45015
 286281
 821803
 1083887
 429114
 92528
 831119
 438228
 510640
 332275
 634932
 846131
 413580
 184898
 446605
 1019081
 17748
 947556
 264420
 807119
 342126
 510161
 611635
 876005
 1006750
 631481
 63338
 374811
 659613
 42645
 459880
 347642
 993657
 1034497
 1045266
 1051031
 377482
 951028
 693052
 107183
 181733
 406626
 887795
 430911
 63050
 933333
 490059
 1092652
 684350
 288778
 331528
 364941
 19913
 185704
 94365
 649097
 894499
 454727
 1054680
 782797
 885375
 792177
 531300
 398233
 265521
 436527
 590192
 1088636
 212805
 32691
 385181
 566953
 591412
 166886
 4409
 238396
 905987
 906323
 473215
 138122
 448945
 825710
 291543
 467307
 733127
 49852
 433411
 885795
 920421
 599429
 1019778
 788888
 20986
 648203
 1041935
 442915
 311873
 907608
 518205
 248542
 629513
 306382
 1098328
 84263
 709084
 80907
 279856
 472885
 777730
 401299
 654069
 993536
 221480
 1057813
 231794
 757758
 277560
 365234
 1070964
 1086119
 1089576
 860893
 338509
 841866
 38679
 138929
 261412
 568408
 466103
 194208
 176550
 968998
 368365
 697116
 342286
 934125
 1038217
 363366
 337944
 198672
 788164
 949752
 572554
 604646
 987361
 1056056
 1044421
 156138
 414703
 531128
 823268
 976496
 149556
 778618
 550952
 256203
 904854
 870535
 429471
 397292
 435037
 1065116
 301905
 853904
 427693
 444840
 1023891
 252039
 110149
 691723
 543521
 988993
 477757
 988370
 877775
 626999
 1020554
 563968
 155855
 887468
 499206
 128326
 695029
 654873
 309867
 34166
 7481
 428840
 227572
 411673
 248009
 646750
 864910
 955938
 273210
 120807
 702316
 194504
 830165
 506497
 482751
 825674
 945037
 219188
 154800
 160864
 766237
 919949
 1030280
 681154
 693583
 36109
 715290
 248257
 877976
 330180
 322614
 227470
 872912
 357091
 739712
 784743
 299982
 295642
 528480
 807432
 733359
 924934
 602113
 1097271
 122085
 648407
 691637
 1065077
 463175
 184136
 385416
 705490
 139002
 615687
 239392
 257468
 180911
 792539
 265183
 495436
 669442
 407551
 413134
 471394
 101071
 217235
 438106
 70407
 280577
 254195
 1096166
 66079
 905846
 167672
 932237
 199708
 437343
 727233
 248640
 146876
 340074
 298765
 523868
 1070814
 552712
 700825
 995099
 270382
 1044492
 1044502
 167001
 799521
 152503
 1042311
 583130
 577833
 983480
 1077926
 932482
 964802
 291614
 309336
 951260
 876781
 367235
 712219
 920900
 751450
 328353
 268915
 832234
 653623
 692307
 383114
 463056
 54303
 687520
 1063026
 144138
 1051647
 470336
 862031
 710440
 330083
 330781
 233687
 220434
 569717
 530877
 922605
 449579
 365591
 300969
 426889
 407181
 929556
 528899
 788501
 8318
 706516
 730906
 618900
 287864
 979043
 504369
 1052197
 516117
 964080
 1042031
 537328
 567843
 628104
 670150
 268610
 26994
 376160
 767277
 314935
 312193
 334460
 49418
 688861
 155878
 239815
 900544
 940944
 752117
 955767
 673691
 356918
 682802
 302000
 842127
 368716
 978686
 899688
 86519
 139849
 998512
 895874
 292599
 520974
 322372
 924955
 283200
 207020
 308725
 1044606
 513517
 52124
 1082510
 91323
 145101
 165651
 999059
 273709
 490572
 281595
 675069
 1021252
 866809
 669747
 230397
 367863
 873934
 116658
 362060
 332100
 447990
 457387
 911072
 714089
 261494
 1043218
 315847
 12291
 944201
 442698
 853242
 1093397
 147020
 262283
 1024553
 552168
 395205
 209436
 51499
 741009
 76658
 284121
 456237
 240794
 316987
 969136
 51001
 454918
 912548
 622258
 280765
 561666
 504790
 879880
 524190
 16944
 650205
 845687
 57535
 284875
 1032159
 493071
 418265
 15013
 695289
 976460
 1040145
 1026533
 105102
 892933
 7961
 1003401
 1041600
 792706
 281426
 855525
 247647
 1072012
 654916
 231809
 691062
 436507
 680311
 1082076
 606200
 824724
 411801
 1074228
 1040636
 1023525
 699613
 436522
 885821
 563356
 832642
 570421
 214447
 110275
 230426
 329457
 289288
 680090
 655158
 442292
 245124
 1040124
 973491
 155138
 425533
 551857
 881578
 257349
 312545
 636082
 857789
 1075836
 771738
 433666
 103057
 268998
 219607
 4416
 1083737
 481080
 301409
 749150
 154839
 916558
 274069
 961039
 317136
 972597
 835234
 544073
 22236
 470604
 879764
 727348
 551968
 1028874
 735572
 320549
 958600
 887839
 102143
 344891
 528880
 386690
 366819
 81254
 340794
 305965
 225361
 167104
 919826
 751711
 86114
 164425
 1037352
 644826
 752168
 984701
 408044
 794081
 576318
 721614
 599903
 453308
 173129
 257841
 853303
 935196
 403471
 15340
 373267
 263439
 306567
 917952
 652749
 274920
 255882
 571545
 824871
 503633
 167252
 529652
 351051
 73090
 988333
 902879
 555785
 733906
 14971
 416011
 17543
 150542
 285935
 87126
 886802
 893745
 346961
 552806
 267071
 504522
 720048
 654138
 26649
 549825
 515321
 735416
 51460
 849445
 369885
 561837
 514043
 263066
 143255
 932047
 707535
 35266
 336161
