558968
 267740
 408577
 833517
 490903
 194347
 790704
 770071
 344539
 1019167
 936496
 1002853
 223663
 220294
 629455
 457620
 55772
 1051593
 419661
 214154
 197840
 992427
 11987
 617652
 747663
 180999
 913584
 532008
 977461
 111107
 666162
 380826
 456222
 93876
 140016
 647179
 481838
 233309
 643309
 1065681
 147507
 333971
 841837
 962191
 351432
 745097
 519424
 430427
 697939
 707649
 590158
 227885
 408568
 592121
 445507
 397337
 746792
 169799
 218040
 54074
 1074498
 818897
 178097
 139945
 110975
 570387
 61236
 783604
 639398
 820610
 209954
 275003
 246918
 715254
 464851
 892013
 311161
 413841
 970788
 549530
 151490
 604512
 344513
 182853
 373913
 1054693
 359620
 819925
 338655
 811086
 98120
 130553
 75730
 17305
 122693
 915744
 90591
 1014807
 920778
 408079
 238787
 595258
 540152
 688864
 632089
 132327
 253433
 239907
 282148
 386918
 83319
 882030
 93720
 93951
 409170
 388431
 1004638
 358602
 1007110
 839577
 52100
 1081187
 771646
 661131
 191738
 940976
 985520
 362885
 137927
 269557
 107685
 239650
 702993
 579058
 816280
 183812
 445459
 1095408
 746913
 136343
 1085024
 758388
 797938
 97920
 957840
 370983
 360736
 948319
 137676
 127284
 36354
 400825
 908381
 361901
 59739
 16254
 662770
 622177
 926893
 433884
 882649
 870258
 1098291
 372294
 359411
 1090886
 91803
 865348
 289100
 589544
 510771
 178001
 1093569
 995263
 632842
 121345
 480738
 659067
 546232
 1043291
 454577
 619830
 959935
 400875
 162847
 338098
 947080
 896293
 1023118
 138848
 700008
 167646
 799916
 278376
 871878
 299481
 1023830
 818088
 406697
 1019516
 519012
 742418
 789011
 681639
 221152
 553028
 544343
 796459
 591461
 852812
 708351
 545059
 998363
 648290
 960978
 946333
 639060
 266752
 528544
 29968
 26460
 606725
 288958
 931859
 771787
 911326
 442637
 17440
 32063
 999613
 510224
 899797
 981300
 163864
 40372
 41231
 672200
 238174
 789681
 776565
 432151
 979368
 241983
 87755
 123106
 538788
 982444
 297506
 828689
 799131
 466715
 678235
 896862
 564659
 273195
 317870
 744758
 447460
 793100
 674493
 622797
 663231
 338861
 563915
 418824
 81817
 1095637
 629566
 299358
 902019
 1062619
 861592
 868628
 546698
 597293
 70129
 218669
 937903
 922237
 456928
 772259
 807917
 756422
 597065
 126904
 863720
 1055639
 157626
 451001
 976747
 419229
 970379
 759853
 867576
 206650
 794571
 228473
 886860
 939364
 13682
 122974
 570922
 1027714
 89978
 170800
 1050745
 105144
 692826
 283139
 853068
 1068192
 442736
 87410
 1048122
 342753
 904225
 975432
 947816
 88392
 978588
 499051
 739606
 396052
 603339
 467495
 307119
 225313
 871773
 47680
 387595
 447106
 560123
 556796
 763283
 60541
 5696
 1091991
 126796
 626882
 816646
 988492
 159419
 397822
 357055
 941056
 37778
 176115
 283823
 431994
 303747
 575388
 624961
 140793
 466207
 857933
 41788
 214514
 355636
 272729
 803628
 61462
 159134
 115504
 758016
 577925
 296924
 337241
 136595
 237282
 917523
 338762
 838447
 1016458
 686007
 961005
 636955
 115441
 1010263
 645922
 950901
 118635
 229414
 94182
 152298
 453925
 127666
 355343
 1096718
 999930
 779796
 865253
 224047
 382841
 435613
 215907
 35622
 842233
 180738
 330019
 390850
 241411
 456352
 700972
 848875
 233419
 900454
 450213
 470737
 325011
 750360
 330227
 788815
 916431
 937308
 409596
 579509
 1093435
 513541
 647943
 244547
 1038337
 44188
 539741
 5501
 959000
 1034542
 536979
 86068
 901738
 881964
 680460
 982766
 781246
 431911
 464476
 226964
 90423
 494521
 787310
 1093893
 449957
 730559
 1020569
 1012283
 383024
 28794
 290393
 865464
 95985
 838986
 894611
 983403
 806563
 65429
 130177
 424056
 81295
 134055
 784573
 502029
 196629
 504967
 790806
 352384
 647230
 913264
 575090
 292949
 1003564
 894263
 934926
 56307
 327677
 582442
 784208
 942876
 581895
 146493
 999431
 853238
 359274
 777819
 152177
 349942
 147603
 613975
 498228
 607172
 443381
 637761
 71464
 438337
 718960
 750928
 652382
 1023445
 549125
 653864
 812961
 1031139
 32109
 473846
 948663
 109308
 417420
 696724
 65353
 882846
 601556
 939325
 1078224
 613112
 1041051
 165944
 318894
 711088
 129317
 818010
 1025921
 166570
 701920
 321258
 23608
 607507
 717140
 772646
 365127
 168386
 565828
 535709
 1042637
 767996
 773987
 546957
 12997
 757294
 275148
 797008
 751616
 839079
 1069316
 842686
 906037
 80900
 537686
 795462
 79834
 424163
 1029994
 546054
 838408
 836944
 1067086
 497806
 650859
 15550
 1036800
 701831
 318026
 554317
 810680
 1075877
 515900
 432577
 434187
 484656
 3124
 1035687
 991622
 626099
 903729
 231202
 219310
 643298
 334074
 203723
 586524
 175210
 826250
 428653
 64542
 425006
 1046378
 939540
 122985
 133474
 221188
 457855
 750093
 72712
 112306
 831393
 1063258
 511530
 326093
 24378
 931417
 178441
 143534
 166413
 725005
 74845
 1003598
 737448
 608467
 78536
 525298
 300100
 545809
 211201
 196881
 1005181
 11760
 16426
 1025242
 882396
 496992
 683422
 623231
 569632
 123352
 15110
 225338
 25785
 150993
 194357
 58981
 860899
 751572
 1070
 930824
 819701
 22694
 309578
 359782
 779815
 582706
 14741
 172510
 636840
 504948
 297138
 105532
 112596
 24389
 540063
 602739
 666452
 659016
 43548
 442054
 840998
 243427
 756358
 576747
 576696
 1070264
 446801
 926713
 406460
 286733
 574385
 942572
 202011
 1030266
 430069
 251211
 1057992
 927362
 301010
 997010
 715186
 566741
 684464
 708380
 927774
 921860
 656513
 168031
 323621
 29561
 562994
 137128
 158199
 394427
 944464
 729985
 900422
 103677
 768459
 1043676
 668284
 57681
 221991
 162407
 976858
 777741
 375459
 335149
 789776
 777227
 866994
 661601
 371706
 171921
 830412
 928697
 188423
 95587
 1014804
 971115
 302829
 1004108
 623359
 128640
 716597
 195224
 74237
 67777
 215152
 174186
 229304
 782869
 280409
 540081
 954134
 250485
 354930
 1000285
 167921
 807170
 694931
 118657
 802031
 973772
 281601
 154223
 506790
 351168
 765931
 878174
 467627
 413486
 403027
 196445
 36695
 609020
 38117
 338353
 503052
 14201
 630853
 5142
 555738
 187299
 481763
 327760
 370291
 490991
 251378
 752109
 785443
 302208
 182924
 776186
 389380
 72371
 1073602
 245577
 979182
 76044
 637377
 902217
 630814
 180270
 683629
 593462
 780213
 357992
 556385
 950426
 410963
 825757
 526260
 902795
 832531
 372715
 172215
 813826
 366411
 1019437
 884504
 279612
 224316
 1035398
 355019
 593421
 113353
 980704
 685799
 62997
 203086
 301587
 909296
 621385
 812813
 213947
 986228
 295767
 1010505
 1034206
 273497
 434782
 930839
 332845
 578261
 186899
 363195
 904686
 804011
 44219
 536180
 254155
 669033
 361167
 650925
 393957
 344041
 42309
 407907
 872833
 545964
 43644
 978468
 139759
 875987
 139610
 76856
 24381
 603765
 990348
 957508
 774769
 585787
 758771
 517799
 521377
 408891
 150006
 1070909
 407796
 372489
 706504
 302218
 594684
 705506
 108269
 802270
 114265
 546196
 157837
 813456
 601019
 1051467
 336780
 71257
 438444
 505360
 1036898
 724005
 130347
 486132
 57194
 911975
 474778
 481063
 460655
 682908
 28942
 287054
 373396
 306514
 1077023
 370029
 335992
 998269
 7586
 790440
 125773
 338266
 760093
 124271
 689079
 1099172
 538105
 622294
 6384
 55702
 1076331
 780343
 272141
 820847
 383868
 823683
 750563
 531116
 424256
 515050
 904739
 732257
 789384
 895330
 1063824
 189367
 694339
 433446
 747796
 178246
 469921
 533504
 751417
 663510
 1034529
 969218
 1039128
 825714
 552156
 665297
 440924
 508696
 412345
 370698
 542355
 1061059
 897256
 647973
 813409
 366186
 284425
 482983
 556832
 63069
 865672
 93372
 570570
 43792
 444948
 241018
 226242
 685980
 796682
 492762
 439352
 307001
 648955
 867525
 511239
 80233
 1087522
 986681
 831284
 662892
 97888
 678088
 726715
 376400
 913774
 694171
 773097
 90204
 743960
 669734
 48753
 963934
 437670
 1032605
 841049
 347172
 51646
 343421
 905703
 255936
 1017676
 199251
 842405
 151967
 506865
 501770
 276106
 34839
 772298
 507465
 735881
 1007563
 352538
 258059
 574609
 301523
 273007
 149079
 10274
 653480
 260113
 369799
 825285
 253080
 855022
 318995
 861490
 210183
 951173
 189167
 251220
 852979
 770119
 419405
 378502
 578197
 183084
 736094
 71031
 460390
 150968
 696471
 563097
 54117
 396731
 928165
 369665
 781825
 263684
 1020878
 502665
 156027
 1030328
 1078459
 289052
 727927
 397211
 757180
 153116
 1053776
 470217
 694767
 611123
 52827
 784401
 143811
 501644
 1065917
 125018
 617722
 881913
 1043320
 161886
 834135
 143559
 108529
 126176
 359682
 88323
 985616
 805892
 727626
 981889
 75213
 650198
 281805
 126936
 646251
 584377
 826464
 584967
 738885
 895412
 352874
 243101
 498265
 210265
 505600
 63787
 642495
 28768
 581711
 1051328
 572908
 247912
 1058550
 315803
 823435
 411507
 229092
 483763
 379343
 1057242
 875916
 956222
 114736
 801876
 473673
 547783
 1021038
 930699
 832180
 463258
 154866
 228344
 957564
 889923
 830227
 1055946
 826284
 66628
 212835
 342642
 541232
 681084
 115284
 394179
 776159
 201331
 753515
 365654
 696141
 814141
 87779
 47300
 866160
 784898
 646101
 731868
 332777
 862713
 248948
 960075
 16928
 934321
 897228
 922900
 844140
 366414
 41659
 936727
 901960
 268576
 107834
 171877
 598995
 643739
 949201
 498945
 1067599
 674953
 775342
 592572
 538377
 194821
 445649
 957758
 795466
 516782
 141821
 939206
 1097188
 719716
 832612
 1073027
 576353
 75415
 544694
 803576
 911336
 675897
 626947
 184009
 364764
 56644
 1034432
 476885
 128744
 23414
 1035893
 559655
 291587
 560628
 804739
 620180
 918176
 48060
 140137
 306896
 986465
 528730
 1065410
 84637
 965548
 538736
 738873
 755345
 251694
 265081
 15158
 563910
 151949
 608482
 202909
 271626
 148072
 682898
 67832
 558257
 823567
 1067703
 30517
 552098
 76897
 1009490
 533658
 108968
 60278
 668359
 249577
 806198
 609194
 972149
 653071
 780827
 339565
 601698
 875388
 345681
 537930
 135854
 601621
 478456
 723200
 38939
 78027
 502367
 829279
 764251
 672974
 782806
 107142
 200528
 130813
 1018548
 840228
 834598
 828104
 602145
 970642
 108846
 852753
 181026
 429313
 87096
 637170
 397757
 552155
 375603
 306658
 622832
 75952
 519823
 539540
 902835
 999399
 644220
 1072114
 40886
 621864
 339734
 249816
 225624
 977926
 59740
 991207
 270205
 792359
 347037
 187677
 297398
 477283
 736047
 138047
 773628
 333252
 425106
 101600
 1057441
 309241
 337499
 504607
 541316
 801004
 225774
 829162
 131179
 1053136
 563349
 37796
 661242
 687908
 636177
 781367
 1059123
 30666
 1005857
 917960
 679267
 359549
 1000485
 707228
 746607
 768973
 365722
 385176
 457401
 68765
 583074
 758864
 150921
 610420
 154964
 33686
 743151
 489635
 918619
 1007236
 230113
 575490
 970548
 1096285
 160104
 425971
 385906
 672640
 721443
 486249
 464576
 748418
 458408
 431259
 1082585
 754771
 162367
 370947
 222230
 854800
 810609
 1070872
 865830
 585407
 1065309
 243525
 135834
 990697
 66223
 690389
 325180
 434962
 1014100
 431656
 332350
 807417
 762671
 358638
 573347
 433197
 33939
 651069
 690678
 541945
 1087047
 699444
 54598
 590269
 851357
 82818
 876813
 1018444
 1656
 559505
 529797
 131868
 316561
 122500
 1045948
 868389
 394412
 982715
 47920
 247603
 547744
 688931
 340879
 33820
 735754
 834689
 642930
 492672
 528948
 243475
 443633
 663599
 887337
 692102
 391056
 246614
 202222
 569070
 113111
 519705
 504878
 148673
 986077
 428731
 112106
 742167
 275092
 797997
 576776
 531820
 310919
 927344
 376387
 347797
 115501
 53835
 156414
 366516
 766239
 977282
 1006038
 356527
 51294
 531250
 794961
 603925
 934098
 809186
 406230
 782866
 909169
 781056
 434622
 383759
 542106
 172994
 969705
 467717
 896573
 1093430
 50230
 756031
 642071
 699740
 461159
 690697
 584268
 716221
 399939
 726203
 459262
 623917
 39099
 691824
 189263
 833442
 131070
 785969
 399720
 258519
 376722
 270003
 593606
 966779
 251065
 740334
 24711
 1003586
 794668
 562619
 485500
 182654
 409743
 344267
 332867
 720948
 694660
 778411
 1001284
 311648
 291873
 397315
 236978
 763221
 890282
 1014239
 89444
 644302
 970738
 352805
 105476
 256286
 875909
 841841
 548358
 881793
 221160
 1077691
 792958
 689062
 151680
 929072
 839564
 822140
 628562
 90529
 1022715
 34510
 361621
 49307
 727881
 170455
 247561
 650438
 109293
 760836
 145202
 445231
 955240
 90075
 849595
 932587
 585324
 677303
 781885
 779342
 888477
 838481
 725655
 562886
 277500
 299499
 851792
 495632
 109607
 891927
 283136
 449580
 1099814
 1082949
 740671
 959081
 835695
 1001209
 396298
 419876
 217156
 107370
 652020
 548112
 495545
 454068
 967898
 600671
 86135
 371802
 187334
 627440
 707725
 644707
 988377
 497502
 665972
 251132
 662740
 881022
 257438
 238092
 921641
 695316
 870441
 921464
 412754
 1013481
 243996
 553086
 557043
 423879
 877873
 1013189
 461003
 97427
 223781
 697248
 185143
 198449
 1020671
 953410
 1064171
 858162
 76473
 21462
 334594
 1067514
 683888
 171389
 1057762
 831305
 6767
 27226
 303096
 405819
 736739
 479942
 402729
 989905
 996436
 717607
 356174
 814545
 27776
 939985
 656024
 175366
 197651
 535064
 223549
 874457
 898222
 853881
 1032941
 43914
 749938
 108809
 192523
 1083174
 180803
 34890
 238254
 918577
 1071400
 218954
 1019266
 88160
 184196
 392869
 973999
 735600
 287531
 784522
 583994
 603854
 998570
 194376
 638640
 119569
 740580
 411071
 61627
 390377
 323782
 761829
 1039778
 695305
 275549
 262397
 67889
 82474
 859408
 1099595
 437090
 351412
 144589
 339941
 49351
 916565
 866090
 346025
 110158
 118757
 524141
 223901
 109148
 132663
 549598
 1059904
 829137
 346671
 225168
 430110
 1019
 569061
 932170
 853109
 867194
 242670
 769412
 98750
 507899
 724595
 5057
 699059
 964575
 317825
 126738
 896059
 686393
 351915
 337828
 441217
 782522
 396575
 691679
 1089007
 1030019
 1059290
 618893
 485125
 661064
 750236
 373000
 731559
 350918
 845984
 63977
 7856
 608301
 578597
 148897
 724167
 83011
 771581
 935690
 715252
 310218
 144436
 111481
 482930
 659593
 152583
 201286
 847646
 719476
 771047
 373487
 44256
 329348
 880302
 772212
 1043977
 47947
 166824
 344348
 934744
 565388
 313978
 939120
 216196
 973886
 958
 312314
 677890
 489097
 241408
 252158
 32106
 326315
 865242
 401645
 130230
 783632
 709242
 661551
 501668
 292260
 1066683
 810274
 373557
 466190
 349662
 265879
 1073669
 1010824
 484979
 68040
 311494
 890325
 209659
 700099
 214273
 347809
 808268
 232962
 39380
 889035
 705445
 965860
 989063
 1074334
 828686
 126019
 120805
 282980
 710545
 652079
 1018995
 410619
 27824
 21798
 817991
 266522
 645968
 953866
 685573
 495044
 886445
 714953
 786907
 754041
 384327
 55464
 436099
 381807
 469155
 738863
 547274
 437958
 476465
 76146
 516697
 778669
 701626
 163187
 48083
 1030871
 706596
 84282
 500687
 291040
 558837
 714572
 47731
 647956
 766327
 959681
 1044269
 189762
 309239
 561329
 1086662
 525315
 634217
 164439
 886781
 582119
 816315
 706053
 225689
 295182
 693713
 860171
 631726
 694675
 466131
 836022
 913202
 688004
 1069886
 243843
 1041755
 975430
 294097
 852980
 348802
 701849
 1030443
 1003205
 562695
 44690
 1064539
 393650
 65362
 43019
 282996
 336273
 398069
 950506
 58204
 582756
 1025600
 764885
 518240
 352657
 927789
 113590
 353029
 786273
 739912
 556446
 923881
 386147
 299729
 1063099
 666977
 471240
 543595
 485080
 609778
 228436
 96055
 413249
 461941
 394682
 792976
 20158
 379206
 143642
 471059
 935852
 594468
 992661
 989825
 457652
 982569
 502101
 571896
 678432
 270534
 404584
 65318
 401703
 1001850
 681047
 1596
 37569
 608217
 627547
 325604
 732966
 378445
 381468
 952188
 140092
 336052
 662191
 256454
 551597
 503460
 983617
 444537
 730814
 373596
 740790
 32977
 857086
 196993
 912310
 444139
 528386
 999062
 845576
 527269
 573645
 2673
 636169
 1029806
 1083203
 458251
 1055242
 434624
 1048687
 35165
 871941
 746176
 549665
 967867
 373696
 884004
 53035
 486806
 967377
 704505
 851505
 817366
 952924
 693749
 460916
 489843
 727928
 272431
 952526
 116713
 896376
 589224
 1055178
 372300
 391435
 1022914
 743143
 983798
 743333
 659118
 174348
 490585
 903167
 922806
 679041
 1021402
 534801
 37249
 338596
 62397
 473995
 593663
 231968
 356086
 422695
 89717
 368748
 57898
 772926
 467008
 805953
 673522
 324596
 513123
 1063723
 390942
 558261
 89924
 535995
 845074
 161533
 581231
 986769
 28384
 1019959
 585699
 67288
 397002
 891430
 385807
 454764
 744115
