451151
 819817
 109713
 290175
 1050027
 459616
 152507
 885228
 802227
 234994
 881712
 713638
 75350
 276950
 742349
 1024405
 558405
 197538
 938307
 1097582
 208657
 307753
 454982
 263093
 865894
 119939
 87642
 103410
 350065
 718957
 466139
 125194
 600564
 1039332
 44839
 524201
 93997
 609849
 927344
 1056395
 71724
 96209
 435065
 750216
 799177
 949975
 101237
 857120
 324067
 1093562
 1097641
 390352
 825298
 519213
 121608
 797744
 291651
 231147
 1095650
 384345
 615594
 249438
 547603
 805009
 907067
 350495
 838315
 1067509
 303355
 665656
 1049665
 1050078
 500548
 1062573
 573468
 737996
 770574
 925926
 713606
 734235
 520293
 205276
 232602
 451729
 652699
 711671
 266881
 677114
 860890
 607581
 346187
 970632
 910757
 422064
 209137
 660830
 112297
 618014
 875673
 547452
 62229
 702296
 860959
 19486
 315335
 263840
 696382
 653928
 927530
 54903
 810083
 1031655
 237791
 146914
 407622
 253430
 673473
 871987
 689837
 292901
 356957
 192931
 719794
 494005
 566270
 676276
 668354
 477568
 982482
 988732
 1017321
 458943
 369320
 967236
 818922
 1083632
 573223
 510868
 767537
 262437
 1066876
 249649
 69444
 376079
 850792
 366489
 341504
 19824
 933638
 169105
 945463
 846676
 462504
 894014
 686616
 436688
 805073
 851776
 57625
 436547
 201301
 832877
 682506
 424872
 636479
 541205
 262831
 1054168
 288187
 606654
 510916
 481343
 693980
 212125
 82666
 427858
 971578
 652109
 1037049
 1064196
 396864
 205026
 425555
 775844
 962191
 1033211
 25848
 411737
 833074
 52293
 322558
 367817
 1011105
 914813
 404972
 926157
 221756
 817788
 363235
 23646
 35884
 904146
 650633
 66894
 849012
 165070
 202488
 234993
 6291
 558939
 1053142
 845056
 686953
 723037
 597793
 792064
 223592
 723679
 251083
 294113
 260255
 162013
 438319
 738745
 134607
 26999
 128712
 1033726
 819029
 473456
 355796
 316271
 561496
 989729
 699414
 447738
 152727
 702827
 490763
 860446
 1037933
 632406
 936008
 779083
 793273
 954111
 837664
 174317
 164941
 993762
 1019765
 988957
 209651
 384028
 333010
 571131
 506530
 624851
 571905
 1071272
 289580
 867025
 312672
 791954
 896130
 566320
 712777
 92900
 927924
 11089
 410241
 66160
 556707
 18609
 791631
 720474
 771574
 486216
 441884
 468072
 504247
 246706
 36636
 94796
 1033533
 334912
 662045
 721426
 188404
 880664
 879670
 231717
 957155
 1095880
 227026
 942032
 341335
 328190
 198544
 806701
 835518
 778239
 827603
 968218
 185365
 522895
 869007
 864355
 958154
 655985
 317042
 94130
 622106
 394030
 171699
 499315
 433976
 594218
 555161
 266971
 940744
 333269
 46245
 27051
 461354
 336581
 654739
 356254
 268666
 228290
 372237
 261548
 1092932
 756606
 147580
 288362
 661086
 688693
 978623
 461848
 232264
 113523
 564702
 172486
 871346
 512234
 394998
 330747
 316450
 739886
 1012416
 882056
 419116
 627049
 639752
 844058
 569152
 251258
 631142
 306997
 578538
 304024
 947328
 31992
 368570
 334539
 382654
 352187
 102934
 320984
 368574
 568548
 839555
 271743
 721784
 147349
 673638
 449599
 504352
 397802
 997974
 188285
 1053763
 848605
 592275
 89610
 908490
 1087818
 476568
 452411
 443639
 718445
 835128
 1061088
 758322
 727158
 512978
 242762
 908545
 134854
 279641
 936831
 228280
 517048
 561925
 438318
 669429
 332444
 427942
 332743
 224140
 812854
 204972
 799684
 884535
 308213
 442252
 1016198
 894414
 613356
 647635
 700688
 995189
 464131
 84008
 363451
 702405
 224782
 1023361
 539293
 1019652
 44542
 268948
 1058032
 553143
 1030323
 588808
 724973
 90855
 901915
 150115
 929516
 580929
 919318
 1091705
 19277
 929673
 806991
 1021828
 431510
 583627
 319404
 13973
 659107
 834164
 352976
 35894
 384265
 441818
 312919
 885211
 350013
 422061
 86852
 410989
 255786
 125523
 131002
 593195
 182823
 815186
 1098844
 531865
 899470
 472421
 193390
 61545
 125627
 30834
 277215
 202364
 13275
 502977
 541300
 396467
 340508
 407627
 948630
 682169
 343798
 186062
 1045456
 542981
 839580
 935073
 100640
 85995
 136727
 662731
 260986
 95315
 239233
 1089943
 760063
 367319
 93849
 1074228
 381507
 5769
 502076
 637156
 519073
 735636
 578751
 730018
 990416
 567745
 855751
 44787
 796835
 746288
 554160
 119660
 860702
 737301
 1069957
 167974
 941055
 309033
 112290
 135208
 2535
 749446
 714153
 351769
 847216
 507916
 321829
 296751
 1079604
 784387
 409797
 1086867
 563524
 810673
 401124
 225337
 957513
 106110
 590863
 526887
 775073
 782481
 840985
 1027519
 40031
 333070
 262887
 263965
 188943
 552095
 297948
 931400
 335409
 524126
 1070031
 596492
 148542
 177983
 519369
 1075319
 426037
 640713
 537730
 166316
 82095
 957179
 1013837
 370420
 1038423
 682977
 481136
 1061279
 855841
 117168
 519732
 815178
 371630
 46234
 1034690
 859154
 48572
 815072
 711980
 216781
 463549
 209311
 433112
 87847
 37777
 391701
 237272
 383594
 226887
 177963
 684695
 401044
 1019503
 532889
 36118
 121113
 691259
 248362
 826477
 511016
 352407
 1031455
 472070
 12179
 761477
 542552
 953368
 518891
 955771
 1076844
 996161
 511424
 246877
 477104
 953205
 657390
 6689
 859069
 120503
 576426
 933520
 1023649
 887565
 1033394
 429866
 1091644
 976897
 727802
 131289
 651233
 58129
 713737
 888686
 893250
 416753
 914322
 377853
 65111
 454252
 624475
 1094226
 824956
 928941
 800577
 533120
 289042
 459635
 329747
 1005954
 481625
 516103
 78769
 81983
 137545
 659376
 391166
 584903
 644037
 257907
 256461
 63136
 910886
 637121
 50277
 24547
 924379
 928810
 186898
 550162
 851660
 817637
 61860
 222440
 46286
 255010
 919550
 166009
 721784
 577875
 956524
 343218
 942000
 291533
 734769
 845541
 992236
 304485
 554131
 812607
 743656
 302305
 111679
 427373
 181764
 904756
 354399
 423321
 80955
 843360
 887413
 765177
 589738
 106812
 406828
 166552
 67232
 781254
 21008
 1025116
 541628
 617442
 715394
 319083
 51159
 29679
 888098
 960042
 1007856
 596885
 250713
 40504
 831369
 340636
 571096
 211450
 274010
 908468
 907122
 68869
 583134
 675061
 475533
 500315
 746752
 439178
 1039875
 278769
 14803
 780013
 803048
 678678
 623047
 458965
 996662
 254143
 524284
 708816
 576471
 893209
 856430
 494244
 546050
 84697
 605546
 907921
 195840
 751328
 913150
 683882
 458748
 435242
 749938
 247629
 9824
 722497
 666917
 620645
 311128
 263903
 818441
 269706
 1061047
 872254
 674376
 521075
 1045554
 117472
 934178
 765506
 836970
 370551
 883916
 859280
 884897
 55537
 1079680
 30907
 207114
 159930
 867355
 674944
 1043592
 99078
 379280
 953018
 241435
 979949
 678753
 899411
 440305
 418058
 406931
 577127
 854432
 1026444
 292879
 176666
 563771
 640101
 823548
 591100
 115826
 232226
 65388
 445329
 40159
 140864
 952180
 965511
 769403
 58995
 348757
 449359
 310095
 593568
 794740
 923495
 373725
 780848
 933185
 777863
 287895
 568305
 656108
 993059
 163854
 495329
 305205
 605688
 1030962
 499035
 255198
 559809
 160174
 1031312
 1056991
 953091
 1097452
 619762
 527415
 199212
 45182
 1012089
 325121
 259038
 775755
 1036085
 740853
 819011
 452275
 849888
 341438
 735752
 539448
 145636
 117293
 373237
 642212
 480290
 418835
 65761
 1028974
 145690
 251480
 779481
 473088
 302823
 740575
 76958
 510889
 858781
 851607
 90730
 337129
 360506
 262751
 900065
 610196
 373217
 629642
 55771
 416268
 1066161
 323368
 399773
 722208
 315010
 34820
 711526
 643625
 338131
 464799
 82544
 495927
 641690
 786661
 1039673
 416016
 629891
 43694
 543945
 535471
 854119
 559689
 101964
 1015227
 948985
 178318
 59996
 482347
 655828
 881439
 707705
 884443
 877763
 930455
 714291
 199201
 140762
 307884
 422003
 254245
 625083
 373033
 303212
 605796
 821525
 927840
 194115
 1008376
 464606
 167111
 728499
 458560
 651220
 446353
 945068
 115366
 168774
 788410
 197822
 650890
 164368
 465265
 790022
 366896
 536266
 721783
 435816
 1063040
 27209
 407198
 681187
 27918
 805191
 862564
 236966
 972941
 349228
 1079482
 225123
 662369
 947973
 776892
 310760
 385745
 13921
 604120
 770375
 1071894
 603683
 783446
 643041
 444303
 515546
 479766
 82006
 894204
 265702
 722853
 397591
 214973
 782425
 894036
 824650
 298855
 554671
 667058
 549042
 124181
 107318
 445341
 291203
 90818
 369356
 716640
 538585
 1042490
 558272
 382940
 411391
 325826
 565311
 372389
 1041760
 921201
 1072103
 270756
 759803
 1073426
 891331
 846113
 1066208
 720994
 978627
 512732
 18793
 1081438
 502955
 278357
 86445
 87753
 347797
 97908
 984373
 915876
 810090
 282707
 251106
 78010
 294698
 874434
 822676
 979064
 761413
 775669
 453275
 174474
 574272
 1070557
 302314
 1054598
 1056334
 197067
 35839
 704328
 528317
 249253
 95612
 145413
 978355
 448833
 194792
 553116
 937966
 186760
 24926
 138210
 538326
 971040
 630364
 166381
 941777
 964517
 882058
 593459
 97460
 559564
 987117
 475389
 673796
 496268
 818619
 910972
 1076055
 106204
 693244
 889105
 328269
 894824
 972002
 78017
 323678
 219395
 221633
 658507
 448622
 162322
 729069
 143604
 951386
 391551
 958664
 308251
 471217
 1010275
 68567
 70041
 653269
 909604
 981477
 824690
 131948
 300906
 144084
 115802
 465850
 6872
 583617
 967355
 266720
 174903
 859862
 736085
 507621
 698252
 500580
 341654
 210781
 130469
 1094697
 237293
 53147
 1024370
 892020
 310249
 1086342
 481286
 19213
 1005156
 72373
 691019
 114925
 465374
 731516
 995342
 684337
 463214
 320417
 256105
 1038255
 563645
 1058933
 452374
 1095471
 735825
 267811
 777351
 461055
 131360
 1090856
 91166
 636230
 126021
 249625
 352131
 701875
 660540
 570960
 615967
 151246
 437113
 442833
 148743
 607764
 315733
 966994
 591434
 290595
 217505
 496450
 464884
 403369
 583658
 594474
 515098
 312413
 455326
 855016
 274772
 453241
 893581
 514763
 519906
 827247
 1048255
 300048
 65764
 815317
 590868
 102582
 254023
 47905
 765575
 274219
 871988
 288005
 367131
 372374
 24359
 953929
 940570
 49734
 13911
 596353
 396014
 668616
 392666
 1017508
 1045377
 928952
 677727
 647052
 414664
 282081
 678663
 732929
 584083
 381472
 648224
 378607
 196005
 636670
 925587
 443480
 660014
 111538
 768239
 818468
 196253
 623208
 863177
 347234
 130777
 1013404
 376747
 897528
 643452
 595201
 83638
 40798
 640630
 421886
 717499
 87704
 77171
 356443
 1001305
 257150
 387796
 1044680
 158376
 493533
 464855
 64222
 535644
 694157
 569557
 293394
 31986
 690285
 344221
 998186
 865954
 344213
 1039320
 8454
 1085734
 43479
 165304
 1030683
 741957
 295905
 872373
 45037
 1040711
 611560
 267758
 657026
 832668
 260769
 425785
 714915
 863212
 1002257
 570132
 1077763
 616176
 97677
 67267
 633340
 1086902
 367330
 1009893
 596800
 658427
 281061
 283050
 903953
 124176
 876411
 748363
 737731
 601581
 915283
 37188
 68504
 1092999
 61466
 211996
 495663
 128215
 816122
 487781
 557804
 249620
 428898
 963774
 1050200
 627446
 715431
 501440
 905646
 23538
 927970
 912019
 182153
 317921
 952517
 303279
 1065340
 992847
 755721
 34389
 763910
 70147
 276916
 857506
 573518
 571775
 1082598
 117045
 763719
 352690
 443532
 649863
 786542
 290155
 152128
 93165
 435310
 604648
 696253
 1031394
 190932
 619278
 293977
 615768
 1021338
 434529
 1001386
 803682
 260784
 979796
 838775
 359150
 1047122
 216592
 454056
 524576
 904331
 410261
 190273
 959777
 703498
 732388
 816271
 47342
 550406
 920373
 489265
 364166
 1048788
 772393
 266034
 845697
 413237
 969324
 364789
 379112
 163179
 277125
 456626
 468283
 462159
 473182
 334847
 738221
 790328
 470752
 181715
 946865
 928010
 81600
 832374
 21735
 337556
 963915
 478786
 46184
 612775
 1019386
 122163
 432094
 930039
 384070
 1095713
 333737
 84944
 695413
 886996
 499577
 51473
 340436
 832623
 108450
 98706
 30929
 626192
 850670
 802931
 175151
 679892
 171202
 502059
 918957
 884489
 520239
 748532
 450044
 1090683
 580072
 671673
 639414
 481800
 172773
 909535
 869635
 815780
 827135
 948884
 203141
 524649
 457883
 834667
 1020033
 652708
 890553
 369787
 952216
 503458
 208805
 156777
 792432
 160731
 1023517
 35996
 896748
 615149
 865076
 279306
 377851
 905393
 14750
 299447
 463908
 789671
 420173
 308217
 452868
 561763
 695040
 12927
 709352
 824088
 14924
 738103
 55459
 858203
 804347
 691288
 75258
 729667
 979558
 696646
 907126
 28605
 323524
 939454
 314281
 976737
 955472
 742202
 536170
 308494
 162410
 19602
 538721
 289596
 498468
 856198
 124871
 255250
 257143
 258631
 134287
 678435
 930883
 257758
 445650
 555551
 900450
 115722
 262071
 934503
 141868
 416106
 904570
 325539
 1035792
 819195
 86758
 1037472
 478215
 83403
 89644
 119976
 981961
 365075
 445449
 47869
 985321
 891222
 63772
 769921
 1033437
 203536
 1091435
 631367
 373097
 694
 583627
 1014398
 305824
 427931
 119931
 381729
 221082
 652448
 326831
 413828
 1066875
 252527
 699152
 937078
 508495
 1096226
 281882
 710079
 338551
 437316
 604928
 752185
 511547
 252089
 70755
 337188
 3491
 5536
 475686
 786351
 544036
 748866
 760452
 416552
 877760
 834918
 1002303
 406460
 702209
 194104
 417116
 182429
 378117
 836094
 136479
 164346
 538131
 868106
 738321
 503616
 57572
 633498
 46573
 923859
 740765
 125160
 678546
 1020664
 234322
 1022449
 628405
 235806
 161565
 268911
 155359
 1033395
 279383
 461340
 491160
 350440
 810187
 988026
 244837
 882469
 727302
 751908
 445741
 776573
 518669
 84210
 37684
 655625
 308727
 555515
 783670
 482101
 552547
 1092930
 846316
 119279
 399039
 542520
 1011161
 239874
 150523
 156903
 752054
 372592
 278303
 172517
 661966
 7417
 705124
 864878
 212254
 80152
 492208
 789961
 728324
 106037
 1049262
 259630
 97223
 383069
 657946
 319143
 740781
 988752
 75496
 744369
 564668
 735336
 167983
 419010
 366416
 104080
 1097681
 963088
 208587
 366908
 733692
 616223
 739257
 778334
 593983
 760730
 868534
 544088
 155526
 462551
 684705
 259240
 165189
 391018
 473568
 41271
 41540
 194224
 354259
 135129
 696985
 111962
 267302
 281502
 189615
 518936
 812289
 917997
 882512
 839902
 1019046
 1061690
 117713
 783817
 156738
 63596
 406704
 222794
 133838
 965646
 366006
 745671
 503813
 745352
 1006152
 359403
 722977
 559878
 733007
 361674
 111813
 61107
 292248
 230949
 445993
 741069
 434399
 980722
 6265
 97159
 1019465
 612349
 9051
 33039
 682723
 22692
 877287
 11773
 540869
 1030485
 485352
 1042563
 639243
 38478
 688994
 539911
 379809
 152090
 843851
 640145
 278974
 1088050
 406217
 755067
 343156
 979906
 754468
 732779
 581357
 442765
 524874
 1034403
 980386
 242850
 694858
 981914
 558670
 980784
 931895
 47454
 434030
 548575
 844654
 513771
 885860
 708445
 464335
 968365
 463923
 548286
 409080
 241246
 867902
 418312
 548154
 386815
 1075042
 314956
 46108
 139907
 309325
 524793
 1008963
 183483
 362488
 334666
 792168
 716318
 150046
 99009
 295891
 968333
 365011
 973309
 924593
 153492
 234051
 754859
 201102
 248154
 710528
 442493
 959999
 911130
 208590
 761953
 502552
 152205
 330681
 473097
 36905
 216596
 888054
 308487
 105671
 973500
 489821
 208835
 358981
 44296
 872344
 841944
 1073118
 250681
 951708
 466006
 172587
 431450
 795316
 202739
 496590
 585412
 309230
 420837
 58437
 854090
 681217
 142045
 856551
 19935
 731856
 570059
 746973
 282041
 865648
 49405
 571148
 288096
 475153
 521073
 786155
 725908
 480512
 178403
 595310
 297324
 136719
 987548
 723567
 962960
 340359
 312280
 110101
 150829
 917087
 329029
 874110
 687323
 710020
 486831
 1024127
 157972
 803530
 749477
 62560
 918100
 309107
 397821
 270656
 381778
 64080
 609859
 772163
 500748
 980231
 324160
 586474
 806770
 968548
 13572
 921735
 526013
 1041722
 277840
 941113
 764742
 1034773
 8025
 334977
 811565
 106542
 345740
 89077
 1079062
 782597
 705005
 1011024
 827411
 566263
 743350
 1060653
 348461
 486549
 479360
 60370
 531721
 316502
 391200
 870535
 587224
 929519
 942776
 359239
 1024469
 525816
 363950
 746624
 356273
 990828
 8241
 617160
 702233
 767282
 444973
 33544
 197076
 50686
 666951
 790030
 360229
 781083
 609353
 566897
 823309
 921026
 649570
 333766
 846273
 827861
 976540
 67404
 1046347
 887102
 1040652
 814654
 463556
 632707
 205249
 954117
 782100
 932684
 200050
 996397
 26152
 31304
 162865
 504279
 278957
 653125
 1035025
 349641
 983200
 634010
 299434
 992473
 635094
 429977
 693979
 719082
 676055
 910331
 537463
 691457
 997571
 58490
 362823
 192145
 620683
 573160
 847530
 158189
 985547
 426116
 894422
 712574
 1003537
 998076
 474774
 705207
 802658
 721835
 889671
