883861
 814280
 832034
 1001532
 256634
 1084818
 90627
 269628
 87185
 530493
 545918
 748302
 862524
 208481
 331899
 509440
 113405
 188332
 141295
 1060118
 372576
 343257
 510159
 808226
 244835
 275083
 453939
 831293
 667071
 212577
 627395
 306805
 761984
 822778
 628983
 421182
 534223
 103411
 593686
 18967
 582443
 893863
 938411
 804785
 925631
 100207
 433086
 549148
 849046
 501306
 810982
 78262
 526016
 881152
 603951
 194220
 328981
 456500
 71571
 364208
 745657
 814628
 661391
 639265
 637512
 804668
 951193
 531583
 521936
 551135
 966592
 601608
 761348
 1026021
 1018127
 65899
 766534
 76982
 649753
 836573
 484738
 1073207
 381650
 781691
 8506
 1021184
 131049
 784020
 578238
 691683
 1009789
 1007989
 448244
 623935
 1050294
 224828
 1015705
 222812
 646694
 866327
 485802
 703452
 426375
 816968
 1034525
 899647
 672582
 828132
 696482
 966021
 419437
 111925
 278881
 780930
 592488
 636734
 918531
 781058
 962877
 456624
 767231
 498108
 206744
 105885
 884231
 908147
 685500
 849719
 1043423
 1026608
 565592
 725897
 776528
 151759
 301355
 313475
 353687
 1070720
 455794
 1039645
 668737
 416438
 35820
 676019
 771591
 433451
 906527
 829541
 1018896
 494377
 380974
 656194
 1058763
 528669
 176469
 46975
 901312
 972996
 90015
 236988
 531063
 798073
 457024
 1059686
 885012
 800104
 118821
 259969
 101397
 930195
 182373
 217742
 323993
 1058223
 6297
 1099350
 794158
 156483
 660058
 200704
 588833
 383354
 531403
 157252
 589715
 632309
 228209
 663816
 415902
 145919
 192980
 363948
 35145
 216535
 362892
 1002859
 825764
 1064757
 725347
 324192
 797602
 848585
 340236
 92824
 652064
 966216
 770947
 274679
 809075
 988014
 624039
 888821
 730558
 725836
 939891
 401697
 315225
 945033
 160535
 670064
 1053407
 238609
 243627
 342799
 868299
 391998
 985502
 379795
 996394
 643016
 1013899
 197936
 644764
 368501
 167379
 486785
 926357
 87768
 862002
 700064
 29821
 250416
 814670
 1035278
 552361
 260773
 548601
 434076
 628924
 92550
 857874
 339799
 146919
 356691
 265159
 314565
 1020527
 518876
 467367
 914214
 541747
 715397
 394197
 262258
 594193
 305519
 135845
 632653
 493785
 1091088
 609184
 402347
 59458
 731451
 143378
 72950
 1025900
 638214
 76333
 410669
 363029
 961375
 692200
 978927
 5439
 694961
 1046802
 575748
 378996
 445898
 660774
 890977
 1046414
 625181
 99933
 955298
 1094901
 705419
 297629
 274945
 356076
 1075615
 877229
 182568
 641198
 648455
 984511
 845222
 1026848
 922560
 315141
 557556
 107603
 837473
 803348
 1048684
 210827
 522128
 16414
 129414
 682271
 622092
 342280
 740093
 146611
 794760
 322072
 659134
 882488
 189363
 597554
 664160
 149149
 662708
 1067815
 640698
 145777
 233484
 524427
 393314
 375997
 260803
 1028258
 825637
 882260
 386831
 771982
 52600
 416830
 13857
 1044082
 875354
 705689
 388317
 1048282
 415657
 231962
 915873
 378817
 103835
 657917
 222382
 191412
 174089
 249304
 580059
 762675
 456052
 960131
 160820
 773383
 174976
 338429
 589172
 402690
 89199
 273313
 1032825
 1082741
 27387
 1050884
 357070
 693101
 1033831
 588535
 490777
 192017
 542285
 1072968
 949132
 38561
 1021521
 444062
 281399
 140523
 772825
 189633
 671576
 166795
 114895
 812992
 916611
 240398
 522474
 41346
 385693
 483938
 984329
 807793
 964139
 1004084
 998845
 834343
 208096
 423340
 731654
 416541
 197077
 147477
 166392
 231017
 1051089
 1055522
 409624
 388405
 502054
 101258
 998555
 750801
 66190
 225648
 170346
 85734
 328824
 900458
 262114
 565289
 192796
 472121
 812027
 1059156
 233746
 567659
 648261
 356238
 547638
 209976
 388206
 891556
 1027072
 339063
 133610
 1062453
 576258
 847641
 464708
 80917
 511996
 824673
 754955
 607140
 219554
 13073
 878613
 1072343
 346603
 1017159
 299363
 738206
 1051349
 519145
 279281
 823328
 570626
 930497
 286120
 372554
 96596
 296723
 1080919
 1072658
 580451
 794959
 247613
 486976
 1096282
 570395
 128651
 412067
 685409
 285702
 1079631
 133561
 1097978
 146941
 991420
 917126
 412043
 841949
 289879
 1035885
 442958
 977317
 255928
 1041461
 675898
 766341
 544902
 444333
 1071052
 1032809
 429634
 984334
 837384
 1070826
 914868
 99138
 85029
 510007
 463019
 366426
 467365
 628467
 719779
 193882
 657805
 232346
 191685
 521694
 880260
 849943
 230204
 461935
 764652
 1016272
 759435
 561452
 939712
 426583
 873879
 112988
 348711
 215774
 518153
 339394
 975143
 1002675
 952616
 523280
 916830
 811063
 321340
 1027769
 26249
 790646
 473507
 732155
 61601
 133299
 246306
 114515
 275709
 407367
 527298
 378554
 343986
 302798
 629286
 591237
 568667
 235719
 963387
 365597
 273632
 592530
 439812
 946407
 129025
 679741
 112241
 264598
 284317
 40441
 878328
 188906
 1019244
 253177
 228565
 1073948
 466484
 309230
 831020
 1034432
 62874
 242972
 1039321
 787972
 929394
 581176
 857405
 347526
 944484
 233748
 94567
 965053
 749168
 386438
 351183
 604632
 243641
 410798
 324357
 422654
 710124
 392649
 222239
 70238
 716052
 987067
 899933
 437925
 564409
 925193
 42249
 652215
 377685
 1009431
 147752
 768076
 158968
 758639
 920984
 719075
 59448
 185720
 461945
 118333
 317201
 956188
 98175
 61084
 511428
 876034
 1007364
 46127
 716590
 1051830
 951231
 13279
 903425
 906888
 330978
 695886
 473366
 613748
 56799
 305726
 594961
 1099500
 193770
 635565
 387708
 322315
 614935
 836844
 767381
 906167
 10393
 419609
 161109
 227066
 926724
 808531
 142757
 528654
 653148
 105353
 247051
 51061
 181064
 997412
 438543
 634043
 330559
 478712
 820215
 501366
 17887
 208831
 161064
 1001798
 436414
 891183
 889833
 434394
 483940
 994300
 176095
 975891
 776043
 989796
 410450
 1041581
 599902
 1083786
 207070
 922027
 607392
 571649
 1072839
 401541
 1056496
 831667
 485979
 887659
 824983
 914877
 211326
 1023203
 183208
 188608
 332594
 419762
 1026125
 112796
 354892
 386525
 72723
 27430
 482188
 381823
 275457
 96099
 241540
 471062
 299658
 586650
 522134
 232573
 1080617
 281613
 321457
 1081878
 358232
 153033
 338427
 256148
 721685
 808923
 493384
 519749
 1007463
 513534
 579000
 740302
 825973
 841940
 273197
 319355
 726655
 1017625
 859462
 133415
 9778
 113539
 831486
 383663
 911440
 187371
 326647
 387180
 799608
 417685
 773314
 310708
 557505
 1085944
 556114
 516110
 17315
 168072
 554326
 907955
 460586
 468723
 1091488
 494077
 293292
 501337
 547474
 875893
 951600
 7754
 198663
 92315
 32527
 312499
 204993
 699957
 705904
 1700
 293082
 228790
 870517
 63186
 998778
 209499
 135277
 341641
 256235
 328776
 1041346
 313507
 77454
 109755
 739844
 627246
 834547
 931413
 1063139
 462004
 314209
 543956
 110037
 353382
 849135
 833947
 444883
 621039
 929936
 561002
 110515
 965629
 569138
 595404
 269952
 835544
 926390
 226554
 350239
 737313
 537421
 951346
 264940
 860168
 571698
 820223
 784393
 428746
 240985
 437310
 459583
 15007
 6868
 901245
 512217
 950685
 753813
 513396
 352175
 1073062
 1080491
 262039
 59574
 22669
 139956
 809967
 591389
 891143
 389586
 1056128
 97361
 50325
 270590
 241539
 133483
 756488
 597734
 173572
 836407
 763576
 633593
 920451
 986269
 576826
 753676
 163779
 744023
 149978
 299429
 758339
 419404
 38522
 712506
 1003095
 231521
 1098381
 157259
 920579
 324320
 548604
 200498
 498365
 303411
 56535
 961322
 40721
 321338
 347773
 669375
 518396
 248214
 959229
 468562
 786730
 738711
 568199
 688996
 1031984
 93522
 982962
 697077
 69644
 755696
 966413
 51379
 823684
 258703
 415865
 185011
 52447
 474
 434732
 871378
 42598
 123404
 1026627
 444400
 653852
 552867
 352236
 239572
 434484
 352951
 9454
 445815
 306277
 834883
 655683
 589600
 689070
 642622
 572051
 432744
 955982
 274180
 403964
 7817
 24833
 155629
 777218
 639231
 201315
 493599
 299660
 97547
 712779
 51231
 450286
 544938
 365404
 378151
 437322
 1076467
 92195
 829771
 813689
 592230
 833913
 739940
 604946
 793238
 6730
 753513
 908459
 451040
 700230
 1098935
 603868
 120949
 964881
 950407
 167127
 387711
 470507
 406256
 78850
 142027
 827543
 1032632
 924650
 532244
 109131
 920974
 373503
 389344
 425020
 366533
 604235
 272316
 195066
 54922
 81105
 771239
 948260
 4693
 174200
 914329
 928936
 252903
 1060545
 420803
 858360
 115596
 135058
 193344
 918766
 55874
 668853
 183763
 54504
 314303
 796347
 952673
 934753
 88126
 1031216
 681530
 621078
 996715
 329570
 884156
 817969
 1000158
 587456
 324247
 927097
 560153
 592066
 785306
 1087420
 1024412
 847639
 332996
 499766
 51718
 401260
 350084
 714174
 1047566
 893432
 790727
 886566
 676281
 846511
 1024504
 941295
 610298
 219055
 123119
 146415
 792522
 919092
 638014
 413197
 1094697
 982842
 258787
 198721
 711513
 114449
 1090443
 826676
 223468
 95141
 241657
 117672
 743921
 963978
 995947
 190211
 335415
 341455
 310603
 742317
 552715
 239094
 666473
 70294
 135376
 1081035
 382999
 348908
 554471
 445352
 65734
 709570
 249416
 587206
 612626
 1080620
 557601
 47290
 624331
 688075
 85237
 69580
 1008982
 369666
 579651
 861712
 15837
 666606
 1029712
 598925
 756588
 901827
 943765
 865985
 384693
 508764
 235564
 1056852
 651506
 1024996
 967836
 685188
 863039
 106292
 833019
 809381
 554339
 580380
 113098
 502190
 932641
 1032417
 614384
 392117
 336227
 896263
 155453
 955281
 578127
 289771
 27542
 739774
 646801
 496797
 700412
 1039755
 318768
 646831
 60209
 37310
 1061381
 607805
 176393
 945105
 923680
 796797
 891726
 828433
 411899
 935753
 528341
 1097836
 178285
 541916
 562288
 707032
 417968
 62951
 118737
 4171
 872367
 164480
 200369
 1099994
 333275
 739202
 427584
 1006011
 189983
 493710
 515324
 208892
 212160
 475930
 510877
 707356
 587961
 514396
 483703
 597754
 51520
 69097
 369261
 745677
 239433
 745866
 585378
 357089
 460656
 211624
 922384
 105336
 972958
 537689
 155878
 22560
 363691
 592076
 619901
 294813
 900631
 150892
 507283
 575888
 375777
 497972
 401471
 130295
 771840
 856723
 1038893
 741384
 892089
 1066515
 471098
 1070286
 1057196
 1005362
 231540
 65217
 513742
 686363
 899975
 989105
 73644
 835652
 371955
 389213
 641634
 542470
 954399
 224225
 283938
 278257
 114607
 962329
 160950
 777109
 678835
 756900
 448279
 229043
 529353
 794227
 732583
 217616
 140613
 933354
 883337
 114131
 125689
 395786
 1016599
 874164
 780456
 237936
 1033734
 738229
 84721
 344856
 307342
 355880
 1072739
 678772
 676833
 237869
 956233
 981901
 1034901
 1027403
 1021683
 405294
 838388
 114813
 206810
 661288
 14835
 415978
 117781
 1091844
 270988
 677279
 428083
 589775
 1001429
 207191
 31952
 489780
 690945
 650788
 106636
 16936
 886161
 443559
 1009022
 399933
 433397
 1092318
 640074
 765624
 216586
 467439
 327223
 514028
 873060
 373961
 707278
 814302
 841581
 1030243
 133680
 549351
 139040
 833696
 455134
 467733
 988970
 1068940
 225944
 95529
 897445
 36610
 243705
 883099
 594210
 848992
 130660
 623029
 275218
 704250
 173330
 624261
 1002352
 236079
 981694
 732599
 919399
 266377
 621478
 458457
 332234
 1044633
 91982
 140977
 1067837
 218539
 681264
 869994
 1078852
 174799
 102670
 417819
 315929
 227562
 413892
 690287
 742616
 146099
 336575
 459871
 103934
 336509
 1034686
 930464
 1003735
 170488
 867070
 470225
 1085925
 1019736
 203816
 354400
 788568
 792138
 367321
 46303
 396786
 1055621
 311671
 50547
 985465
 525335
 889895
 668960
 725556
 877251
 345392
 683049
 697767
 710616
 75222
 490188
 59928
 822968
 504936
 595572
 81795
 874824
 406654
 250777
 759630
 711788
 397656
 971691
 258261
 231728
 195344
 948442
 512133
 706907
 184278
 493793
 1074651
 988406
 158320
 896385
 517593
 810013
 1004841
 627696
 34475
 1055177
 547749
 535370
 402382
 772635
 391670
 404366
 788107
 900778
 724199
 869265
 552617
 299562
 36037
 626929
 553236
 388258
 812281
 188398
 57734
 147089
 327075
 665897
 902654
 883101
 611718
 704643
 1066474
 94585
 1043734
 1069627
 896980
 156136
 879002
 330603
 340526
 31479
 358024
 10617
 378591
 1064171
 601564
 105800
 781321
 789611
 280799
 946425
 516576
 567739
 788428
 280624
 610281
 1090425
 808729
 721223
 639145
 373868
 135060
 974796
 73377
 1079848
 788434
 258855
 640477
 566585
 55327
 970011
 578476
 63821
 759549
 531089
 1078219
 753902
 65354
 457751
 262665
 446563
 44581
 904889
 152801
 1036662
 855452
 721986
 53490
 640658
 403435
 215806
 626252
 641093
 1062531
 507629
 600926
 398563
 226177
 417100
 259156
 430967
 242957
 892267
 573887
 64279
 594495
 326152
 545907
 447364
 1084828
 173482
 235763
 441799
 624116
 507846
 180392
 275698
 899062
 1006654
 405452
 675609
 27287
 1023054
 909033
 604333
 525042
 568933
 233244
 554477
 668850
 1089116
 974383
 53269
 915649
 547487
 1024513
 689770
 269122
 1074923
 1008934
 1090300
 781142
 570269
 320697
 542123
 110030
 97273
 371445
 472544
 910069
 489809
 811734
 110280
 985302
 542866
 466681
 33530
 425676
 626239
 192412
 390461
 1033081
 717931
 206121
 9761
 12868
 14369
 723687
 152741
 798011
 921722
 300155
 587633
 917936
 1022319
 923933
 1072240
 144674
 600310
 492445
 774278
 254887
 302660
 641244
 197887
 17291
 380613
 734318
 317359
 938561
 550403
 69396
 451206
 197054
 478748
 457422
 723912
 939105
 975320
 605685
 936293
 426359
 176058
 861798
 320002
 737875
 334142
 939122
 309525
 207882
 482438
 958471
 1030157
 623317
 711842
 817788
 355219
 391114
 66343
 883202
 299217
 808884
 215205
 277043
 750770
 673613
 231242
 39577
 158346
 945411
 798197
 610275
 670962
 307269
 594336
 1049326
 801380
 1006600
 513338
 862113
 1086970
 49714
 446324
 916322
 950335
 132753
 209004
 14672
 735927
 387867
 899100
 1017433
 835275
 255677
 153847
 990109
 851579
 997378
 340855
 1262
 681604
 492809
 595979
 103518
 286373
 988995
 949456
 670071
 371637
 1084633
 1022861
 759229
 448185
 638719
 472940
 811984
 745751
 188381
 988518
 822749
 243221
 737280
 289674
 924006
 70327
 111487
 35251
 53108
 299110
 55486
 344350
 1037943
 807926
 387396
 275887
 1083206
 678208
 341237
 900219
 51010
 603134
 1043991
 493604
 929214
 37294
 624176
 942265
 828348
 124689
 66234
 449683
 282853
 735601
 853034
 45866
 972339
 263203
 596137
 138554
 271008
 174260
 747744
 278928
 976348
 685553
 1000258
 852288
 817103
 56857
 60662
 982549
 286180
 643940
 790044
 450618
 118555
 321973
 178551
 677599
 872754
 394541
 727436
 44189
 957872
 282937
 960918
 727526
 273952
 672272
 441684
 1028585
 371518
 936912
 598802
 900214
 874655
 748659
 200883
 1006412
 675339
 965949
 232418
 772838
 734053
 507409
 839562
 780558
 1004061
 97847
 938986
 283413
 434448
 208108
 907036
 708782
 97685
 189981
 356444
 1056833
 624439
 210771
 753683
 883687
 442903
 584515
 531192
 423573
 357869
 80692
 172896
 1099256
 76908
 973740
 857029
 1081540
 146750
 567799
 750785
 712721
 891108
 280011
 362241
 310255
 573005
 939512
 786476
 229170
 666672
 1026224
 1055700
 324228
 218352
 291981
 403100
 858013
 96433
 647901
 784979
 138398
 891673
 44232
 976764
 242637
 204939
 466917
 29674
 987382
 782685
 123256
 822203
 300968
 954000
 772271
 110788
 1061141
 1024367
 128471
 1029550
 149304
 864626
 152128
 902409
 815230
 918568
 516470
 115057
 791674
 988424
 33977
 770009
 301056
 260679
 701833
 973262
 271358
 295662
 278323
 652053
 744539
 373466
 630593
 728379
 1072447
 122880
 861917
 860842
 428335
 48926
 218440
 440083
 587831
 711008
 712506
 617698
 982223
 635854
 665206
 351449
 510957
 89271
 601416
 189423
 366652
 610695
 304038
 200365
 913225
 404370
 361721
 810035
 1011845
 697780
 503585
 40839
 637558
 229476
 961578
 995924
 636887
 375478
 18533
 559777
 643980
 458452
 587944
 389732
 984363
 790656
 935369
 1085772
 652471
 582258
 672161
 812021
 432581
 258787
 570345
 536843
 564822
 402156
 607448
 263755
 888352
 354753
 253424
 744963
 315962
 455474
 157375
 877779
 426002
 801156
 142322
 726488
 918163
 1000319
 901745
 748922
 465830
 316458
 284123
 259452
 568961
 208101
 269800
 630513
 538051
 859737
 844848
 1012778
 316222
 932086
 47128
 15045
 129647
 632782
 90486
 367068
 421525
 142933
 17030
 373907
 58330
 984412
 330451
 361926
 712170
 454637
 991367
 1092406
 417942
 146466
 801813
 235993
 492135
 394128
 84137
 890070
 402379
 741679
 863216
 30086
 955615
 376259
 760483
 814629
 601624
 749034
 665472
 186866
 1067358
 177897
 1024709
 904756
 489481
 379116
 431174
 225145
 218923
 308387
 51376
 233314
 490753
 423147
 786133
 783992
