540431
 248450
 73608
 348636
 391300
 850540
 204412
 303233
 441155
 622677
 819173
 436269
 463005
 292925
 287564
 505386
 656023
 592579
 191206
 120958
 722152
 821044
 38494
 209688
 974696
 844370
 490550
 665523
 840097
 1051915
 307470
 285441
 522692
 202752
 1005771
 809505
 1014917
 928509
 452600
 911152
 335201
 144364
 122974
 387648
 185927
 568028
 28844
 877985
 322825
 331161
 826572
 622177
 551096
 325444
 309153
 281726
 319467
 607800
 804869
 538357
 768261
 74414
 443946
 420862
 564319
 566529
 257073
 857178
 387903
 352722
 440491
 147999
 544212
 394787
 337515
 405888
 91947
 403241
 336086
 547943
 352354
 118920
 318236
 450304
 524331
 844838
 786418
 638113
 683321
 206246
 81170
 228226
 511229
 1030227
 913362
 466634
 934831
 937831
 178539
 934759
 14352
 972034
 356775
 441810
 778552
 716126
 662721
 1017326
 848170
 343519
 221628
 78724
 130984
 410362
 418380
 1093920
 636186
 77978
 145333
 430983
 679378
 562100
 239478
 896334
 735493
 125715
 203331
 333053
 431566
 949026
 914759
 994768
 533406
 330774
 412183
 925607
 127993
 392518
 361479
 88792
 756614
 770645
 269549
 283713
 348698
 879965
 266425
 993726
 491716
 664451
 529386
 1021621
 941116
 528400
 305083
 562291
 1061004
 644994
 1095966
 1088269
 247359
 54641
 811794
 366614
 981354
 410423
 208867
 273470
 945006
 1065782
 956290
 883479
 207754
 31773
 476015
 126403
 1060539
 939241
 371098
 944479
 982005
 292322
 669964
 490345
 88606
 11319
 385859
 529001
 91819
 1063664
 271120
 1032959
 967580
 783641
 837559
 877108
 769111
 57715
 708094
 700369
 718019
 754111
 726281
 143133
 648907
 893704
 715433
 241537
 400124
 171789
 777457
 860195
 892575
 725087
 21166
 267139
 295043
 877875
 937912
 472072
 19927
 751590
 589847
 79078
 260461
 314646
 88404
 729467
 416494
 623000
 116105
 555681
 882648
 294346
 265267
 180614
 131621
 66324
 564455
 619880
 97372
 484632
 739002
 229196
 782610
 1062498
 212876
 561918
 722767
 1046260
 768405
 732332
 1041100
 431868
 851586
 597194
 933659
 424897
 782100
 374849
 291245
 393693
 448859
 180786
 479638
 905989
 836248
 995025
 550847
 227230
 133504
 313090
 1000126
 945869
 905819
 763296
 170627
 555703
 849130
 477872
 1768
 14848
 312274
 836606
 964817
 707826
 5021
 781102
 55856
 617151
 379140
 395870
 305050
 370133
 754472
 560133
 298452
 483743
 393390
 723967
 735732
 852636
 981019
 1047681
 760622
 953002
 833262
 634356
 171036
 1076885
 1089775
 277611
 792994
 20525
 37248
 282375
 707329
 893320
 556072
 1061448
 871051
 913497
 695566
 926595
 776060
 240597
 46922
 559736
 1053812
 332397
 279238
 831258
 721871
 466596
 381356
 40547
 885356
 976793
 484142
 668074
 342028
 901376
 634194
 783326
 55317
 753813
 933772
 1021112
 876142
 648880
 935352
 697704
 684807
 319676
 1016178
 409401
 981830
 448364
 648623
 120454
 497975
 1036991
 146385
 37772
 1073034
 882130
 181482
 751524
 518172
 437083
 696857
 935202
 957031
 102523
 556053
 763581
 81510
 319110
 422153
 864729
 547101
 479972
 646296
 851783
 706694
 227379
 822421
 390390
 74689
 877540
 710909
 550539
 13467
 972180
 837922
 864029
 698289
 39336
 545352
 376254
 384297
 755539
 234195
 851867
 962074
 572227
 647946
 973554
 849970
 483500
 696980
 638721
 661802
 725996
 14137
 295718
 58226
 820255
 1032923
 985711
 163611
 668758
 558353
 1090099
 550393
 377850
 152319
 228647
 437113
 837878
 482518
 909223
 601656
 930094
 546189
 1008618
 1068360
 574583
 576800
 434359
 242828
 555686
 1032701
 241727
 747639
 175277
 478409
 963867
 966544
 927885
 1051908
 1034383
 80346
 600489
 496596
 290301
 493931
 145615
 826190
 765463
 702860
 832773
 1020204
 232175
 945512
 1054649
 241825
 547697
 1095325
 806819
 863346
 387876
 132458
 906146
 963959
 914392
 237435
 5130
 1074427
 1009527
 608005
 47637
 979961
 521641
 795676
 790977
 383811
 18533
 687658
 894270
 42651
 95389
 160549
 819030
 534817
 373337
 978504
 598304
 258947
 986185
 947581
 567034
 92494
 969300
 458130
 812934
 633641
 150664
 511346
 55520
 1070167
 989183
 994148
 236220
 362345
 763457
 523407
 290678
 617904
 42104
 1022169
 17382
 66585
 30927
 771727
 1055106
 1032538
 958128
 551442
 469477
 784346
 408852
 253978
 372007
 362886
 286472
 750754
 804001
 24941
 1085686
 519120
 892848
 505025
 479467
 520103
 477510
 125037
 631250
 362401
 702462
 738140
 1065475
 1061466
 139641
 1048940
 479680
 454703
 960741
 31057
 732296
 467441
 324951
 5566
 1006381
 490142
 138774
 495013
 30663
 383175
 926343
 356465
 126053
 267444
 16288
 670761
 891971
 577365
 1050327
 918702
 910725
 961233
 923828
 881816
 231317
 319556
 409911
 1094610
 526335
 581481
 701771
 82567
 209357
 204670
 234290
 1005653
 107984
 802821
 215663
 645992
 339773
 287100
 695064
 369819
 470158
 532694
 736000
 406038
 128387
 159212
 780957
 143415
 525807
 438211
 307609
 1013664
 348139
 365370
 347345
 762019
 954458
 915005
 537373
 317009
 380855
 162145
 753608
 157695
 57944
 742499
 1085008
 842915
 916316
 3245
 800560
 59570
 454703
 140089
 171861
 909827
 329671
 422908
 84796
 185489
 812632
 918570
 328877
 16707
 547185
 2181
 868187
 133098
 453544
 450177
 1083580
 619838
 988797
 206840
 610530
 515204
 184614
 302476
 457853
 753768
 529959
 287411
 394034
 190141
 708767
 1072658
 421713
 397459
 501856
 294987
 232185
 525955
 768644
 243440
 86449
 746922
 843237
 735018
 787511
 741708
 201571
 551117
 287155
 586582
 385820
 327191
 628037
 840679
 314585
 829100
 565753
 483782
 501546
 615974
 363857
 759756
 600246
 127808
 288223
 422141
 1086528
 601686
 1083642
 783685
 322273
 885554
 997784
 418670
 544863
 123064
 474245
 415854
 484678
 934967
 789185
 556006
 612264
 469219
 1038908
 1031763
 603092
 1063885
 552534
 857339
 1029228
 376368
 604665
 421438
 1058506
 1053749
 759512
 284411
 829819
 455369
 145211
 508425
 965790
 987732
 507397
 710163
 303548
 214126
 417645
 1007286
 127247
 761649
 968051
 995439
 596922
 280783
 81890
 591022
 485763
 915099
 236186
 453529
 957834
 1093611
 42866
 759435
 291034
 767078
 678888
 429643
 769604
 977077
 320631
 904677
 331110
 539398
 21325
 365525
 794181
 963585
 653984
 510090
 590389
 550816
 20909
 202065
 2621
 513501
 987947
 647676
 89870
 172125
 1068935
 578035
 116519
 221418
 680291
 1081198
 710234
 1078438
 600339
 826772
 245172
 196548
 621348
 881098
 719156
 1010702
 563339
 292103
 688681
 897751
 1061698
 122772
 347663
 183033
 754492
 267879
 263164
 534817
 771519
 1076283
 1063618
 728706
 104171
 915549
 545547
 335782
 622991
 445737
 969137
 298065
 631032
 268556
 184461
 774562
 806204
 190940
 774775
 271413
 888598
 314051
 699690
 267460
 86148
 414665
 290756
 158296
 972318
 184381
 1034506
 405294
 234472
 742024
 395400
 214912
 504793
 734460
 45890
 417407
 864611
 40656
 377329
 211344
 1088836
 535621
 276701
 221608
 771049
 460627
 854934
 580603
 950787
 325693
 627673
 494768
 1064486
 417347
 1047163
 626956
 635293
 832861
 1073895
 149645
 224238
 1068491
 304818
 471873
 753727
 476437
 208814
 284251
 809959
 1008580
 185874
 50358
 325534
 203707
 400963
 471677
 1071217
 628816
 59530
 390013
 1085497
 911014
 497381
 824874
 992445
 736672
 837405
 156527
 529835
 428949
 564955
 929640
 5416
 407289
 315973
 454472
 963155
 1081550
 900903
 522387
 720528
 938089
 581149
 920045
 311010
 559267
 881257
 992643
 349102
 824851
 28629
 269803
 675923
 788209
 1074132
 714521
 43271
 233417
 343764
 466554
 954385
 532818
 714683
 150062
 897002
 439767
 535273
 1206
 178724
 805780
 510599
 654820
 123602
 973782
 160871
 621409
 427550
 87808
 647547
 339063
 441861
 1004824
 926065
 10101
 419921
 207120
 1095420
 387456
 500216
 490209
 469882
 575123
 14107
 469597
 947724
 569243
 863568
 639844
 107766
 31788
 808223
 1049225
 309310
 34731
 244995
 522621
 862907
 665569
 635801
 537551
 810953
 865096
 4583
 914001
 522325
 775643
 674054
 733118
 727297
 623148
 639053
 106627
 591789
 262140
 851677
 913790
 433668
 1062630
 734298
 462032
 443175
 66336
 459218
 228015
 448670
 231193
 886548
 942168
 555514
 895741
 828035
 190304
 96876
