352800
 824542
 381728
 140339
 515813
 520792
 192883
 960980
 1002546
 670258
 426974
 598112
 822439
 287183
 623891
 497583
 412224
 578355
 930258
 796893
 240186
 692648
 846880
 523532
 536969
 251994
 354695
 369877
 447854
 143525
 175362
 176991
 366959
 410953
 38706
 519738
 93279
 425244
 120815
 252019
 33934
 579404
 637507
 781207
 463339
 275393
 822188
 462375
 123873
 879097
 504300
 741805
 324876
 441197
 254031
 519464
 78690
 77161
 39936
 168082
 933039
 934174
 342627
 246346
 652144
 899061
 223154
 1004553
 665006
 54366
 492719
 826712
 152910
 915707
 56994
 989652
 490674
 760911
 680741
 874037
 659516
 271167
 1086003
 166184
 855487
 1037715
 946476
 149600
 67581
 188762
 467250
 1098784
 20976
 14582
 565030
 226888
 117706
 299848
 714209
 393982
 461534
 575897
 147944
 803848
 290170
 356826
 54263
 67155
 744939
 297371
 647402
 941781
 746630
 189628
 154968
 1088340
 133606
 737361
 183190
 169653
 1021608
 340113
 609937
 1006458
 14920
 580286
 656030
 215156
 934931
 53719
 410395
 688714
 1004752
 581661
 558248
 967946
 228228
 718556
 581523
 1058006
 608993
 23207
 493604
 42439
 58595
 925464
 599299
 550479
 178307
 539342
 1023233
 366285
 190861
 558396
 1021318
 450382
 692174
 901679
 741781
 645737
 802804
 152908
 75486
 341641
 918037
 1090165
 764583
 940455
 322530
 53845
 741483
 978453
 500736
 470474
 1080479
 22576
 679334
 95493
 194150
 398555
 219328
 688875
 873368
 297176
 127624
 500873
 210609
 854361
 78212
 964819
 211396
 73788
 178466
 502323
 930674
 284196
 1055571
 1075483
 438599
 488718
 127930
 638726
 600854
 151678
 959773
 556106
 558210
 117923
 750725
 327575
 533809
 328408
 330187
 416627
 1050934
 416426
 999546
 916166
 957842
 500403
 322012
 491959
 1095950
 183146
 623036
 1039378
 823578
 797481
 618326
 519924
 715922
 178596
 393359
 217021
 1076445
 339632
 894289
 921294
 237968
 822438
 231615
 713390
 773714
 44072
 618412
 901571
 596334
 1012144
 1011228
 225854
 472394
 134053
 1083730
 644800
 175964
 159840
 241376
 140964
 161749
 378355
 796461
 735054
 123405
 453177
 621172
 944440
 393647
 363015
 986980
 57028
 626715
 614389
 777378
 496270
 418140
 120016
 771035
 479927
 818575
 655943
 704342
 315157
 463678
 1089463
 619944
 365841
 686500
 218942
 493645
 569502
 541426
 870302
 647882
 155417
 1042392
 116468
 826186
 806560
 833499
 535502
 361699
 709570
 438586
 451088
 359324
 1016412
 872700
 652550
 107055
 722745
 478219
 411951
 966239
 818783
 502456
 182691
 261313
 39414
 2841
 679844
 865381
 794003
 297426
 819168
 45119
 614850
 889242
 59035
 1087418
 440303
 1070779
 476397
 738022
 37555
 186950
 267944
 1028840
 990417
 744665
 39374
 418957
 379425
 883381
 1081777
 970989
 59171
 295175
 164290
 620499
 474258
 711207
 937119
 1086802
 137239
 121636
 967189
 387489
 961513
 992259
 145645
 474703
 170092
 873779
 899523
 889008
 370974
 89539
 989024
 292104
 1009746
 603463
 313113
 41761
 370051
 224435
 886532
 460174
 663382
 154185
 941996
 324270
 798099
 623666
 1014828
 870985
 505081
 17750
 529354
 25526
 962921
 577270
 698032
 76169
 646464
 45414
 536981
 878680
 513904
 516597
 390337
 593038
 477051
 681889
 162565
 357133
 42071
 493938
 742818
 1047624
 1031289
 1085299
 498530
 180296
 972957
 421494
 239793
 776093
 927111
 441256
 379271
 471132
 572972
 334112
 1033722
 318154
 81246
 270888
 920597
 391197
 886765
 355635
 428436
 897361
 958700
 659420
 839979
 62445
 736213
 405998
 1032106
 901868
 555886
 441252
 992058
 204160
 50760
 236989
 379736
 516658
 482011
 977313
 731577
 1041418
 78418
 172171
 332079
 255447
 547119
 745775
 398847
 139593
 428407
 1001923
 654444
 165349
 862651
 553345
 900161
 843634
 449504
 615899
 930858
 905369
 534190
 698346
 523416
 846436
 962164
 114702
 121437
 934647
 492438
 1026582
 571808
 400088
 311890
 265320
 801799
 497317
 894739
 1083885
 1045912
 62638
 505552
 126789
 26365
 801866
 999014
 722140
 1016283
 504326
 556694
 1047421
 546589
 927917
 47425
 1045580
 507589
 6613
 291970
 839648
 908761
 318717
 456362
 787057
 644692
 257607
 53865
 1080398
 219989
 147635
 353667
 860769
 816301
 714623
 145227
 863245
 459058
 1091949
 121710
 636057
 844115
 457400
 643602
 843721
 677261
 298807
 296124
 675576
 678807
 832536
 397043
 450916
 439141
 1059262
 264350
 242144
 101327
 1013118
 300515
 60660
 140394
 471748
 186913
 654147
 416484
 226823
 179110
 1012440
 120014
 405116
 391047
 1057038
 532176
 495299
 33459
 648748
 208679
 762689
 880571
 211128
 901479
 777735
 539896
 656324
 643729
 457796
 98997
 355321
 727834
 1052842
 367258
 856477
 1020973
 933906
 576957
 432153
 500754
 214991
 506943
 341011
 538820
 891548
 95849
 945597
 267835
 393715
 633659
 987004
 344336
 806222
 382011
 774936
 219117
 496223
 606232
 94762
 238457
 653699
 990336
 786829
 750561
 283122
 984825
 658971
 198447
 369109
 99396
 108380
 904842
 442494
 160741
 340698
 733552
 590306
 909087
 516933
 830729
 373571
 935981
 713966
 784998
 665775
 318898
 261046
 614772
 301647
 26216
 745651
 622819
 418316
 199346
 506801
 692247
 797534
 304018
 374679
 1056647
 213968
 459044
 215378
 862788
 913158
 1084751
 512067
 218119
 198819
 707978
 780631
 914364
 595512
 506079
 732827
 22200
 545448
 427892
 738143
 559278
 132573
 413286
 150210
 824739
 546719
 784676
 260098
 653508
 562691
 312968
 617660
 663105
 828567
 294042
 960661
 345779
 145392
 1084848
 277996
 635986
 1064559
 855439
 57166
 245884
 1014022
 506160
 450714
 427770
 801046
 887832
 297220
 819154
 596002
 656478
 117927
 526932
 289598
 1026402
 1083884
 82611
 1069098
 101855
 662247
 292446
 256966
 531101
 265568
 221263
 1038332
 596371
 982712
 728849
 580982
 918756
 881736
 12080
 290602
 675383
 270245
 702606
 1021622
 930204
 43514
 1028320
 676069
 1017911
 503325
 1030862
 520830
 240787
 156340
 803021
 362181
 441410
 1016253
 866877
 180042
 310668
 810108
 967470
 74197
 215532
 1031020
 104112
 1025517
 315951
 341946
 986498
 546481
 404672
 212601
 688912
 892786
 1038947
 54719
 993703
 28263
 935115
 776640
 736637
 482077
 568987
 645557
 664526
 364287
 262892
 872942
 14544
 698610
 879780
 119930
 121423
 97618
 256300
 1054155
 1075123
 469870
 978686
 51167
 729563
 384044
 250206
 912757
 99853
 1032020
 602916
 364306
 174529
 875099
 917056
 611128
 849424
 593749
 410372
 1054699
 490528
 849481
 448865
 459875
 449966
 637304
 8908
 372722
 860083
 1054586
 195357
 590445
 943563
 941689
 972783
 245357
 923489
 637686
 777408
 689953
 154981
 643391
 486876
 1082526
 399974
 670786
 762759
 917964
 406013
 631319
 335639
 898672
 680016
 339272
 121465
 1021928
 395851
 899016
 961988
 1023177
 834422
 217810
 1012952
 121560
 123595
 11945
 993633
 1049640
 567225
 971221
 81795
 813480
 703366
 737541
 591918
 104039
 174556
 77674
 31761
 433985
 184747
 1034282
 823670
 951817
 180135
 766868
 646623
 963372
 735588
 11997
 728684
 858236
 301498
 687770
 935652
 385983
 1037404
 673354
 1074219
 741674
 615891
 639115
 369673
 968359
 400482
 806584
 882322
 349953
 810928
 815243
 981080
 32532
 988693
 60060
 724471
 567197
 447119
 849584
 525327
 322065
 828988
 544353
 511944
 874465
 261475
 41408
 88101
 866951
 901732
 438171
 739655
 1011312
 225775
 278355
 927277
 893579
 389949
 44830
 726731
 129516
 894040
 538838
 548639
 721273
 317552
 649676
 214326
 860232
 812903
 65369
 435078
 990546
 778234
 549631
 193418
 673685
 766662
 253489
 180394
 359526
 713793
 931651
 294599
 312671
 1048935
 276723
 365277
 1098940
 88015
 264620
 338197
 581719
 781866
 435882
 350480
 392568
 322470
 471068
 363483
 463185
 266888
 601118
 817854
 395205
 52789
 52902
 882990
 949952
 710429
 764912
 219655
 112548
 754559
 190462
 932547
 455679
 388821
 129920
 153444
 759366
 477590
 785846
 767005
 1051763
 85156
 29682
 966589
 231934
 693799
 299905
 580893
 712632
 186675
 279013
 755374
 75842
 404005
 604004
 292151
 309664
 400380
 160787
 497593
 948201
 555311
 562692
 842391
 353213
 589401
 762196
 528172
 391790
 858743
 39389
 267999
 497709
 424428
 278295
 399872
 489578
 136793
 156250
 752263
 755652
 338556
 678877
 957598
 131613
 176014
 131467
 940746
 864950
 1040859
 565603
 795308
 54076
 428452
 335222
 999724
 938100
 1004388
 298810
 614403
 955720
 516803
 416867
 433609
 899919
 467814
 1000093
 1006396
 29701
 1057872
 292491
 742677
 1051857
 966759
 316348
 328595
 199912
 892084
 948641
 510450
 308446
 48661
 759804
 939967
 522299
 5250
 822578
 1058529
 196818
 706112
 789973
 489844
 907526
 323983
 331329
 437825
 743071
 601882
 301627
 689241
 785145
 376818
 1055144
 475906
 312021
 279542
 221905
 954514
 430312
 50407
 367339
 823691
 828607
 685980
 372357
 189651
 889114
 381742
 702837
 986602
 158828
 85937
 1078399
 299748
 330984
 680395
 784550
 1012899
 644744
 478384
 984569
 27761
 530124
 773754
 933678
 609576
 79962
 589522
 580784
 12841
 3020
 832688
 777987
 315481
 65507
 267151
 305213
 715021
 1039684
 253103
 437349
 223507
 962054
 22868
 865783
 117654
 184235
 661908
 1065962
 75778
 196623
 878864
 209531
 64176
 685282
 234268
 370138
 579597
 247675
 56047
 974716
 101746
 235129
 853608
 928728
 881840
 65285
 415225
 969091
 419141
 92354
 349906
 663017
 759543
 944228
 988338
 301200
 927818
 470416
 658709
 172177
 355766
 796618
 633498
 784966
 352240
 693980
 98915
 123132
 852974
 176813
 817437
 802492
 766808
 393771
 212881
 933260
 542736
 938992
 897465
 237385
 1001808
 836100
 110737
 875983
 864506
 591458
 174841
 802311
 600913
 213205
 348811
 255817
 100053
 758917
 480432
 401841
 714140
 642542
 698487
 956078
 63417
 217398
 400563
 1001614
 262720
 533486
 751842
 535644
 990703
 681040
 281558
 814774
 603206
 307513
 921748
 205568
 473339
 467959
 1008624
 488245
 728193
 753702
 846331
 371772
 390489
 273541
 341611
 353172
 534665
 443694
 219570
 133137
 623876
 734529
 1017430
 617310
 556652
 107832
 1049397
 667041
 56849
 205055
 140370
 1042971
 1031528
 873602
 288251
 616132
 108990
 643330
 488147
 473919
 476426
 1027346
 576182
 249075
 931817
 171301
 924655
 683542
 489392
 585160
 1048701
 437168
 298419
 21553
 91044
 849271
 708876
 101523
 859826
 554914
 1069812
 87958
 968142
 681161
 550028
 742477
 211905
 1015367
 588065
 958830
 349974
 817328
 360466
 778507
 110111
 1032335
 1015752
 423419
 1052450
 705421
 899791
 908236
 96424
 244954
 125364
 464211
 985599
 533917
 232207
 619498
 488918
 232854
 61028
 906823
 798128
 766896
 767207
 252267
 998748
 329194
 410039
 890016
 913749
 75870
 1043547
 77479
 753460
 22422
 77260
 452897
 941972
 185906
 1018010
 802746
 179382
 457007
 822805
 742507
 511286
 811978
 818342
 501804
 382286
 382947
 396563
 160121
 732086
 233712
 1012769
 986726
 1099709
 826798
 866585
 504770
 601754
 769943
 540677
 446415
 1016313
 119605
 746132
 720936
 582301
 131339
 285831
 334669
 907116
 718469
 609902
 920720
 956223
 982198
 417459
 954314
 140521
 204382
 188403
 427063
 751255
 1049947
 104443
 1088930
 83633
 910382
 811508
 77096
 732845
 692215
 670020
 73369
 270995
 840101
 960318
 364458
 998966
 286541
 545814
 936788
 161003
 685212
 677544
 587763
 431907
 952318
 683845
 361260
 810587
 44013
 751589
 58828
 144309
 43669
 691611
 439799
 74661
 20180
 408232
 309315
 153116
 1010193
 601919
 1083105
 322146
 430397
 473700
 285859
 878050
 666978
 648038
 829071
 849156
 912053
 723067
 1071739
 743126
 556021
 291818
 330824
 236746
 2557
 66734
 13119
 227493
 268288
 429132
 57046
 686656
 895207
 727494
 70063
 45315
 626374
 645611
 960718
 331690
 195142
 474631
 310343
 468811
 373317
 420132
 1041272
 684970
 913819
 376791
 154398
 124025
 690851
 698523
 280680
 647571
 847559
 324505
 683198
 727568
 96367
 883688
 303858
 1025115
 474140
 525552
 637816
 422905
 704844
 698377
 406482
 973801
 689403
 1078812
 373039
 85066
 752356
 611733
 524964
 1061169
 905938
 332316
 85824
 181067
 393055
 1093934
 737594
 538629
 884972
 484303
 1059647
 756444
 890176
 950557
 372881
 825385
 959383
 455999
 121
 89294
 329083
 841093
 657219
 804840
 697364
 842261
 233582
 1037026
 482625
 468693
 614132
 841804
 1087439
 123442
 163222
 98041
 225761
 480251
 819981
 733486
 346009
 173685
 46535
 582375
 21475
 727855
 553564
 46325
 770053
 961553
 119050
 571062
 316790
 24786
 570547
 648426
 429371
 240947
 814266
 961809
 600489
 369652
 965080
 43696
 8607
 715707
 342491
 972473
 453293
 943765
 17842
 900668
 894435
 625558
 425350
 675853
 536422
 610278
 450891
 785940
 663365
 401786
 821884
 645845
 196285
 897104
 1000738
 432629
 34324
 744766
 208073
 1021024
 189581
 122183
 531765
 423270
 1032282
 1080586
 1023729
 323348
 659632
 471833
 992370
 619026
 542534
 796025
 183222
 638251
 929994
 464256
 981154
 1052715
 460668
 544628
 414223
 963095
 164982
 507730
 469328
 1012400
 629823
 780454
 637819
 436658
 395647
 1043260
 156418
 27262
 1024435
 945330
 618721
 953657
 756198
 433363
 421067
 806072
 1072226
 456659
 782879
 1063571
 831164
 267244
 491661
 530585
 463625
 14716
 566922
 313689
 385092
 316690
 391242
 714159
 929589
 217483
 221825
 997651
 986868
 621356
 134123
 32441
 752248
 11553
 728653
 1098952
 168794
 1071773
 183204
 265880
 619351
 741487
 88108
 924731
 657116
 537303
 306148
 89110
 659387
 530026
 555585
 734596
 679563
 488104
 1011891
 833561
 888261
 495060
 399316
 641027
 584022
 1505
 557400
 564534
 428303
 602977
 409620
 870379
 1030754
 1033157
 199478
 491028
 94437
 180600
 461364
 434930
 1033910
 80334
 856625
 446543
 1097772
 373850
 907489
 343831
 317062
 884094
 170228
 1092046
 786362
 749705
 761433
 309375
 1069839
 658721
 834802
 136049
 1008114
 662808
 324286
 986277
 1091858
 1038175
 651079
 229758
 147692
 686297
 826785
 27469
 377645
 103571
 810529
 229234
 447148
 17931
 147955
 832786
 471336
 658823
 211445
 554021
 217736
 172938
 789188
 713975
 1055470
 633190
 18419
 749252
 616622
 1099228
 215195
 628569
 450440
 605646
 1055445
 897954
 798401
 530798
 419692
 1073896
 958006
 32113
 435270
 392035
 437471
 675651
 576536
 676609
 935527
 532440
 632935
 804848
 734308
 99589
 1036052
 674112
 551891
 277401
 926037
 726515
 312366
 865102
 526091
 336007
 952880
 1032221
 829201
 116611
 139240
 498935
 1028033
 522856
 165475
 300950
 254856
 384246
 90452
 520021
 275031
 269451
 738947
 62998
 750971
 739490
 536127
 1010344
 602354
 929176
 341866
 447466
 651320
 367088
 888609
 643267
 133592
 368772
 144069
 97216
 386107
 494955
 517688
 303167
 602870
 1038469
 171588
 3241
 994270
 12535
 1076969
 923226
 101789
 289229
 984319
 509973
 327588
 992248
 462756
 804545
 27166
 692610
 338627
 1069724
 420416
 633940
 514953
 546769
 523629
 712162
 600434
 376073
 332686
 999709
 450944
 196512
 303160
 485508
 170375
 952658
 233565
 551385
 90142
 1009379
 828116
 560461
 1069029
 1045490
 466252
 758615
 962468
 518671
 31403
 531857
 484076
 233498
 802646
 222891
 482075
 389133
 289377
 453976
 478978
 691072
 717232
 719993
 1081027
 633886
 649103
 148512
 650525
 864711
 441166
 857105
 994046
 96228
 577957
 270497
 192885
 937235
 293279
 310574
 71359
 594509
 301282
 1054184
 525877
 847640
 1019527
 168430
 568481
 735600
 509258
 530205
 833590
 1077735
 293674
 380768
 594403
 608212
 669610
 840973
 405545
 491557
 781462
 212196
 670450
 18651
 616602
 143084
 1020115
 476090
 47433
 167715
 359656
 467584
 903455
 123814
 757076
 633209
 132236
 246404
 1079348
 692634
 93647
 399640
 548549
 1087487
 394859
 44466
 149356
 655877
 427082
 1071298
 67768
 514599
 354338
 599021
 106718
 9432
 515961
 701904
 53706
 598764
 557785
 140865
 513472
 793107
 1062955
 71378
 792205
 32606
 930440
 159522
 233883
 567497
 489198
 161154
 30314
 357028
 836335
 25874
 91562
 706452
 173383
 356580
 762306
 549498
 380949
 936089
 1048944
 607237
 1008709
 275183
 954370
 326040
 384379
 700587
 369348
 143002
 710791
 806348
 861744
 527675
 291138
 359177
 79576
 235557
 615712
 909821
 1077600
 61833
 787324
 169822
 844834
 299295
 141321
 599673
 608412
 669948
 1043084
 948093
 21600
 749176
 1073533
 811826
 658241
 28481
 476431
 381932
 657558
 143286
 152727
 859977
 342500
 418324
 736332
 293063
