76997
 995985
 995953
 234937
 871231
 961298
 358380
 175790
 419475
 752795
 108620
 1024993
 812893
 1010109
 821103
 207595
 851785
 425356
 933227
 931323
 636616
 336487
 1063731
 574549
 69763
 135958
 436210
 302948
 631600
 803300
 114369
 519964
 219799
 341784
 80069
 18503
 935856
 207341
 737071
 441099
 602067
 1042021
 23828
 137151
 438698
 600755
 421057
 7200
 345059
 64082
 932037
 355923
 165391
 589995
 170289
 588257
 597180
 802231
 75416
 724795
 470121
 479226
 94811
 618369
 95294
 818511
 184870
 234885
 208106
 375594
 953337
 714062
 975949
 537936
 325391
 545703
 1076029
 22501
 563325
 420487
 265762
 703655
 979774
 160262
 349199
 142391
 327638
 401182
 838240
 1070849
 271111
 1098207
 662310
 49715
 320325
 160699
 344388
 1030571
 660950
 896658
 257259
 634903
 1031421
 781759
 643330
 1063073
 284939
 755311
 412971
 144655
 458813
 283975
 384160
 928107
 365959
 945077
 341064
 917432
 477177
 31082
 18673
 449765
 832182
 627681
 841899
 790567
 560154
 492581
 523877
 13289
 552778
 403329
 1063135
 659434
 1024851
 353461
 12946
 1094420
 1039965
 420630
 1031578
 236319
 588154
 636201
 458520
 606934
 132921
 632529
 1095776
 94270
 689446
 555933
 92848
 1003938
 217610
 361796
 978126
 632484
 247725
 584628
 1083971
 731063
 118876
 650331
 643059
 885190
 787192
 571443
 1020360
 802941
 720154
 1064034
 838329
 984356
 921843
 250435
 336658
 349974
 352518
 903645
 634126
 749003
 477661
 726020
 1002186
 516745
 329380
 424669
 276242
 616683
 358109
 381165
 1059745
 32779
 66558
 277316
 469739
 358685
 864572
 176102
 41148
 4350
 473967
 85449
 282616
 552918
 547336
 741247
 989574
 428445
 1030239
 958676
 424064
 49029
 232653
 481735
 420533
 397338
 333355
 667724
 581784
 81851
 797800
 287295
 748921
 370818
 600547
 651517
 421716
 504505
 101096
 151196
 1013065
 324528
 712666
 816238
 950402
 666109
 291129
 877454
 708333
 331676
 832544
 629715
 1051527
 1060106
 193073
 379907
 861210
 267383
 800015
 154154
 705487
 135412
 572266
 940751
 419693
 1058429
 19190
 691557
 1025146
 245699
 301553
 432725
 359015
 365948
 692189
 1065002
 352717
 600857
 187959
 709485
 258111
 267631
 380929
 461206
 963297
 826480
 335544
 1055937
 667863
 711316
 346404
 425982
 146863
 494691
 1012570
 671386
 828116
 384848
 136264
 216045
 379527
 674440
 393339
 754720
 335221
 339661
 960001
 974761
 1022146
 247273
 1085009
 701473
 716678
 471423
 312052
 425663
 236050
 14262
 124766
 495212
 336134
 174038
 152935
 633496
 962709
 402348
 684623
 632094
 667141
 462377
 302933
 226941
 35272
 446961
 1085204
 537129
 197296
 936002
 459908
 656661
 125451
 879841
 728266
 295437
 198482
 618665
 386633
 967754
 454729
 77356
 1033883
 810335
 669533
 811136
 955815
 1087861
 736251
 760121
 616527
 760685
 495468
 505853
 4395
 857088
 941001
 271999
 467230
 436741
 924332
 757128
 726016
 426535
 676151
 1005784
 842459
 318063
 809113
 701473
 255923
 820863
 847614
 530833
 386529
 214113
 786727
 260621
 66502
 448477
 456341
 522935
 343377
 874778
 711069
 1004010
 228350
 336637
 1012980
 1075127
 185515
 625502
 840054
 343794
 696391
 19269
 613830
 245269
 902223
 1019317
 389634
 464993
 975297
 834139
 1045183
 627050
 683317
 111948
 125384
 468026
 865749
 1064097
 69595
 327330
 354378
 1068998
 365073
 407098
 465613
 1042516
 886076
 699915
 336443
 656388
 393584
 807130
 722996
 966106
 584948
 80379
 372334
 79333
 406399
 592208
 15516
 185692
 982652
 757900
 444114
 240515
 937861
 907246
 192679
 516800
 36189
 182422
 461455
 697025
 79704
 337108
 1035670
 742137
 341785
 799497
 363712
 1049099
 564469
 986989
 59360
 23295
 661325
 615286
 501063
 4120
 178018
 284607
 1032604
 338490
 504683
 427523
 1091532
 168023
 756067
 763493
 830560
 28214
 232500
 48450
 1049076
 307145
 557119
 792024
 302623
 81758
 632530
 36151
 307713
 1065042
 422081
 808974
 247452
 656924
 316162
 592014
 971112
 902922
 269872
 405794
 31979
 639558
 547506
 42167
 917126
 1026129
 980919
 415815
 493292
 554497
 589916
 217192
 1075428
 193766
 613827
 182153
 960381
 743538
 618441
 492277
 271230
 652410
 424042
 719509
 928441
 775765
 610286
 387178
 661084
 858865
 389645
 986841
 394866
 723853
 97279
 966246
 571744
 1033311
 600574
 562694
 364708
 323815
 1038183
 282583
 1033905
 19136
 295150
 812685
 677019
 637192
 260689
 682745
 939438
 433429
 574436
 1025707
 95304
 906707
 418326
 481994
 655957
 907716
 339227
 44104
 65961
 753466
 530208
 908727
 193886
 375907
 476531
 566845
 481893
 584695
 503223
 59687
 841618
 752334
 127646
 991691
 413397
 544980
 52409
 707563
 837987
 1000753
 278833
 989149
 680814
 667662
 767051
 1087676
 940065
 962888
 1025215
 919995
 821061
 319682
 8073
 664661
 292804
 972313
 289748
 784550
 34327
 242978
 1027187
 316651
 388346
 785089
 145266
 492318
 608303
 1010021
 190507
 926312
 703979
 519093
 305420
 381651
 173898
 64831
 704618
 710944
 684646
 758806
 1036146
 170986
 489142
 172576
 940873
 494367
 736001
 117877
 402857
 603166
 606664
 1005146
 289704
 660712
 917862
 741147
 280573
 730222
 695832
 695928
 1048935
 195932
 216035
 700569
 932470
 981758
 742014
 857103
 946231
 959919
 864737
 268283
 6031
 901946
 222797
 601806
 614811
 588193
 632100
 982006
 3963
 864608
 778176
 1033566
 20250
 552336
 654741
 953742
 752954
 242159
 133077
 38610
 364809
 533576
 617245
 658039
 333671
 226024
 862858
 1099048
 1068229
 862546
 143689
 120922
 802287
 297285
 10511
 795611
 325062
 369434
 704326
 99471
 774651
 152006
 273236
 859473
 448770
 506572
 449849
 855396
 971227
 627192
 49636
 524964
 5214
 249498
 670763
 73557
 780083
 108428
 1030898
 696326
 865052
 726900
 597104
 91567
 387041
 480923
 665012
 953993
 519849
 762153
 740467
 813030
 35906
 1081793
 909514
 998959
 838273
 1009334
 904249
 637263
 764187
 955161
 400021
 1009186
 594768
 801947
 432591
 843251
 135956
 75988
 216584
 885483
 129654
 1010570
 859749
 544728
 1041959
 599565
 173324
 831797
 997317
 933169
 133608
 519676
 704560
 543786
 979145
 562708
 1011792
 133569
 534463
 483510
 3176
 827459
 1054777
 1079949
 896104
 793204
 499931
 370594
 790229
 234529
 24335
 756403
 63245
 82995
 235644
 199673
 393731
 206827
 18252
 444172
 815531
 381663
 303317
 133696
 518990
 708346
 846561
 587193
 346902
 643242
 261220
 937553
 366873
 598935
 383617
 743806
 331294
 1076135
 638034
 740170
 1007985
 336861
 18997
 1095159
 416902
 365626
 507678
 21177
 928036
 259788
 749026
 222801
 619616
 154030
 919940
 849859
 862847
 15573
 80938
 545803
 184973
 447877
 598784
 545817
 517633
 873632
 148945
 979197
 111797
 221752
 1019302
 1005605
 562150
 881428
 938704
 328124
 121259
 855725
 570524
 890294
 56111
 756244
 24974
 494431
 726311
 115428
 821599
 497490
 565401
 155966
 214045
 91175
 177469
 258504
 79580
 217134
 935904
 646184
 22121
 608543
 759776
 244076
 542989
 405689
 39233
 421277
 84055
 147336
 922927
 895135
 417763
 915573
 385476
 376529
 437905
 267773
 812137
 276254
 854054
 668344
 1094349
 857282
 1021299
 515234
 183195
 781441
 1066482
 1048199
 35549
 152620
 143968
 910354
 360801
 393008
 745896
 157994
 323984
 1019357
 576812
 207500
 649005
 299366
 485064
 420214
 710541
 914435
 320068
 45318
 746896
 102451
 1090458
 552410
 213412
 908854
 838645
 672347
 173564
 148852
 147958
 660825
 803056
 14447
 25758
 42151
 682995
 591025
 282957
 808739
 204880
 830189
 544927
 342337
 948981
 735023
 398713
 1002310
 864640
 581650
 1083140
 880843
 120460
 201174
 143446
 891337
 105151
 216076
 708987
 27027
 927052
 437284
 765591
 152362
 927119
 666860
 656112
 649160
 344403
 968158
 163639
 69866
 508152
 772993
 580647
 909181
 83856
 632045
 628081
 594655
 1097748
 1048675
 791008
 41899
 901018
 442972
 402450
 66101
 34868
 510695
 618076
 613040
 303035
 1053209
 99300
 63444
 630746
 118253
 675054
 574116
 876179
 668682
 32916
 296626
 799724
 816605
 895211
 828260
 137880
 580041
 780851
 187537
 330109
 274528
 636157
 33712
 750614
 260188
 1019584
 1075611
 992587
 932780
 422661
 26844
 678257
 200241
 1071861
 72484
 850468
 1064134
 881897
 73214
 684034
 219137
 790491
 960167
 518827
 1007367
 11625
 754494
 340831
 178486
 888713
 642422
 267242
 1096273
 203297
 614949
 158020
 784785
 342388
 662177
 98938
 238567
 349225
 492396
 968718
 220624
 414708
 923902
 448064
 409177
 490507
 1026857
 199464
 228635
 656934
 780756
 922252
 558157
 265303
 954049
 1008981
 994919
 392211
 544342
 234685
 263281
 849718
 371737
 401460
 462963
 256749
 584817
 977457
 509503
 54685
 591224
 181753
 469747
 153704
 754716
 932844
 288102
 246742
 814391
 356786
 189364
 260744
 353248
 296170
 311269
 928972
 481778
 244604
 1025880
 718858
 179641
 410753
 1071988
 1087532
 491605
 928355
 49413
 184323
 378041
 118778
 246120
 303756
 353827
 927770
 548590
 1092999
 905273
 297499
 525565
 6318
 46034
 601975
 1023638
 832346
 897815
 505347
 13950
 644983
 956641
 547084
 1060522
 616510
 745220
 1022419
 405248
 194056
 789576
 444669
 125729
 670058
 709489
 365517
 1055484
 391619
 512427
 231223
 744192
 175901
 473722
 311582
 848301
 423019
 418649
 475528
 426042
 603194
 113653
 635237
 989488
 665213
 198053
 1068116
 905855
 197929
 658555
 743342
 923876
 867969
 73981
 667422
 681948
 895926
 760390
 472073
 790565
 816809
 153743
 615401
 312053
 195165
 894307
 648435
 440656
 917368
 1142
 956257
 791778
 736503
 568353
 854375
 237749
 208595
 149459
 5642
 891940
 540589
 223957
 689676
 255502
 999892
 4821
 1010978
 1062938
 174350
 184597
 1069635
 241217
 776288
 993401
 307450
 307096
 1036156
 331511
 365239
 2949
 208438
 148732
 455584
 448168
 38118
 714221
 925691
 1020515
 492557
 626839
 832561
 1048217
 85427
 238668
 706808
 612022
 280997
 555913
 263684
 1038162
 855271
 1096497
 323077
 476860
 1043543
 94821
 241344
 77191
 308199
 222593
 1039048
 927639
 771573
 1011075
 31431
 935647
 655846
 464010
 824472
 901141
 281333
 516357
 427698
 543553
 187861
 298658
 984090
 1056095
 75755
 755764
 822942
 686866
 607134
 360555
 242301
 967107
 952499
 385604
 121016
 1073315
 918677
 934808
 195017
 124236
 141231
 513407
 514854
 769155
 543477
 1049957
 177551
 515250
 57409
 645994
 49101
 455631
 212029
 674151
 956494
 273352
 793022
 233744
 666123
 540683
 1021279
 773818
 384473
 258694
 1055039
 882641
 1044758
 710818
 724651
 909197
 1020410
 406041
 865154
 379992
 1050125
 179075
 90923
 698090
 428125
 490772
 668105
 263285
 106816
 945299
 470908
 337347
 1078205
 794923
 1078942
 547253
 438229
 398539
 255058
 452366
 115539
 980508
 929847
 453172
 999468
 607357
 783957
 867662
 842583
 970194
 219385
 5680
 655946
 1014355
 598950
 148568
 368664
 963686
 1055137
 932083
 1039778
 105208
 741803
 701059
 465218
 670690
 131893
 107842
 465195
 578610
 231280
 1064112
 763330
 662341
 219702
 209480
 162181
 494502
 863206
 476370
 342452
 240280
 321112
 9807
 22339
 217508
 776527
 993134
 151520
 579057
 1009236
 793746
 483718
 881923
 1036841
 695905
 1062942
 361381
 456652
 961558
 1030559
 906932
 26938
 800262
 435440
 928499
 618724
 561334
 1008956
 31734
 659821
 631985
 860913
 143469
 981850
 1093312
 588824
 174085
 425171
 451216
 659171
 56810
 976087
 338114
 325605
 133921
 487384
 399017
 65932
 717320
 242014
 662749
 855581
 629191
 964440
 984833
 211207
 87817
 751111
 477509
 81426
 734485
 88359
 598474
 883433
 696525
 779659
 353725
 896358
 783284
 647855
 1064347
 146048
 52717
 94314
 973422
 1090490
 763141
 1009460
 40080
 807573
 1013915
 229924
 1050320
 320512
 188261
 885174
 935903
 139331
 694339
 247511
 635265
 425993
 822148
 16532
 934881
 576767
 95549
 933666
 714650
 698326
 17794
 459906
 661172
 35042
 59645
 273882
 765671
 426
 791007
 1009980
 1068070
 549191
 1007476
 941254
 47167
 1053632
 525117
 130464
 1027407
 75062
 576185
 913539
 322725
 1093707
 663813
 897466
 791845
 881822
 418988
 549426
 362643
 382190
 943279
 949333
 887062
 1015239
 274583
 609768
 507446
 86115
 763937
 328175
 536648
 725078
 582907
 818106
 881283
 283036
 156861
 910681
 469710
 703178
 661881
 391826
 352337
 905218
 907279
 587769
 124100
 762182
 42480
 385146
 331750
 177661
 119575
 981017
 710107
 31685
 861862
 578345
 855008
 290654
 310924
 21275
 99805
 1007386
 1063143
 619849
 556243
 641946
 194335
 7647
 1068864
 603817
 783162
 908796
 250678
 960
 779754
 495124
 586896
 601141
 157968
 637051
 853037
 434811
 1033702
 677819
 815787
 526678
 573841
 39079
 994432
 520226
 128004
 957464
 83540
 528572
 1076863
 273951
 951005
 148675
 87230
 427084
 728084
 897873
 776616
 471365
 826644
 115848
 70085
 809390
 302268
 523902
 519210
 107844
 684371
 172919
 1051511
 433880
 978576
 904153
 430651
 258475
 223206
 668383
 811018
 625346
 873525
 450696
 736008
 227861
 942361
 692560
 431850
 730634
 83012
 377614
 527296
 265926
 903723
 1056553
 612458
 308086
 605250
 235752
 251808
 541501
 275882
 1065912
 308420
 543523
 870557
 179928
 568293
 764076
 507627
 643806
 993613
 387391
 738526
 783511
 661612
 559357
 571212
 759436
 330450
 599774
 1026562
 294429
 400459
 1088255
 801561
 950644
 577363
 1094706
 548081
 994020
 695688
 83297
 67439
 645655
 329389
 551249
 703955
 100975
 847725
 883712
 460029
 1052344
 795692
 38036
 54261
 857276
 74407
 651440
 315034
 997562
 790519
 87868
 12802
 313935
 915061
 498704
 462976
 1016474
 668559
 1088076
 403818
 545519
 124995
 995791
 161337
 758309
 284
 791282
 127973
 515553
 499914
 968865
 621772
 370222
 896155
 20513
 1006012
 382932
 413310
 879888
 795727
 193550
 924833
 958944
 78283
 40133
 542488
 937085
 991626
 497023
 889257
 1040824
 629199
 135972
 621035
 909182
 666636
 346568
 225296
 303687
 596624
 944631
 520113
 1076077
 771416
 59818
 1071577
 1017345
 803443
 311513
 497302
 403736
 366666
 106994
 562368
 925305
 87508
 81762
 458578
 317133
 827655
 913728
 732573
 837386
 836030
 813715
 840731
 578511
 613549
 924064
 793036
 497783
 141053
 1043721
 890828
 520235
 1044561
 325225
 131826
 390944
 726444
 635471
 987336
 506219
 247857
 1021963
 209055
 879390
 754826
 1003154
 676022
 450543
 791716
 276995
 989182
 795484
 56799
 378882
 1060431
 442865
 859006
 627220
 629071
 713029
 23533
 842814
 139559
 389315
 564288
 847440
 483923
 893899
 57239
 134135
 131477
 855183
 214845
 333893
 819951
 451675
 458526
 164715
 177608
 835761
 467092
 394372
 80979
 1002186
 923322
 879933
 1032073
 221776
 662005
 115621
 180710
 776772
 1014663
 1064017
 940887
 593474
 404910
 735867
 104316
 950716
 524174
 480589
 390869
 582580
 639301
 427561
 621984
 890418
 13516
 1026569
 859862
 279202
 651427
 505073
 108764
 1056637
 585620
 468845
 729414
 623176
 212746
 476798
 501676
 914880
 879050
 64679
 613306
 842964
 602618
 126450
 660468
 1066130
 786859
 307719
 604306
 108735
 892124
 753173
 807095
 377069
 513782
 315112
 97572
 976400
 1075191
 407349
 571155
 747965
 650723
 347031
 402125
 610999
 943988
 320966
 966917
 750324
 82759
 732062
 23612
 1082283
 850850
 602446
 253277
 765918
 831777
 1091929
 88683
 1099656
 135054
 1092660
 1053090
 670794
 966401
 623859
 583889
 612070
 980861
 641772
 991467
 332555
 235259
 221486
 620733
 106318
 254279
 528586
 620622
 884783
 445522
 292077
 16209
 435475
 620444
 234959
 660501
 993320
 110375
 408587
 139365
 540375
 1016148
 261964
 322065
 47010
 347959
 61209
 206853
 316849
 497223
 1047199
 553857
 352435
 393956
 602896
 506991
 963457
 847354
 11637
 1045642
 721304
 240321
 594765
 227113
 397423
 417376
 706190
 372280
 425781
 681407
 181810
 426270
 78359
 773791
 202981
 660484
 246872
 886971
 523800
 1073362
 264415
 474514
 947124
 342443
 814521
 405579
 809289
 82304
 746488
 750548
 722857
 760336
 199669
 875504
 328020
 94089
 607881
 59112
 770449
 898459
 362172
 631705
 683656
 305419
 347341
 550587
 82710
 294435
 778107
 790822
 50009
 880872
 515456
 349175
 795621
 233131
 728331
 398313
 298519
 790576
 1062756
 343121
 971100
 630628
 801122
 616781
 248427
 545796
 685549
 372147
 735856
 144931
 317869
 466416
 969564
 566974
 958969
 844159
 46566
 62846
 967355
 1081292
 426808
 803335
 63097
 857959
 13943
 78047
 510078
 721155
