892327
 561438
 911990
 438452
 533989
 504581
 547181
 898039
 520727
 1086930
 547960
 547163
 480486
 15856
 539852
 746137
 967286
 224281
 135054
 121651
 1011989
 507470
 1003464
 553034
 657801
 760216
 505756
 571674
 595070
 680091
 604512
 244772
 782859
 683360
 508063
 205226
 863803
 903929
 355500
 890763
 609903
 1097673
 940805
 1086281
 734153
 610687
 180887
 1052441
 331767
 867255
 617382
 705173
 984928
 450532
 576536
 902396
 378684
 174650
 104604
 311846
 209016
 486506
 293148
 53291
 815208
 710410
 914667
 840027
 650792
 570995
 326562
 382618
 289862
 873069
 626429
 113280
 899492
 997319
 337780
 352928
 921144
 69165
 438702
 314788
 852085
 704463
 136801
 163215
 1056563
 901074
 640508
 363013
 503703
 481183
 632877
 615034
 332179
 502078
 775556
 1098030
 94227
 854154
 441427
 964492
 450790
 568874
 6077
 954750
 24611
 766510
 928888
 1098007
 566346
 184904
 811261
 133654
 1016180
 193917
 641216
 99441
 436079
 83791
 171801
 929357
 463883
 952102
 718087
 640202
 759125
 640310
 398084
 356958
 221373
 589269
 171631
 680478
 892821
 518664
 893640
 520967
 809713
 418932
 740969
 543012
 1045400
 203808
 814327
 364996
 884335
 768809
 346269
 8048
 824614
 128997
 719557
 401741
 30094
 917568
 300707
 408980
 730865
 942592
 140998
 4844
 294235
 1067037
 219939
 721003
 238557
 1040786
 1013512
 591158
 832645
 1038783
 803621
 589547
 695012
 750563
 682564
 870805
 494482
 1068359
 429216
 1018857
 1099993
 746747
 547862
 925771
 348520
 186025
 889955
 880288
 1089891
 459573
 235766
 894740
 75056
 824425
 732759
 1063954
 66228
 731078
 626537
 269149
 982277
 392321
 749224
 368793
 405575
 808550
 897725
 942957
 401715
 865049
 166393
 705176
 32926
 103920
 694891
 1088349
 965294
 724792
 803740
 88083
 9543
 123059
 970189
 604619
 931514
 173183
 787002
 869438
 411923
 17412
 257793
 337612
 1065742
 292163
 614110
 568471
 1027545
 70839
 494847
 186634
 975026
 469401
 152420
 43530
 300314
 140535
 397880
 76042
 231670
 273104
 856066
 634302
 860443
 601776
 35384
 1095034
 173572
 634576
 892284
 179484
 1015820
 543367
 908417
 339421
 901129
 120136
 245857
 428946
 610376
 875085
 155562
 976845
 945835
 862801
 173952
 910261
 662350
 85127
 420578
 921812
 561132
 859470
 761453
 326888
 311415
 553117
 223837
 846474
 153713
 933013
 887555
 412312
 928487
 489641
 336963
 606232
 790623
 549588
 538689
 1069491
 1078597
 430384
 326906
 817413
 1032931
 924513
 565718
 763797
 753500
 1088468
 785770
 689106
 107624
 203442
 894224
 682334
 520950
 20992
 633821
 539722
 965473
 676370
 264902
 79693
 277275
 388909
 954827
 245099
 889337
 845033
 820817
 253190
 9443
 257000
 636
 984336
 216240
 636069
 872378
 526351
 945208
 498222
 553157
 812527
 645025
 349239
 377923
 1009290
 96937
 946738
 1021619
 350504
 611169
 471583
 541300
 200315
 917657
 703654
 10190
 172706
 787826
 226337
 1062915
 669927
 151863
 125039
 933610
 336312
 953266
 467562
 120363
 418043
 404973
 340606
 637841
 1042669
 784370
 970237
 748957
 925918
 851697
 533186
 328339
 212012
 366255
 1001450
 316306
 720225
 550105
 450141
 528254
 24612
 554683
 322963
 653872
 393575
 259356
 358805
 1035994
 867275
 415705
 534511
 573196
 608876
 140200
 1036912
 555653
 388184
 508522
 950864
 1024847
 565912
 209044
 222990
 286826
 620546
 273060
 15270
 691707
 733984
 189111
 170600
 243221
 137577
 223567
 214440
 240449
 858992
 1043674
 1001056
 2997
 300946
 398609
 464049
 887760
 127162
 25313
 498255
 48783
 582599
 582635
 821247
 27173
 638723
 1088889
 1048714
 1065901
 724346
 970992
 699877
 382493
 883880
 564436
 1035734
 596940
 665374
 217695
 1029097
 1037002
 922606
 367973
 601135
 529220
 151589
 245755
 199775
 862410
 322977
 598933
 120898
 195870
 22705
 537119
 450430
 126402
 955572
 907873
 346833
 514027
 327445
 889844
 216781
 249172
 984003
 443739
 623605
 274598
 670809
 588957
 621381
 837216
 588625
 349092
 1054593
 218037
 284905
 483495
 704605
 734037
 280261
 129745
 789281
 183610
 549077
 728073
 308561
 421860
 478089
 580940
 610190
 652574
 1073964
 525042
 990977
 905228
 852477
 896442
 753849
 625673
 113984
 1047736
 966210
 852687
 707672
 80487
 294199
 577700
 10071
 527210
 579241
 27381
 1064799
 544861
 470408
 258385
 145701
 163946
 78577
 219635
 384325
 261534
 32564
 212385
 315956
 1087231
 906927
 674375
 160856
 717087
 170019
 51163
 1084884
 171720
 1009664
 419802
 877119
 637216
 246867
 176582
 596200
 1035692
 1054517
 1067059
 52249
 723965
 569086
 154118
 662257
 206435
 732856
 367465
 445496
 496650
 201833
 372749
 534689
 310407
 935800
 574444
 746868
 147064
 210979
 686824
 897063
 217968
 834990
 194697
 213336
 84741
 754609
 316041
 556313
 571152
 20336
 907773
 867541
 187669
 350243
 915278
 643376
 285887
 145311
 693181
 251832
 280662
 413279
 429633
 977250
 994745
 1036685
 455180
 584361
 589007
 475723
 433614
 255947
 222113
 706203
 1047356
 397608
 778732
 444083
 56148
 1052226
 212548
 49896
 714311
 497019
 987867
 99344
 45597
 291663
 187001
 325265
 483882
 41194
 972980
 674905
 48344
 57226
 874462
 304645
 329855
 1011842
 665575
 52385
 998008
 669601
 487386
 212368
 193243
 454791
 263508
 338596
 1036918
 858751
 225071
 103143
 450037
 323073
 776482
 952454
 37624
 648908
 440908
 838918
 1041592
 261847
 667935
 486801
 7296
 326586
 4082
 668816
 477421
 20686
 292625
 45633
 790765
 336356
 966243
 636793
 530088
 913178
 1067141
 619691
 323382
 145636
 878708
 153343
 39320
 197891
 599009
 149108
 359807
 46639
 865639
 334665
 187233
 219173
 100935
 658849
 290557
 985454
 249455
 768183
 844483
 957232
 55889
 639241
 350293
 1094504
 950042
 697115
 579900
 630255
 167005
 822059
 251642
 460793
 460264
 802633
 628530
 912123
 719369
 466573
 587585
 581102
 344104
 314364
 908476
 509063
 224767
 143528
 659062
 938006
 667678
 556407
 831022
 458510
 1008863
 378204
 870782
 268101
 620111
 564115
 868588
 36565
 162737
 9539
 459394
 572412
 251242
 34768
 1029023
 515483
 449755
 613339
 189688
 245358
 598837
 1011124
 288888
 952942
 386549
 453268
 137190
 199248
 221236
 396467
 396928
 861264
 784320
 527091
 957676
 1095922
 111601
 110505
 272200
 910494
 1067094
 88529
 324025
 32311
 175334
 695560
 745686
 169743
 698510
 283147
 411674
 901378
 502902
 595947
 207392
 403758
 338276
 1001676
 1043299
 537583
 642141
 758438
 1095608
 940820
 642641
 701399
 622324
 839072
 955797
 74576
 661014
 646660
 429397
 736925
 495937
 89485
 109739
 1052765
 819868
 513528
 250855
 588089
 52534
 523700
 309414
 551613
 558802
 877223
 378029
 693197
 409578
 48494
 1028583
 172273
 279668
 769491
 278426
 169799
 313
 549712
 936882
 155450
 360852
 1059705
 404668
 962961
 971781
 721464
 116338
 962685
 919392
 421130
 135126
 45871
 520426
 64724
 605827
 605000
 515830
 879361
 871268
 502425
 356184
 715423
 659595
 54726
 423187
 960045
 364016
 741637
 192170
 144430
 170326
 30074
 299855
 1076242
 520393
 1055121
 730610
 154953
 30704
 1030255
 752124
 472384
 968096
 19591
 433666
 459662
 362162
 422766
 846446
 978007
 229210
 778242
 661521
 874031
 230509
 174218
 882486
 870148
 12776
 440719
 869312
 702311
 921659
 46492
 375988
 656706
 190932
 884051
 92805
 327626
 312184
 915124
 1057477
 296778
 262360
 862716
 930084
 104788
 167485
 1084728
 319359
 213575
 605364
 965498
 473256
 258323
 650902
 1000438
 123405
 745696
 638105
 1062011
 382923
 165330
 5970
 497495
 94126
 651622
 965851
 815156
 618008
 171988
 168762
 766722
 972342
 992345
 4606
 839318
 1011438
 324213
 360117
 618052
 69131
 293916
 489359
 1014246
 1054559
 9542
 961538
 107107
 634754
 1087786
 194469
 690022
 438354
 516599
 711015
 1034932
 282892
 100425
 945967
 518097
 142083
 221704
 6600
 973593
 325339
 64870
 764269
 886703
 129188
 92433
 692892
 764487
 538070
 189056
 391568
 883460
 670887
 60215
 542776
 280626
 702485
 981232
 1060820
 195884
 712511
 419473
 582292
 316009
 236485
 905471
 398089
 907729
 923461
 811228
 227495
 863652
 305565
 164729
 97617
 130168
 581492
 746645
 809924
 815963
 571229
 266172
 136376
 192308
 546507
 550317
 333290
 116172
 1055075
 981663
 458761
 675455
 679872
 1039342
 265745
 120132
 409020
 1020826
 1066218
 182764
 317008
 25033
 800771
 625836
 147271
 642685
 822385
 182118
 8075
 1006310
 1068254
 929885
 89212
 1073950
 807077
 1036536
 790193
 566702
 247996
 28956
 765984
 643883
 359193
 7714
 103134
 493704
 908968
 40987
 112088
 651786
 810643
 5140
 649462
 460071
 930275
 1080860
 255963
 314152
 306982
 407481
 395458
 727939
 407187
 352735
 653451
 605438
 64456
 867061
 184251
 739099
 684764
 68159
 57246
 660460
 577629
 1005971
 917002
 847718
 53419
 789559
 118038
 380282
 845303
 432125
 891567
 188665
 365268
 96361
 1084998
 419175
 922081
 626680
 457443
 546988
 694619
 759022
 707531
 287073
 121470
 390446
 199263
 731498
 18494
 511196
 906984
 195971
 368594
 353939
 893765
 949412
 934136
 575628
 248907
 37846
 1046181
 83734
 806850
 326267
 632575
 517049
 174453
 304041
 706952
 139299
 776600
 248467
 471390
 579519
 447842
 385984
 108552
 645074
 703114
 39968
 849898
 1095674
 472916
 552294
 198746
 102649
 827781
 743925
 478716
 886313
 414320
 218918
 120264
 584288
 250953
 127263
 837428
 135475
 671259
 173514
 379378
 1075812
 1658
 1053699
 295579
 1093804
 6056
 811376
 467117
 1086402
 129927
 217072
 1055723
 168910
 814962
 1058011
 120241
 923181
 824024
 442405
 748666
 556465
 105246
 200379
 790954
 1052457
 573863
 252272
 797927
 255520
 475770
 425879
 483710
 768061
 596688
 1083728
 569058
 803445
 328382
 438363
 994125
 1077994
 295670
 332185
 921077
 751335
 324351
 956671
 969734
 678042
 858228
 1038226
 1026690
 794704
 214240
 653244
 700217
 614323
 238305
 527027
 150048
 911636
 318205
 915001
 40451
 820431
 429788
 636230
 500367
 371818
 960209
 155798
 721910
 581023
 493062
 288393
 357001
 750761
 286644
 275934
 985400
 22506
 988316
 968655
 1069974
 504094
 367383
 956383
 311102
 368133
 125688
 722386
 425877
 684486
 852452
 690221
 896710
 843164
 677996
 187394
 839344
 12348
 7695
 445299
 551427
 585290
 919406
 1073523
 685118
 1089801
 769662
 103637
 238053
 425460
 113771
 330597
 386114
 1000032
 169774
 1004712
 241785
 742241
 931683
 1063262
 717034
 215204
 691071
 1015997
 333831
 755159
 942811
 894035
 124226
 370178
 783103
 939800
 398330
 322637
 783255
 572512
 983791
 1012117
 737053
 409700
 1069200
 637821
 522781
 886288
 210831
 360714
 1010997
 963254
 919351
 553155
 638241
 313422
 288445
 313789
 1091477
 1031056
 144862
 323239
 948248
 840841
 773409
 774312
 304639
 860990
 434276
 76677
 852443
 303709
 152595
 942043
 1031281
 1094805
 674391
 76622
 988465
 122829
 639650
 316261
 419914
 264182
 734181
 519931
 30147
 659090
 607301
 63141
 281557
 274357
 500827
 549775
 1080526
 91807
 57316
 434873
 24253
 993029
 642411
 947526
 580217
 1020426
 740309
 45817
 1046051
 822644
 173208
 222151
 343144
 525874
 408315
 652813
 916088
 388505
 553087
 379387
 1088618
 699715
 202407
 562521
 462994
 251345
 261091
 1011943
 728853
 158593
 375461
 94963
 186131
 468520
 924460
 16901
 1070390
 112502
 33923
 121046
 758908
 132952
 690483
 162491
 307542
 182933
 1091713
 889525
 658322
 1073988
 44962
 686330
 323795
 398387
 794283
 439618
 602072
 506490
 60123
 1087689
 874911
 101746
 1060892
 582963
 382695
 297330
 8550
 876500
 908496
 88538
 701286
 232302
 905477
 385362
 844274
 888687
 479161
 962513
 31401
 250466
 671323
 196786
 369821
 152298
 744791
 312072
 50612
 2723
 626252
 21706
 485840
 403125
 185185
 713671
 178149
 473913
 266951
 26676
 245352
 112865
 27040
 543447
 880310
 164500
 1033515
 755946
 140329
 121579
 1086066
 370971
 1035761
 925410
 403719
 99557
 941085
 1042463
 365509
 445100
 409903
 330248
 20305
 313511
 885828
 583188
 269794
 210824
 616900
 118940
 726928
 397134
 1004272
 403445
 99797
 375285
 119552
 358983
 302829
 340516
 302035
 713412
 768221
 3062
 182764
 1056587
 347892
 81652
 799650
 617177
 151617
 952964
 1088229
 90721
 747716
 314324
 489224
 583972
 260509
 126870
 855362
 590275
 217490
 937788
 789756
 482608
 178187
 281825
 278433
 370557
 964962
 85442
 303806
 916154
 283916
 732163
 316
 795518
 115619
 853244
 714555
 102953
 104084
 232774
 71581
 254504
 359505
 618761
 873984
 1068237
 432457
 753695
 1009836
 379715
 999537
 200467
 258102
 78011
 76614
 530502
 1067995
 921793
 995783
 791648
 443184
 403924
 7635
 586031
 369656
 1083452
 1003642
 213344
 366427
 817557
 1094575
 404608
 215316
 509347
 820224
 320099
 18713
 178105
 496566
 814756
 665221
 697705
 958474
 201178
 793212
 325407
 328533
 50969
 210853
 146047
 561568
 319802
 747584
 509352
 306499
 884848
 452055
 910613
 43423
 245920
 853169
 1012093
 363487
 251721
 498037
 451512
 956942
 530203
 775540
 312247
 74089
 1041708
 433303
 677982
 633783
 31968
 346026
 294594
 22156
 1085376
 651518
 551414
 765453
 417679
 562340
 299836
 502710
 742140
 972557
 405774
 30432
 203246
 166153
 45294
 713196
 876205
 913848
 508066
 1020558
 477627
 76830
 23158
 586107
 423337
 102983
 708386
 610601
 164403
 316636
 787108
 358719
 353013
 800142
 283351
 679243
 485035
 766870
 255654
 651782
 115747
 139493
 534425
 1032781
 1019941
 542186
 85763
 402748
 284081
 311026
 190158
 73888
 970942
 994476
 809617
 147854
 981237
 205235
 1027209
 223069
 679371
 424273
 200873
 828923
 623032
 755599
 157582
 956135
 644666
 873389
 544273
 167224
 374755
 389766
 385873
 757091
 293600
 965505
 244537
 536523
 546705
 753588
 154913
 1073296
 638745
 843392
 686709
 796867
 853140
 887194
 269083
 975733
 805884
 672434
 581344
 6739
 675120
 66073
 74044
 228366
 877537
 821675
 489351
 885130
 480879
 606651
 881267
 117539
 223832
 30473
 372948
 753824
 582573
 328836
 315160
 880358
 713625
 1068993
 618706
 945046
 597411
 56249
 871927
 235273
 1048516
 45840
 733520
 320609
 661276
 734488
 1006509
 437830
 634738
 126607
 768965
 1054467
 233215
 904895
 491939
 242708
 537130
 147040
 163231
 155769
 1038544
 217818
 406842
 599693
 540778
 1037129
 20163
 750395
 923636
 161798
 827702
 944671
 777258
 964870
 114168
 1015638
 509582
 534177
 443209
 291910
 704228
 1076661
 268726
 945527
 368746
 39254
 794090
 782047
 14114
 668877
 611007
 537109
 109243
 968459
 107695
 210528
 987047
 869647
 673172
 194136
 290396
 840659
 962776
 362882
 480390
 13493
 445961
 782813
 895283
 614739
 653458
 124685
 801312
 545475
 902486
 419707
 1033316
 650671
 1074280
 448678
 588081
 717173
 1055297
 561593
 124343
 657495
 807484
 138200
 975277
 172221
 395914
 322627
 546448
 1019869
 228708
 24167
 210750
 466895
 347869
 750563
 181292
 835026
 20320
 709705
 108087
 91599
 595388
 361783
 570572
 657372
 31348
 13010
 940319
 811580
 72926
 189799
 790063
 989793
 704008
 1052061
 885428
 737449
 452007
 773777
 766565
 910832
 158421
 101999
 155089
 467805
 519789
 626935
 471356
 17232
 38492
 192969
 85593
 63622
 645966
 1076118
 235927
 1070929
 899814
 526752
 237518
 473008
 686281
 46844
 493601
 157744
 88446
 25510
 556281
 438295
 677366
 813506
 332973
 752981
 326252
 687123
 880881
 865216
 177490
 1096745
 609104
 190566
 291
 170854
 686461
 403939
 130959
 58117
 939385
 287272
 693260
 885327
 972576
 146039
 640440
 637100
 343732
 749692
 73489
 819133
 344339
 518965
 202190
 285489
 852028
 62721
 123140
 371446
 1049333
 1096870
 696345
 1022696
 288430
 455093
 304981
 503472
 226405
 1072636
 900931
 133482
 858285
 342205
 1015492
 1093122
 407295
 920034
 295137
 317303
 505203
 3759
 924528
 67365
 387696
 628475
 169112
 842473
 904800
 901675
 998419
 438472
 773177
 874624
 1014704
 214100
 777317
 221761
 621292
 642341
 528007
 298838
 558105
 302946
 423590
 896778
 1059925
 446520
 197250
 1003848
 395343
 600290
 872932
 1084314
 164498
 291417
 428498
 870310
 81953
 349202
 1067853
 597050
 228368
 32206
 118878
 281675
 632371
 734678
 872626
 748090
 110154
 569661
 95392
 782932
 406
 239870
 720517
 316316
 630790
 145462
 757709
 299412
 717377
 127929
 1018227
 89100
 568641
 750594
 426262
 989035
 287312
 63228
 285427
 802439
 159614
 721813
 92259
