652312
 966540
 536562
 924209
 548959
 660240
 495553
 695618
 599089
 546895
 620095
 722013
 4988
 340913
 390176
 876351
 58577
 812328
 1040976
 1065509
 485559
 710255
 59373
 763263
 706695
 53910
 612775
 587609
 790001
 442383
 33055
 180475
 129135
 1055948
 644433
 699669
 847787
 150166
 489114
 377128
 313131
 779616
 510007
 778792
 897444
 4781
 1095694
 361359
 243422
 693114
 883187
 335977
 231404
 81447
 509840
 801579
 287819
 648933
 1085816
 491742
 156497
 91593
 92581
 522219
 197612
 589750
 114460
 217189
 630495
 200590
 530742
 848818
 752571
 565864
 180946
 601481
 843412
 421555
 894791
 664587
 434337
 1051014
 902802
 969446
 475268
 573676
 91072
 81093
 1035479
 469223
 299082
 332695
 270532
 461867
 482296
 647052
 805956
 403872
 978700
 115652
 981959
 883378
 695686
 538853
 208086
 33934
 899296
 534059
 109732
 491737
 776754
 800909
 982866
 492484
 55774
 926567
 965556
 585663
 430998
 981851
 525612
 855090
 51014
 222524
 715399
 947744
 1030678
 390919
 833750
 615904
 315626
 410698
 268146
 867369
 499261
 989036
 356087
 914753
 707919
 464693
 809793
 1020385
 657880
 291440
 262305
 23609
 161202
 708515
 869365
 1078566
 703076
 1069455
 239652
 702725
 630948
 293949
 225467
 991808
 77284
 1095205
 445379
 683612
 106527
 513489
 923017
 499820
 124556
 278140
 708409
 914984
 761995
 963255
 400082
 435086
 44931
 662248
 994383
 644039
 430936
 774423
 20584
 515741
 682838
 880471
 528334
 243206
 197398
 864048
 715090
 1013536
 871373
 479983
 433422
 673347
 391421
 191480
 235341
 431981
 510190
 963632
 239578
 744148
 365368
 459779
 593154
 393879
 1037226
 102800
 521653
 485714
 1037383
 563335
 993976
 1026820
 692478
 391497
 970315
 814805
 1054337
 453681
 184341
 275611
 146383
 318690
 1025884
 1084604
 929378
 487266
 836181
 504880
 266764
 683133
 904498
 480879
 1015657
 63189
 235182
 733505
 637683
 969221
 155763
 737838
 982904
 847858
 1059851
 136130
 1320
 745504
 792706
 987191
 1002294
 655962
 1080297
 774024
 316316
 759774
 60285
 242445
 47199
 138152
 667321
 545878
 271249
 995351
 1020567
 333982
 492139
 781478
 1041478
 428854
 708115
 280897
 484786
 256016
 77065
 532095
 568802
 439932
 927659
 385729
 513354
 144199
 140312
 75115
 393398
 1017319
 559216
 8955
 586747
 238470
 533479
 238044
 292252
 397090
 699582
 771224
 376782
 1047431
 175084
 574016
 973276
 56573
 213153
 173942
 174836
 169241
 313470
 1004905
 510106
 1097251
 876597
 43867
 954600
 983594
 1017477
 370440
 50367
 681499
 111415
 1006061
 577393
 983918
 797769
 546009
 954736
 956748
 809191
 343465
 219459
 227203
 38489
 381947
 990163
 156196
 378786
 623830
 909968
 1055589
 336759
 663811
 977057
 625154
 719282
 994172
 1096655
 990789
 514042
 821135
 1097102
 953097
 574220
 74596
 270162
 617790
 367737
 775066
 1022470
 135763
 832817
 869534
 210293
 121203
 413620
 125198
 629736
 330211
 186517
 171899
 572034
 767202
 961942
 904979
 225850
 331246
 834831
 125554
 1067806
 226286
 432861
 79618
 1000445
 1097708
 952024
 959226
 1044830
 418322
 77987
 639835
 257503
 112373
 96700
 743725
 301362
 1017327
 920597
 510596
 475092
 303804
 655874
 844862
 72438
 759700
 1076842
 733561
 478146
 373238
 780910
 1087759
 897376
 55362
 884376
 871690
 309514
 692676
 288230
 358158
 68740
 516187
 765714
 372576
 1046847
 277232
 951346
 449954
 800327
 425765
 361107
 862425
 1038654
 158044
 304701
 933635
 336201
 312981
 368795
 17428
 860710
 99913
 786328
 960461
 335168
 815812
 359663
 915901
 582036
 703574
 536156
 665082
 1052027
 543704
 1070297
 77067
 834137
 342564
 512522
 982542
 808419
 976120
 30473
 989722
 245569
 572447
 296619
 728638
 577376
 273797
 779336
 28000
 312167
 252432
 887129
 931878
 406123
 641952
 435957
 83320
 157266
 272669
 403633
 550952
 1098752
 531218
 983375
 522662
 1032173
 768390
 1025516
 1080449
 239750
 770912
 641286
 634323
 574024
 732266
 628327
 540190
 1011085
 242979
 769111
 931413
 42470
 265342
 503441
 588
 650580
 615253
 593199
 87268
 510190
 89677
 587614
 428655
 977821
 142095
 129151
 543938
 976106
 962321
 851357
 819185
 587075
 466564
 1018226
 782609
 734553
 13877
 98709
 891269
 139011
 710660
 512513
 927618
 37155
 355052
 200521
 28304
 1082811
 1052683
 198628
 896466
 603058
 878629
 334530
 470447
 924540
 621460
 994645
 830043
 665429
 4202
 263649
 839042
 337503
 960989
 454419
 597910
 723395
 397590
 70574
 174390
 466959
 1072744
 943720
 911831
 1001791
 903658
 677945
 1075150
 62196
 173871
 1032604
 713050
 660176
 12140
 261869
 1097168
 368736
 16074
 256118
 112245
 1017239
 24150
 502068
 100852
 425105
 229285
 585380
 800863
 402945
 232319
 500140
 317476
 1050512
 375101
 647778
 307529
 1044623
 454285
 434793
 387459
 573208
 1078133
 82148
 3022
 46294
 483695
 335021
 712735
 245040
 665245
 106822
 890457
 245893
 766092
 463251
 823828
 974741
 375925
 799996
 429918
 265724
 26267
 521083
 700272
 761300
 938339
 154573
 149031
 297637
 486574
 95222
 228520
 488642
 385131
 511229
 53601
 712108
 232320
 206034
 133323
 569014
 776419
 219053
 480422
 846971
 629387
 679103
 645313
 455577
 151549
 315683
 557090
 594501
 858598
 361660
 1057743
 736487
 366949
 1033023
 910563
 876874
 568103
 104063
 470143
 129246
 239082
 816315
 22794
 871327
 1076175
 109088
 1068958
 662665
 716843
 237160
 620982
 573284
 942836
 169438
 72962
 332048
 901093
 1043031
 841074
 673594
 547786
 924788
 1042818
 726366
 884077
 159371
 393519
 423421
 530446
 589289
 982423
 1063224
 982938
 500961
 645263
 466035
 456023
 1020151
 867121
 538968
 131961
 453745
 762414
 659090
 2731
 890222
 863422
 61635
 33772
 900359
 862001
 759533
 1054198
 523703
 434162
 781386
 1096502
 457766
 799176
 283178
 657490
 1073936
 181629
 364372
 100022
 793764
 31406
 295630
 154212
 706453
 968466
 1032841
 280634
 967368
 338756
 366673
 32132
 971774
 1091427
 826804
 37403
 823070
 833794
 923961
 243128
 732870
 617019
 387518
 618928
 611208
 786091
 175177
 671003
 765838
 920968
 285634
 580133
 596276
 449931
 918829
 813863
 727528
 445470
 928920
 812477
 179108
 343192
 750745
 621134
 921396
 388799
 15273
 292762
 37566
 267354
 653403
 914959
 838188
 565566
 203427
 326210
 146144
 529376
 225937
 78851
 222207
 835294
 484462
 280775
 706775
 244071
 29811
 679322
 173261
 91835
 930295
 1076031
 446445
 555802
 921768
 307067
 803919
 757581
 825832
 315340
 17841
 159759
 579963
 1090427
 1017546
 745612
 952559
 42221
 211075
 484365
 828363
 437365
 836471
 736256
 929384
 349624
 243383
 778306
 1062194
 280500
 302119
 867596
 171834
 111426
 147316
 425709
 245286
 856763
 273820
 802213
 47056
 243755
 1076611
 747681
 1059841
 378255
 981772
 409108
 9576
 84819
 374440
 674541
 585011
 135466
 684653
 1048736
 697455
 771084
 595193
 475830
 220195
 113862
 123909
 903500
 1047802
 847052
 109188
 25068
 1075042
 1030431
 791261
 798168
 946727
 512131
 722371
 473668
 873469
 899467
 549762
 530570
 718188
 267169
 628062
 821425
 725745
 1082886
 130506
 1063487
 241992
 543548
 167243
 832944
 77557
 136961
 638854
 1026933
 594195
 962271
 225904
 264420
 612886
 440645
 218954
 67192
 907781
 1043186
 158281
 431377
 26878
 112251
 1079887
 913991
 302001
 751364
 779953
 420524
 106771
 428260
 46838
 10832
 892083
 964479
 642583
 291766
 852097
 182424
 730192
 502792
 650810
 908318
 831119
 641220
 975993
 340719
 161059
 585411
 309203
 917402
 2229
 20183
 707269
 30691
 209178
 623438
 248742
 530191
 340270
 157013
 580871
 671633
 731475
 62069
 863062
 155411
 904826
 772927
 391922
 68806
 250464
 920653
 776207
 902734
 754836
 457932
 955662
 679583
 330379
 296892
 1016485
 300508
 993996
 365515
 83677
 140514
 1014164
 580475
 697652
 232736
 336283
 798275
 78672
 575130
 355135
 286323
 451321
 849964
 606415
 147074
 1036800
 813916
 247041
 172348
 350692
 466653
 510625
 50518
 144375
 427847
 271171
 70317
 108317
 241894
 267305
 169528
 341263
 758734
 78899
 957671
 634908
 431188
 106270
 155454
 706533
 895396
 1009763
 446579
 567490
 486038
 929435
 863931
 193461
 981654
 283675
 384981
 647668
 829628
 934293
 768921
 673875
 1038911
 740503
 764685
 782494
 1036845
 1019785
 759642
 634886
 1009326
 533456
 961084
 55527
 104318
 976523
 786413
 502400
 1018177
 719095
 119267
 210516
 94305
 1035160
 123386
 931113
 171506
 51129
 635494
 963378
 210683
 655140
 903974
 1006451
 38510
 45062
 1067349
 642259
 788501
 429729
 946975
 774422
 75094
 764592
 682208
 478478
 735646
 536667
 326583
 572435
 1082535
 42099
 480952
 526494
 672918
 884668
 713337
 26280
 575489
 509724
 294109
 1074509
 809631
 716641
 1084547
 424973
 134292
 919067
 61433
 765845
 409694
 623319
 897730
 84160
 1057472
 727690
 524738
 7950
 643586
 549834
 392419
 917150
 237628
 46526
 790642
 842578
 713289
 694707
 888366
 516360
 80795
 741016
 631650
 839947
 366806
 352003
 143962
 196495
 752862
 588019
 833530
 839448
 756833
 507216
 64238
 745991
 711340
 467714
 330362
 362849
 257918
 247744
 434169
 254778
 699970
 780937
 51643
 901244
 865493
 554043
 396239
 1067769
 801255
 577789
 439401
 721886
 516546
 930787
 359449
 621648
 87924
 843501
 824393
 877225
 301857
 458725
 641186
 718210
 665308
 999374
 510733
 432545
 568418
 408287
 796529
 217159
 839810
 579518
 316502
 228453
 800168
 221409
 357312
 318766
 940824
 269855
 513696
 76826
 300970
 267975
 612012
 108881
 324779
 1008321
 1094544
 336577
 1080967
 452201
 186115
 631726
 1015200
 495853
 1001302
 179292
 212101
 914465
 14910
 164801
 126277
 454161
 549822
 682393
 779528
 956681
 800444
 669674
 1007476
 216964
 211532
 632436
 752653
 226054
 36575
 1085317
 522087
 845810
 384798
 411641
 573358
 918520
 775025
 1054162
 415281
 1090921
 310
 382851
 32037
 961056
 651192
 667418
 923306
 690338
 421501
 137216
 37904
 396037
 791362
 996112
 810997
 913969
 676516
 810311
 268776
 880669
 456472
 64056
 601317
 1097915
 174351
 897082
 435262
 828805
 1008158
 71151
 32372
 278204
 296663
 93868
 384099
 958082
 613876
 703597
 132498
 298225
 334899
 425822
 937418
 74425
 643329
 340260
 1023916
 903272
 745484
 434306
 1002469
 43506
 285718
 1048950
 674260
 952342
 798131
 308197
 768759
 1013364
 700487
 374830
 677567
 227606
 344269
 732704
 1099103
 799925
 536302
 324412
 379991
 786844
 890154
 894152
 58673
 783907
 121987
 91903
 528280
 282645
 855370
 892780
 345817
 562649
 407247
 1071255
 928581
 1096777
 1057654
 428827
 21296
 847584
 844918
 150224
 884293
 894186
 65539
 986356
 1055784
 1013842
 673623
 766481
 993765
 352223
 193720
 274301
 392112
 146322
 1071434
 582520
 909047
 92328
 139672
 558496
 875196
 401350
 906240
 422511
 17621
 88157
 316199
 352880
 520394
 578815
 920539
 407644
 429794
 424259
 196842
 196078
 468842
 401239
 45928
 871859
 355249
 226437
 355039
 641413
 1067028
 679121
 870571
 222501
 682480
 328641
 691648
 858947
 688142
 952556
 1058741
 1098169
 984395
 64166
 261477
 191984
 258874
 998177
 178637
 553561
 172942
 579791
 912090
 859480
 39166
 236718
 823393
 524380
 368510
 211163
 901857
 592720
 432546
 815548
 612614
 207921
 370353
 328416
 484595
 380822
 1046092
 783130
 928713
 1009434
 204482
 989642
 927542
 614276
 558387
 264987
 826271
 250493
 449765
 836230
 904635
 624792
 368617
 264397
 895904
 306517
 929939
 149866
 1052512
 495299
 105890
 1084506
 1076162
 844372
 921612
 374627
 7778
 738703
 1041687
 123616
 376590
 927556
 164813
 959618
 739852
 603361
 906733
 297528
 106473
 350711
 641041
 3179
 71129
 952424
 212627
 831016
 885064
 227870
 1062225
 506781
 272112
 144904
 557949
 244104
 888267
 930880
 139694
 727144
 292958
 804594
 278278
 753744
 472625
 98074
 101607
 375414
 551768
 607824
 744971
 917686
 732773
 389214
 972756
 450035
 33829
 280694
 999506
 249820
 1016376
 560694
 726588
 1040641
 341529
 77712
 278489
 178430
 521166
 1033203
 585370
 993550
 331137
 459701
 352776
 647926
 239374
 1097704
 794995
 392966
 421784
 39825
 33081
 928076
 537366
 202566
 290960
 138610
 251534
 118541
 892018
 444154
 49284
 515451
 690050
 795658
 159841
 224112
 508596
 27890
 1082084
 274122
 302693
 138028
 884130
 1072584
 790829
 1092739
 631200
 803044
 455338
 444842
 213439
 133885
 1030927
 214065
 382104
 78405
 355757
 167690
 305461
 704022
 66123
 81772
 615867
 413739
 6990
 699647
 593201
 879823
 692560
 638441
 258337
 37890
 802319
 187069
 497330
 1086585
 547488
 292032
 1024023
 869108
 905741
 17749
 15788
 775243
 541688
 575546
 642725
 372317
 589840
 1066931
 909679
 531717
 446360
 364676
 686335
 545966
 910129
 624375
 230028
 746464
 1092128
 278328
 720899
 339665
 638972
 941882
 604905
 707328
 109194
 941168
 942524
 693278
 784836
 101221
 25396
 737085
 951127
 848235
 1025564
 450691
 962104
 411554
 878832
 464287
 507920
 610707
 498457
 283729
 154525
 1054786
 990904
 852985
 508850
 414508
 1009545
 506429
 560564
 201657
 129117
 866823
 910959
 366918
 185129
 102995
 266104
 72176
 454508
 318492
 168332
 920981
 1046844
 639971
 697805
 953215
 163736
 800398
 251051
 267068
 366056
 335774
 188336
 343741
 204339
 61907
 346224
 769623
 142449
 134103
 148285
 45143
 445054
 559399
 149107
 574127
 281472
 359726
 1099440
 804829
 326983
 964573
 945940
 224345
 1011121
 909809
 91781
 89430
 806146
 309091
 486990
 246597
 768107
 972412
 330450
 347728
 861829
 324113
 35887
 275115
 505854
 425268
 180132
 138138
 1096290
 182076
 512777
 340011
 1020784
 245300
 286563
 635738
 563594
 26941
 349463
 699041
 707559
 704620
 495160
 231574
 88528
 147065
 843160
 1038962
 754683
 375786
 1009710
 280174
 271410
 946529
 820641
 581948
 205212
 751340
 143613
 560783
 1088053
 843343
 390370
 1052563
 503288
 686745
 495629
 834850
 680485
 144330
 552032
 87955
 104712
 224879
 56557
 778836
 747912
 442405
 312991
 683989
 407820
 434188
 587241
 1098927
 548020
 180596
 825269
 317513
 122532
 33107
 593933
 389341
 536358
 125456
 260370
 911832
 362230
 537016
 584752
 209468
 287437
 483104
 887639
 238713
 445841
 538028
 1033530
 317661
 397744
 955541
 378940
 26792
 466936
 398493
 822523
 244538
 965304
 1070626
 289401
 150534
 828851
 128579
 192529
 964114
 760428
 1096388
 1018252
 228248
 903110
 23883
 976545
 197724
 223208
 177750
 992822
 980979
 483927
 138588
 268626
 578588
 611456
 593707
 433362
 928204
 461684
 338937
 32297
 84666
 433
 497078
 233058
 515770
 877539
 594994
 852223
 221953
 30126
 248535
 485272
 216244
 534730
 19221
 659210
 269738
 283352
 778757
 1095901
 362078
 73762
 630633
 468729
 379044
 503848
 672597
 229944
 836499
 690155
 9014
 1000925
 132867
 32565
 745040
 885874
 139050
 769112
 905806
 691746
 186021
 250184
 19298
 741669
 638536
 666551
 91347
 1090018
 338836
 725247
 595793
 454834
 463304
 276177
 62211
 742026
 329838
 255720
 859796
 536684
 334196
 365847
 746089
 318232
 342846
 395751
 650099
 1098130
 1097748
 1005277
 155082
 200570
 967048
 576876
 292974
 717560
 929005
 392888
 423821
 762277
 270443
 863745
 10725
 470921
 1002328
 866465
 881382
 1076667
 296578
 184499
 27030
 1026423
 629904
 976303
 580593
 475430
 790524
 246441
 115516
 674998
 712882
 480133
 830216
 179043
 659574
 884608
 907366
 1038367
 84178
 1089620
 953033
 227409
 390666
 885631
 981958
 948826
 990245
 884220
 762488
 161032
 554762
 1046821
 129304
 679486
 335790
 845912
 397747
 233162
 877498
 449291
 488398
 687232
 735179
 53953
 779218
 479372
 214556
 696254
 428305
 471415
 330910
 428211
 349974
 8242
 373956
 954604
 984738
 796539
 275344
 327522
 1045023
 438646
 657845
 948439
 501833
 150576
 214105
 846957
 288800
 434014
 750619
 215083
 468691
 365431
 76624
 197551
 595593
 535490
 1065054
 989658
 710105
 870559
 295937
 740358
 674036
 938088
 801242
 157147
 736681
 257611
 318706
 147587
 574115
 233135
 252079
 720219
 316513
 724549
 308408
 790167
 949721
 422567
 556202
 484250
 160235
 1000311
 820694
 225452
 968985
 1004766
 718597
 868070
 746018
 526687
 897865
 1053410
 1034932
 766815
 151951
 550428
 394938
 255161
 940507
 886161
 952269
 911651
 194157
 87074
 1070751
 905747
 832981
 296999
 210272
 89543
 18606
 533171
 614451
 270351
 908552
 271107
 24013
 490017
 594386
 387129
 46753
 859018
 534051
 428498
 23453
 1013350
 148546
 579460
 247688
 858789
 571447
 882613
 69773
 446785
 19171
 302075
 321201
 965204
 789441
 691278
 208319
 438319
 710034
 874526
 550245
 133224
 737104
 859170
 116594
 479228
 46977
 651558
 281043
 891828
 1048091
 610914
 21735
 873646
 855216
 787672
 1066883
 94483
 961952
 21339
 859579
 19702
 345592
 718141
 614060
 574765
 654316
 673310
 286912
 646396
 252225
 950135
 72471
 581720
 36980
 398956
 620576
 997656
 873238
 56058
 302230
 292353
 950797
 798794
 475278
 710786
 398525
 122301
 327392
 474889
 926911
 1075813
 534931
 118299
 73773
 463387
 610720
 71733
 791138
 311516
 108581
 476013
 833963
 1042205
 143056
 159002
 448818
 68477
 955403
 976937
 1095178
 500776
 461961
 376064
 1032226
 269626
 547030
 1011482
 127688
 62621
 826268
 125272
 517033
 647669
 810494
 187861
 301382
 929079
 761551
 201118
 527078
 37889
 254440
 620676
 808577
 801200
 607413
 405616
 943860
 903320
 485110
 160156
 881615
 376163
 1085341
 321314
 1095259
 527293
 431135
 598097
 810452
 277210
 288824
 647277
 788754
 217478
 1016774
 313638
 940860
 626344
 920467
 513776
 854339
 826906
 471303
 265944
 884813
 648289
 430519
 719285
 1070434
 913044
 808192
 1032750
 975937
 887343
 1052363
 517604
 177876
 863419
 825609
 332832
 383558
 273228
 695152
 35417
 479063
 1011521
 606133
 411709
 53831
 63617
 569490
 587270
 48821
 22597
 996294
 233777
 25291
 989537
 78867
 709066
 726440
 423252
 286951
 1069080
 165904
 33350
 862183
 727060
 667391
 1021970
 602685
 976796
 2611
 323539
 662748
 352624
 892447
 396471
 661323
 701850
 381853
 291617
 329133
 313027
 676831
 90564
 363606
 204421
 486485
 960135
 534554
 562575
 618923
 1000293
 251486
 638363
 453666
 749299
 1022361
 378058
 687664
 768170
 720115
 63091
 161453
 783097
 486777
 373270
 741936
 599848
 699881
 838961
 452965
 860159
 443610
 1017368
 329325
 1031784
 536191
 307885
 259701
 631299
 902095
 804694
 279164
 268041
 406143
 552671
 728083
 533887
 158269
 669358
 776095
 743536
 148766
 520156
 1005649
 204882
 392472
 524076
 41943
 318703
 875169
 974669
 6025
 663034
 1081434
 854129
 1025643
 353305
 204341
 779584
 1074976
 276976
 792927
 649744
 630397
 492967
 987907
 242725
 156154
 91748
 1068521
 1071036
 551085
 727475
 212696
 632203
 192969
 542044
 567912
 873396
 460574
 158929
 780865
 54149
 793491
 83822
 398534
 515822
 985741
 98757
 32801
 47323
 1061990
 472550
 112166
 179951
 681546
 1026058
 343626
 1050628
 873358
 838457
 513183
 1060068
 509427
 24759
 146070
 561532
 872673
 958774
 641363
 401597
 679349
 64127
 308461
 402670
 281539
 399718
 576985
 691438
 954895
 450578
 356767
 378864
 714029
 121651
 214783
 566505
 462569
 205870
 1068162
 177054
 938365
 111123
 735818
 594744
 344687
 866311
 933454
 204707
 606863
 491574
 614985
 165472
 403109
 195910
 796748
 76981
 1030187
 100338
 34330
 803604
 1062573
 497703
 874718
 994245
 465891
 1005186
 1024786
 1056814
 1064366
 221513
 222751
 724764
 1030445
 646899
 602566
 960249
 703839
 637126
 887240
 57412
 239710
 911884
 849262
 964673
 352586
 317547
 699759
 388234
 984942
 141244
 586639
 887911
 3439
 340480
 776242
 324744
 824176
 861657
 900208
 1086801
 190902
 96904
 110074
 855099
 244922
 381250
 564265
 569321
 998647
 792375
 287757
 952835
 949004
 508881
 376983
 660302
 466198
 940748
 605781
 320120
 66302
 774417
 237787
 400975
 537050
 721528
 894932
 1092661
 882317
 167782
 580032
 580843
 223274
 558284
 167462
 727537
 772198
 289171
 104356
 23390
 616852
 522458
 1011923
 492434
 936209
 938401
 127369
 253483
 254824
 584663
 136635
 80524
 467371
 776564
 324645
 172104
 642037
 894739
 75617
 814162
 486809
 494280
 803012
 100501
 526069
 481605
 913067
 344451
 431809
 961705
 1055892
 704645
 264201
 659216
 731159
 716355
 939383
 1064731
 790607
 1041526
 669180
 537980
 731769
 687931
 24235
 451691
 759999
 961189
 273937
 98611
 933694
 1029434
 181562
 633312
 185722
 697709
 55707
 1053765
 686786
 517621
 732794
 326985
 978285
 851397
 311728
 960908
 625046
 547816
 547795
 47004
 811077
 173722
 211512
 11449
 732060
 2847
 319256
 41794
 1007041
 1056641
 939513
 447718
 574856
 323584
 891040
 1013792
 915587
 270872
 747126
 1034855
 479903
 325507
 160142
 381138
 789147
 753574
 1085073
 804107
 1040858
 353090
 277444
 988694
 669818
 178221
 3641
 426571
 241836
 275861
 682669
 273731
 1048561
 909795
 411803
 188956
 532990
 39203
 259586
 317899
 22327
 818943
 806826
 303433
 848468
 423141
 543016
 254889
 609793
 260796
 774822
 741954
 229845
 279630
 385892
 283087
 432592
 1077466
 375830
 88033
 640840
 428694
 909249
 953170
 407046
 1057197
 273907
 915428
 769009
 962268
 935342
 235981
 259717
 503782
 88850
 425124
 519583
 107245
 682353
 817632
 292170
 231258
 207793
 259869
 146992
 873484
 370776
 691388
 146276
 652606
 413013
 432314
 734373
 700409
 1010713
 910124
 208301
 339575
 1053876
 244126
 563456
 987446
 672161
 1089909
 354910
 708434
 1002815
 1081029
 778929
 629624
 937611
 341143
 950748
 425415
 588668
 543482
 404175
 412133
 617892
 913172
 394106
 387775
 12845
 1005573
 583795
 863137
 123910
 410819
 456338
 440785
 134052
 661459
 443506
 633495
 925745
 321534
 685654
 871269
 168925
 292488
 709673
 342505
 628526
 373327
 654396
 74779
 1099114
 67399
 179371
 896719
 186634
 578536
 462420
 797321
 410493
 677817
 523557
 823060
 1083749
 282194
 687481
 38140
 710744
 345451
 279487
 708982
 241280
 3709
 290181
 170401
 596613
 479609
 116168
 637263
 863059
 1015914
 108602
 742153
 114282
 59071
 1001127
 452502
 361874
 472368
 871986
 324911
 395660
 233568
 872747
 470484
 149370
 238080
 613886
 601775
 951604
 1000476
 938519
 470914
 885019
 22384
 691873
 38946
 209064
 830487
 1050722
 788229
 357231
 971720
 882289
 1005021
 124160
 250400
 405475
 206287
 969265
 983653
 904958
 976915
 286994
 1068680
 261860
 400795
 486472
 634806
 67455
 353354
 1075234
 476698
 812040
 679855
 524215
 751786
 463977
 559200
 900865
 431385
 252056
 203136
 325021
 24203
 887046
 874737
 39166
 94579
 720727
 152681
 204199
 872645
 973359
 696689
 49132
 400613
 288757
 737556
 230324
 1089394
 163291
 350522
 13924
 927249
 262073
 974513
 559994
 126374
 227976
 415994
 386539
 945013
 146784
 963383
 487336
 490361
 864755
 946509
 298904
 544333
 940709
 465024
 438024
 1097504
 995732
 760434
 1072234
 972704
 87031
 591151
 1012594
 1019569
 424535
 849978
 928350
 92169
 902463
 548685
 990186
 30318
 296253
 393543
 257879
 970780
 780648
 200541
 676221
 189612
 487496
 974275
 588898
 1099953
 1032490
 312222
 655705
 83087
 782828
 770715
 689248
 911773
 852086
 298749
 630901
 37222
 1050462
 769058
 705190
 454616
 1085637
 920174
 252083
 150687
 997668
 1090482
 827887
 576229
 970314
 540858
 929146
 529461
 578399
 172823
 174350
 1056457
 713728
 726068
 12358
 212971
 437936
 502861
 819746
 679166
 525806
 841000
 862074
 298269
 1043587
 77091
 724621
 391049
 1082495
 512746
 578254
 1064753
 582851
 211405
 65225
 658835
 1063895
 278016
 443774
 915063
 424266
 241410
 1802
 1017108
 1065507
 228949
 556402
 688517
 530505
 470744
 211337
 615911
 280096
 564870
 382885
 207948
 802829
 477758
 966021
 237614
 375823
 412370
 644503
 799690
 604019
 845965
 932333
 865293
 398349
 468084
 337929
 1055132
 822628
 587563
 918403
 1061633
 1085593
 255626
 683026
 408930
 603164
 543632
 316174
 690517
 703547
 362983
 991625
 138686
 251246
 61672
 811495
 1071157
 365732
 817100
 898050
 983705
 918930
 460900
 676387
 729302
 785203
 649355
 612742
 770131
 1052748
 511646
 1024989
 174345
 386452
 1065092
 576763
 662773
 536526
 313633
 1047921
 567051
 6015
 1071899
 247866
 816421
 511155
 228122
 225631
 1084532
 1010149
 18043
 710363
 786874
 421847
 946782
 1035603
 939343
 961435
 332316
 22814
 434600
 194793
 603190
 641087
 959711
 476125
 101967
 465228
 212931
 300974
 98292
 136262
 322295
 975734
 746735
 774332
 33728
 498833
 250470
 990812
 67275
 543137
 792770
 1050024
 470804
 491352
 558210
 841997
 117085
 658917
 748615
 560760
 887930
 1047035
 849423
 293560
 615772
 1074950
 267
 118534
 32697
 35064
 808600
 1068453
 801206
 276369
 136671
 2330
 404803
 887936
 632299
 178106
 1097889
 403084
 229962
 673773
 773689
 671045
 245042
 533459
 705190
 579639
 366689
 949554
 290690
 257050
 564815
 986582
 660847
 669396
 1066567
 1035373
 368134
 404903
 771994
 232555
 557606
 142014
 472366
 111683
 885698
 948247
 713757
 849815
 182451
 82297
 704769
 1095275
 845578
 714656
 964998
 232974
 950949
 260906
 84682
 113350
 227461
 389135
 994974
 447563
 900494
 972142
 284120
 440785
 674152
 294185
 789779
 865323
 541269
 585612
 607719
 914839
 16579
 158435
 825649
 199425
 981314
 579386
 1022156
 1021886
 162198
 18569
 135919
 131629
 337901
 1054882
 759067
 38465
 319951
 112881
 207507
 296180
 19776
 154227
 734651
 148488
 409562
 58893
 400376
 1086057
 1005778
 61960
 770734
 225854
 811062
 854919
 148462
 32271
 160279
 95617
 940065
 507981
 183786
 876138
 40062
 339585
 396793
 110408
 935959
 438695
 116183
 65290
 561598
 251422
 6145
 1059747
 348959
 510358
 82648
 214311
 1005230
 228568
 143099
 828622
 811837
 578728
 890112
 1068444
 772863
 1059763
 378876
 220642
 90010
 240720
 75520
 812416
 403912
 828214
 827589
 177461
 609038
 451816
 846030
 666402
 833465
 890292
 358743
 1030740
 87346
 715846
 882835
 93380
 607829
 519144
 126465
 412266
 1047333
 296226
 212381
 1022621
 1058984
 864050
 751918
 1032605
 160749
 723729
 369058
 1091413
 401400
 904283
 186012
 612502
 1022590
 256302
 1049915
 1045333
 48883
 172330
 381342
 542930
 551621
 908503
 546821
 718139
 44004
 244511
 357354
 176514
 739456
 341724
 202296
 121415
 992290
 422276
 280244
 865323
 229886
 156546
 739565
 1054242
 449668
 186686
 864392
 237334
 289987
 648536
 896858
 861625
 966905
 571055
 969151
 94403
 183702
 1082551
 543165
 323437
 667739
 472673
 508945
 817559
 307118
 1029678
 97898
 1026243
 271028
 454643
 931008
 717831
 45773
 14002
 293258
 156840
 826981
 402681
 497824
 260648
 1071816
 63019
 1029482
 771518
 1022566
 1219
 609740
 56323
 923880
 991539
 802526
 378122
 444351
 749585
 784543
 618592
 337219
 313487
 765895
 71056
 491941
 1045934
 894909
 239699
 914982
 699681
 128911
 835541
 689498
 281394
 28462
 33286
 405054
 494596
 683218
 716123
 889274
 5517
 936983
 952690
 849778
 577329
 847488
 134073
 182929
 513010
 677065
 394075
 87014
 751823
 645852
 749042
 238870
 714372
 475135
 691776
 546399
 998483
 696838
 508720
 476469
 123090
 1005982
 668985
 32069
 447446
 1038550
 315022
 876186
 402145
 390461
 861806
 218453
 398105
 1031668
 225884
 1004241
 570583
 826065
 771665
 724673
 278195
 1099295
 221231
 284865
 1030398
 548456
 894209
 225922
 631317
 32614
 731102
 79146
 17220
 341841
 106992
 1052841
 351224
 28043
 452484
 140429
 981124
 691098
 168353
 149931
 808296
 300869
 355767
 544070
 152245
 621015
 558088
 816053
 723902
 503515
 220297
 170800
 774219
 463442
 505656
 703643
 892680
 720017
 530932
 673230
 940391
 985257
 768547
 861354
 257639
 262960
 1062525
 574906
 179011
 513400
 548658
 560373
 469121
 863350
 509339
 199525
 248012
 746322
 564912
 739023
 1050190
 13465
 1025129
 149756
 389590
 498277
 670544
 806537
 654937
 562502
 956180
 802723
 120638
 265304
 440065
 143578
 245888
 1086156
 523040
 196132
 527678
 69558
 4455
 559847
 1082272
 356019
 782988
 947405
 424189
 915947
 811741
 702550
 1067762
 254536
 130965
 253710
 1063211
 131419
 207390
 182344
 891422
 999723
 579845
 607217
 174324
 905660
 552737
 1056421
 442089
 976562
 945715
 196149
 392275
 247029
 681648
 715614
 80853
 128739
 799104
 979612
 733691
 388260
 762612
 957331
 692465
 19925
 1083938
 62408
 944620
 64119
 991290
 521451
 591595
 468373
 1076779
 276138
 314390
 321157
 950656
 718604
 156460
 173688
 1096041
 603500
 890651
 801888
 560550
 614546
 430317
 755568
 692129
 472671
 623357
 874556
 525504
 771348
 588325
 812075
 780049
 492253
 1043450
 981015
 576774
 1074837
 84376
 167554
 375988
 547903
 702427
 274174
 163471
 960804
 655629
 888262
 1049389
 538663
 150254
 648209
 837550
 222302
 961612
 948388
 919025
 954908
 29088
 238797
 904591
 852302
 30914
 607672
 139667
 1088488
 904885
 227074
 338385
 514280
 467847
 688998
 309412
 320358
 1012496
 8767
 35877
 382121
 973410
 110540
 69927
 583153
 197640
 624765
 921404
 1042641
 524428
 664324
 403316
 898899
 964724
 311902
 37971
 769796
 930688
 138681
 94805
 1060717
 1009873
 359808
 229801
 67723
 807078
 141896
 673032
 70216
 57730
 933362
 1002954
 187546
 854547
 662077
 496649
 36
 102142
 870284
 50705
 821033
 659904
 104190
 42700
 403553
 1058412
 660753
 151969
 6388
 1069772
 316977
 216172
 418201
 424666
 819947
 452349
 804363
 231146
 491066
 148628
 728084
 878586
 515971
 835261
 885744
 746522
 911397
 384453
 782529
 684419
 596525
 1036747
 127690
 515102
 909911
 696358
 373644
 535960
 711592
 710089
 202576
 337963
 362812
 198127
 123705
 1022130
 1084472
 84984
 377606
 539082
 131946
 639085
 344350
 1035417
 165523
 311825
 64765
 584137
 1069067
 679208
 174469
 753662
 488248
 953599
 1010591
 40196
 138011
 720147
 458125
 634396
 387533
 3225
 230561
 541595
 39624
 58942
 592543
 898254
 451305
 1027102
 789905
 565948
 129440
 415126
 603794
 134672
 746239
 75673
 766492
 666778
 42158
 708660
 165439
 956025
 179673
 216000
 390135
 1018597
 615616
 1005609
 332766
 1038719
 600614
 282874
 243167
 245676
 27636
 656535
 798218
 153031
 911653
 445822
 763506
 710992
 399919
 212846
 414668
 784985
 303303
 93914
 1074986
 477691
 489998
 53255
 244394
 593281
 300616
 238267
 213669
 738785
 897789
 744262
 18342
 935245
 984847
 761314
 218835
 340880
 657746
 147518
 734768
 1018846
 545966
 577911
 1065806
 977331
 609474
 44540
 358113
 986276
 32776
 402617
 277138
 713415
 863889
 220528
 724209
 1010889
 661519
 1067184
 303815
 971002
 167021
 1089847
 506257
 355522
 218317
 478765
 817517
 882733
 944835
 209082
 1078031
 631296
 851041
 696334
 799963
 664341
 782033
 517854
 510172
 740125
 608806
 1029748
 1062056
 1064926
 739399
 737773
 996863
 821248
 1058080
 250915
 988291
 52634
 208095
 192151
 808015
 973605
 273043
 825332
 36456
 838547
 258092
 127199
 958473
 175560
 1046769
 373487
 491508
 985989
 548442
 250579
 397182
 694449
 1067013
 357684
 578683
 587187
 953433
 489306
 431958
 979936
 775727
 11710
 706302
 533346
 260616
 144906
 207226
 970617
 445801
 190137
 572158
 216119
 820425
 620164
 133522
 631520
 481781
 786411
 365180
 343326
 514277
 516140
 245050
 1052015
 1093418
 754815
 842447
 336455
 66041
 39349
 544153
 298637
 142419
 476360
 876659
 1094653
 1003805
 371703
 213417
 113421
 826028
 665272
 624548
 1029362
 130121
 1061654
 607105
 384671
 646531
 1068093
 729552
 297737
 370837
 141447
 656107
 162437
 735603
 655416
 1083265
 872285
 81531
 8133
 48365
 335062
 625379
 1067742
 471588
 963195
 571957
 781401
 991171
 738948
 468663
 298138
 59114
 1034718
 108024
 1050012
 235370
 207399
 1025328
 685214
 387101
 413229
 596991
 288628
 140213
 133241
 809469
 793278
 831420
 254857
 338765
 369806
 1023531
 720217
 502068
 953931
 894435
 997064
 907256
 514970
 347566
 474185
 197804
 775075
 614769
 565838
 569240
 687062
 1004206
 664436
 594012
 602123
 20514
 468040
 478856
 92527
 627565
 602896
 494933
 661749
 508715
 1070226
 300224
 246736
 114261
 571894
 373017
 624861
 1072053
 60672
 1076750
 963393
 603939
 690612
 804379
 1072626
 471279
 63979
 796640
 218888
 1073617
 425771
 822412
 125202
 681439
 80860
 871673
 914285
 602460
 182448
 649410
 140332
 16194
 51492
 721501
 738250
 980855
 332779
 793503
 226483
 817507
 691055
 258068
 488114
 727782
 635902
 325655
 118071
 129372
 873792
 11286
 725652
 426053
 1054816
 126330
 1052781
 442097
 96524
 799594
 270223
 627976
 233842
 312812
 663474
 1051989
 385742
 441330
 1052688
 435599
 840462
 126097
 929586
 499973
 990107
 104086
 42831
 53478
 650934
 89756
 58672
 411501
 1013622
 240935
 891930
 918334
 78240
 363730
 283645
 600387
 861470
 602122
 23904
 507793
 164016
 522759
 865873
 992011
 223741
 372056
