148339
 503369
 2382
 1041046
 738432
 1054312
 216270
 260377
 369456
 137895
 104474
 672614
 472754
 831944
 812569
 116981
 753386
 834825
 981071
 546009
 1093495
 343563
 149394
 814814
 1096982
 98199
 43567
 538121
 597401
 137060
 339429
 546390
 231026
 437045
 911896
 694070
 132585
 782321
 358074
 688080
 1090756
 879479
 484247
 1060344
 1026747
 885039
 870223
 470186
 622059
 254116
 598118
 484721
 186742
 546425
 43693
 376709
 56057
 831965
 50026
 110255
 744236
 427605
 835362
 967132
 595191
 845420
 365603
 789970
 504831
 189554
 120741
 967346
 287899
 532190
 782261
 770326
 342376
 400072
 815273
 1087250
 481023
 96505
 865461
 337810
 464813
 532464
 122537
 483473
 724390
 432829
 530408
 874845
 1061166
 982238
 660197
 390826
 156975
 801961
 921870
 592644
 372038
 361761
 612201
 749296
 173921
 929465
 596116
 106567
 899547
 193783
 458529
 784076
 738669
 208675
 873066
 157396
 371221
 483754
 14787
 1002254
 271972
 1021908
 174199
 487541
 1097541
 912983
 97749
 122677
 915016
 730346
 253553
 807388
 587229
 996595
 124615
 252728
 278063
 509507
 848877
 753768
 659671
 848150
 338735
 798420
 406652
 454078
 874915
 555273
 258706
 745038
 857049
 725980
 233520
 795279
 844810
 735708
 449760
 525427
 461538
 918750
 1042449
 719438
 230922
 634457
 356045
 382280
 43075
 380337
 51735
 956650
 954962
 270267
 735574
 812845
 943875
 938207
 922077
 820253
 398102
 970947
 856829
 252136
 419892
 880426
 890381
 429868
 47885
 372967
 711373
 1021639
 373877
 284037
 310032
 855500
 830239
 814027
 836272
 850376
 961329
 169404
 76911
 433524
 964810
 663081
 52595
 518344
 596069
 1095851
 756684
 637215
 737415
 372441
 683738
 136501
 447412
 965262
 98289
 271865
 769643
 953064
 132590
 253507
 942422
 958213
 365363
 884161
 885624
 717351
 63701
 1032871
 281163
 661685
 183672
 160717
 161060
 689605
 28213
 304679
 396991
 386643
 728413
 124655
 104320
 811066
 1017159
 639822
 368770
 453256
 973214
 880106
 746721
 283515
 137575
 629586
 140226
 392414
 647996
 590920
 1014444
 1097576
 1038774
 851485
 848956
 937460
 346496
 43404
 715966
 525465
 860876
 323324
 1038591
 48272
 348273
 1040079
 52370
 343252
 483631
 357557
 564868
 245202
 537595
 633756
 46156
 206552
 90935
 718115
 948739
 583252
 388470
 970202
 568658
 584335
 857694
 930630
 1002673
 836908
 668826
 884571
 556554
 696621
 502743
 1082340
 304353
 848235
 527518
 884770
 446345
 694659
 613529
 600162
 103940
 438592
 820829
 63302
 945222
 452411
 733570
 170530
 502877
 716763
 947535
 195057
 429114
 912400
 845396
 1029131
 32516
 696686
 143044
 9629
 308082
 998785
 893796
 938984
 727713
 322781
 949319
 528980
 428427
 150249
 776815
 636896
 637238
 848593
 67815
 159743
 746891
 69621
 928628
 338692
 279450
 681409
 1073799
 487755
 785906
 280694
 159212
 730894
 884221
 838367
 686305
 246996
 330015
 779923
 284071
 187748
 649594
 468018
 943419
 1082141
 971108
 394781
 98177
 1092173
 1050566
 668312
 758631
 726784
 432692
 684162
 319983
 135316
 269850
 454956
 71202
 730168
 334649
 71723
 930923
 659383
 159022
 624038
 733250
 972701
 341015
 468770
 517281
 278043
 156401
 349848
 164732
 1090368
 438898
 837695
 242128
 957928
 877667
 856516
 1074270
 241879
 1057777
 396447
 733688
 582815
 71129
 417571
 573993
 70165
 205935
 550979
 237481
 250566
 276610
 883198
 395533
 791992
 782234
 367072
 708037
 1083500
 344739
 131414
 127802
 895538
 34801
 70395
 696736
 591589
 317328
 508552
 465229
 669915
 15060
 864261
 170041
 1067345
 199290
 15794
 1034013
 371757
 157347
 462492
 244729
 945000
 103242
 282830
 1060284
 759009
 135733
 830810
 590679
 481200
 34816
 684347
 33242
 565496
 780965
 1096369
 280699
 291982
 347027
 608372
 756561
 797761
 847864
 524689
 483774
 738032
 160059
 831368
 864604
 319090
 698779
 562571
 848438
 88508
 705357
 648126
 742295
 173129
 783891
 905649
 383029
 36508
 653408
 500212
 396314
 1028058
 603945
 404729
 606722
 876851
 681127
 608592
 839517
 504266
 202018
 754405
 438460
 23009
 947794
 814881
 712119
 565323
 196436
 937549
 95782
 864659
 3222
 280095
 205492
 412959
 1094721
 437765
 151307
 747586
 297872
 969163
 198525
 308717
 247935
 916507
 752184
 38686
 728378
 593897
 608401
 335190
 588232
 987824
 835580
 170226
 438314
 437131
 1058655
 736809
 365480
 684021
 98002
 534758
 949455
 782828
 544012
 350486
 318453
 263147
 614829
 866892
 848747
 648208
 427591
 1084542
 1089853
 105580
 512444
 664853
 110287
 15069
 199315
 566483
 1098419
 978358
 657881
 851194
 120389
 373064
 301096
 423355
 1014894
 750378
 613296
 491113
 451718
 861789
 426928
 20304
 95496
 656263
 963134
 361392
 1065391
 993200
 741256
 779446
 903965
 694277
 796345
 433064
 172318
 134921
 495247
 157640
 13799
 882274
 1022260
 538264
 612726
 234462
 234291
 228759
 690728
 281822
 639865
 278982
 167056
 329949
 1066215
 947221
 331983
 782340
 210931
 967403
 624825
 300288
 89263
 1064525
 923559
 654824
 1075085
 720473
 938158
 1005860
 865103
 643194
 781106
 11436
 18077
 598604
 411310
 1079932
 19402
 616517
 312525
 278477
 122375
 1082048
 506974
 361226
 819196
 785732
 502908
 1077952
 58677
 321315
 583979
 841572
 597313
 67655
 183450
 1081040
 924127
 500341
 374943
 1025205
 75433
 651033
 631895
 598159
 492438
 249113
 877328
 100087
 927409
 885346
 993949
 208051
 929604
 505327
 612190
 289357
 325880
 269303
 1020264
 544814
 101406
 960928
 890102
 456623
 924100
 844155
 387219
 40021
 949962
 66846
 56587
 144605
 53595
 437183
 1007585
 979111
 601257
 181107
 422654
 576301
 248166
 1081480
 226904
 634814
 111840
 509647
 109665
 1082266
 982863
 381779
 335185
 168031
 331396
 368458
 837166
 28543
 48445
 645665
 309395
 744421
 725075
 870094
 422293
 559845
 147059
 21566
 325225
 941126
 1088606
 945720
 436952
 57925
 105413
 853306
 356932
 156669
 934463
 1012228
 649223
 1091638
 5993
 791746
 217015
 882025
 527651
 1085365
 477152
 214184
 774960
 719643
 182864
 1076494
 916642
 290368
 220048
 238526
 80504
 451403
 117425
 113919
 1043521
 950411
 682788
 871476
 1073893
 360905
 910136
 323885
 338321
 844680
 176124
 322620
 940348
 596305
 158521
 71006
 368698
 724378
 852172
 751449
 253772
 552393
 24537
 314992
 579676
 1057456
 142601
 43484
 427375
 405915
 212405
 802306
 960756
 333931
 71653
 59434
 600918
 917853
 957776
 351701
 490814
 430785
 396609
 571759
 61673
 756201
 350679
 146557
 117004
 153138
 579443
 140192
 301275
 1010177
 313625
 369294
 934916
 543515
 471417
 881480
 888872
 618617
 625059
 290789
 174449
 467060
 388610
 1091611
 375300
 918298
 978684
 970850
 582905
 684371
 1014730
 966923
 1030987
 70965
 504768
 269806
 657736
 161764
 190926
 372899
 783285
 161623
 484213
 127564
 433066
 493746
 299083
 743750
 1006381
 315407
 793266
 74884
 1024845
 494635
 976086
 93527
 253760
 743215
 418116
 624510
 628904
 286021
 664673
 360799
 523131
 947671
 459415
 486650
 1001964
 488053
 950959
 476905
 349769
 140095
 273886
 96617
 900197
 302655
 1050956
 277358
 836536
 1086621
 209157
 9507
 1056256
 25393
 321634
 939064
 686535
 816026
 642874
 440674
 997516
 925284
 557794
 297536
 877568
 742573
 734
 959456
 730257
 554873
 963283
 902041
 924900
 632092
 332166
 1049897
 362396
 34093
 377842
 523640
 339384
 713124
 815892
 500657
 640400
 820632
 321447
 238922
 668577
 85802
 1058032
 57417
 603782
 423245
 860687
 93055
 954814
 830237
 864070
 224025
 919832
 162337
 320541
 587784
 649848
 937112
 6863
 373837
 626304
 124661
 678000
 825341
 604382
 899927
 533273
 968490
 352260
 600853
 393072
 11136
 766098
 118200
 1063142
 657732
 61204
 655189
 617877
 1091404
 1071134
 1023509
 146157
 248100
 470391
 182292
 646344
 1015102
 339099
 439424
 1046037
 904544
 595053
 533064
 42501
 792208
 1024461
 977451
 553151
 252610
 851328
 89078
 49173
 418330
 657793
 656572
 678793
 108965
 506576
 273386
 98091
 175384
 256785
 429230
 1022099
 263486
 966338
 594701
 164152
 591908
 184751
 1088329
 565915
 274589
 64290
 647586
 947990
 710532
 938855
 859761
 853197
 62934
 1076729
 806768
 400246
 697796
 142859
 142507
 208449
 287211
 762580
 649041
 750726
 298012
 977450
 531280
 549458
 823135
 212565
 569295
 969373
 419620
 527284
 166527
 215537
 341443
 606466
 800626
 292155
 267208
 303850
 782260
 257502
 947665
 752940
 69947
 27653
 115951
 301197
 937106
 91422
 139539
 1071530
 410625
 770659
 738961
 665757
 526791
 672870
 397392
 861727
 1001621
 699810
 423584
 1051186
 1093753
 737833
 319880
 270373
 1042069
 524834
 648653
 314372
 454291
 339016
 181972
 118759
 749903
 196970
 420385
 790177
 490515
 143348
 492375
 346966
 999483
 791787
 747911
 603261
 973343
 1084560
 1026701
 422184
 259442
 363616
 156174
 592223
 873241
 718684
 717085
 816258
 480660
 196773
 314893
 777123
 1001683
 866165
 993591
 192939
 227255
 559229
 65832
 216590
 2379
 1022556
 423423
 776522
 909750
 35131
 366258
 611270
 668033
 330575
 958781
 821793
 1059557
 706699
 410776
 354813
 594889
 847904
 983677
 136231
 249108
 432573
 1009654
 692782
 478969
 69637
 1039236
 824738
 853569
 435130
 636568
 76109
 569614
 708533
 278290
 821489
 314149
 486213
 940471
 11342
 47616
 295339
 735970
 724452
 1084009
 703609
 769403
 642781
 609623
 812614
 770636
 844384
 535281
 479767
 64752
 891121
 222574
 291747
 856711
 846118
 334194
 709302
 685230
 139724
 283666
 1037806
 515097
 637940
 509868
 611872
 726875
 327262
 28162
 1042016
 1023859
 243266
 301698
 174355
 453995
 186161
 887959
 66335
 201360
 315952
 408511
 949076
 139428
 395923
 232088
 772803
 1020257
 608747
 607594
 354674
 43463
 1051395
 805176
 444551
 720284
 941471
 160383
 700467
 542993
 522467
 264753
 290974
 520458
 889443
 336947
 66064
 941495
 786770
 324668
 314782
 849433
 994760
 773054
 665589
 732028
 935918
 907594
 955232
 305774
 396106
 1040758
 538663
 590349
 450985
 763671
 679168
 220070
 765813
 323013
 11517
 194355
 948092
 991305
 494212
 148452
 218158
 53412
 461589
 697896
 882923
 1008027
 58195
 1022630
 367927
 751068
 41306
 456289
 696748
 908403
 346514
 859774
 91470
 679395
 902836
 861681
 700387
 166784
 456519
 762124
 750192
 639319
 994346
 83197
 188201
 84530
 896816
 529118
 232464
 932000
 119662
 199807
 75600
 974019
 879501
 929369
 706167
 390469
 527743
 261146
 405773
 759126
 565341
 341179
 865954
 645967
 1628
 85194
 266786
 566432
 341361
 86676
 447724
 157297
 422500
 127297
 999030
 652706
 875673
 738669
 73598
 356900
 3684
 994623
 632040
 1086024
 73147
 211140
 1028942
 278179
 676777
 359016
 1041939
 706273
 457759
 387507
 848412
 782145
 318227
 569917
 87046
 435920
 650432
 709588
 638776
 499649
 301482
 895326
 131204
 617062
 603258
 348753
 838434
 256202
 400212
 122169
 277885
 891399
 985063
 385816
 288635
 28229
 913631
 1012857
 917566
 460251
 762237
 630118
 862523
 1056556
 493742
 878163
 754406
 190907
 367956
 742364
 408769
 785878
 327910
 5498
 40476
 472
 925340
 445323
 377970
 746161
 833712
 947735
 1070445
 90430
 892048
 375323
 59611
 881228
 762281
 320281
 434511
 251631
 359290
 843465
 981461
 678983
 201874
 221555
 482771
 527259
 399806
 1041049
 206173
 738081
 94142
 32557
 481305
 745123
 31150
 93791
 332477
 349891
 789480
 8551
 1009092
 183709
 727543
 181337
 503789
 836975
 315298
 36733
 81455
 252809
 97139
 333976
 181219
 661582
 864466
 501636
 1011107
 375483
 807724
 643404
 731920
 190505
 503913
 1058687
 623031
 995328
 656334
 344756
 416143
 856020
 738982
 591356
 76763
 1018223
 76344
 861098
 836822
 847226
 386006
 102207
 853686
 239478
 172681
 590815
 452112
 677422
 146216
 828447
 1070783
 323302
 464485
 716070
 924275
 440042
 247414
 29469
 459288
 584034
 587627
 254331
 45078
 363401
 511940
 1022685
 948966
 928276
 794693
 878437
 122499
 61246
 751012
 774101
 818031
 621465
 837574
 198128
 569491
 804801
 235181
 885521
 1084871
 1022605
 1052686
 849746
 1023650
 951122
 504624
 440451
 92339
 85051
 20439
 732403
 966338
 342952
 686847
 491837
 808720
 706517
 31191
 747943
 1088216
 619524
 402929
 152952
 733030
 323566
 308687
 7319
 673639
 317574
 305396
 127437
 192535
 543550
 416718
 55372
 603752
 372500
 986156
 531154
 871297
 602549
 112639
 951765
 1067977
 759926
 651187
 73756
 995824
 614059
 376008
 688399
 496796
 546718
 143710
 811474
 512559
 969432
 221762
 984444
 1033503
 555076
 78921
 203738
 593533
 952498
 478123
 334288
 945062
 1357
 1018539
 189046
 555615
 579818
 383522
 337976
 498604
 686668
 762620
 664053
 793156
 714479
 592317
 920454
 904922
 303589
 738056
 378288
 409629
 76323
 653642
 724944
 645149
 53622
 144533
 239323
 270047
 49497
 257492
 527008
 745908
 941857
 991274
 950964
 480697
 961525
 145020
 1074827
 392360
 732133
 710073
 952544
 1066044
 437611
 317713
 270538
 201747
 186719
 1022478
 28167
 345316
 583714
 511053
 97900
 205588
 51682
 95906
 276056
 862560
 112107
 424895
 470669
 880315
 199598
 213515
 810633
 153327
 961607
 175054
 647319
 498998
 355911
 407520
 718614
 11052
 57534
 903345
 501559
 1035589
 393191
 56544
 135279
 486456
 705227
 1085966
 436284
 651972
 1087462
 298094
 203315
 882823
 209007
 982637
 579198
 911623
 540231
 115018
 84579
 357385
 1018732
 347461
 377059
 250148
 408573
 593322
 543839
 735958
 66989
 74455
 521165
 30327
 134929
 311472
 892210
 500874
 945597
 249415
 34523
 674967
 586388
 124111
 987030
 727221
 276430
 835211
 993089
 800627
 389033
 336938
 652706
 49482
 121941
 153030
 72619
 1002223
 922758
 255869
 513476
 667796
 616295
 269071
 37272
 842702
 47753
 445118
 696520
 312780
 144978
 1095418
 333299
 293543
 310930
 471329
 451050
 615170
 971720
 795380
 822198
 272699
 974680
 643608
 79175
 568050
 994161
 535410
 1076166
 803271
 427573
 993455
 774916
 255168
 570344
 149634
 519484
 1097778
 651486
 1021734
 910713
 996060
 1039333
 525130
 1049645
 756501
 474710
 690441
 741651
 1054584
 333711
 127494
 80436
 1040997
 57094
 217504
 976195
 213557
 780892
 287235
 1099207
 35558
 672210
 430414
 121904
 588134
 706751
 608118
 400548
 676743
 50043
 928342
 455375
 528895
 963537
 666826
 404241
 791484
 258440
 766636
 640270
 387353
 784452
 688314
 714663
 403476
 1013636
 466755
 92783
 253522
 30580
 691401
 909528
 68831
 418145
 904001
 974791
 404236
 145704
 96134
 437994
 996338
 770053
 1060764
 616476
 632569
 578157
 855207
 831199
 173445
 134152
 775160
 646100
 211478
 356423
 479608
 363576
 45768
 4891
 453007
 115075
 964319
 844198
 340440
 692958
 853388
 361236
 786407
 212892
 943427
 998585
 845542
 1091696
 314367
 913796
 830794
 571802
 170465
 1095930
 448090
 982185
 313104
 103472
 397918
 399903
 146120
 516010
 124019
 713162
 114551
 652249
 854588
 347769
 254239
 292141
 398036
 556168
 320046
 655957
 440658
 1078345
 1077981
 48536
 470410
 400820
 853281
 213332
 679420
 92125
 443471
 887650
 608663
 51335
 25652
 375619
 892214
 720920
 891163
 1032863
 258541
 108717
 796847
 340253
 213951
 801552
 930445
 854014
 1071463
 160218
 305211
 74127
 562164
 521870
 91774
 508110
 543037
 509392
 280489
 166324
 224846
 879056
 444790
 882496
 202682
 431642
 474186
 788680
 337086
 255783
 812736
 37263
 115981
 82348
 413612
 1008643
 712343
 942711
 965079
 554588
 466317
 586986
 115984
 369591
 184873
 619422
 140692
 948829
 799631
 417616
 939355
 975462
 935613
 114244
 358785
 270691
 810687
 64866
 937232
 654536
 262044
 701752
 648666
 438988
 939143
 974539
 435339
 597391
 139465
 12072
 690541
 649890
 1096086
 1081581
 420494
 497496
 397660
 216121
 882758
 289394
 213207
 68550
 969248
 451189
 118939
 547616
 156896
 89715
 453616
 733013
 725072
 33168
 1074622
 1029878
 18223
 269911
 600674
 903010
 746170
 843332
 195635
 982141
 969498
 182336
 373386
 637208
 602260
 799831
 282177
 521049
 437529
 528393
 944963
 285633
 564437
 679098
 232056
 270611
 56312
 727831
 997401
 427214
 863704
 406945
 225334
 766404
 674329
 328736
 101210
 831034
 159567
 447611
 807516
 36785
 568952
 715430
 717055
 436240
 1943
 725170
 635201
 663353
 437729
 857541
 887146
 988859
 708075
 583188
 461405
 331151
 238233
 606319
 345101
 879654
 478056
 440179
 939774
 635077
 994910
 204610
 179006
 162727
 822719
 882191
 756399
 705780
 540524
 186818
 135853
 739671
 661295
 456666
 31872
 687502
 859570
 647554
 52497
 590595
 885330
 488061
 776831
 784543
 364409
 205545
 817607
 273505
 275031
 47830
 32520
 316966
 1016252
 490674
 329018
 535757
 1069228
 20992
 506358
 727192
 85253
 234749
 84958
 183794
 1056604
 41057
 821407
 888812
 751080
 367042
 724250
 126724
 102827
 354699
 191558
 473917
 1026719
 334635
 418695
 542277
 91420
 1083267
 512976
 227577
 596984
 1019387
 1048174
 658234
 180493
 335088
 1013726
 801366
 972676
 154538
 727907
 367881
 1072108
 533360
 184219
 721162
 861420
 330851
 977572
 778838
 655889
 991640
 68468
 685413
 405941
 1076581
 84774
 651963
 18929
 836725
 913979
 588294
 918359
 791608
 658653
 72068
 63624
 894226
 368113
 37460
 476909
 867068
 508596
 125395
 539632
 795291
 423586
 428945
 286667
 874119
 185615
 672998
 557324
 215432
 1074264
 566698
 1021168
 982386
 793863
 564987
 320383
 383803
 1036534
 639670
 63273
 925655
 626574
 655445
 517521
 34907
 428052
 10435
 200748
 1023239
 514243
 513524
 884414
 855740
 141069
 86830
 572138
 147824
 162313
 957547
 699301
 828074
 342837
 813919
 343944
 1087607
 386637
 205915
 449667
 969451
 956186
 953182
 395029
 635014
 1013476
 25256
 262532
 243020
 400869
 951205
 203464
 740621
 359839
 672433
 485863
 106516
 529841
 1024055
 949911
 193857
 542715
 381442
 725482
 491357
 148699
 161288
 994076
 387304
 486144
 189826
 77789
 141632
 272190
 776560
 707955
 762251
 505939
 759479
 1000983
 269277
 1085482
 9889
 924002
 939358
 25906
 535015
 118433
 320663
 384420
 840621
 915882
 548500
 281082
 373719
 207880
 849738
 918654
 159072
 259506
 205622
 612730
 272728
 822020
 166823
 864642
 739067
 883244
 1058427
 980524
 1073003
 23625
 1066843
 609073
 925140
 546979
 423450
 51902
 834199
 702186
 483604
 426232
 237049
 657030
 672306
 613975
 499023
 1091691
 437025
 465834
 2771
 761019
 822842
 750851
 617019
 900012
 1091096
 660086
 648727
 189640
 939834
 562629
 340457
 781404
 587690
 857795
 1058388
 307858
 471844
 732296
 1009848
 629978
 116733
 1076859
 1027981
 768851
 819462
 32725
 144158
 60226
 226720
 234030
 771407
 1053376
 308367
 941703
 589797
 700699
 266753
 405420
 328729
 835786
 172679
 193400
 686554
 330839
 349578
 1040912
 708354
 387223
 447175
 7410
 396794
 331697
 342091
 999609
 1074653
 471193
 693214
 369908
 339566
 758478
 601878
 906120
 910829
 589239
 218065
 701857
 358909
 286123
 352445
 193564
 903882
 1014471
 741097
 40853
 202766
 792028
 435974
 809009
 599507
 695601
 789800
 356029
 1011026
 764255
 352156
 634089
 346711
 436963
 448505
 518606
 513784
 58323
 458234
 706956
 347255
 377246
 634348
 258982
 185075
 272921
 755524
 24685
 525065
 919614
 1023472
 272401
 304746
 24514
 283889
 796595
 562389
 4937
 833961
 775284
 239602
 160817
 684911
 897319
 206784
 490805
 20913
 825868
 433975
 838651
 852987
 520795
 103553
 790839
 824832
 560022
 145390
 243123
 537005
 238273
 960807
 565569
 1060599
 631716
 907363
 801267
 416363
 792315
 674012
 836939
 1032104
 678805
 474174
 70932
 274297
 958320
 816531
 907718
 1088798
 728994
 100273
 649943
 889806
 55020
 36161
 833090
 221965
 901140
 304937
 398314
 220390
 603254
 601901
 103383
 305000
 326734
 838785
 596099
 934906
 483022
 754577
 410156
 1010031
 573113
 442897
 48925
 531251
 44139
 965533
 601393
 188973
 526361
 441541
 754278
 470911
 632140
 173549
 503512
 1067098
 877616
 686800
 818395
 227771
 577569
 1011025
 876135
 951761
 861503
 895221
 550742
 1041208
 756466
 660183
 218084
 375631
 834972
 831376
 359159
 131263
 988800
 1005636
 593937
 122416
 915188
 480621
 252403
 817636
 827768
 841079
 417462
 922875
 849106
 804853
 438547
 430637
 15329
 332686
 749263
 1074718
 263236
 901127
 510816
 10030
 487423
 965707
 632959
 212830
 744091
 593328
 271922
 980132
 636292
 503191
 345472
 1019639
 63631
 33723
 663616
 740774
 987009
 173099
 818598
 981549
 147405
 391005
 1055433
 370404
 826526
 249954
 110791
 574756
 420322
 612378
 257370
 1018547
 416332
 210179
 482130
 310599
 646117
 938324
 138941
 254717
 879799
 1021997
 479228
 134554
 855320
 837139
 243755
 41513
 926920
 294099
 280898
 1085357
 948058
 787757
 520678
 337364
 679354
 153322
 88980
 865140
 203421
 651545
 518515
 152920
 574081
 385009
 665582
 882456
 112317
 1048449
 892966
 564542
 598779
 556243
 517696
 801387
 808311
 658448
 751061
 515096
 850677
 811847
 41591
 587445
 62886
 372689
 198505
 367533
 806705
 1094274
 675772
 288022
 121638
 538960
 25151
 751998
 647227
 316680
 756780
 275632
 297022
 465260
 251005
 640483
 1023443
 36095
 591207
 911196
 717598
 38432
 311396
 11080
 1087827
 199909
 324173
 565266
 718156
 785178
 1026281
 94030
 680657
 1052688
 832094
 976554
 37025
 150586
 281232
 403166
 536348
 631455
 184140
 421863
 546525
 225446
 988838
 640299
 571904
 277072
 65896
 1038583
 832164
 58012
 916715
 103439
 390264
 434889
 13209
 542019
 572900
 46304
 103908
 227522
 612039
 153977
 10629
 711099
 747097
 767553
 576250
 280432
 1035181
 812278
 614571
 226279
 870861
 446677
 170703
 1830
 1032494
 43225
 751234
 379893
 861820
 1032686
 896002
 868983
 525033
 811939
 797120
 107520
 152508
 570992
 132822
 116430
 490623
 680993
 342164
 3749
 954982
 486145
 190719
 772131
 130314
 804786
 41431
 649113
 704085
 358144
 813746
 665746
 147496
 603586
 688891
 393035
 709043
 813493
 60491
 153395
 209003
 449483
 601762
 163133
 873867
 723248
 370313
 329721
 900433
 446640
 304494
 262629
 976546
 71706
 699188
 376704
 186013
 774748
 112486
 661864
 179300
 352643
 288083
 337750
 174193
 843926
 666180
 107743
 384431
 149144
 1090163
 904913
 688467
 472627
 150207
 711264
 1077577
 55735
 1071073
 567242
 19260
 843652
 647320
 673553
 809115
 673909
 943853
 180373
 787551
 674258
 619747
 331647
 196075
 1092992
 103707
 125152
 444716
 152221
 1067256
 732744
 805372
 925730
 528790
 216912
 79607
 833227
 834186
 814154
 598373
 201186
 735820
 752795
 1099599
 421576
 606703
 272076
 799892
 136197
 949948
 536403
 513650
 48337
 746054
 71660
 685381
 562721
 741144
 301630
 334868
 488631
 237182
 766773
 351114
 412774
 963163
 284518
 433818
 375193
 1097644
 707030
 1038332
 461445
 1022208
 113264
 478274
 733511
 853008
 1093801
 762309
 381282
 656745
 962239
 202021
 556172
 388170
 990771
 1040890
 387074
 689336
 1096705
 1084541
 918126
 610044
 104747
 99169
 982957
 828326
 558967
 906055
 811237
 448825
 793902
 831206
 673814
 54568
 712312
 134911
 841881
 449005
 865705
 580265
 368343
 517178
 194561
 358502
 384185
 98117
 578188
 924643
 949920
 815899
 72796
 155237
 243409
 942570
 23950
 1027634
 317192
 1021747
 2677
 661919
 524683
 174361
 622076
 510860
 199468
 148041
 475291
 58914
 674146
 154890
 507539
 285472
 43038
 536608
 909446
 731132
 824408
 104857
 1025606
 193541
 262022
 201839
 905385
 1001280
 759281
 238550
 685123
 22838
 164102
 1014644
 190311
 418286
 881208
 383696
 796486
 2604
 261333
 513423
 676213
 312226
 150068
 796389
 344696
 556816
 100655
 763777
 1034353
 901037
 859436
 491204
 326621
 32189
 1054861
 309924
 238610
 965936
 584059
 634456
 652517
 641180
 599491
 780126
 183974
 822798
 173512
 1078270
 479569
 321163
 1066927
 446127
 280438
 735813
 897269
 9216
 386028
 249277
 293984
 692119
 553075
 123453
 576117
 386673
 758438
 360807
 475826
 334194
 838061
 361373
 1037812
 157396
 553158
 204923
 524786
 290156
 119961
 218596
 498458
 777862
 74187
 811773
 712946
 826136
 580810
 50992
 247398
 1053935
 574933
 442372
 847895
 21167
 804903
 198025
 660821
 166307
 860440
 1051450
 804081
 384236
 648323
 688922
 1011191
 1087699
 616386
 532356
 606078
 1070489
 150388
 970256
 524324
 1021335
 1082398
 921026
 703828
 1042011
 732735
 545208
 447046
 379681
 179781
 320357
 835279
 485329
 432007
 661147
 618025
 48532
 566914
 531992
 496977
 109637
 908098
 363493
 998101
 835654
 138872
 655996
 118174
 85148
 232405
 985618
 820313
 540255
 648376
 978333
 665474
 697188
 725565
 283635
 542885
 296017
 811249
 323675
 962674
 612328
 553003
 566174
 414220
 465743
 291789
 1025884
 938940
 830299
 947730
 277065
 278753
 47136
 102704
 527685
 362607
 389081
 902250
 273947
 94512
 105862
 285686
 401105
 16528
 347801
 680625
 809498
 674246
 749802
 22169
 328056
 1034160
 617801
 80899
 336432
 197064
 181319
 569434
 115121
 231703
 380533
 992055
 488089
 296110
 597522
 5361
 719349
 793386
 272911
 609807
 267714
 904283
 16914
 12753
 613479
 734019
 98992
 828337
 664046
 530529
 1033522
 123757
 637044
 209884
 108140
 486832
 77867
 794578
 1036447
 535096
 822959
 12893
 203299
 1081678
 892381
 1078784
 832748
 188480
 397549
 764201
 198409
 783097
 285605
 300564
 842719
 649567
 344019
 331096
 687702
 783631
 290292
 366260
 1076933
 729722
 417374
 704089
 768929
 303061
 426075
 923709
 204613
 988974
 237331
 793868
 207779
 665053
 886646
 445139
 106631
 528956
 317030
 877006
 609222
 499235
 71706
 197784
 311072
 1031978
 856743
 303986
 393860
 562663
 110779
 360645
 633328
 526547
 514445
 634949
 304959
 421013
 1010690
 413237
 50574
 474771
 457024
 977822
 198847
 782436
 57076
 331996
 834651
 671612
 752525
 151225
 775958
 333191
 775280
 1040594
 814991
 91009
 215366
 410421
 873739
 108667
 737671
 392355
 858160
 98874
 127768
 994414
 539080
 451996
 156127
 236441
 359286
 992051
 44202
 794926
 119714
 325324
 673938
 493131
 715820
 528497
 866936
 993588
 520444
 364442
 421027
 1048076
 237654
 397740
 494799
 843252
 719636
 202689
 912042
 646680
 721242
 348226
 267613
 624976
 813562
 329803
 418620
 831241
 647225
 251629
 184678
 1009306
 192232
 406916
 296719
 636077
 437080
 407481
 85147
 451206
 113624
 1059547
 358493
 831734
 332000
 385311
 736013
 375597
 895266
 965078
 950321
 653209
 61897
 571029
 959074
 709761
 176060
 766387
 967275
 175440
 847711
 389524
 549866
 983288
 797830
 147064
 97404
 867006
 755795
 10298
 573157
 487154
 620974
 39786
 1088522
 836381
 155278
 408416
 932208
 324955
 361445
 690022
 338088
 279303
 1002868
 49535
 45386
 944738
 193276
 570244
 1022583
 234009
 987391
 938110
 422066
 193612
 990905
 661289
 1033127
 215629
 1037416
 829379
 1059028
 237871
 800012
 307929
 323030
 649685
 295527
 886805
 636873
 1014976
 484181
 477156
 172171
 39382
 281867
 157818
 888332
 781615
 692750
 502933
 739628
 990141
 671963
 371444
 228286
 285129
 875457
 192909
 975272
 859294
 397955
 546443
 194415
 745382
 771058
 997144
 594395
 363074
 375345
 333184
 544896
 864450
 818561
 160611
 175869
 997472
 586065
 650678
 608702
 851492
 1087298
 450369
 681211
 83572
 581381
 658326
 613105
 536452
 18432
 695660
 1087209
 267140
 16870
 21349
 918849
 667109
 226454
 621635
 582051
 897567
 787006
 953956
 673394
 851535
 159385
 768925
 663690
 889229
 1019181
 992574
 542918
 242218
 92767
 741956
 482267
 638037
 638240
 237290
 786670
 428363
 800860
 792310
 740078
 201675
 294004
 56874
 857245
 833251
 296256
 666219
 787493
 195465
 101068
 758624
 635142
 244160
 316579
 1095599
 297746
 120641
 1035658
 907898
 622781
 315851
 778500
 522972
 1054233
 685505
 459772
 455646
 648671
 17982
 388368
 313486
 707726
 650387
 593995
 393168
 735137
 446077
 783217
 760850
 707631
 210252
 326886
 286822
 561210
 1069837
 205803
 12461
 306080
 268012
 436756
 223430
 426404
 863553
 720346
 688392
 474234
 484629
 977351
 550836
 355871
 21551
 156880
 836308
 71434
 709267
 1093167
 449926
 889195
 483158
 673572
 998272
 341522
 1098767
 151892
 1034626
 675513
 501297
 175549
 183583
 528423
 372661
 138446
 751082
 514214
 447427
 118600
 1035186
 620872
 683055
 230034
 319958
 13525
 797926
 38818
 150145
 607178
 41778
 448723
 468643
 813591
 379062
 999299
 274015
 456652
 627830
 789057
 1042244
 668851
 410676
 98725
 1090955
 791443
 308220
 772551
 706092
 916327
 655518
 971090
 758654
 580110
 758846
 876659
 874037
 1074893
 203766
 900457
 600515
 182121
 854317
 486467
 947582
 482830
 653289
 560849
 955702
 249654
 45305
 629703
 959481
 212217
 895418
 69773
 799972
 940223
 549335
 297282
 434138
 60971
 226165
 495411
 577146
 245413
 174374
 984193
 511722
 942124
 654009
 823384
 707466
 292907
 859865
 353283
 683146
 97747
 360465
 1030336
 799903
 661098
 996083
 27563
 999072
 87305
 821377
 475214
 1026439
 772392
 951406
 377943
 50443
 988753
 191126
 494960
 6355
 403206
 328949
 1085982
 727597
 706921
 676599
 760754
 1047106
 348932
 1089330
 593370
 774226
 691589
 351400
 930538
 332524
 105165
 20460
 107727
 363004
 859822
 557881
 319601
 784880
 173707
 461428
 789530
 855017
 830301
 667871
 805516
 707557
 312579
 43204
 145785
 923100
 1065344
 724102
 825054
 184810
 222378
 721060
 373904
 1063563
 661883
 213631
 23752
 683989
 434751
 877525
 751418
 624672
 44038
 817317
 740218
 229993
 436019
 999811
 890187
 627337
 706719
 796858
 90291
 995603
 78757
 776088
 66978
 311012
 536325
 955228
 1058038
 760910
 570155
 13345
 875315
 100764
 391890
 374510
 173993
 232079
 767388
 54368
 978588
 463580
 43287
 1007365
 601797
 685120
 508331
 132567
 986777
 473734
 1041369
 113011
 811084
 681752
 404598
 161465
 1005045
 1068614
 224010
 215384
 129349
 226885
 344413
 1090263
 595863
 1075228
 851294
 186635
 706474
 43557
 1071303
 511834
 703367
 705622
 984309
 119741
 263513
 1036194
 600079
 659281
 608100
 176012
 169521
 18827
 491158
 22860
 250646
 997696
 62665
 257133
 668007
 486523
 135627
 1001967
 929093
 130179
 274208
 976584
 1021472
 900762
 654588
 467987
 985727
 33910
 407993
 654153
 581527
 26334
 578122
 522042
 720175
 120738
 385735
 832260
 493608
 915597
 1066007
 136588
 1052148
 881348
 272248
 3932
 229790
 1081136
 1054432
 864088
 659928
 743558
 252064
 387850
 863152
 61090
 693893
 749890
 569231
 602182
 1010176
 499900
 575388
 947790
 149636
 376775
 769303
 467897
 770293
 330129
 821308
 529042
 687227
 195849
 1097847
 768906
 541152
 95868
 930132
 23052
 9463
 586699
 439924
 895744
 233245
 673607
 277628
 716421
 791376
 176284
 179928
 438486
 909571
 979666
 497942
 1068328
 895446
 398275
 503165
 551395
 52624
 652872
 640407
 142778
 432877
 379765
 382138
 952193
 644333
 354998
 122642
 866275
 608731
 215224
 418148
 191924
 351333
 345044
 407774
 799334
 1046165
 449888
 44335
 153493
 314462
 15565
 647224
 896675
 74797
 1013244
 469326
 962024
 748592
 633625
 997562
 850878
 597221
 633510
 940115
 535579
 294597
 66671
 1012833
 299633
 593974
 382648
 765013
 287817
 286958
 1033333
 766331
 936734
 279754
 1031210
 191615
 776834
 803002
 723005
 931227
 403935
 605777
 570261
 348150
 686996
 435412
 193393
 100347
 325382
 100937
 479975
 277087
 176970
 199745
 172906
 851089
 152805
 1016325
 779326
 729527
 762302
 559564
 832088
 585134
 374476
 1032262
 49906
 4340
 1058849
 616061
 55558
 162454
 77012
 266305
 919288
 1058773
 948544
 661520
 566994
 37223
 464986
 462194
 635868
 226691
 762746
 349534
 261784
 264329
 728512
 232505
 476821
 286535
 195595
 629771
 800519
 724963
 1089187
 119109
 273190
 200866
 1040574
 438105
 758874
 676984
 212187
 968333
 779455
 173101
 560920
 139195
 846980
 1078140
 844269
 40796
 4996
 210477
 448211
 847409
 148221
 137907
 416917
 596040
 880756
 832872
 20481
 38371
 456661
 449688
 377712
 1003299
 811132
 727949
 919333
 1010217
 974662
 247426
 586049
 454435
 609466
 240154
 2966
 272811
 410321
 965206
 183763
 727438
 938172
 715549
 258366
 461581
 941569
 1044016
 555057
 775951
 77233
 891096
 910800
 249854
 12494
 268799
 588165
 274224
 214424
 227875
 197072
 404807
 616145
 145827
 909716
 797022
 722014
 967386
 131063
 154975
 267370
 170238
 571511
 1060713
 1033612
 955441
 404857
 163163
 3007
 812453
 947585
 728015
 943815
 735937
 273771
 484138
 11998
 435585
 638925
 1090686
 488498
 59753
 1066251
 33644
 193520
 520917
 783703
 984273
 498107
 850419
 886656
 903423
 981095
 759045
 999379
 903400
 1018465
 106862
 1097711
 418397
 916315
 1047958
 388892
 335578
 529487
 611986
 279215
 150938
 501054
 111866
 396426
 72052
 171279
 371540
 603293
 624125
 384641
 74744
 645955
 633083
 1097928
 429823
 1057663
 1042394
 410457
 374798
 481231
 1021008
 536211
 117125
 926733
 107350
 949635
 205332
 193535
 66085
 738093
 724011
 263316
 608398
 619347
 11322
 43741
 510793
 312262
 474274
 596882
 832271
 18783
 656733
 797567
 413117
 454393
 1058194
 113259
 717190
 963681
 367928
 678593
 854835
 977964
 435397
 820205
 656993
 943560
 344610
 782547
 546217
 861500
 706476
 850070
 101263
 872494
 625906
 847976
 352309
 327532
 518519
 288241
 2612
 111190
 1007661
 615713
 367761
 529075
 825062
 1025075
 919061
 867242
 936647
 124530
 409511
 869847
 537440
 596706
 200227
 341582
 81176
 463253
 962359
 580306
 720964
 791675
 604065
 831377
 228092
 236267
 953633
 695115
 522757
 135569
 299642
 230595
 20686
 840367
 413669
 710849
 845996
 1089949
 271949
 571728
 79900
 576588
 645942
 633698
 69468
 879706
 572851
 243418
 640901
 831596
 641135
 134722
 916523
 635491
 374551
 368839
 135615
 76480
 394934
 508729
 1075863
 242426
 666849
 281905
 28742
 1072230
 702296
 528937
 516081
 484580
 860955
 891920
 134941
 9179
 945404
 530973
 131774
 760134
 457969
 696248
 893559
 498847
 798295
 542166
 593652
 997921
 913816
 269769
 94595
 74761
 141048
 838094
 346503
 615177
 281702
 385783
 574492
 612350
 860656
 31410
 420921
 519633
 388989
 222611
 405038
 212581
 271436
 505299
 200019
 531109
 760753
 273612
 272362
 465670
 147675
 442166
 847343
 36372
 416689
 555831
 323798
 1027390
 127380
 399545
 898902
 302539
 224434
 1047926
 206163
 821607
 110815
 1054640
 238519
 1072443
 602383
 1053764
 20195
 173599
 889703
 672464
 159193
 745610
 99125
 688661
 807897
 371030
 134329
 998665
 733249
 2186
 670472
 890988
 801500
 360031
 591699
 684742
 91068
 701120
 529565
 864317
 347563
 781879
 77545
 553390
 594772
 670269
 1053885
 6766
 565694
 1068854
 131024
 533231
 377883
 93303
 172868
 15649
 57464
 10883
 760880
 278525
 725425
 78828
 989707
 203758
 59356
 674766
 576778
 284969
 1001635
 408435
 435394
 976244
 584938
 774064
 234060
 135086
 466566
 555652
 311277
 214960
 545601
 461493
 486730
 126031
 3882
 853307
 1073233
 687951
 463694
 939618
 339199
 594611
 690342
 36422
 8219
 246254
 675664
 451277
 512597
 508891
 15483
 284751
 486948
 463695
 680126
 893946
 200090
 835171
 402412
 329354
 94763
 431831
 813565
 437907
 935091
 1097734
 242802
 828410
 460709
 12361
 631622
 228820
 288454
 218057
 45814
 356832
 776087
 183554
 821773
 734925
 810910
 885423
 207100
 158218
 585835
 949916
 818150
 638430
 128683
 334407
 809939
 362640
 883372
 35529
 394174
 688185
 581706
 524593
 707114
 641037
 314022
 215521
 513897
 801117
 42628
 518599
 606635
 857273
 536185
 190093
 319851
 108732
 553645
 628296
 328206
 142454
 719130
 142011
 296041
 289247
 514409
 770552
 452040
 586917
 216959
 1067340
 975330
 922046
 866955
 1068105
 38421
 319135
 174804
 870448
 596039
 797609
 191713
 230820
 690587
 697008
 420274
 625567
 278401
 325632
 535948
 383374
 887700
 494868
 847054
 757191
 414359
 24724
 481655
 368119
 97907
 183844
 1002430
 452612
 888603
 1053978
 215265
 826191
 713731
 404614
 993633
 927500
 1034281
 387048
 396340
 288926
 964331
 705401
 557052
 578712
 723237
 1035480
 194428
 117821
 731108
 767536
 984076
 913580
 937428
 982215
 716995
 421545
 254590
 63487
 399621
 583985
 76445
 274981
 726968
 108842
 96864
 329598
 191403
 18568
 4011
 396933
 387146
 658785
 1067529
 1039930
 1096188
 428759
 114892
 1040218
 6920
 177852
 968120
 976843
 84540
 513412
 1046375
 606223
 806785
 183384
 982475
 176194
 926658
 316265
 1076842
 1022043
 677350
 653193
 793936
 327769
 110084
 515694
 468044
 919240
 109724
 104092
 18595
 449828
 680247
 876889
 188076
 565539
 444514
 516369
 69708
 28187
 659566
 883594
 1003852
 133500
 829186
 163251
 149030
 289919
 833176
 298106
 85242
 75789
 603855
 1073899
 562696
 652117
 176958
 472445
 743316
 122132
 496463
 414772
 1036767
 223167
 1052830
 829549
 125327
 748516
 15055
 558990
 1032845
 93453
 191724
 225245
 405469
 200514
 540712
 358555
 302689
 883882
 838353
 986764
 1010695
 815300
 155685
 457874
 275732
 595606
 416771
 1046453
 111986
 928546
 730502
 674026
 1018199
 340625
 1029154
 823823
 5798
 629471
 783874
 455933
 403671
 817619
 46628
 29832
 939710
 1071774
 158159
 639835
 1095755
 189511
 323558
 423100
 553059
 796183
 812639
 945854
 232003
 1082101
 652426
 657925
 1053697
 167640
 136589
 301672
 1052628
 1007741
 751159
 1099933
 334413
 1019404
 664887
 697860
 140691
 498246
 677449
 613159
 506609
 431266
 1007727
 349649
 823496
 885512
 313540
 1078499
 689522
 1039222
 100286
 128250
 973432
 899585
 1010697
 273029
 641360
 648061
 494823
 756709
 153160
 1034586
 773443
 498873
 725857
 534576
 1087062
 661338
 394107
 803403
 600234
 839817
 732108
 190831
 518187
 684390
 350165
 866562
 125823
 29532
 852397
 248752
 107695
 791762
 917533
 971455
 639085
 681693
 686491
 56027
 217666
 29718
 987323
 126358
 276340
 863729
 926190
 939993
 230437
 825441
 480719
 250358
 962599
 772712
 883348
 711231
 248920
 996790
 158503
 688392
 1059174
 79045
 875270
 456991
 352305
 851280
 1017511
 1074810
 839345
 389457
 376691
 859208
 1011863
 549889
 15616
 477028
 557442
 406332
 207679
 931782
 472849
 209250
 25807
 520176
 228770
 886900
 182867
 878888
 91039
 972847
 551403
 311340
 1008234
 678643
 169800
 726381
 579977
 706010
 700717
 610828
 592165
 847181
 733501
 911392
 758135
 178976
 572936
 852310
 996640
 104592
 53144
 1002609
 169460
 249404
 919712
 399025
 985149
 212049
 454455
 401041
 384236
 59764
 747977
 308919
 629415
 683559
 722757
 662911
 1022423
 396382
 571024
 446526
 62517
 231733
 391483
 196899
 96112
 994580
 924502
 318569
 575281
 692075
 532660
 689921
 324000
 1055535
 674949
 110155
 69190
 133971
 752454
 754368
 136095
 820273
 635258
 445522
 383499
 859187
 744621
 218554
 207543
 471422
 1053619
 698354
 56353
 837576
 56054
 393943
 986971
 31900
 277775
 690735
 1022857
 740995
 269327
 610119
 761038
 15018
 949803
 303270
 608495
 732595
 1047295
 32297
 211344
 444116
 360557
 699531
 284394
 633800
 326182
 869948
 909049
 924548
 5219
 758088
 532891
 433159
 109094
 983336
 700763
 895312
 504550
 927333
 989425
 836829
 1075426
 120081
 608011
 254977
 287333
 183463
 337128
 598031
 805879
 437407
 1096096
 1061164
 91489
 989967
 318506
 893478
 166580
 61039
 534189
 463389
 87050
 259470
 505669
 1080475
 185517
 731130
 715944
 476328
 1024913
 284997
 201777
 306808
 414212
 690065
 813601
 768884
 467447
 905332
 788622
 155868
 818686
 672602
 1093717
 152841
 228322
 858830
 30438
 88605
 977949
 840517
 1022967
 432083
 342825
 755454
 907256
 89942
 127601
 221109
 638908
 747727
 265400
 129535
 827957
 861974
 405542
 114804
 732797
 878144
 713579
 415022
 386121
 579103
 985142
 62385
 217097
 301968
 621414
 462957
 971204
 388499
 843856
 859508
 272696
 758059
 647358
 678070
 192292
 429631
 146405
 948074
 416906
 327905
 517786
 53097
 861923
 984576
 236839
 738935
 1046826
 242491
 242781
 713175
 897815
 1013042
 751746
 768305
 1029471
 25127
 494270
 758641
 194095
 313645
 717731
 88066
 210968
 786897
 1093310
 197161
 108798
 677394
 903752
 618673
 293145
 408916
 1078216
 1063136
 563459
 672958
 857759
 826491
 902048
 480951
 457349
 991730
 846297
 601782
 1001780
 868358
 121273
 256136
 518177
 196820
 26055
 180851
 556016
 710514
 724826
 103916
 940061
 252220
 211311
 318109
 676000
 937362
 30020
 356048
 758604
 609378
 701536
 1022
 793983
 627855
 774585
 800714
 681822
 330892
 49081
 460760
 916306
 846803
 498623
 333868
 623334
 143068
 32177
 645197
 129308
 254873
 764404
 588242
 223095
 532038
 889284
 72644
 261036
 455597
 421622
 11458
 667574
 83345
 166984
 1093644
 729765
 750944
 412772
 1064240
 396518
 463527
 205569
 379003
 280995
 455853
 214304
 460355
 33917
 958453
 676589
 298850
 698683
 124572
 208364
 604642
 181115
 492902
 160054
 151988
 773548
 543832
 915447
 898887
 802676
 590611
 1023233
 403388
 308446
 299964
 213137
 213376
 246887
 915935
 196880
 273788
 979922
 701296
 462358
 223772
 779906
 971226
 866014
 278049
 414046
 788777
 456107
 936749
 411410
 601424
 384335
 420007
 127514
 167728
 1072148
 637820
 847201
 766014
 132701
 660766
 188409
 966481
 1066860
 873499
 449173
 1136
 1052065
 549184
 888147
 641771
 594936
 425436
 254749
 589125
 530343
 27194
 288095
 487255
 71359
 694622
 953780
 95252
 430440
 256736
 631536
 248030
 715204
 263622
 531430
 656052
 980650
 603900
 448050
 875266
 958732
 1025209
 87725
 638617
 844870
 1030240
 550316
 610759
 566769
 24077
 856745
 138571
 424000
 160367
 635018
 1016813
 35474
 313007
 962963
 841643
 174629
 1055850
 615877
 966389
 878945
 24297
 31511
 155855
 89647
 834320
 294527
 907652
 622921
 232643
 623591
 949682
 933039
 115169
 505480
 865666
 972669
 883166
 482396
 384697
 112197
 671582
 235427
 1026863
 554477
 892368
 3518
 992367
 132690
 960678
 851169
 143520
 892685
 726310
 884578
 845276
 603264
 969462
 910425
 778517
 356271
 417610
 354625
 901601
 266468
 313476
 822116
 144474
 530855
 229461
 355308
 26737
 830617
 429524
 294003
 1036920
 595186
 656445
 204634
 1093482
 875727
 608140
 646100
 138598
 226838
 175917
 1048672
 623258
 315409
 316173
 990991
 238188
 156751
 42826
 367600
 775341
 70882
 385827
 539246
 1058611
 10534
 406236
 240910
 145087
 612550
 1066195
 861896
 709022
 469138
 377738
 355643
 50030
 817958
 271443
 453944
 790179
 598821
 611449
 396002
 1000914
 172360
 521227
 761840
 980567
 508244
 833580
 34361
 451204
 462220
 908107
 1062944
 559904
 956690
 170151
 1020466
 595832
 793046
 77147
 288144
 774653
 28164
 21890
 924811
 861378
 347096
 121890
 288652
 227534
 537267
 46546
 919211
 1034404
 951307
 296963
 877115
 1011172
 297808
 132351
 745887
 14164
 993110
 929026
 827642
 361952
 272090
 1075560
 563348
 345659
 1041726
 507994
 105952
 786554
 171459
 994886
 962739
 659632
 346344
 248172
 24419
 42017
 746836
 673871
 697847
 404199
 993552
 363929
 211305
 336072
 612107
 170111
 358925
 76510
 1031460
 914206
 472867
 733685
 1023640
 461919
 261129
 141568
 589353
 826387
 998152
 243800
 572305
 582403
 1079697
 398252
 377941
 623083
 358630
 246350
 174439
 763279
 382829
 160826
 719200
 1015166
 717554
 1075521
 1000512
 132290
 868632
 942960
 832607
 361593
 1024865
 281879
 868131
 694149
 690392
 387704
 1002122
 259652
 38523
 503289
 501744
 796355
 1045007
 757784
 313596
 138677
 819054
 906895
 958380
 233805
 836251
 246033
 623202
 196579
 728214
 988826
 470925
 730460
 722691
 8360
 475023
 230021
 412526
 661712
 64501
 363189
 370839
 921625
 306172
 597572
 676057
 904931
 546774
 632736
 355879
 840535
 852065
 528705
 956623
 329248
 689317
 751086
 761627
 966563
 179465
 420630
 852674
 362652
 931231
 811298
 369767
 503947
 572491
 931083
 797719
 681933
 959060
 635153
 1095798
 571371
 425776
 613233
 10963
 293759
 231753
 1059437
 897767
 1069028
 308320
 746486
 112043
 1044316
 331443
 698049
 322589
 833141
 775807
 449211
 688111
 1055275
 462209
 235292
 800048
 983421
 659719
 552603
 833726
 774769
 212258
 927091
 1063796
 1040694
 662984
 914784
 405067
 401843
 490000
 501476
 324756
 102361
 1047127
 609290
 903847
 585198
 888130
 852554
 761899
 923972
 633628
 25871
 757851
 187847
 304705
 229436
 435269
 203316
 869684
 880138
 103010
 51104
 14200
 148381
 636729
 23626
 378600
 227170
 686120
 931561
 569115
 974960
 539169
 615621
 1091909
 375557
 685584
 813939
 318986
 740293
 450667
 125872
 842481
 544938
 1078401
 189676
 561184
 445726
 994393
 121946
 207979
 892874
 401765
 108408
 93156
 324748
 471633
 195337
 14069
 936558
 674891
 845464
 1095522
 220473
 152216
 781323
 1096912
 996726
 654038
 619702
 995738
 25859
 869123
 776789
 301716
 570608
 84140
 129121
 71309
 896684
 830984
 757565
 857916
 958278
 725423
 1065587
 1060989
 512093
 866622
 304681
 321845
 675574
 493936
 849233
 360271
 680795
 926046
 624678
 975371
 154194
 162657
 497049
 367845
 637616
 597717
 1051065
 360706
 639993
 464421
 778230
 322510
 39823
 964869
 654001
 961995
 348727
 511172
 325944
 129181
 253237
 794572
 785997
 434058
 343021
 158557
 675562
 1021674
 330886
 421530
 517988
 606927
 823389
 207226
 272467
 602903
 719699
 851035
 658425
 938517
 92708
 784301
 15107
 65448
 575717
 809134
 472447
 406700
 356541
 668313
 908475
 665687
 949863
 73407
 464218
 738983
 610205
 647112
 200879
 1006188
 535083
 120298
 49383
 531757
 56022
 871722
 888154
 597949
 483814
 210697
 1064848
 802007
 241569
 880432
 440229
 821567
 547068
 246911
 1023726
 406922
 1077726
 557417
 1047385
 129063
 360335
 688185
 405674
 287771
 503718
 300755
 608265
 714119
 991409
 58745
 772161
 341979
 858940
 894420
 151550
 1003521
 218947
 637065
 398640
 438801
 687747
 1050029
 648436
 234971
 1058019
 302364
 40313
 119959
 579025
 140827
 832006
 299832
 749577
 21185
 958183
 335988
 112532
 881670
 148590
 14373
 174459
 277686
 34274
 175705
 199036
 1089350
 343059
 894248
 511932
 1077377
 827117
 1069283
 416585
 827508
 1053165
 111104
 2575
 834511
 104392
 599892
 191494
 598601
 963706
 168202
 686428
 183609
 1044565
 741151
 26067
 1028298
 465889
 38478
 445675
 304857
 871949
 117046
 1029007
 306949
 195574
 889358
 844754
 364692
 63640
 1027348
 1091703
 106509
 873465
 53756
 893159
 561727
 34030
 815136
 1095057
 123669
 147920
 466760
 1064420
 1448
 682079
 743318
 734759
 584905
 728541
 74701
 209449
 485296
 723365
 601992
 405958
 289695
 355105
 870525
 728283
 12814
 963432
 914650
 94266
 119708
 821331
 1089625
 1055565
 174824
 318537
 937280
 927115
 483547
 416987
 1039128
 811963
 155322
 195378
 174266
 87771
 946759
 713921
 29974
 195617
 819078
 1002607
 548716
 800148
 592795
 939459
 850784
 360651
 575984
 6659
 851062
 556404
 688145
 713325
 230957
 373397
 781400
 78573
 46359
 580256
 87994
 1039680
 549130
 926695
 873769
 251372
 484513
 933877
 832656
 308069
 705941
 964378
 461603
 1006855
 976005
 938702
 1076576
 741028
 413158
 516751
 1002471
 209392
 955996
 888328
 136728
 635345
 703377
 26894
 238489
 537001
 788161
 827986
 887863
 384538
 626746
 444864
 292005
 1047680
 602076
 759259
 453177
 672926
 480270
 369779
 814036
 830415
 1051950
 113151
 538666
 296066
 56837
 797416
 773288
 905230
 781783
 943280
 621702
 1061444
 288930
 41250
 549693
 476735
 81291
 1090475
 26080
 16404
 173119
 512989
 1004940
 687825
 974458
 133293
 717124
 414521
 731901
 655338
 365401
 967145
 14711
 180155
 1033197
 290013
 1021120
 524756
 196237
 109187
 118276
 263195
 176061
 822535
 502241
 495163
 149497
 665717
 637958
 136924
 1077666
 877019
 1073055
 982838
 395933
 660882
 658795
 846352
 496000
 80452
 913396
 63864
 825868
 896159
 804069
 869620
 946508
 203042
 886303
 286727
 510694
 265555
 584617
 841708
 422660
 831104
 486751
 2049
 61569
 1074976
 724801
 843225
 956246
 574471
 393263
 771085
 356800
 303095
 901067
 811442
 84499
 680418
 600589
 808148
 127128
 1072245
 444099
 130540
 1017692
 1045560
 50244
 210681
 352908
 802909
 832694
 573507
 21418
 1003064
 706226
 132497
 479009
 432419
 325617
 772206
 95503
 1071377
 995486
 756603
 866463
 989134
 590758
 467457
 355289
 283391
 533264
 221343
 748514
 1084267
 242259
 659334
 1028693
 589263
 805955
 1068571
 266247
 145836
 674987
 613704
 222961
 372605
 265440
 322071
 1036812
 771122
 319039
 822499
 503146
 948367
 941562
 876520
 616503
 910723
 871995
 373080
 715880
 907917
 400224
 230748
 250345
 428976
 153009
 67335
 73515
 277078
 1074618
 769726
 893348
 643203
 1023581
 856676
 10136
 861634
 404937
 258953
 211365
 852316
 310469
 401642
 296326
 1037825
 95298
 770495
 735379
 805585
 708521
 943403
 738204
 268832
 928945
 955641
 580321
 60578
 592254
 906733
 650102
 773930
 884210
 905030
 745595
 774398
 652820
 955646
 1045938
 425359
 1006501
 425468
 1001740
 485551
 284520
 826114
 128599
 912572
 710566
 990402
 636420
 308687
 1020136
 377070
 933158
 200028
 795097
 689193
 546974
 635083
 1045212
 39406
 29210
 863221
 895835
 970773
 165544
 1054236
 282352
 693582
 189069
 337107
 97365
 415812
 647186
 701073
 831683
 1099350
 890771
 213763
 954274
 938049
 860324
 106196
 374083
 769408
 283180
 1074745
 429163
 764563
 972895
 143950
 912657
 692058
 179261
 232574
 19976
 66110
 430037
 815603
 579819
 1098643
 932297
 684663
 681283
 465221
 699870
 863311
 948925
 147226
 714153
 877377
 361620
 708277
 286736
 1005425
 217889
 932368
 447021
 1028752
 957577
 147576
 872536
 774038
 359516
 447869
 365514
 607094
 500041
 591599
 471065
 290625
 675793
 143962
 893046
 1057062
 955690
 421760
 760660
 402526
 538062
 721781
 882574
 663505
 1098093
 486701
 780737
 303598
 1060104
 135655
 623521
 766610
 115963
 1099592
 367376
 78119
 442017
 732675
 12173
 918815
 97434
 622961
 813031
 694325
 982245
 542262
 16400
 915974
 727752
 253326
 882252
 110810
 89273
 966884
 317307
 581182
 609076
 1079269
 1008800
 326329
 672417
 571057
 137713
 675588
 298149
 598578
 649473
 428116
 1090667
 441454
 459009
 941137
 603694
 825987
 101103
 794833
 323152
 215392
 618617
 754687
 715038
 610507
 710409
 369295
 243378
 856986
 305184
 765780
 592752
 336655
 762442
 798752
 502987
 252170
 330068
 500295
 249079
 1023760
 411361
 153206
 849289
 25911
 956753
 574702
 217430
 329038
 651323
 261380
 494496
 777579
 989128
 519473
 96147
 12930
 297291
 859866
 198574
 34012
 757016
 437998
 411586
 147530
 945025
 28545
 901562
 689889
 905834
 527843
 998599
 267772
 10827
 259789
 804710
 650107
 223397
 960753
 155105
 402062
 417109
 178401
 752943
 937302
 227655
 762703
 136070
 796950
 972125
 663690
 1011326
 114157
 24790
 544704
 425644
 451086
 1087409
 596750
 751905
 263595
 685867
 210663
 792630
 1087921
 78752
 266285
 269676
 161545
 51067
 1029036
 264338
 514700
 1029470
 670266
 1048134
 844915
 194101
 761411
 63270
 1004236
 767220
 1095060
 958375
 277491
 290115
 1076071
 618957
 205408
 465556
 280847
 893734
 944676
 108270
 947221
 991269
 903174
 644700
 997390
 238480
 735196
 528199
 788327
 830026
 940269
 229451
 258447
 88851
 857978
 653525
 902002
 967942
 811279
 87265
 701725
 770932
 99113
 299935
 768161
 809514
 760914
 755611
 248643
 39373
 699678
 709776
 427256
 986507
 500576
 821402
 551674
 941838
 107338
 220467
 132757
 214550
 679900
 205010
 617702
 521532
 419944
 912941
 365892
 1054860
 822553
 736421
 368311
 1088945
 566898
 765600
 186474
 1080573
 729730
 987237
 711729
 27214
 1090299
 924290
 770526
 1019071
 118515
 40146
 667771
 248081
 968777
 727256
 761123
 841788
 973806
 1070562
 632580
 697850
 13905
 673473
 765130
 228353
 45389
 459172
 318133
 1045905
 550026
 713858
 758443
 1076032
 146738
 213128
 600501
 789643
 76634
 920828
 25046
 76712
 381709
 144569
 36253
 817817
 1032051
 1015097
 988164
 539099
 635410
 822490
 472337
 1084570
 3398
 116469
 704365
 735044
 551981
 764664
 445495
 512761
 495930
 1014425
 993588
 494386
 390691
 1076348
 1052913
 747247
 671061
 1008739
 126005
 869190
 797379
 814336
 702423
 57008
 918807
 167686
 122876
 966304
 526397
 835558
 608759
 434198
 857937
 295406
 397830
 261591
 461246
 529368
 1044490
 94630
 60672
 514241
 612463
 463405
 332964
 380884
 565855
 297908
 134900
 570738
 826994
 1052720
 1007963
 1066226
 42907
 241514
 1052627
 996510
 73036
 943101
 714890
 586042
 272426
 900040
 817931
 145284
 1016544
 586666
 704303
 261724
 537222
 847535
 564773
 169744
 111331
 194785
 331678
 922252
 266783
 587687
 1095709
 279716
 102051
 165178
 324078
 703477
 117580
 853817
 240984
 118493
 646773
 594052
 91189
 138377
 701247
 700017
 1083089
 807935
 66417
 543269
 684283
 241569
 7195
 761503
 211629
 708754
 330507
 369859
 507139
 92662
 630540
 496560
 50435
 753677
 486128
 371127
 855103
 273919
 948234
 469765
 1067104
 749467
 400144
 233549
 625801
 960492
 871566
 257820
 332814
 670837
 837931
 255880
 844543
 373458
 570326
 661890
 1003984
 716763
 672374
 677843
 322015
 916998
 328699
 224770
 169481
 630054
 63035
 650098
 234764
 650722
 534766
 710447
 677255
 266012
 325375
 292308
 70882
 990262
 386956
 930551
 137699
 803470
 957847
 661837
 259864
 816574
 692906
 29333
 1077185
 360697
 168492
 195724
 690639
 571401
 1047079
 436122
 602586
 507204
 1033762
 733464
 595171
 764074
 104772
 845639
 1036695
 75408
 356666
 760946
 388992
 638598
 551621
 180996
 983587
 808927
 652670
 267647
 131701
 529557
 453333
 605791
 220346
 80216
 910599
 913863
 400365
 444819
 557061
 862925
 915288
 723621
 188118
 30572
 105697
 1039308
 880517
 933994
 123852
 400825
 946331
 100172
 858165
 914983
 5452
 825612
 204723
 805653
 694739
 683122
 443036
 557118
 60640
 368392
 474406
 624792
 610454
 271556
 117693
 323858
 1011008
 318842
 655944
 503078
 122547
 627222
 795281
 922443
 640352
 714376
 782994
 471539
 1047022
 937000
 1065217
 675334
 755757
 4870
 172913
 380645
 841958
 395249
 1000743
 29336
 350629
 3645
 873808
 65216
 982045
 989397
 1041452
 558226
 622778
 972858
 1024666
 632421
 768155
 676982
 487356
 53009
 563454
 158026
 324344
 742940
 840721
 435536
 175523
 1008303
 185162
 204515
 38357
 248925
 315830
 411254
 619493
 175574
 594598
 814508
 219706
 403511
 636812
 379775
 396190
 678897
 538247
 275252
 255854
 241049
 393225
 458320
 620356
 1050014
 80605
 1027266
 1005606
 143109
 733768
 895459
 32393
 240828
 39088
 424354
 796234
 301296
 995704
 156724
 956466
 812830
 15123
 966206
 428348
 716195
 243601
 754853
 126473
 422689
 177348
 345090
 892204
 852364
 354157
 1078771
 478899
 107989
 1050927
 17380
 333507
 334562
 1090388
 514586
 1004951
 363141
 808166
 757741
 26676
 312377
 820514
 191002
 588658
 1040057
 408718
 684862
 356546
 593072
 1004757
 565091
 807044
 500660
 95462
 13180
 73065
 516296
 907665
 114838
 67062
 937218
 674509
 1025066
 37092
 966774
 222254
 651264
 483199
 535316
 777801
 981271
 324743
 75204
 146253
 1006661
 962867
 430360
 611291
 466007
 600800
 1047655
 187722
 625267
 318254
 998244
 270007
 197727
 866011
 840863
 639745
 256207
 201031
 933570
 372088
 484008
 204428
 787219
 1027554
 374529
 1088986
 640450
 956066
 694724
 187838
 1071861
 126589
 326438
 364353
 711360
 461977
 603505
 545238
 24239
 200614
 447842
 428860
 1095365
 29189
 950116
 524908
 220293
 819750
 956300
 331100
 918377
 631509
 205551
 6312
 1064451
 291417
 739331
 799096
 688399
 796067
 350923
 323665
 794035
 930397
 792526
 380778
 200509
 379838
 955343
 301670
 357287
 1060560
 621548
 251245
 490838
 118759
 41676
 163066
 154032
 159625
 210050
 399710
 878856
 377926
 623017
 388895
 409725
 95885
 581449
 1086159
 518295
 17257
 868102
 484197
 1098588
 872572
 404519
 107144
 173811
 488262
 946679
 228409
 1047841
 297298
 619544
 864318
 297688
 1051909
 693530
 25255
 799171
 1059654
 643264
 476966
 700601
 264565
 917942
 17605
 719009
 954464
 970144
 537618
 151810
 930670
 82981
 247943
 798022
 510661
 1062758
 537772
 1046751
 510226
 310321
 693161
 548360
 150939
 998480
 31387
 317323
 90665
 921085
 224008
 978086
 170688
 361141
 609968
 247297
 1076234
 472249
 815070
 218553
 175763
 621296
 608843
 518057
 267111
 101651
 155790
 968867
 641771
 98031
 360743
 910153
 380308
 419245
 589444
 1067533
 965972
 657311
 958201
 1031394
 722513
 39866
 193208
 1085169
 381050
 15203
 1037231
 268030
 960783
 438628
 1078821
 301131
 904380
 901311
 482365
 78006
 503931
 810523
 532306
 940977
 592036
 575877
 455341
 599566
 965953
 729047
 609732
 36449
 873896
 115677
 62705
 985864
 239438
 443754
 950911
 15381
 335421
 797857
 792781
 1083954
 756426
 756961
 158884
 386102
 41822
 845786
 531636
 176727
 172731
 504999
 360730
 275505
 715334
 700023
 407172
 466677
 53606
 577965
 599345
 1086456
 551809
 1028575
 380412
 64299
 38461
 100832
 283937
 236885
 1046916
 347703
 783541
 732015
 646260
 936836
 361205
 1088830
 882851
 1042250
 196450
 466739
 1009613
 899165
 985632
 38407
 835618
 1011352
 716792
 813883
 271640
 564963
 87192
 476465
 135884
 280948
 830579
 953227
 670959
 788333
 453788
 702380
 456709
 252549
 879086
 502190
 889192
 691928
 852167
 86763
 733759
 133279
 408834
 937969
 1087039
 638370
 1074467
 418285
 997443
 1041557
 102428
 256126
 181332
 566680
 355195
 57136
 955792
 470088
 512338
 299406
 268772
 473939
 970985
 641695
 702509
 814746
 711765
 330135
 399024
 442117
 644884
 726629
 169460
 66159
 710130
 55753
 94751
 749404
 1011926
 1096485
 120393
 91356
 60339
 986349
 76437
 741255
 1055220
 873554
 571096
 607648
 165277
 900128
 779956
 623067
 984672
 119227
 695426
 173467
 339802
 971077
 196966
 49348
 521095
 851588
 159722
 932012
 407183
 901389
 982938
 484575
 949025
 46134
 346153
 719610
 548646
 325633
 87547
 902309
 547939
 842895
 672584
 315818
 348992
 60897
 738662
 424298
 260066
 547462
 417723
 424369
 25932
 162744
 30492
 329307
 498040
 955093
 1049056
 529795
 365100
 872107
 516808
 626984
 591176
 714841
 348740
 557214
 180188
 71694
 514257
 485933
 376559
 654653
 764266
 589984
 802592
 15920
 463853
 140740
 1039502
 124585
 1040016
 775762
 68178
 334759
 593678
 118477
 322699
 84017
 4038
 923889
 107760
 750264
 230000
 407784
 243318
 328768
 837632
 635143
 811116
 221257
 1006315
 948047
 619931
 736651
 691850
 196491
 388266
 364442
 81018
 909455
 549294
 315015
 848526
 88921
 726692
 171045
 1018679
 631967
 525005
 816555
 105280
 515346
 534403
 454332
 840328
 1039576
 845858
 649270
 265734
 762105
 129810
 756590
 478441
 745399
 47880
 1006742
 271549
 663035
 607417
 455093
 743658
 487306
 972515
 835329
 50891
 121365
 1036632
 824533
 451301
 913413
 938525
 137176
 682132
 780551
 1076871
 514173
 610559
 404439
 7049
 535201
 215049
 971484
 1099860
 784802
 503995
 981518
 1048157
 80878
 970969
 978863
 517982
 619628
 378074
 201389
 421995
 476127
 766434
 811509
 930793
 465907
 574566
 298849
 346365
 856465
 607998
 793132
 983665
 553793
 975474
 809421
 884752
 387957
 151736
 888037
 756453
 1079971
 153535
 621183
 212324
 1075626
 903467
 446174
 213736
 837522
 146113
 785305
 669662
 979626
 227063
 815740
 507143
 140760
 33404
 925008
 848905
 48669
 164721
 37046
 392560
 249449
 924514
 63167
 87323
 52664
 769773
 403633
 65449
 107524
 640159
 970245
 665391
 1092187
 383947
 349332
 9411
 991963
 618792
 175995
 217240
 81294
 210216
 209477
 819705
 165997
 400747
 397925
 1059635
 169391
 824667
 867154
 1085912
 110095
 131469
 414101
 729136
 278269
 764640
 725432
 1016744
 452460
 566647
 10282
 650282
 245381
 40217
 416319
 844804
 396443
 522311
 599757
 1072277
 699963
 779266
 623079
 486497
 543288
 522616
 229437
 678052
 428654
 779417
 589120
 597987
 207005
 268583
 438805
 466763
 685276
 194110
 60149
 440401
 96899
 366647
 629277
 353339
 563388
 460133
 740560
 350129
 749963
 189645
 266590
 872687
 111059
 715025
 634919
 501719
 864635
 1059604
 921328
 198408
 865763
 704192
 755968
 659245
 502540
 629762
 887899
 954946
 544263
 605784
 7479
 613862
 999554
 772743
 411697
 939200
 960213
 500680
 434547
 68252
 404250
 25874
 127131
 436877
 808272
 744027
 1099258
 90252
 261033
 847298
 856032
 446779
 244851
 60960
 1077648
 831799
 838912
 695242
 421077
 256285
 90020
 44017
 578870
 733076
 1065021
 878321
 616884
 362757
 469969
 494241
 738990
 211321
 763860
 839313
 1090198
 754784
 322732
 430384
 1016730
 147535
 465504
 152463
 369320
 922807
 160487
 149197
 744497
 421971
 886030
 760273
 266856
 624497
 628434
 563261
 1048346
 1035696
 754764
 382890
 518295
 424957
 216984
 369240
 200682
 432466
 828861
 937492
 127398
 503079
 600669
 465297
 554984
 920138
 617414
 36635
 17159
 976619
 212388
 738000
 687241
 342953
 1082465
 74544
 70461
 60447
 192506
 546097
 167095
 1059648
 580605
 95545
 1091530
 610993
 544053
 862517
 1004093
 912806
 463428
 166553
 377527
 252401
 912134
 167928
 283154
 626487
 907847
 1078829
 273776
 160829
 136861
 346144
 27172
 37270
 303525
 560149
 251669
 35592
 937708
 1005570
 348827
 1032760
 231551
 740923
 818777
 196341
 308201
 923963
 808538
 958424
 373050
 961925
 1086937
 188100
 355738
 703617
 1027252
 297787
 477277
 193194
 820815
 711980
 918368
 50909
 1042700
 87057
 459413
 227307
 360856
 322039
 35850
 973370
 1098549
 853197
 322938
 811940
 942681
 1043335
 412597
 129912
 960819
 438893
 107472
 540634
 708141
 517548
 933131
 160336
 835564
 33672
 863024
 616576
 324684
 404899
 403308
 519563
 5942
 988228
 548146
 735616
 1031715
 285158
 254021
 1019153
 508011
 846483
 132179
 951012
 726074
 451394
 924834
 379064
 378770
 993769
 321023
 49151
 6085
 660792
 494948
 191394
 68652
 888694
 1032073
 228088
 26062
 398572
 890593
 831499
 82796
 1047491
 141621
 31913
 152641
 467763
 599472
 1053516
 603276
 1060661
 266732
 327512
 151725
 505571
 1065996
 370956
 264630
 996173
 1093825
 866751
 158251
 631322
 1002215
 691567
 256704
 810342
 416950
 10866
 710927
 831752
 658475
 43199
 540849
 88159
 698454
 353285
 879395
 809132
 563318
 852872
 523733
 163004
 549141
 106015
 136335
 4377
 712295
 799071
 1088756
 24320
 821240
 526037
 934679
 361058
 46639
 60960
 799538
 718659
 713262
 926696
 88615
 158111
 154860
 701963
 566966
 384308
 605035
 358481
 1025727
 447937
 170342
 800528
 1069081
 229105
 402183
 23818
 165106
 431951
 439997
 1027371
 380727
 1031630
 360606
 762134
 148036
 451426
 223759
 198289
 842291
 1089800
 27932
 610133
 119497
 449589
 148320
 537016
 681014
 487791
 1041768
 751802
 23720
 811484
 1073706
 219
 133369
 96260
 858283
 919758
 67605
 487452
 153066
 898040
 668534
 425773
 686790
 696268
 375869
 1009234
 968175
 620778
 386184
 473677
 377023
 467479
 688818
 770171
 799347
 1030706
 213378
 880675
 135572
 535022
 885450
 113034
 795175
 84979
 488
 689815
 946261
 1005281
 881219
 790983
 493407
 575802
 643256
 71412
 167853
 968752
 411670
 449351
 951496
 939786
 1084965
 157782
 527147
 147887
 345104
 419103
 20463
 995098
 529717
 353698
 284255
 347226
 535733
 22020
 43113
 374839
 254654
 635292
 402000
 389023
 673819
 531549
 468428
 1036988
 653007
 174501
 15325
 577930
 542570
 733832
 697006
 706649
 938292
 243442
 955364
 736302
 482567
 147606
 272327
 576670
 185272
 584130
 687933
 882442
 293635
 431534
 287277
 339572
 289862
 355291
 168947
 793701
 454362
 416256
 532114
 468400
 129038
 673698
 786763
 907509
 452588
 506825
 388860
 631918
 730989
 554640
 764045
 828482
 121838
 700051
 602458
 863581
 583367
 981696
 277256
 495299
 95462
 892231
 178049
 434697
 110841
 201141
 136624
 198296
 958925
 942556
 137369
 165667
 82238
 1014044
 411830
 788002
 402389
 1035724
 1011841
 983099
 7644
 387638
 341274
 584510
 300701
 832221
 660020
 48473
 357913
 799652
 98822
 631241
 364176
 70124
 42138
 207432
 225865
 864711
 88471
 929861
 84750
 473200
 428308
 356425
 538283
 609343
 922517
 222747
 506160
 170734
 881240
 634062
 824344
 674081
 704143
 652968
 266948
 349676
 887934
 673401
 952477
 994784
 313050
 397862
 470376
 620841
 405551
 66210
 107975
 615813
 36561
 718889
 75440
 736944
 168014
 1093330
 480299
 15512
 370825
 484971
 32339
 664237
 768528
 766490
 290500
 541661
 86171
 557671
 1046855
 150562
 13080
 347121
 726799
 932980
 427058
 164647
 234739
 863546
 396021
 386117
 616053
 438259
 1083081
 204304
 416896
 250443
 913966
 465752
 28594
 91464
 544841
 665855
 50840
 934549
 65444
 483736
 126047
 660317
 484773
 441205
 13008
 907789
 571274
 1043044
 1006498
 264903
 553669
 574883
 781653
 1051473
 957118
 1000128
 605926
 713213
 649075
 34982
 850801
 430937
 1076777
 954178
 968816
 282847
 262674
 341402
 733000
 1072950
 180682
 171171
 815456
 226697
 584607
 545352
 869243
 820338
 191570
 305601
 970012
 653180
 438340
 933667
 730562
 404150
 927560
 983842
 118977
 812991
 724983
 846703
 795094
 642371
 16924
 98895
 128709
 818225
 132115
 577880
 366361
 481318
 364050
 787891
 320745
 1057775
 927897
 500965
 737735
 126647
 790016
 353993
 413222
 617022
 829792
 629366
 189824
 77113
 440587
 665076
 496731
 861247
 771282
 130919
 83275
 604115
 733675
 1070994
 513503
 800634
 389296
 133
 1005234
 437164
 580585
 493697
 973991
 521388
 958933
 746626
 486878
 694397
 158431
 691090
 486842
 601839
 334857
 1009247
 842390
 1003853
 434904
 244221
 680487
 893509
 874256
 298655
 859379
 531348
 191847
 668065
 391698
 444266
 228437
 254107
