781158
 441103
 514676
 299515
 1087265
 615891
 583113
 9722
 739872
 94844
 1084928
 744623
 295476
 429554
 679421
 875677
 1076925
 131610
 363796
 486915
 59937
 457189
 674468
 69831
 295664
 240275
 241046
 23315
 1067386
 408785
 928257
 641286
 576575
 371891
 634813
 366229
 1059254
 547741
 293582
 324698
 378154
 621404
 160680
 35269
 71724
 30515
 545272
 896490
 702812
 576572
 271483
 1017683
 904742
 125008
 229146
 73387
 646275
 700996
 799917
 788685
 750842
 751740
 786090
 1099576
 335996
 217642
 191144
 31200
 1014476
 296079
 466239
 445389
 258487
 114407
 921660
 1025513
 969723
 489511
 764133
 852122
 306667
 418792
 86811
 506346
 295786
 448314
 45891
 991563
 454012
 833033
 535111
 1023153
 513236
 509985
 844046
 634730
 790833
 344864
 584516
 98212
 568742
 161534
 911400
 634934
 739990
 65200
 173284
 620933
 978207
 312321
 54512
 1002994
 319325
 518404
 370597
 732730
 194171
 914639
 12992
 301791
 130394
 292774
 997728
 1019628
 1075044
 286685
 711943
 412608
 529894
 959490
 707110
 580995
 473204
 196436
 590945
 345547
 836323
 429851
 174429
 1023386
 473502
 119921
 298684
 197330
 201987
 69980
 1099091
 294091
 1092920
 1059045
 887610
 707317
 266271
 871549
 799814
 869946
 987464
 766062
 448936
 395605
 1080904
 474593
 899939
 608934
 436009
 882348
 900786
 510282
 1039772
 394828
 956266
 668562
 38385
 410049
 1077139
 601282
 788304
 983087
 535624
 1004585
 299781
 414293
 554078
 637698
 558095
 640619
 860447
 374768
 152587
 481430
 16765
 248422
 719620
 85453
 702935
 387058
 1051939
 669963
 413275
 635133
 911367
 883354
 100507
 952611
 454578
 895620
 236730
 225578
 752404
 924684
 122523
 545763
 978528
 514783
 585711
 184323
 809649
 507450
 495234
 1017106
 89713
 311977
 1009223
 73407
 467654
 848999
 490208
 485
 1057109
 865975
 1007665
 51259
 170717
 929613
 607833
 965017
 978805
 935178
 872161
 902985
 56017
 859320
 553324
 917835
 471198
 649054
 707280
 976904
 196013
 681737
 605540
 546904
 229273
 521122
 826227
 801748
 554221
 637480
 62709
 550560
 905899
 662243
 858397
 963890
 827525
 545697
 1054465
 156763
 569351
 851052
 261667
 803751
 978528
 934949
 150308
 60147
 879570
 738758
 214396
 181811
 662836
 735008
 202975
 968348
 167217
 949456
 188143
 637836
 798515
 530556
 726975
 650248
 826569
 745969
 214934
 198926
 997031
 983725
 1016604
 132397
 343741
 788190
 436475
 807454
 502364
 792875
 670047
 50647
 552623
 1013434
 360541
 236173
 356957
 149496
 848672
 252133
 87709
 545883
 89517
 939935
 849625
 404408
 244557
 1047885
 892666
 350139
 537943
 112545
 308865
 984678
 504510
 941660
 73000
 912351
 621351
 458772
 786942
 432331
 326921
 266350
 977086
 239073
 4699
 872661
 971218
 204162
 891179
 122421
 143863
 559543
 394789
 924155
 875283
 47315
 599408
 100077
 788696
 85248
 380567
 122457
 1018260
 186540
 157743
 5018
 390175
 563488
 1011315
 567564
 1050467
 613492
 951516
 1056588
 1029340
 375791
 810782
 349197
 702357
 833758
 633587
 364317
 863741
 386882
 180615
 954136
 373263
 663012
 578519
 1089082
 519667
 64037
 273979
 1087908
 447220
 282313
 856641
 812114
 864262
 1021572
 1027488
 652190
 350873
 851694
 608188
 119925
 13676
 168314
 57896
 490413
 640742
 101940
 435432
 594311
 688800
 945919
 1056657
 204269
 926503
 626156
 924674
 71339
 925382
 788778
 542137
 1036754
 944668
 708416
 797835
 825216
 773611
 1070529
 200599
 639219
 706253
 352636
 186465
 296365
 574469
 196752
 803176
 562611
 525263
 238589
 642046
 67980
 74150
 582544
 746665
 361156
 598531
 442743
 328358
 55140
 469503
 37916
 657260
 94213
 812503
 983712
 891477
 477586
 644896
 863026
 1063564
 549684
 936225
 53041
 292002
 784416
 192346
 324211
 137946
 719590
 552381
 212745
 915918
 1062429
 570177
 187817
 299306
 142908
 20109
 53952
 182573
 902507
 883844
 1005135
 698077
 337574
 963326
 161794
 1061687
 906884
 787924
 1064670
 531724
 111550
 148802
 673096
 105014
 1074635
 924883
 561003
 490666
 249820
 851755
 846714
 543607
 401713
 580817
 158029
 53528
 1081562
 716990
 627097
 1060307
 562032
 357675
 262494
 276366
 415985
 520018
 835420
 572127
 223913
 234994
 474215
 73834
 791935
 260151
 872865
 100558
 995969
 201771
 828590
 612079
 812070
 50855
 833926
 100980
 823655
 598658
 477468
 136697
 789021
 207087
 946638
 818509
 4489
 775252
 393390
 184612
 577753
 474266
 149392
 630215
 369012
 1045794
 929012
 337047
 1094324
 941655
 232958
 579937
 51096
 375131
 1038873
 203643
 926878
 253972
 1044905
 119286
 214877
 1009708
 509493
 172004
 282700
 309843
 766490
 293618
 324617
 530285
 292429
 183695
 818782
 617745
 244994
 989983
 537178
 208023
 82077
 170352
 429088
 832708
 566928
 94052
 93293
 1082992
 756238
 11039
 354903
 914820
 230709
 932214
 75744
 182835
 22039
 40329
 64683
 945674
 940438
 464154
 1010560
 753205
 1024879
 685840
 776271
 1030179
 480819
 308702
 628154
 753703
 814456
 758897
 154472
 149721
 971198
 554179
 1008228
 504084
 158997
 535124
 5904
 633024
 990505
 299467
 318259
 234375
 227155
 420923
 686263
 122681
 98648
 287789
 96949
 1034683
 593356
 270820
 1010231
 857264
 58475
 925618
 405403
 1018111
 925647
 475988
 896449
 24084
 478012
 659222
 516338
 368554
 975699
 391469
 855949
 853969
 467673
 258438
 464309
 952896
 439914
 43100
 773713
 759516
 683574
 895835
 956783
 544188
 365746
 948881
 512661
 1004432
 127724
 24216
 780103
 851696
 57392
 413468
 624713
 668563
 241006
 243770
 534093
 155668
 746398
 213934
 1070881
 387020
 175479
 240693
 485445
 194594
 898549
 72231
 431649
 631861
 175437
 1010738
 598567
 303417
 529436
 549011
 296192
 303455
 313234
 871285
 969777
 342257
 654629
 88596
 857064
 979963
 326151
 108857
 332837
 64935
 48569
 144682
 539916
 146949
 153262
 978963
 26945
 213072
 1005839
 995247
 140878
 1086767
 776286
 110056
 534556
 237012
 169016
 482366
 439281
 828904
 208584
 971809
 447988
 169802
 266691
 578827
 42743
 843417
 144584
 632366
 814719
 936294
 249588
 829302
 914227
 129424
 170524
 737987
 463601
 355580
 132162
 869126
 701549
 596492
 255974
 256851
 798155
 398241
 285537
 497799
 130192
 672096
 911443
 800355
 275192
 824647
 657877
 402126
 1039501
 912058
 426138
 974826
 636453
 508100
 466852
 167906
 612207
 662778
 142226
 166121
 132633
 335960
 899555
 76549
 210294
 429000
 44828
 595241
 43492
 676707
 321517
 670203
 477917
 787042
 721796
 101323
 430789
 63165
 1074029
 998098
 591260
 331671
 490536
 922537
 41143
 1004971
 333470
 320884
 209919
 280844
 903261
 851164
 676603
 981861
 995785
 747403
 490383
 170147
 920048
 172251
 25577
 11409
 929138
 147731
 454070
 149073
 57402
 192321
 581079
 178437
 194822
 605517
 924733
 749695
 451655
 308924
 283029
 306895
 275451
 809282
 220988
 896578
 729327
 23419
 258971
 384636
 812847
 1077023
 758763
 873663
 416465
 959358
 606108
 133501
 324891
 1045261
 439275
 983223
 634837
 22009
 288837
 725576
 1005111
 743142
 915990
 236435
 661284
 894583
 535308
 15858
 593275
 1059044
 393009
 40368
 579637
 466754
 1014188
 254959
 959086
 68633
 548516
 549376
 43134
 265556
 31122
 328668
 479604
 123117
 827519
 265915
 975109
 274146
 299471
 1047741
 105191
 306211
 660778
 57579
 585668
 245472
 67010
 1003836
 495253
 288199
 390302
 604316
 931949
 168607
 484504
 81013
 936016
 338630
 887620
 1035884
 145100
 424657
 22292
 916744
 214334
 1040227
 45349
 709659
 926850
 90920
 221177
 570962
 231587
 726512
 141288
 1057321
 313319
 925654
 603189
 456544
 615635
 1019051
 194819
 127822
 1040958
 913474
 10444
 561518
 571585
 225002
 941021
 510568
 417056
 306509
 665990
 77527
 724753
 570656
 90717
 172219
 509800
 805620
 1095558
 389407
 850644
 910953
 245466
 361390
 711650
 220277
 602839
 941901
 142798
 892668
 1099533
 92791
 601184
 49996
 699763
 341123
 33628
 354109
 207764
 558326
 35563
 16517
 246893
 865418
 88885
 1056031
 473405
 397126
 144485
 797501
 135911
 650887
 660126
 253912
 674263
 728798
 741324
 472653
 530905
 875013
 134111
 245433
 1049256
 1084056
 486876
 763190
 935952
 1034976
 1019250
 766544
 416024
