182341
 70801
 1043803
 513099
 32750
 494412
 453039
 956457
 464283
 765591
 497773
 473482
 382774
 798694
 970430
 390003
 160672
 914953
 88617
 388735
 99080
 967971
 926079
 321273
 313800
 459423
 519776
 520879
 281868
 405878
 498817
 379058
 183877
 297074
 49267
 956817
 871227
 977486
 23830
 165489
 1010213
 322545
 935019
 676516
 719710
 261146
 725103
 853728
 327707
 333957
 315304
 377374
 347531
 357760
 695787
 1060345
 6559
 1095424
 951988
 402669
 758948
 496680
 627972
 782484
 453075
 532620
 445273
 406324
 903156
 677936
 98629
 557543
 504725
 598003
 91511
 579314
 446348
 229279
 165429
 554441
 17157
 148435
 961008
 273320
 52208
 134247
 813155
 739285
 779009
 809510
 454137
 975565
 933059
 247150
 603311
 63736
 624186
 587033
 192873
 311004
 246906
 481940
 209881
 796007
 636405
 747798
 598449
 1011369
 472297
 899368
 814742
 141889
 861489
 997938
 309100
 370069
 370677
 836608
 1061665
 366471
 611379
 333319
 25372
 626373
 726503
 126855
 449660
 361384
 988147
 671497
 987892
 498913
 114033
 348487
 193173
 737108
 85416
 428099
 606189
 14
 164798
 30133
 825142
 381870
 825350
 714359
 976776
 1006150
 48311
 392244
 484445
 459893
 1019499
 870386
 143293
 20127
 1073249
 181710
 837788
 463199
 551654
 672527
 548126
 262597
 320202
 984016
 830664
 907596
 395316
 364010
 261554
 172037
 207660
 331043
 219059
 296324
 973931
 458580
 884454
 118969
 37965
 86517
 23186
 959374
 647379
 604815
 751108
 128848
 582350
 882491
 53699
 213614
 1001445
 105059
 636121
 585085
 80616
 645417
 1090002
 969802
 963882
 317570
 838637
 207581
 741936
 110559
 149899
 933690
 281558
 1065917
 724664
 561852
 455975
 405702
 291517
 886712
 928183
 979507
 1092066
 359915
 1033892
 1088173
 993096
 157060
 413891
 614379
 862438
 689370
 1043970
 1043781
 50428
 571914
 1017805
 630510
 863322
 867715
 530132
 132212
 231777
 855059
 981743
 343734
 1061972
 286094
 780138
 452464
 415203
 153337
 218898
 248171
 839546
 176543
 571775
 209797
 637910
 173163
 806579
 806967
 915437
 326098
 632492
 476228
 713719
 1058169
 350654
 278389
 85
 809360
 1056043
 550729
 981727
 96837
 1085146
 617242
 685334
 633345
 476694
 349053
 239409
 832778
 403155
 580805
 677921
 418633
 219449
 629472
 699342
 776961
 812325
 711489
 415944
 252029
 1085531
 906340
 34445
 607721
 1072427
 473711
 849943
 720270
 633917
 458021
 985065
 99941
 1045012
 109307
 622865
 143830
 313246
 182757
 132032
 722333
 990897
 567524
 51305
 491195
 942238
 383878
 92278
 789953
 737686
 92764
 1039069
 112756
 953102
 132039
 695753
 355210
 737500
 343410
 812004
 454318
 646142
 591411
 318224
 444284
 49262
 911312
 300960
 365141
 957057
 758802
 364809
 569022
 500424
 475074
 318167
 588759
 45760
 119912
 826200
 840805
 486054
 951696
 945702
 386731
 1019348
 5300
 1073602
 238262
 159641
 27959
 876956
 561634
 288014
 586068
 340896
 516057
 404818
 413308
 996481
 619411
 125805
 43193
 237000
 960525
 1075056
 128486
 1030677
 80105
 684571
 500864
 292214
 223565
 840241
 319359
 1050202
 269388
 328481
 1014884
 756900
 666515
 258051
 362640
 367152
 669821
 1058961
 823862
 705456
 587339
 591815
 636893
 599113
 747009
 638493
 304517
 6654
 997308
 652423
 1096328
 681992
 131049
 39500
 49783
 929607
 178529
 497463
 233975
 20998
 250160
 578198
 751354
 989624
 164845
 371849
 1024862
 134649
 260539
 766113
 1056645
 111779
 755434
 39025
 256369
 810638
 386620
 988645
 778254
 280803
 670127
 346323
 122353
 975431
 191105
 791179
 524336
 796894
 273162
 278042
 301214
 1068093
 272760
 348056
 845322
 706486
 198930
 252400
 446913
 747972
 829754
 821831
 561101
 82760
 744014
 502219
 27487
 1027247
 330327
 537502
 386696
 376004
 566484
 680823
 481456
 822804
 218277
 885687
 423617
 11567
 85394
 525315
 1027984
 557262
 432576
 604153
 23214
 752234
 378382
 591814
 877684
 756385
 1026290
 509719
 477678
 934018
 908078
 622010
 1079853
 1055087
 347736
 307173
 811639
 321063
 818708
 482503
 1067752
 451763
 899887
 407627
 596015
 53530
 754426
 500699
 868562
 308220
 244621
 755605
 839457
 200930
 192901
 567501
 991821
 407026
 675812
 878488
 530701
 288430
 81960
 798482
 481305
 494512
 541443
 468810
 148098
 1007560
 988430
 615970
 218200
 448830
 833082
 307131
 561388
 393690
 1049306
 189523
 309911
 793341
 872716
 580970
 701910
 133445
 514618
 249048
 973618
 574011
 602162
 793991
 898875
 646514
 727423
 834850
 83035
 733946
 146631
 277914
 364547
 1029962
 398209
 722223
 953291
 661601
 564796
 342350
 208657
 1004421
 841858
 996423
 648968
 601411
 926224
 121247
 716084
 47694
 208
 16140
 900992
 215304
 92146
 1070264
 183618
 495048
 180281
 918025
 707297
 825343
 644088
 776531
 1075210
 140080
 1050401
 45737
 622283
 130922
 1022448
 920848
 1002422
 242339
 373246
 424135
 353171
 440072
 224689
 881413
 772575
 1020013
 1099216
 50469
 284379
 81521
 346804
 1059856
 554596
 944633
 10372
 25820
 878403
 230451
 531081
 655619
 966294
 116615
 298590
 631638
 194659
 374217
 1048200
 369133
 811463
 530294
 280618
 64907
 452051
 282830
 1050154
 308118
 431172
 548334
 822796
 106348
 745350
 414069
 599011
 359141
 446463
 599871
 159633
 364941
 828519
 809989
 204555
 281733
 132212
 293361
 67298
 583698
 871277
 281591
 223768
 848255
 309799
 492799
 774137
 874
 665747
 985447
 662465
 645769
 658778
 998147
 520732
 165678
 385342
 453356
 529832
 26048
 135984
 207235
 733237
 960380
 217207
 876657
 17618
 807771
 941774
 758314
 94460
 495328
 671698
 1087417
 161645
 54283
 61452
 416301
 1018728
 273295
 1024170
 124347
 470866
 338843
 121608
 225287
 588707
 446461
 579521
 918285
 1958
 514248
 987335
 113601
 479317
 552576
 994757
 809006
 811596
 642353
 95555
 1052110
 408850
 862976
 691045
 229514
 94217
 427233
 488522
 1002192
 883717
 366403
 7456
 393810
 448039
 33517
 407646
 202651
 231997
 637505
 55910
 452365
 851243
 687517
 721560
 13949
 921597
 350660
 103059
 452111
 368973
 794959
 747665
 953890
 445928
 441431
 742284
 238052
 1079851
 993870
 880453
 214649
 657184
 803947
 313455
 163115
 848451
 108726
 701743
 222877
 530689
 106980
 117129
 763685
 85279
 329262
 91823
 514665
 255962
 103462
 654652
 882232
 446899
 427606
 1012359
 370023
 1045871
 327305
 526398
 272073
 763810
 209947
 275660
 922338
 573329
 99507
 786006
 67383
 371725
 233555
 866793
 625147
 975980
 779070
 95550
 783703
 450072
 411510
 698843
 21899
 578356
 564945
 508338
 895917
 757192
 116415
 909397
 147361
 768294
 332751
 942404
 102105
 666728
 487224
 1030647
 529045
 867993
 1042466
 1066308
 580621
 743751
 750193
 1042208
 54556
 940951
 45750
 238872
 69781
 57281
 90747
 704650
 911339
 183120
 322730
 1028287
 1076823
 584976
 400267
 253202
 822587
 872795
 924159
 973155
 226025
 534490
 228676
 893851
 448000
 908526
 549240
 456587
 256895
 270560
 823545
 681499
 663888
 805145
 387919
 769086
 68918
 562953
 503469
 635770
 244844
 1019826
 811003
 998136
 516773
 500726
 1080384
 673877
 632300
 929996
 731906
 590039
 1092894
 52325
 738246
 15517
 278993
 236328
 636510
 304277
 365848
 348386
 496930
 975542
 897882
 416254
 384733
 86742
 277071
 164224
 730359
 790255
 875327
 375527
 1002184
 588097
 360429
 387921
 120612
 89179
 452745
 232478
 871764
 510610
 451130
 864747
 576872
 776865
 557302
 88685
 589891
 380225
 934194
 346059
 37396
 141757
 849342
 998611
 151104
 818614
 85078
 534143
 114185
 579086
 749101
 736730
 814575
 724761
 963117
 156154
 5135
 485899
 17828
 53777
 235031
 1076192
 1097863
 930676
 504264
 74609
 325278
 924042
 184225
 414638
 982436
 651768
 1015119
 438971
 488288
 214247
 761729
 549028
 676308
 566491
 1020985
 708780
 314938
 346646
 543392
 841714
 932425
 199560
 243239
 976936
 56524
 855328
 436538
 179449
 731236
 1036873
 1049247
 207688
 1024884
 128199
 482615
 463571
 621568
 1039386
 713926
 973165
 509240
 608961
 892593
 851277
 325724
 118829
 763613
 433958
 533322
 162348
 1044919
 453441
 250107
 269227
 65676
 227547
 120989
 259421
 351739
 884233
 727068
 400140
 302167
 1033580
 518835
 347072
