472700
 496028
 94552
 791334
 33013
 280104
 120370
 224521
 440346
 576077
 1047152
 9651
 942809
 693639
 210599
 1039433
 396607
 812205
 1088968
 420463
 943468
 716520
 31402
 524821
 278158
 997414
 1017645
 1041867
 380279
 714567
 438025
 1029656
 376042
 425272
 584167
 962065
 1036929
 427018
 146489
 54875
 662208
 117333
 416791
 182476
 206666
 1016866
 88445
 748807
 1043150
 644997
 533347
 754094
 982632
 943724
 815314
 640968
 118639
 61346
 581843
 181964
 955355
 83344
 423095
 485826
 604152
 378434
 274555
 832031
 671811
 328389
 1029783
 401524
 649707
 915033
 398675
 1066239
 834400
 829951
 210887
 127528
 383811
 226061
 777971
 315641
 624150
 879730
 568981
 802277
 193209
 731225
 1086307
 80480
 255386
 555977
 1005114
 22997
 845062
 987275
 810400
 1052706
 684141
 546465
 300037
 777511
 639576
 396251
 76608
 826779
 188460
 574922
 1099329
 644739
 540507
 877520
 421251
 753596
 525605
 495347
 799923
 612411
 203691
 1095659
 356724
 312994
 111006
 492379
 196469
 612770
 387613
 180039
 197094
 403373
 562258
 418719
 577210
 156017
 489112
 366467
 742185
 101846
 665705
 749327
 685265
 802908
 101683
 1070390
 275303
 207378
 441621
 150402
 221085
 738159
 926383
 423659
 678451
 833425
 834980
 478473
 678129
 420913
 801120
 489975
 981274
 181063
 798848
 1045457
 493412
 847316
 91054
 230783
 359237
 498190
 352021
 355986
 342077
 179345
 483117
 905348
 890632
 836163
 637202
 357182
 1051755
 878431
 908707
 860348
 907008
 674301
 11509
 208931
 866452
 343482
 515968
 401197
 66840
 319754
 111278
 373456
 108243
 587711
 132389
 194012
 1030474
 536424
 851532
 601131
 95887
 689773
 896768
 513016
 986828
 180325
 695948
 232586
 528395
 659434
 363927
 140431
 805369
 566278
 1030901
 87120
 1098654
 550757
 498450
 704098
 978704
 717384
 393597
 1078613
 469165
 295756
 71483
 485248
 970391
 812891
 277775
 809138
 89017
 739713
 1085725
 14971
 275697
 78272
 1086952
 860739
 535919
 705629
 384819
 1011604
 993402
 469188
 230810
 636122
 978890
 778697
 115340
 28692
 151272
 109832
 594831
 236390
 284957
 879705
 317568
 13947
 348908
 330064
 1001102
 1088890
 234578
 1011418
 358134
 855739
 726265
 118992
 290783
 1054753
 532260
 199207
 345330
 319487
 1066329
 155766
 214574
 419314
 66103
 705419
 996663
 904579
 755983
 1040574
 850924
 500808
 289404
 407910
 59998
 203861
 591184
 560978
 660653
 457720
 382588
 164323
 608632
 996244
 545467
 458340
 555416
 128001
 25242
 251687
 976218
 981892
 449351
 791736
 739150
 286509
 546516
 511621
 573713
 77215
 1000015
 558035
 938879
 379440
 193497
 887596
 400975
 113192
 1038534
 684963
 396559
 577329
 160969
 357619
 107482
 188202
 74225
 552259
 823402
 867257
 541123
 784037
 796731
 7819
 988582
 923348
 685215
 10845
 482730
 68843
 374165
 97511
 551662
 444879
 866826
 579696
 1093224
 550964
 31884
 940053
 368207
 646961
 319977
 922540
 859790
 922892
 1081086
 575650
 973209
 742397
 430325
 718425
 212772
 344520
 507843
 892551
 898160
 401037
 817917
 970448
 536706
 1049023
 423069
 143436
 741800
 947916
 1065470
 484358
 885706
 386357
 173143
 982956
 159326
 906996
 1059702
 97536
 353668
 946865
 401754
 596616
 392096
 691228
 380115
 435422
 543327
 81623
 44697
 853659
 483467
 520765
 122524
 327157
 142192
 78907
 630681
 632721
 373777
 748568
 497326
 857074
 455394
 273125
 550128
 813977
 256192
 75194
 804075
 559492
 572342
 222145
 699183
 457291
 581408
 918344
 349468
 504034
 237335
 293346
 17632
 176108
 550026
 861323
 339422
 844557
 166302
 270567
 920950
 55499
 658145
 542716
 1066044
 669086
 82286
 570476
 776964
 145238
 737266
 786627
 618034
 750301
 659312
 595906
 591911
 413864
 853117
 504686
 1059827
 820635
 739510
 776303
 48672
 127470
 272833
 480082
 497771
 764375
 261689
 94393
 165531
 311779
 1091702
 832326
 93894
 905988
 702827
 397183
 1021386
 860639
 154806
 459482
 1009839
 555226
 890932
 347038
 553126
 643832
 736255
 569219
 911134
 936699
 104655
 477224
 937832
 1032125
 1098121
 1084294
 524776
 376723
 175256
 859036
 720376
 999916
 483622
 440972
 430642
 52717
 1022644
 296232
 147023
 158207
 571500
 100805
 250324
 223985
 980667
 719786
 400641
 1022950
 384406
 833909
 700773
 773671
 646710
 217761
 575538
 962181
 706764
 895927
 841994
 211183
 917492
 544472
 413226
 860527
 656144
 166723
 710184
 927030
 488171
 727859
 584085
 607958
 1036753
 561914
 389786
 901557
 1026248
 145743
 800682
 128594
 739339
 940141
 343064
 997940
 766854
 736474
 873783
 623690
 289611
 539898
 733163
 622893
 134808
 257090
 388946
 984398
 969357
 590448
 339984
 318238
 155802
 781149
 106850
 952698
 590024
 894269
 122463
 282621
 99414
 534147
 731328
 565540
 939194
 939269
 511758
 689263
 630410
 29041
 760543
 1066676
 948145
 446485
 962181
 785298
 314036
 333177
 215079
 448652
 36797
 291830
 937803
 921677
 583573
 282002
 465238
 886953
 194539
 1039831
 924400
 958804
 1073210
 783125
 645195
 822033
 592270
 699859
 51523
 444345
 464766
 268461
 736931
 490827
 100503
 959427
 231787
 534174
 892298
 143186
 794299
 214158
 328515
 268344
 872351
 119099
 445060
 369108
 564446
 1098099
 1053437
 311086
 937751
 294633
 78157
 509127
 211220
 999848
 160045
 449818
 1044347
 493015
 276194
 3268
 883856
 848309
 644861
 65397
 35929
 451869
 162420
 386452
 1065653
 410531
 669834
 1000011
 730021
 360652
 61658
 199475
 915815
 251964
 11285
 748974
 441938
 210423
 687725
 797870
 278395
 623126
 133897
 231110
 835164
 206796
 60426
 257630
 261436
 1030534
 369495
 316999
 292790
 287599
 1074567
 101901
 747089
 332272
 841479
 1032444
 544906
 770154
 28702
 690207
 382794
 830415
 538267
 926221
 379565
 426083
 429934
 435966
 388273
 841988
 382021
 680962
 275599
 888496
 1080657
 9901
 56991
 708656
 543659
 697718
 949974
 1066605
 172230
 568769
 857175
 953417
 609730
 732310
 1003071
 461480
 51951
 69859
 38483
 542851
 922133
 627347
 1031325
 51201
 95386
 224950
 254266
 136976
 158590
 275519
 133947
 744950
 539565
 578364
 99196
 223503
 25015
 893757
 1011352
 497334
 739383
 510272
 634639
 592360
 693460
 587755
 640509
 238653
 1064655
 77046
 116944
 698757
 354362
 895440
 1016565
 123157
 746028
 304409
 857983
 329688
 66928
 853107
 1074752
 1047882
 121242
 329448
 267199
 1098425
 402755
 829311
 610019
 200164
 402622
 126638
 193094
 675849
 154783
 219703
 62451
 3336
 138338
 871775
 872625
 561005
 628460
 779277
 539146
 991005
 329646
 669263
 1093717
 934864
 253434
 530099
 627250
 100122
 482895
 686045
 850828
 570605
 957892
 80598
 173213
 248910
 828506
 966538
 626912
 321684
 807778
 76812
 332287
 946201
 251143
 863569
 701104
 929531
 74222
 188062
 848524
 288508
 1039336
 376122
 1006900
 587866
 80278
 362007
 515199
 122132
 98728
 732512
 462155
 1099279
 517887
 654063
 56384
 194484
 51835
 19570
 394038
 152902
 872716
 916556
 659934
 884035
 994944
 629091
 921244
 790619
 804328
 670566
 883261
 235112
 159098
 783950
 114071
 1094569
 507169
 883145
 817405
 748310
 1094363
 164724
 395486
 895005
 476650
 98151
 601594
 417964
 583650
 158161
 279285
 338069
 347647
 224905
 440053
 766984
 429436
 207344
 22299
 643146
 1086117
 501135
 531280
 962390
 1064092
 972986
 785998
 859656
 530998
 930279
 346000
 895976
 662497
 640179
 1091814
 181594
 476312
 12389
 290290
 304673
 466294
 388731
 1068068
 659408
 1058303
 9746
 209907
 792000
 262068
 650322
 42296
 96027
 279633
 1093285
 532591
 469837
 837085
 467889
 864441
 1058891
 574600
 417081
 756792
 689420
 598101
 348061
 876785
 228619
 871318
 463701
 824301
 352200
 1077634
 291731
 267910
 889746
 558113
 147022
 286077
 228870
 364603
 115785
 259448
 260640
 627603
 560203
 433995
 693994
 493153
 331175
 250596
 62272
 653479
 232587
 1079654
 384880
 703790
 583406
 8782
 847388
 327957
 47936
 481849
 885641
 369952
 472565
 606064
 945478
 311309
 591527
 800333
 138706
 621570
 458789
 306354
 63822
 422520
 418627
 838281
 859530
 656729
 993386
 201909
 262588
 476435
 153249
 182663
 1083680
 757979
 652543
 583520
 557525
 85461
 833932
 797454
 1002502
 37616
 280554
