960169
 874942
 859659
 76765
 956708
 108302
 932250
 5032
 729367
 535885
 1096353
 114012
 658879
 983072
 849136
 1049511
 438839
 1005446
 758915
 892993
 881248
 441807
 167499
 730372
 210265
 859031
 988036
 410318
 560386
 985071
 976777
 98905
 50978
 936316
 52271
 983319
 676052
 715768
 409932
 110099
 510503
 743771
 913069
 193548
 601624
 900028
 740525
 185353
 678610
 570056
 700708
 519493
 872275
 803738
 515343
 1094715
 1016150
 341996
 1017964
 877909
 1056304
 379912
 739313
 699307
 72510
 855633
 596650
 593983
 29143
 983373
 264292
 826214
 822324
 736845
 14684
 575491
 898609
 654214
 505007
 102372
 88135
 1014458
 508423
 271845
 840836
 97620
 1043689
 602910
 639731
 635274
 355903
 888278
 441501
 148049
 797620
 719222
 751265
 670272
 115211
 236855
 701213
 731513
 995252
 105419
 349153
 40703
 421971
 301921
 1017260
 655889
 824210
 651911
 89098
 474825
 277626
 413267
 655968
 400003
 184772
 934292
 949761
 704182
 618332
 949473
 426199
 611037
 354976
 774213
 923925
 165252
 211208
 328264
 274813
 680202
 849869
 205604
 181265
 880591
 344006
 242778
 1064024
 229771
 342752
 145415
 20560
 1019958
 876330
 910048
 285292
 230047
 702801
 468343
 713814
 970919
 685991
 71163
 737369
 708379
 632738
 370084
 1007907
 224387
 7347
 974628
 764852
 263971
 908864
 258874
 859439
 959694
 905811
 1088279
 981154
 434828
 8814
 582921
 876029
 239667
 376148
 193085
 835962
 601521
 1080304
 160881
 420213
 138063
 944990
 906647
 1047559
 343744
 742082
 326994
 286865
 417132
 431471
 1069703
 327637
 541191
 963587
 540533
 603295
 244951
 712780
 49323
 117129
 442645
 986664
 67096
 118006
 227609
 820188
 223789
 641750
 635609
 844563
 795927
 394867
 750059
 78797
 404416
 1031681
 728274
 145880
 569410
 379196
 15042
 694443
 182076
 64799
 616805
 845499
 1084219
 547166
 723355
 246403
 1032698
 261160
 157392
 674107
 12239
 908412
 784638
 1083459
 609284
 199700
 307847
 3614
 958279
 227184
 234030
 679110
 118678
 94848
 188868
 561622
 581913
 84125
 943689
 710163
 250661
 450956
 957749
 848537
 901905
 615870
 346819
 990922
 172068
 155282
 826431
 983695
 758579
 1096768
 484257
 826773
 226075
 498831
 871455
 907827
 1078085
 1052870
 190313
 78187
 918420
 885573
 335164
 673867
 785082
 838611
 475620
 867358
 153900
 905432
 2573
 950060
 587382
 1064962
 476643
 402364
 335878
 187948
 473981
 1009946
 536614
 747706
 323095
 699941
 352186
 524344
 185570
 618694
 10034
 566118
 159185
 659764
 815291
 940379
 955929
 874575
 624404
 248224
 1056638
 322758
 1015585
 1041096
 891395
 75298
 716099
 360493
 45456
 338538
 759915
 196091
 518228
 1002880
 584709
 1076002
 978020
 366918
 403943
 124362
 784493
 871396
 932063
 702387
 882861
 447803
 449374
 358300
 989695
 404274
 990745
 396263
 790202
 197497
 993702
 437330
 260841
 430963
 489743
 358645
 1044653
 211954
 928995
 1086025
 830582
 173206
 342608
 257865
 408352
 209360
 57917
 365722
 160294
 166394
 29935
 534555
 10319
 887745
 576419
 1011977
 730888
 859693
 971961
 555530
 619119
 269053
 967345
 702269
 340400
 283334
 1045731
 1011242
 310721
 384610
 797788
 541980
 137418
 68070
 271373
 153595
 732373
 120464
 272740
 21392
 582796
 1035811
 951852
 155000
 503822
 415969
 227116
 901150
 988646
 455139
 1013110
 504866
 915863
 480441
 806866
 180809
 418309
 19609
 480635
 377582
 81138
 849895
 683079
 746845
 395766
 227071
 363207
 178989
 581036
 674585
 238340
 740053
 97501
 408384
 1017785
 362431
 341034
 817100
 598933
 237983
 595294
 449353
 981605
 396953
 909868
 806688
 867507
 820153
 517923
 866950
 291797
 762287
 927050
 815666
 516975
 615117
 540047
 676445
 255343
 887383
 505225
 749217
 1031895
 1030569
 95167
 633393
 684346
 69464
 488884
 729766
 184907
 230100
 558338
 642073
 842988
 1082901
 584010
 587635
 976703
 383005
 1016175
 603691
 617579
 585164
 1081699
 557625
 24146
 305037
 682937
 389851
 293348
 1075999
 141842
 802194
 30535
 17202
 810810
 284776
 211714
 448054
 648005
 251894
 1062212
 141294
 1009602
 494616
 440324
 149331
 496161
 1099093
 515556
 80485
 289376
 730250
 2229
 479786
 835593
 1044105
 784612
 1034196
 619939
 724894
 18668
 1063531
 409850
 344159
 518993
 634129
 236529
 208336
 231932
 323237
 834105
 566083
 274573
 756952
 303841
 711465
 1079083
 162120
 760971
 484911
 834280
 836001
 140942
 292933
 277067
 333191
 797063
 1368
 144369
 67052
 1013536
 32075
 1016015
 244104
 770443
 838454
 68038
 434926
 845958
 938712
 501818
 652752
 692101
 128380
 62397
 908458
 769950
 242207
 747067
 70928
 392759
 281240
 275654
 907697
 451072
 596811
 936998
 739390
 255840
 1038437
 1083798
 130877
 296676
 919544
 7872
 910260
 1034463
 596064
 282379
 784335
 863812
 831478
 709854
 300935
 275198
 807980
 428274
 151952
 404401
 398691
 280552
 1011768
 9307
 766682
 626165
 84169
 876180
 224928
 772385
 210887
 734244
 859880
 677110
 554047
 792533
 571883
 56651
 455011
 977535
 588455
 431718
 509722
 1016772
 255627
 87951
 200777
 145089
 356697
 102507
 979077
 1030726
 963839
 137802
 909066
 1000746
 857517
 1054960
 596967
 839604
 426149
 782741
 676113
 444182
 8094
 725116
 654740
 320440
 279847
 984105
 954300
 351215
 583107
 321442
 814694
 406822
 648771
 459109
 465251
 826381
 241563
 484177
 657910
 753435
 78221
 120286
 58926
 68558
 828190
 1064566
 1041521
 8568
 695553
 951482
 669984
 402515
 162873
 462026
 1015100
 547394
 855007
 201737
 562390
 483285
 205486
 146336
 404355
 970112
 555243
 509426
 104620
 628053
 267434
 289045
 642053
 414966
 103856
 165023
 848620
 523312
 835788
 886492
 76723
 929863
 301995
 903340
 364876
 691414
 772746
 622666
 470638
 465641
 244480
 259519
 9144
 260864
 1032254
 499510
 421182
 1096010
 562236
 155338
 677145
 244960
 508823
 270693
 267688
 336256
 195976
 809133
 497038
 415634
 533940
 942922
 337395
 1094602
 1072159
 1043400
 833285
 614851
 818390
 415271
 275489
 211697
 1022492
 556936
 940509
 309707
 870625
 875482
 257265
 3306
 507035
 46228
 371656
 903543
 671216
 842429
 183936
 868076
 665667
 118270
 1061023
 373624
 171615
 909215
 605251
 189153
 58411
 312417
 664175
 117230
 255877
 260299
 775661
 942063
 1017471
 896354
 68561
 129035
 675274
 834027
 1013802
 935121
 1066941
 339016
 701331
 903168
 964889
 818699
 813927
 450590
 39442
 954405
 882675
 508634
 335665
 13427
 1049137
 161323
 1074083
 1030073
 1086101
 688418
 491174
 232820
 53922
 752942
 1087313
 155368
 233485
 651843
 923784
 1064181
 523221
 911523
 953505
 736487
 49793
 897054
 665418
 567880
 373968
 457558
 29943
 782563
 572110
 1083505
 117507
 876391
 1042718
 1030362
 686849
 559105
 102205
 830910
 453969
 981922
 509117
 820869
 769102
 839832
 36313
 334141
 529510
 489097
 627972
 30571
 195138
 897141
 347613
 242506
 205794
 1055705
 183216
 319074
 299468
 172917
 806666
 618893
 61771
 460864
 612545
 658578
 995388
 398690
 399605
 159993
 514378
 362741
 1023684
 341737
 317319
 442044
 373644
 1066609
 612595
 754043
 1092489
 790163
 829162
 560183
 177361
 356875
 962960
 170859
 234046
 429620
 436832
 796208
 624783
 582231
 79844
 693729
 743836
 35176
 361256
 947385
 498894
 688926
 510863
 349638
 845133
 1003421
 198730
 706430
 338150
 371054
 119329
 914952
 690891
 1078531
 485396
 44236
 485540
 714371
 984785
 101176
 839244
 939337
 1021866
 459519
 159659
 324316
 69807
 335346
 803914
 420190
 301240
 883823
 281549
 561973
 91783
 606027
 99226
 822758
 405723
 518083
 870210
 16461
 450595
 141935
 353111
 14158
 156074
 536252
 22072
 780073
 716314
 592925
 722414
 796345
 309878
 595140
 3483
 172944
 149080
 234721
 57986
 993289
 71312
 864034
 387884
 957534
 639726
 402123
 399760
 415305
 964709
 305750
 849285
 12376
 1055225
 1036015
 125493
 781679
 376291
 968510
 504315
 421477
 1070659
 22239
 434550
 227932
 529484
 389720
 10319
 1095014
 1055914
 571030
 546730
 1081854
 1065073
 681872
 90720
 870840
 354079
 833291
 899946
 899606
 1074298
 1012625
 788105
 539946
 294347
 873959
 374222
 782688
 83501
 919702
 766243
 227006
 37408
 550998
 754963
 530301
 619985
 1052274
