649290
 858861
 646247
 212471
 287414
 445830
 406474
 150597
 814767
 739476
 450361
 477056
 157265
 1014459
 980546
 1024457
 923304
 211297
 329507
 1021167
 132563
 198598
 777583
 916858
 238333
 738196
 73249
 622535
 727310
 284122
 594643
 188155
 813735
 1023067
 826670
 40158
 1019513
 983517
 35373
 277492
 226679
 695726
 464677
 206048
 602516
 758348
 271407
 246164
 542012
 65662
 54451
 905921
 984401
 680451
 880390
 1098281
 169315
 464009
 913372
 863607
 84379
 717709
 695076
 906377
 229504
 228310
 542162
 246959
 980094
 58961
 3580
 525773
 659106
 637992
 570725
 332998
 50340
 455788
 1068558
 45487
 857640
 815872
 105776
 921070
 145808
 109052
 139850
 924926
 387698
 1022061
 479833
 127494
 894634
 670026
 419525
 585076
 745
 760068
 197125
 435290
 67948
 738039
 577910
 407894
 48774
 974809
 861124
 907113
 202640
 268999
 235721
 937593
 588923
 174055
 116039
 960633
 460657
 831800
 284466
 1049315
 162266
 1061358
 382829
 139216
 378729
 1012773
 439738
 465187
 706550
 840106
 303840
 26727
 654692
 581606
 6890
 1017307
 876587
 397633
 324704
 789448
 389766
 796240
 494040
 464832
 305831
 856160
 142088
 962459
 1024865
 1052302
 538953
 279380
 180331
 950847
 592414
 378180
 1095221
 14031
 697572
 673227
 1088155
 218705
 613141
 248346
 916121
 210856
 603997
 190789
 722629
 187668
 465496
 856831
 769991
 531921
 28263
 664116
 652558
 232242
 149692
 333980
 890919
 895521
 846022
 161585
 887311
 610355
 47195
 47722
 929193
 742659
 424217
 154341
 981396
 189191
 819384
 918628
 806438
 523671
 354649
 563137
 37902
 51594
 287233
 117112
 611785
 421754
 1025967
 850461
 585720
 778975
 248411
 201890
 199042
 280514
 768591
 803590
 454667
 176615
 898912
 420561
 67
 125244
 1063124
 1071392
 358603
 592293
 555308
 972245
 768918
 29027
 447949
 8590
 139997
 658279
 453502
 515424
 563778
 886063
 889169
 536430
 251945
 754953
 880737
 62972
 125232
 910844
 908930
 733487
 495701
 994483
 957476
 329432
 1012852
 374110
 875863
 501725
 159372
 269422
 586334
 889751
 366124
 322406
 686294
 895679
 1074595
 256091
 335900
 455027
 327063
 134380
 140725
 14671
 1027478
 500627
 924878
 513869
 1015479
 907292
 404781
 627804
 882473
 545811
 250162
 559939
 379225
 133314
 1083248
 874071
 589522
 190751
 19337
 597695
 226427
 373861
 597684
 700223
 526096
 771900
 274409
 94487
 650311
 534549
 244632
 1048326
 981459
 883122
 633748
 371266
 746501
 811721
 667881
 795733
 403132
 958090
 1034159
 996420
 811360
 1058067
 622911
 116193
 427749
 849061
 518653
 600591
 667814
 257317
 957325
 487982
 796021
 917565
 115990
 491546
 590130
 233787
 407251
 487897
 46803
 301264
 311632
 340767
 949853
 953148
 83170
 545786
 190428
 1033422
 42790
 932645
 590055
 419962
 835261
 297104
 1011792
 885529
 523335
 31530
 535101
 227095
 312333
 728891
 279633
 294438
 349841
 918544
 814805
 80920
 537321
 846924
 366315
 604174
 585927
 642485
 41278
 902542
 924400
 207880
 757009
 939895
 51539
 753784
 425657
 1029556
 50795
 481689
 374393
 244145
 903077
 527670
 860562
 177707
 604131
 820005
 524903
 583464
 869625
 284830
 947938
 624304
 102863
 808864
 920141
 898492
 399923
 292312
 714708
 623002
 539905
 986895
 603795
 954681
 756528
 121724
 1078803
 850811
 1090134
 1021694
 97807
 225328
 56349
 579291
 566144
 856657
 450588
 573493
 1077995
 1037465
 713790
 543250
 574367
 853751
 349237
 484940
 56494
 858438
 1008323
 913532
 67755
 18294
 541516
 868874
 707031
 864765
 968719
 561794
 916644
 39089
 1062873
 265892
 460605
 100632
 1053401
 709011
 400866
 684532
 936687
 182040
 659964
 500614
 690883
 49914
 242772
 64191
 674869
 963882
 489260
 601271
 876042
 1062888
 430063
 796028
 676899
 1099849
 556338
 518364
 943418
 264168
 731677
 707274
 221014
 838626
 322200
 931220
 867725
 1077985
 171598
 599769
 455742
 757198
 236547
 833087
 614805
 690772
 680487
 895001
 66919
 903282
 192334
 1082745
 798358
 699692
 1041644
 896078
 473819
 706079
 1097735
 109693
 207585
 437866
 929160
 652475
 865274
 896753
 33182
 219657
 1041770
 206029
 473798
 579235
 574215
 555121
 963478
 445149
 620259
 575630
 200616
 981332
 1098567
 434426
 999424
 924193
 634610
 963529
 8043
 142154
 466176
 740914
 466804
 90300
 239788
 384114
 1063853
 7733
 871405
 992983
 1072048
 20333
 667789
 1057161
 528914
 909361
 595334
 4320
 262316
 318655
 1070070
 748499
 204840
 374462
 992756
 724082
 882037
 114507
 182670
 310002
 768969
 708308
 537043
 795262
 914979
 830522
 195907
 162273
 950235
 467389
 962757
 362572
 523317
 545986
 987300
 702829
 878639
 376766
 285720
 361576
 771574
 945941
 695790
 1054727
 626129
 352531
 4740
 556739
 970082
 802300
 884148
 658260
 773565
 20166
 40178
 803987
 873
 527151
 334743
 321826
 224913
 523910
 126852
 1023556
 1054225
 757016
 98047
 389011
 688634
 555539
 789022
 463603
 844688
 350593
 692212
 933588
 312714
 659402
 1069144
 242106
 219558
 101025
 1083565
 608578
 724925
 213258
 731235
 45961
 325962
 3977
 33492
 855811
 406605
 654697
 254323
 181145
 516735
 70036
 701999
 636800
 954057
 659134
 738439
 352030
 552503
 9741
 118627
 1030783
 754868
 442986
 1072074
 349692
 135379
 265103
 921562
 845040
 181703
 41517
 499849
 338030
 1035943
 379615
 217243
 824512
 334583
 1098536
 347340
 543663
 558611
 304473
 985714
 651910
 951698
 943652
 45426
 201411
 542799
 274793
 984368
 92171
 76104
 681750
 79636
 506620
 471533
 116644
 128848
 237502
 597349
 577559
 943855
 105081
 241019
 1001155
 853774
 1014724
 46632
 892836
 511071
 880819
 352242
 601667
 741414
 741139
 218455
 884656
 49537
 785414
 731803
 604588
 628014
 676367
 243160
 660027
 283642
 314025
 832205
 979865
 448095
 272890
 421367
 262143
 426555
 40722
 513119
 512236
 772088
 1009982
 841363
 547312
 216971
 922006
 346602
 63325
 498750
 1005098
 983706
 807781
 199456
 608641
 465360
 60958
 1077045
 619461
 937294
 440456
 876577
 685306
 310082
 668383
 997437
 989371
 900912
 21961
 1056696
 51310
 42386
 678025
 593580
 560698
 27570
 957984
 322995
 985637
 761764
 291729
 873631
 262238
 793294
 230091
 989863
 191529
 665833
 564875
 285694
 1088355
 806333
 960556
 1022615
 559945
 410480
 154793
 305604
 687165
 119861
 233108
 1048056
 322246
 663140
 476413
 105897
 979076
 1010383
 180727
 374714
 354279
 569861
 346738
 819119
 1002118
 142090
 771673
 150686
 316684
 984429
 255902
 729953
 854922
 856085
 931789
 425680
 448065
 135751
 28642
 1024826
 204835
 301631
 529103
 915168
 125270
 303982
 206021
 1053242
 886058
 806786
 85512
 58486
 89131
 836175
 633050
 668438
 607277
 465577
 218087
 191193
 832060
 422345
 806151
 114223
 851239
 344176
 867323
 23633
 930347
 963314
 590784
 20511
 871929
 1034226
 1089257
 198597
 21343
 764933
 837797
 125322
 781204
 650757
 279510
 99392
 509373
 284147
 826030
 55167
 706199
 876334
 28768
 39011
 813574
 538265
 810044
 1041828
 696338
 865945
 1088187
 179194
 1015685
 360613
 188413
 326534
 1040985
 464720
 609532
 253946
 396807
 839616
 492408
 714036
 1074539
 985875
 462296
 239131
 306501
 141351
 121557
 591557
 888932
 863016
 765103
 680268
 905151
 653895
 863378
 729807
 1090851
 918705
 540886
 618767
 855412
 648560
 96413
 414869
 316542
 73052
 461153
 162491
 484610
 18403
 600370
 581533
 321514
 780901
 345013
 626602
 648882
 250417
 790833
 851022
 424233
 637524
 398130
 523372
 713915
 529055
 937191
 179113
 958644
 1005796
 1024929
 518500
 291374
 166243
 1033672
 939080
 359318
 933493
 459417
 893674
 369413
 142701
 158890
 687002
 295228
 461150
 771523
 924097
 819742
 1005442
 108381
 360368
 624928
 718973
 844436
 866393
 700852
 364824
 113118
 327090
 256568
 189215
 1030262
 898178
 39522
 871179
 652413
 327494
 1078536
 469370
 117380
 135015
 631326
 1007364
 62412
 76836
 756856
 926326
 180169
 319683
 360819
 566458
 242557
 356450
 128218
 1052715
 894610
 602913
 695229
 1040500
 86056
 70064
 332155
 600376
 817925
 175271
 222260
 251494
 51498
 21900
 1028229
 633613
 332334
 879694
 539716
 1012348
 603328
 317303
 446919
 380827
 52203
 215696
 171494
 30839
 745099
 774468
 938347
 256134
 1038311
 96400
 859551
 1035482
 216724
 276258
 658017
 73508
 60467
 214086
 1069035
 514002
 189938
 660924
 722618
 312465
 1089402
 223572
 805871
 808446
 603057
 756495
 309994
 347126
 666054
 182727
 325921
 808728
 524034
 489575
 504006
 736686
 618774
 998345
 795215
 406915
 467505
 1005100
 104978
 1057260
 476879
 312860
 1055783
 1084659
 820840
 668971
 899374
 977869
 58440
 821473
 192867
 322719
 1088287
 475219
 170879
 600612
 878458
 328655
 38656
 715938
 1068493
 358639
 156121
 321437
 815874
 831064
 672067
 1063760
 166222
 415856
 434834
 74803
 318213
 703518
 214448
 78335
 1040831
 1097193
 660612
 558976
 64851
 32734
 1926
 966706
 375763
 228818
 212808
 761098
 19863
 775137
 489849
 204761
 917112
 1021682
 327651
 107240
 801761
 93945
 1073831
 507853
 626522
 33350
 1002872
 566286
 428215
 66141
 974538
 414248
 1096728
 20548
 149775
 755332
 1070976
 491375
 104732
 549068
 386222
 189111
 56067
 264880
 466958
 458878
 794464
 1100000
 316057
 832578
 796047
 856895
 928326
 569108
 29753
 978689
 94380
 707584
 840637
 778250
 884576
 790090
 802658
 253951
 820955
 338202
 3853
 886664
 806128
 747353
 131824
 239907
 301040
 32224
 442917
 580389
 240769
 81391
 429397
 684438
 835206
 37618
 769427
 1042591
 57938
 103957
 577617
 1037187
 491573
 579346
 849976
 1079774
 273842
 349957
 868910
 1097116
 134193
 685621
 646732
 1030878
 301349
 513223
 478698
 905602
 180039
 591227
 737982
 132333
 552746
 1006682
 952285
 378556
 26496
 260194
 170694
 1010748
 315509
 272509
 154395
 188195
 172848
 281975
 704365
 74694
 311674
 212323
 744555
 1048002
 1079362
 517393
 673125
 245170
 836175
 639089
 992629
 124870
 342077
 986875
 188950
 788857
 207731
 382874
 419086
 830161
 73309
 534050
 369694
 452343
 651135
 1036624
 999016
 443221
 274549
 20517
 814781
 102820
 730505
 828706
 638727
 444498
 495426
 866363
 55511
 1083862
 755235
 581982
 384783
 256264
 945973
 1011245
 265962
 143183
 314716
 916862
 1026966
 464634
 66923
 1064051
 758936
 192806
 992898
 603002
 419170
 795059
 966777
 8733
 456743
 705161
 180520
 999216
 688106
 237540
 694873
 634983
 371865
 802555
 329192
 54681
 908252
 1083327
 967737
 1091023
 601068
 364470
 1062393
 277111
 828292
 520201
 556781
 359870
 8235
 369083
 338443
 192582
 333691
 1009111
 202741
 618982
 441630
 709366
 790272
 324984
 210712
 245098
 137453
 909047
 510587
 242398
 115089
 600923
 393806
 817042
 867823
 93437
 22585
 34401
 953333
 284219
 720820
 358627
 153455
 1074461
 47952
 1041572
 658219
 264167
 1030467
 167012
 706135
 1071095
 829032
 879994
 851867
 407709
 577483
 859011
 782809
 128442
 110792
 67020
 794811
 103662
 373984
 957086
 778898
 48293
 1079711
 259391
 1026609
 436998
 196497
 1072817
 799593
 806952
 229420
 531352
 973216
 776051
 112496
 93691
 276132
 684541
 426133
 815636
 736627
 227175
 869564
 667617
 494357
 618453
 1095511
 358983
 756232
 236975
 1080845
 350053
 739091
 84287
 498218
 392200
 458362
 159573
 912199
 472280
 794128
 421726
 30541
 218468
 29616
 913446
 887953
 329136
 788431
 865720
 19160
 421934
 901687
 840168
 3075
 753204
 1072042
 478239
 1042390
 140915
 420323
 376578
 1052142
 952285
 831767
 795332
 59864
 513706
 1069606
 788916
 1083770
 637963
 347127
 983645
 186788
 907661
 959839
 695541
 516031
 1029195
 75988
 502602
 271670
 883788
 899197
 1075811
 770699
 257927
 146321
 4579
 981372
 195270
 963620
 961195
 373221
 645951
 848175
 182804
 357324
 793386
 961503
 435623
 1028150
 357263
 428647
 974929
 806828
 375612
 631784
 368213
 88588
 217074
 409131
 160627
 677662
 941511
 1090287
 243839
 680224
 855695
 898476
 519451
 665324
 1089979
 391306
 133592
 505241
 65984
 920969
 1042888
 991311
 415210
 321013
 698468
 1033302
 860788
 71791
 1081034
 1072722
 769042
 634949
 870777
 119989
 259227
 104415
 81163
 206032
 347892
 246405
 928664
 268926
 708365
 431316
 1091097
 491057
 298429
 393192
 254653
 491636
 5119
 232199
 767364
 204977
 217712
 274568
 198008
 318253
 307961
 791668
 479495
 311396
 352349
 376323
 406993
 988408
 111085
 1022680
 976201
 930237
 472917
 681938
 472017
 330144
 447805
 38322
 107453
 997762
 11551
 335810
 452427
 103750
 192011
 255271
 683078
 1007159
 202723
 409397
 383788
 504812
 100777
 1021564
 1150
 992642
 51952
 1076471
 704346
 183591
 230941
 1032504
 557786
 674736
 680706
 357301
 60886
 177145
 456475
 458886
 739047
 107782
 197327
 366640
 639432
 194992
 284244
 632004
 769666
 240047
 90661
 302570
 112778
 92250
 166104
 72302
 394520
 929643
 148181
 190606
 983520
 349089
 689655
 12633
 715302
 1037086
 1085779
 430930
 853524
 4037
 204377
 360534
 420952
 1024631
 1076703
 657737
 999679
 904316
 744191
 136070
 445177
 765668
 156636
 1029562
 419357
 605347
 157154
 525190
 739179
 634002
 1067282
 342876
 598834
 184613
 536248
 401834
 511394
 472006
 760781
 544139
 4555
 727215
 214160
 848344
 367487
 207483
 102726
 632460
 412701
 21619
 277570
 873707
 325848
 20595
 725413
 735055
 392937
 212837
 596116
 167704
 64032
 931640
 651777
 8070
 1021238
 926429
 532244
 789632
 497962
 541640
 628378
 533588
 482723
 628453
 722689
 743737
 869010
 196823
 790808
 984985
 170546
 1028509
 70078
 587135
 575605
 666220
 867939
 675734
 474550
 378467
 881070
 522318
 455716
 829826
 1045351
 752197
 202626
 176436
 762934
 234971
 146695
 461777
 1061987
 1093268
 288266
 209441
 843850
 879968
 918331
 759153
 142224
 494531
 715882
 694222
 35122
 784902
 771664
 328123
 181416
 400777
 787710
 641788
 19956
 616586
 425526
 354719
 21758
 805458
 520404
 1028418
 949069
 1009042
 485071
 510057
 787445
 713534
 121249
 100114
 49569
 704830
 614293
 888511
 707519
 637877
 56614
 982779
 858048
 576666
 884823
 128273
 272651
 255235
 1016495
 579790
 989064
 413588
 625992
 1047646
 600705
 157914
 953634
 393106
 613711
 249588
 377333
 1031935
 516349
 470263
 955729
 220502
 1010591
 426795
 238968
 1029895
 390766
 1028651
 1049001
 940897
 786745
 175861
 108978
 909171
 12473
 1020326
 154954
 820502
 838233
 923109
 1047054
 747443
 534852
 487793
 795987
 625709
 818435
 676600
 122112
 302204
 548532
 405148
 576631
 798156
 5424
 924147
 1003679
 480889
 256660
 277118
 231177
 235982
 720853
 661555
 345076
 539264
 725635
 357253
 30414
 414494
 924247
 924092
 841157
 805868
 780326
 457059
 460146
 40098
 487392
 641816
 140523
 102959
 744454
 1030891
 75045
 445669
 91271
 647329
 694444
 439237
 103101
 846470
 324190
 223329
 433799
 939924
 708923
 205276
 152257
 376548
 527224
 525201
 11137
 923797
 701629
 352109
 1068042
 1025427
 281928
 80045
 861114
 672497
 966176
 583967
 343770
 333481
 59882
 119370
 945982
 33172
 90988
 348143
 445119
 1066230
 926322
 250672
 116618
 119268
 520359
 714652
 830680
 440583
 955634
 293034
 824699
 946114
 635966
 919868
 575813
 920141
 625033
 853086
 202445
 761472
 901855
 481072
 494798
 873810
 344708
 871827
 254099
 481107
 716681
 249567
 923633
 276544
 221445
 188338
 998840
 882725
 125550
 381528
 1064670
 198593
 20154
 700497
 135156
 415821
 849652
 73912
 330102
 519298
 746144
 951455
 891868
 10695
 445877
 250167
 254781
 554449
 275936
 626916
 527739
 47325
 55627
 364963
 164477
 334161
 878932
 604176
 455526
 724108
 402888
 718355
 506421
 108643
 372907
 623008
 1072001
 420796
 165908
 245892
 889452
 540198
 876030
 660344
 137443
 1086614
 636680
 612609
 538743
 813331
 120265
 845093
 597371
 915712
 282016
 1032716
 1041101
 384447
 1046372
 918952
 972229
 328271
 309472
 738524
 585915
 458658
 349596
 773597
 573703
 544184
 37298
 343726
 190246
 459553
 333159
 451060
 735011
 487199
 1039335
 1096099
 1090772
 709113
 873136
 592031
 562458
 959385
 771559
 349355
 98755
 1095604
 772979
 641089
 83052
 100057
 372538
 455617
 432343
 604530
 152783
 497295
 331913
 434654
 428752
 450402
 631957
 842760
 443012
 562028
 138621
 575662
 795147
 423617
 618423
 418640
 386920
 625686
 1082718
 340213
 851666
 194669
 913260
 505145
 564137
 122435
 602975
 281257
 827796
 460764
 542036
 695835
 220433
 606021
 822638
 769173
 832035
 904472
 216837
 219591
 434483
 630113
 584136
 1048455
 918391
 253986
 306589
 542811
 542398
 765170
 1070943
 596085
 902056
 82684
 400135
 317982
 992758
 28866
 183604
 766484
 694835
 68807
 515788
 98184
 136266
 689628
 915075
 97128
 768246
 100315
 359943
 326101
 545092
 266612
 332056
 91411
 447540
 174266
 451666
 38497
 423999
 1018461
 1095610
 668070
 670470
 658255
 501978
 338299
 658806
 39090
 638709
 778778
 235377
 55576
 324748
 832399
 130777
 893605
 385466
 325111
 754913
 1072356
 610079
 23570
 75547
 687840
 538580
 537898
 689757
 133787
 1042620
 997808
 775595
 189305
 180294
 754381
 971716
 920513
 903430
 870017
 906331
 873355
 983824
 491634
 720440
 1053987
 96357
 302118
 164823
 69822
 329449
 525501
 528325
 549196
 207329
 8860
 626109
 30611
 512547
 161827
 952093
 41342
 1044054
 850773
 724996
 730922
 350138
 87150
 532064
 938082
 343661
 191041
 998270
 205958
 981695
 60969
 404269
 912283
 885266
 685083
 508789
 769140
 978603
 220697
 1036124
 858084
 835415
 913710
 343292
 331718
 1008192
 772956
 1088469
 61925
 1052493
 707401
 572930
 174081
 571681
 396046
 83287
 134382
 259323
 180444
 244743
 197695
 462448
 98232
 310099
 836991
 259549
 248522
 769347
 754731
 304366
 898600
 454475
 302294
 992670
 451290
 334914
 92435
 1079467
 765392
 153682
 292489
 268050
 1098146
 310878
 711320
 268133
 80952
 515282
 752269
 67854
 355904
 664457
 816118
 728947
 879130
 275108
 107364
 360442
 800757
 342917
 315174
 761113
 604809
 628731
 899785
 120831
 770749
 1068173
 628247
 290206
 806476
 189513
 267691
 308067
 1007030
 641077
 780097
 490773
 274946
 191792
 255780
 40922
 17836
 700198
 513762
 371788
 819369
 548220
 695836
 1001844
 234992
 54545
 850565
 535510
 764693
 650526
 304442
 43209
 519105
 883826
 422679
 1022614
 1018492
 512335
 1036261
 102049
 472207
 611433
 358283
 81967
 1070358
 956181
 1023550
 705385
 928523
 805982
 970808
 390306
 819859
 587686
 464728
 72436
 15487
 105103
 495595
 135764
 582809
 984889
 1058295
 27237
 469551
 871991
 522893
 840329
 343414
 492029
 335593
 113050
 212605
 278802
 998300
 109085
 439995
 1078082
 546191
 651006
 48322
 389001
 927835
 663989
 866907
 924187
 324982
 734382
 675146
 583849
 42844
 576385
 207962
 964647
 402939
 785018
 477155
 567933
 14666
 908182
 392012
 455991
 826761
 121164
 631575
 753338
 491146
 677446
 921852
 728064
 618689
 711409
 104833
 919249
 765597
 713196
 350676
 475784
 496285
 496729
 673745
 64995
 755332
 55575
 136503
 603624
 605351
 400687
 513407
 722477
 283211
 763742
 594448
 136176
 562236
 388390
 82855
 926042
 911552
 906177
 311234
 238113
 534074
 543427
 906777
 382535
 440725
 564309
 720939
 548653
 712465
 934506
 345877
 341554
 20250
 108099
 117204
 187454
 785720
 972973
 676927
 899115
 1002163
 1082661
 110064
 407293
 810836
 564719
 491079
 210006
 594876
 70917
 195891
 249461
 40034
 497857
 675478
 748046
 518027
 664898
 781180
 710856
 79341
 70962
 16323
 957408
 830819
 648090
 507993
 999612
 388172
 195557
 733036
 524311
 515926
 784590
 683087
 77367
 111274
 1096400
 649608
 917430
 159594
 27953
 148489
 260610
 588423
 865450
 65265
 982955
 509731
 843640
 183211
 31959
 593265
 508410
 379952
 733743
 988935
 919222
 7036
 360548
 279946
 830852
 153200
 616862
 840921
 9687
 265500
 484918
 1024197
 550196
 15853
 951784
 853521
 900766
 67355
 983075
 177723
 1069103
 405987
 933486
 218898
 282228
 56129
 623336
 351683
 824222
 94884
 1008546
 721818
 1028825
 520317
 576902
 334102
 168014
 650534
 133881
 833875
 570048
 832786
 197850
 330262
 273398
 893938
 2881
 628342
 78267
 111660
 1083633
 647590
 403173
 481564
 192878
 347065
 539526
 889194
 840439
 652008
 519372
 422773
 666209
 516532
 1078418
 815011
 806729
 598130
 601004
 313088
 825788
 404264
 95141
 37371
 878963
 632380
 214120
 49720
 795903
 28338
 142621
 1032057
 878346
 738481
 943976
 682838
 125155
 57130
 1070329
 152594
 46388
 934102
 571058
 609082
 346768
 241367
 102245
 610906
 693651
 986043
 330836
 1062591
 122666
 792694
 374950
 156164
 223799
 649962
 897380
 361588
 650711
 405236
 766718
 215540
 139614
 101158
 86125
 588691
 14502
 827196
 893023
 288809
 84490
 50956
 481917
 36468
 74962
 113565
 748939
 248598
 884644
 419584
 402098
 589486
 1097651
 979265
 534563
 267252
 830061
 741170
 553694
 376949
 207519
 640506
 881895
 373366
 1051449
 721417
 206984
 760035
 714288
 671006
 205621
 642176
 95907
 728505
 46369
 968619
 403331
 729487
 968753
 383877
 116004
 863668
 1064517
 531350
 623872
 546399
 223141
 799748
 829577
 505944
 802785
 997196
 829196
 261642
 520813
 1067587
 26609
 339552
 779475
 609598
 43915
 20525
 357858
 524194
 692376
 852868
 112350
 944266
 249450
 962558
 1089188
 617016
 804052
 517627
 827790
 438781
 236687
 383583
 1017828
 337324
 297498
 215668
 215435
 240942
 1078730
 612846
 347287
 514774
 251199
 583293
 984110
 864769
 729062
 100266
 893232
 934397
 742103
 97303
 400008
 887773
 176842
 1015132
 548470
 773751
 1067050
 1028440
 481240
 493934
 653155
 725696
 561461
 774972
 950667
 648042
 141078
 608431
 963867
 1019586
 690334
 76948
 56169
 261760
 743442
 376004
 403632
 567895
 316699
 1044561
 961959
 662128
 1075756
 55848
 331806
 590494
 740147
 693
 785620
 383575
 251644
 484311
 446432
 473772
 155542
 487011
 63516
 63174
 922007
 221217
 1073562
 962058
 201308
 452193
 715981
 97535
 104963
 215231
 301096
 828941
 180965
 1075486
 134860
 516575
 1073831
 907114
 1057739
 532366
 425076
 364247
 76490
 750377
 233786
 551598
 614705
 231212
 584217
 653189
 365743
 596723
 390134
 319629
 434591
 658783
 196685
 546432
 1014808
 267535
 912385
 533374
 242491
 852181
 1011342
 1054776
 946053
 1027684
 610122
 668639
 879355
 109992
 995508
 653111
 201640
 277211
 1096762
 575174
 1029429
 333238
 661179
 188173
 1095080
 809140
 452316
 220394
 259264
 506185
 23884
 641047
 621559
 386384
 132254
 760655
 542378
 206615
 179181
 637825
 77997
 962000
 1075766
 461434
 1025489
 709561
 159720
 42726
 561638
 580715
 984093
 268289
 80114
 745807
 212890
 481594
 477083
 977857
 4276
 871234
 287954
 549124
 343285
 289928
 279546
 621139
 189495
 619130
 941838
 1000327
 621929
 796354
 1071814
 558295
 885
 530167
 804389
 1035725
 2963
 784370
 830892
 5382
 263277
 115151
 474537
 200543
 285937
 172324
 143748
 659383
 516178
 810784
 910874
 1035560
 237631
 418407
 683832
 328639
 890382
 772022
 965721
 686214
 154701
 441829
 841293
 712525
 563198
 576775
 488510
 662943
 1027165
 509035
 22382
 1031040
 918077
 910586
 415217
 797231
 231161
 708396
 142999
 353241
 345307
 900121
 334924
 672897
 159108
 151683
 101914
 1014395
 194075
 1019842
 168292
 1061551
 304296
 340486
 288640
 416621
 1006957
 894622
 589858
 197637
 774999
 556638
 1094744
 963349
 98535
 22777
 662841
 391202
 1066746
 668968
 47910
 366159
 636614
 267151
 900551
 499688
 433753
 895633
 777718
 21204
 300350
 279606
 1090176
 209880
 959069
 227780
 35530
 8230
 41989
 205733
 487959
 1079792
 700070
 586743
 986042
 518149
 151284
 883323
 898646
 533045
 1043937
 972326
 600852
 664114
 128557
 998791
 676684
 227832
 794502
 57171
 1042239
 201540
 599630
 900912
 941722
 543742
 530907
 347467
 729071
 1026432
 1078959
 808718
 741961
 212171
 484712
 228050
 435821
 878721
 181949
 112463
 968524
 152611
 385816
 928196
 198784
 173539
 613134
 614341
 122942
 243433
 783549
 469952
 504458
 606364
 9360
 295491
 859376
 400920
 333688
 163989
 10040
 1005855
 176065
 184369
 792926
 910746
 554059
 582989
 562547
 628220
 679583
 756719
 310309
 562461
 210164
 223546
 781838
 640516
 732247
 892827
 219436
 497365
 1091229
 586083
 635731
 31110
 89176
 931532
 118252
 446224
 968852
 117463
 1037851
 213363
 290833
 223824
 975595
 647592
 396981
 796093
 954548
 325159
 946873
 971029
 486721
 89951
 42111
 197033
 821486
 740982
 177193
 365568
 438044
 212199
 19765
 924794
 469786
 739833
 814526
 605636
 461413
 1046525
 657575
 697071
 341140
 1077768
 719046
 759526
 270653
 13398
 710944
 900748
 228860
 582590
 377498
 348492
 165619
 49883
 44796
 404843
 143418
 703665
 160371
 489948
 396278
 747990
 436144
 5573
 1099263
 418596
 212501
 926636
 793489
 338754
 152569
 340323
 103844
 794286
 896733
 148777
 780110
 369771
 231313
 289353
 411845
 782618
 985049
 688740
 758582
 561355
 546434
 204518
 574396
 498857
 677359
 742491
 723687
 288837
 252457
 974158
 1055720
 50115
 706075
 172944
 76136
 870022
 293776
 66059
 273168
 37426
 1074912
 386753
 292361
 745840
 589032
 962471
 661453
 637190
 483728
 906644
 47191
 276299
 355070
 966052
 735561
 460380
 42661
 392726
 167873
 505106
 1063402
 104
 752088
 210681
 24327
 705963
 586189
 365283
 1053518
 687977
 1064177
 1010859
 577879
 622381
 1047032
 635563
 434555
 695092
 775253
 106524
 781309
 295860
 372700
 705456
 731389
 700452
 1021104
 1058604
 624724
 707892
 1053816
 278136
 691679
 219846
 804909
 1058423
 285373
 309174
 252463
 240812
 314587
 953324
 679435
 417146
 731662
 76913
 1040163
 33886
 743836
 600490
 1047823
 243750
 646899
 1049859
 733664
 797123
 253836
 897968
 899481
 62115
 755810
 747994
 628695
 456806
 420364
 371671
 1036650
 1089295
 92334
 843449
 156324
 940501
 629407
 198044
 651990
 96890
 780178
 618907
 107197
 264722
 233453
 286232
 852257
 579416
 103869
 920416
 404085
 832078
 315208
 231925
 579307
 294346
 1089699
 828611
 322698
 834048
 975385
 1030297
 122550
 909615
 35081
 578627
 922815
 167507
 323176
 783665
 896008
 725431
 143880
 575789
 212346
 215430
 108039
 927646
 642507
 810003
 80822
 278300
 899609
 420086
 692041
 1052490
 237094
 239003
 756290
 490388
 330521
 641143
 181247
 301350
 997112
 901343
 686857
 709974
 1027150
 943328
 853623
 114424
 546831
 424364
 45154
 888401
 933340
 267158
 972871
 775622
 213336
 577563
 1025003
 353517
 465862
 366703
 336925
 350048
 325563
 880792
 1051613
 512126
 475479
 684185
 287691
 372284
 1011963
 744399
 470398
 31408
 597485
 706955
 743261
 783275
 630332
 1066463
 408787
 303998
 924479
 923188
 18090
 787907
 369277
 631098
 737769
 810804
 135969
 852928
 526738
 128554
 323909
 502791
 816665
 637634
 868748
 759338
 166619
 1059544
 411247
 963027
 277167
 783665
 619837
 562732
 265615
 799519
 434413
 908831
 522500
 652307
 85346
 55767
 1038594
 586343
 889855
 602234
 1078069
 569071
 79587
 353212
 207982
 930960
 789008
 49102
 898830
 270554
 269014
 842319
 232724
 341096
 34863
 801409
 344258
 512984
 393562
 382754
 145239
 748884
 22167
 418323
 837338
 617798
 843824
 488001
 859897
 528730
 609396
 420935
 356833
 1087802
 431129
 99453
 654879
 552277
 519918
 147212
 625100
 771529
 1006690
 174864
 645397
 207792
 503727
 39376
 784660
 763679
 881793
 1003024
 664717
 184789
 1030289
 640497
 501749
 992159
 204592
 322755
 959639
 969361
 140895
 662544
 417821
 854097
 489810
 685172
 469527
 469017
 801065
 1089541
 103497
 214786
 981667
 541027
 269763
 546465
 399224
 148581
 706739
 178751
 536377
 101116
 500170
 774644
 960476
 1089324
 646899
 625816
 607597
 229889
 630227
 426186
 197237
 49283
 191472
 307629
 28048
 532875
 537375
 248346
 224065
 963244
 899358
 837688
 358202
 898081
 690393
 827720
 565867
 176865
 385868
 912306
 447524
 973675
 548440
 1039248
 527398
 498983
 1081426
 852777
 885670
 194761
 1042682
 1001663
 801725
 1021039
 357131
 20367
 1077104
 475309
 310843
 561474
 342421
 977096
 809756
 531368
 64
 123757
 156862
 512304
 1056095
 482697
 328546
 1012134
 1086748
 688772
 450770
 912669
 1070442
 286252
 675266
 1074509
 922360
 976069
 386889
 563149
 69801
 301684
 1024611
 858302
 356882
 1018077
 702334
 252260
 447457
 932714
 119080
 846665
 964522
 826516
 616463
 355028
 115772
 334009
 646591
 822560
 981915
 253599
 209710
 427989
 411016
 653
 638924
 950147
 336071
 415437
 247384
 975710
 748783
 64293
 1049016
 812262
 243561
 1055846
 526997
 616887
 238865
 490831
 239221
 103041
 11170
 302129
 646641
 1074127
 738714
 544191
 127496
 974243
 333063
 797698
 438151
 610807
 313594
 171395
 115663
 427557
 877750
 337929
 565864
 994834
 363730
 448301
 183437
 225315
 848105
 760215
 778803
 809217
 405227
 406040
 190352
 293751
 301915
 663404
 401602
 117188
 710858
 131688
 67229
 891830
 1057208
 45584
 1072498
 727372
 666061
 889301
 10690
 846853
 363221
 976772
 649543
 151265
 778788
 239050
 1089867
 302499
 802456
 664711
 225261
 447484
 530889
 709370
 957810
 135856
 130878
 300464
 299225
 826308
 171728
 1091505
 922273
 825124
 233376
 152449
 605445
 176103
 1067010
 868202
 293154
 1074948
 736648
 250757
 370003
 733573
 238559
 116286
 663942
 551604
 992372
 15332
 661757
 756520
 156007
 911191
 298986
 646962
 840748
 944002
 331197
 486172
 710834
 871170
 685845
 658774
 378696
 633891
 407324
 198893
 202746
 1004300
 166702
 1064890
 543192
 158289
 1029413
 351818
 1039931
 397517
 764780
 269200
 840825
 927520
 604793
 465795
 824269
 236090
 64591
 353726
 224570
 143135
 1029458
 869507
 281497
 257401
 683321
 128861
 586053
 403270
 954707
 1099109
 428098
 537526
 1034817
 8734
 554372
 64264
 506186
 24385
 124626
 217288
 1019414
 1007963
 821892
 376984
 941693
 80590
 1039453
 2305
 5713
 847108
 932401
 1070573
 528183
 955359
 95378
 269383
 69196
 446489
 258454
 729667
 310168
 469414
 711408
 306559
 472469
 11856
 412143
 790897
 951451
 444912
 830630
 241358
 349208
 878326
 81332
 628565
 871810
 537957
 89959
 466112
 26726
 760838
 636872
 32642
 517616
 416434
 430004
 694810
 552334
 891496
 561991
 516450
 820901
 175503
 39801
 779813
 628403
 692201
 492487
 807329
 119039
 150473
 616657
 993975
 289069
 150847
 149118
 473923
 67941
 460845
 968939
 369201
 951730
 959901
 317656
 126146
 563258
 319242
 979641
 929021
 93949
 863208
 804131
 403790
 672916
 753805
 842912
 1068311
 507273
 880130
 779050
 455877
 990042
 544313
 518142
 1043535
 378312
 304355
 649897
 938051
 695860
 81608
 109273
 455002
 1013932
 698169
 676396
 108833
 107700
 549089
 371786
 908441
 314679
 281996
 804351
 373810
 483965
 743948
 358966
 945780
 515951
 802849
 698161
 465494
 406394
 630031
 357086
 661403
 966578
 862447
 1062207
 984222
 332896
 1064556
 729133
 831817
 954806
 635113
 303835
 764949
 1084579
 902141
 27969
 437667
 13644
 563101
 795291
 21941
 340129
 661021
 1056364
 968140
 359441
 249055
 270172
 896421
 529783
 564015
 651263
 46729
 564751
 740397
 252687
 170423
 13079
 1036567
 574859
 382039
 140666
 50519
 182408
 847264
 484259
 2326
 410459
 151321
 661315
 713658
 207610
 837357
 926766
 816522
 344795
 31850
 620757
 480857
 593149
 506064
 1034736
 921754
 884520
 710014
 4473
 207553
 715837
 622152
 549611
 361285
 1024245
 640779
 1083480
 1066931
 460895
 101601
 494639
 106744
 1047105
 1041299
 1046506
 454902
 354525
 387777
 195827
 994683
 74535
 742498
 984180
 362092
 319391
 983544
 954082
 982285
 292262
 101540
 611583
 854885
 194938
 379368
 528315
 592229
 64872
 404532
 117963
 263773
 436083
 66428
 982490
 87896
 487965
 778640
 467775
 925801
 775316
 935409
 693121
 2551
 693884
 544879
 28241
 997802
 914175
 753542
 428056
 539841
 44349
 1004975
 770619
 20822
 499081
 62444
 895645
 289307
 284868
 365677
 512268
 959529
 582419
 1059015
 525810
 425530
 208594
 368870
 669342
 603727
 783941
 749601
 395164
 518343
 322148
 420996
 630457
 1015075
 627194
 539298
 424628
 462465
 517676
 593125
 583002
 164761
 89820
 974215
 205247
 255502
 844566
 240002
 424895
 796657
 491707
 636244
 436675
 849744
 641422
 949996
 122422
 1051656
 1097282
 855900
 272857
 29683
 96601
 142720
 858614
 306070
 435256
 262214
 35152
 1079364
 490939
 893948
 727161
 881560
 279721
 1094180
 183283
 703367
 146477
 184773
 733711
 594300
 378112
 1064810
 1033777
 821084
 630385
 572058
 702296
 864040
 151423
 438643
 150976
 474455
 645873
 25966
 30065
 469046
 784025
 684417
 182244
 336159
 737416
 126625
 610492
 883540
 1038551
 733620
 504522
 835571
 365173
 432962
 561144
 432165
 83489
 171658
 539466
 451972
 867776
 572242
 440516
 1072306
 186310
 689099
 31699
 762063
 186194
 1070125
 749630
 291316
 1085590
 286126
 410218
 680058
 1041135
 522815
 633223
 176901
 933633
 829818
 284429
 922839
 1089577
 508209
 426316
 653398
 376526
 752994
 550725
 667601
 510189
 1006890
 421596
 853475
 1043958
 183742
 640929
 916141
 348294
 848231
 977234
 1046939
 153680
 101110
 930922
 721668
 458601
 427334
 748006
 458669
 1071133
 291492
 686663
 685049
 717856
 457280
 311497
 128540
 195883
 702157
 519283
 151548
 448929
 727010
 288862
 776070
 873268
 993127
 246804
 825788
 379057
 125490
 383081
 1071157
 1074026
 251955
 39813
 341286
 76157
 249603
 627362
 68531
 527009
 748111
 114413
 865366
 876862
 311057
 59842
 966424
 1027399
 1018811
 963320
 842917
 828654
 201387
 231251
 3956
 403409
 895110
 1081231
 31910
 729414
 858630
 374031
 34535
 285295
 157560
 628626
 201253
 145415
 585391
 189063
 617245
 1016196
 525373
 1023035
 559959
 1030541
 971738
 114147
 974142
 120264
 861449
 892811
 399334
 941140
 703499
 1013619
 1001090
 444682
 561481
 1060403
 1013943
 839433
 908568
 433349
 463572
 741585
 988132
 63244
 12233
 266931
 1044545
 766647
 994968
 30684
 306905
 913260
 857951
 776147
 210403
 996187
 981402
 596106
 697833
 850484
 862522
 219918
 365167
 467362
 370184
 831885
 1001569
 168423
 636882
 1045883
 844472
 576939
 965824
 386137
 78937
 201324
 574887
 632226
 263207
 955881
 723422
 560685
 903478
 766298
 1048868
 723959
 138467
 191600
 487335
 1070292
 275935
 431726
 824657
 1087601
 604953
 112852
 788803
 1078709
 456631
 105950
 598420
 98362
 455515
 872872
 635686
 390821
 14558
 252208
 458128
 121753
 660178
 156520
 5063
 878027
 700210
 337596
 513684
 620614
 854673
 484068
 1038181
 908883
 664942
 995216
 1069807
 88046
 19899
 492206
 843562
 664526
 73717
 151546
 656240
 212123
 504704
 130181
 1012160
 808148
 381184
 265119
 773691
 677602
 952091
 498040
 729986
 408303
 933922
 776693
 267280
 863390
 749566
 239507
 162032
 699148
 464182
 1005646
 944547
 768633
 646448
 932663
 482992
 171367
 447197
 52224
 110089
 123557
 1060506
 755506
 647229
 841042
 443078
 927003
 273531
 1017220
 972900
 454298
 1063019
 359671
 1049974
 148355
 798550
 792734
 180525
 825258
 501124
 277757
 22162
 136693
 221334
 815769
 799197
 1005041
 509251
 980204
 1019326
 481075
 623002
 654236
 877527
 1026938
 766796
 322069
 1031737
 711953
 869784
 311625
 273743
 720816
 359422
 201494
 555922
 44672
 114621
 491036
 411686
 308838
 123981
 163817
 55079
 156208
 1001995
 644144
 464947
 517499
 561342
 243017
 682529
 990021
 981419
 576418
 151825
 47422
 573818
 472155
 915895
 128691
 894071
 1028838
 480591
 761150
 641168
 402183
 231655
 431291
 665440
 165327
 184093
 799391
 371033
 945209
 1664
 277059
 198033
 861594
 340545
 365572
 342526
 910118
 722752
 323210
 1046455
 737793
 129677
 342122
 396737
 1061618
 1078656
 93288
 1009193
 676476
 189324
 565733
 285307
 87781
 349030
 974867
 1019576
 639502
 1049676
 613683
 267815
 581695
 425946
 450346
 535847
 710235
 975221
 1099473
 359701
 782658
 288697
 194204
 531082
 934792
 713240
 221349
 75392
 280005
 301390
 448539
 439726
 1069633
 72374
 702679
 713222
 1039651
 819121
 757543
 271192
 14286
 1894
 214126
 3505
 704871
 1026157
 196056
 360400
 691149
 32031
 388932
 416615
 496721
 789467
 394889
 211443
 571066
 898109
 350937
 666886
 92957
 567033
 67052
 279250
 666047
 958239
 237393
 722227
 81111
 94825
 627838
 960913
 1005721
 945391
 112998
 1099198
 462619
 7362
 285413
 50302
 1089419
 336650
 847342
 631407
 776026
 524883
 155536
 886267
 578517
 619734
 858859
 639426
 597871
 193641
 490186
 484908
 234528
 682022
 177604
 973145
 780469
 438217
 847284
 90675
 253791
 90968
 458585
 886979
 855078
 891525
 414608
 501418
 989599
 818538
 841333
 496223
 93279
 1028103
 14460
 670422
 164236
 294575
 272040
 772870
 577086
 271000
 802924
 676673
 85235
 21247
 31884
 784271
 353988
 372640
 999549
 179182
 809107
 284245
 1062282
 257246
 646402
 375650
 1017471
 145101
 563434
 217
 525720
 990665
 929811
 1045034
 201582
 151055
 1028546
 820880
 919780
 51513
 664627
 669691
 853005
 794910
 501223
 34320
 600888
 799809
 858538
 902082
 614734
 651225
 591848
 681162
 875986
 988842
 1097748
 645351
 526233
 309735
 305560
 153414
 264604
 244664
 664386
 298068
 105521
 973695
 932591
 623703
 106891
 776201
 540037
 394862
 865416
 570665
 510510
 136776
 229824
 883931
 1059317
 461853
 349166
 303891
 991386
 1082781
 669263
 429315
 299365
 31938
 644976
 1046498
 706256
 71157
 872721
 13932
 295890
 268473
 678793
 486356
 474010
 1066323
 858917
 934955
 209573
 438116
 357929
 324506
 488450
 115153
 49980
 830255
 198934
 1002211
 84744
 799738
 458048
 349410
 672614
 1033288
 498234
 282400
 217722
 130320
 688637
 592544
 442501
 773054
 1068574
 52104
 1034081
 531632
 623047
 694509
 739773
 562626
 299131
 59469
 234659
 839667
 713127
 767167
 865757
 257093
 130658
 616851
 555902
 547261
 851448
 156860
 17636
 696340
 171534
 488568
 717671
 159536
 902907
 94261
 606060
 410634
 512620
 926167
 897453
 497940
 828399
 425125
 263829
 1071858
 349252
 758539
 374112
 1006923
 987201
 412915
 708200
 146075
 374916
 637720
 715986
 828799
 776954
 524289
 553430
 241801
 1020754
 192492
 1052078
 916670
 120691
 407625
 843159
 768374
 41329
 1003806
 313561
 427737
 409042
 553369
 934801
 805145
 74786
 78455
 846950
 459779
 526282
 589967
 474571
 1039833
 585527
 202104
 931473
 471863
 78090
 668849
 568414
 105257
 624665
 1304
 1049507
 864634
 369878
 470823
 688279
 1079567
 173301
 838373
 1081690
 138512
 1016895
 893807
 965300
 528186
 338279
 1063915
 218174
 897653
 115727
 961107
 726026
 94682
 765430
 292039
 813450
 16992
 965720
 57427
 721266
 279746
 1092832
 414497
 1014149
 154292
 382364
 829697
 474107
 276042
 475178
 32832
 118530
 91785
 427418
 506959
 790879
 1088567
 120696
 165983
 61258
 250950
 651296
 917408
 623193
 270109
 414658
 410239
 509057
 1020943
 140105
 34055
 314820
 1026765
 697108
 361933
 1039788
 530754
 71330
 191211
 400621
 560870
 402612
 813819
 208957
 50410
 643438
 214340
 294236
 79970
 204053
 158200
 204302
 290060
 894416
 419151
 701606
 390369
 890728
 367084
 858181
 1002820
 599881
 654229
 489001
 796990
 679548
 900846
 263705
 663556
 123574
 512231
 752554
 139635
 685458
 560557
 120723
 818723
 113955
 976330
 397655
 449200
 140186
 900624
 1037526
 957783
 1060403
 1083142
 657797
 967646
 209392
 15419
 548242
 70653
 585904
 396265
 671197
 473872
 810234
 846538
 569593
 94697
 369153
 720280
 617961
 139821
 695464
 640558
 395853
 687653
 455877
 561900
 71880
 531666
 981792
 809241
 1035056
 109165
 434438
 579995
 643054
 287061
 455079
 609460
 402811
 315252
 982589
 935182
 395759
 636069
 169176
 74797
 74018
 1064126
 587634
 651790
 925524
 768625
 165168
 906695
 49917
 691942
 95072
 933582
 89621
 164833
 952182
 564897
 288636
 11257
 831928
 832306
 587151
 458738
 171528
 434919
 765502
 390696
 740273
 361610
 998905
 181498
 434121
 983792
 1056431
 154215
 1049427
 50706
 1079477
 647245
 776190
 377433
 122398
 619960
 872722
 802464
 261182
 910000
 1028646
 943096
 380057
 350319
 803343
 759696
 22316
 291308
 80511
 74732
 118394
 413414
 279840
 854729
 474791
 1038098
 246585
 551323
 105360
 1000137
 300977
 65647
 837319
 274632
 705877
 972284
 868266
 85262
 797952
 199621
 542779
 633256
 894683
 139836
 935334
 307167
 954560
 906854
 760391
 692092
 436687
 26748
 670264
 632571
 1074638
 467610
 529376
 585021
 484176
 544548
 681983
 725964
 319113
 498520
 945554
 499582
 636418
 857113
 530936
 947146
 37153
 805542
 64749
 547730
 163437
 261625
 814358
 324156
 599836
 559356
 714840
 504461
 1014645
 297263
 1009641
 834933
 205821
 387743
 800701
 675712
 375165
 361442
 586351
 961998
 292877
 355129
 289994
 764057
 337843
 73009
 609761
 471157
 257408
 221689
 795490
 359483
 87287
 63092
 205263
 548824
 412525
 794225
 1084872
 902883
 638399
 286709
 197859
 331827
 306069
 999987
 638290
 186382
 42082
 780229
 126281
 1021236
 951222
 380615
 19168
 379687
 806989
 170479
 906304
 119272
 407935
 733986
 860876
 339810
 66178
 582091
 315706
 812749
 76369
 574022
 575684
 520382
 940228
 1037706
 854580
 119378
 89179
 582061
 546524
 833152
 864159
 91995
 167638
 177242
 296264
 727048
 212821
 482099
 720842
 231244
 887053
 383719
 814284
 4618
 431214
 957407
 229823
 1085287
 175658
 717475
 1040197
 1048041
 89814
 904716
 808282
 552874
 947755
 586796
 357987
 768563
 756405
 114577
 646145
 650001
 983893
 982121
 670085
 942224
 754050
 1068966
 111362
 828696
 656183
 565898
 212321
 590767
 548693
 236737
 540403
 618327
 433620
 831369
 103106
 503464
 37619
 81233
 394237
 387625
 541618
 1037001
 296378
 734689
 579877
 540289
 385322
 974521
 637087
 838049
 842168
 1048402
 8109
 980114
 506550
 631950
 189849
 514895
 82557
 465606
 164515
 571277
 1071671
 372061
 496301
 423763
 79677
 417125
 376323
 430920
 212691
 63043
 548675
 397028
 21430
 358045
 531990
 297188
 1076655
 988724
 927515
 247642
 717751
 780079
 202572
 855497
 975377
 216200
 935228
 1087258
 917066
 710575
 910003
 919262
 182187
 1078919
 668977
 672380
 196979
 1004242
 133608
 440628
 693368
 902261
 222879
 34802
 482601
 659722
 317478
 1042801
 193723
 600076
 681121
 525205
 879392
 484534
 634274
 1035852
 991197
 429893
 301949
 358857
 443654
 1071798
 473804
 755423
 892645
 145724
 77568
 119395
 773618
 287360
 771444
 722040
 159625
 752874
 242726
 808966
 119814
 610626
 749028
 780935
 104595
 671481
 789402
 692508
 979281
 253929
 381824
 429267
 679264
 621019
 843685
 354569
 332260
 962907
 314926
 237167
 599601
 967465
 1065225
 649400
 77185
 282303
 489624
 486746
 265811
 37386
 177217
 564811
 316254
 203827
 400794
 36636
 1069349
 1028327
 642444
 446954
 621863
 689980
 677145
 83054
 529372
 289016
 26496
 770792
 917555
 637291
 1013363
 578229
 8165
 957797
 108473
 526785
 484436
 173869
 718295
 596752
 92291
 314320
 936346
 13183
 656978
 942658
 722973
 947448
 769197
 111392
 824569
 1067358
 505156
 148229
 626691
 451856
 410763
 722822
 172268
 470430
 390616
 726382
 711356
 671931
 947490
 171092
 741761
 372190
 856743
 575759
 282658
 838066
 764575
 772755
 990473
 611663
 767533
 558165
 182449
 762489
 267575
 105315
 112360
 93562
 428231
 596967
 467522
 102354
 784751
 910473
 757781
 422459
 388757
 94491
 41122
 117703
 519164
 950613
 132950
 68831
 178970
 682845
 116156
 1047562
 119761
 673170
 975354
 661811
 1013550
 703741
 853283
 671856
 738209
 199448
 845145
 367157
 709475
 630781
 839070
 834125
 647440
 950088
 503487
 874653
 341592
 711193
 437465
 661619
 149954
 772349
 722678
 196592
 354068
 71588
 646223
 375750
 610933
 521334
 150776
 924807
 788881
 332505
 865369
 454765
 345747
 657606
 126017
 512282
 151987
 1038807
 324339
 433680
 668644
 383876
 78013
 222771
 1038967
 376648
 247313
 339488
 730764
 239409
 9000
 881984
 266072
 584352
 479886
 995878
 667702
 866897
 614338
 685406
 774639
 732057
 333458
 1014874
 315221
 712715
 224392
 304717
 72252
 407759
 55216
 683987
 968144
 489445
 122940
 83399
 136477
 822413
 1081282
 880009
 680532
 374159
 255220
 580384
 1011836
 1036604
 367590
 1049321
 80704
 501614
 910733
 989216
 70415
 775488
 886670
 145712
 1045010
 1059024
 186305
 428183
 434249
 97910
 58138
 109340
 722395
 715748
 53453
 333559
 144404
 47994
 321810
 88027
 506098
 864068
 345672
 340089
 343045
 643585
 187007
 745843
 312727
 40870
 782751
 265772
 876194
 616824
 583809
 593733
 1021561
 524962
 831788
 19577
 173518
 547360
 496225
 833392
 574286
 837189
 1061365
 119844
 767499
 209355
 98491
 1042730
 995616
 526656
 224530
 392464
 906497
 155689
 17549
 512676
 878396
 487325
 85581
 921266
 283248
 464604
 979431
 588336
 598059
 966531
 825519
 667135
 414836
 451298
 780170
 325034
 926774
 346117
 44729
 151357
 1006211
 247692
 900801
 507170
 1008448
 935592
 95853
 838052
 449859
 973658
 311189
 855991
 1096112
 398405
 507721
 217801
 443694
 325635
 482426
 951195
 1028381
 1086272
 1096013
 1092757
 1046173
 824256
 559401
 325623
 112594
 505778
 91364
 719521
 44053
 1029384
 408450
 1044267
 593066
 791826
 959623
 24518
 629481
 1044108
 927310
 1057903
 1008985
 632510
 177242
 479089
 604476
 702781
 658025
 1075159
 91568
 1074018
 924251
 96436
 254879
 910962
 549851
 872203
 365054
 16493
 368249
 938781
 1089543
 213682
 774906
 129520
 1039742
 423585
 376233
 278153
 96576
 860121
 1029672
 533276
 880499
 533456
 52833
 753489
 118141
 1072592
 922024
 973655
 649010
 763259
 824725
 937924
 7285
 930778
 791981
 674497
 598000
 849944
 62536
 776775
 587734
 184367
 247429
 203943
 287843
 149344
 95261
 814031
 262045
 513092
 517416
 391482
 598974
 918733
 778977
 651851
 179237
 401782
 185952
 985321
 1052944
 403483
 599762
 1012875
 695635
 449155
 409944
 371644
 849220
 1005594
 265541
 411466
 13464
 68242
 75927
 228531
 532882
 834096
 1038566
 356569
 151542
 161735
 361993
 542063
 895687
 835751
 376699
 100624
 288698
 1085121
 615237
 387882
 767268
 557903
 616568
 579247
 147424
 500621
 25630
 664304
 166850
 573613
 681583
 8715
 1028957
 506692
 96402
 59966
 220164
 162969
 966267
 297426
 1028454
 260432
 136678
 750284
 690453
 852604
 196392
 553086
 956832
 972475
 756766
 595067
 637751
 253736
 751442
 770732
 157241
 388502
 377533
 281425
 786826
 689645
 50119
 1091504
 249642
 817191
 439481
 771728
 314953
 933092
 859167
 862611
 415702
 314557
 49063
 894532
 855843
 634456
 587013
 725009
 570811
 648136
 745217
 771624
 798043
 815206
 149542
 1038395
 948664
 992004
 440501
 444804
 146546
 672039
 826266
 265462
 310392
 193745
 278896
 398577
 774261
 332465
 811772
 879286
 505430
 893058
 356036
 217451
 384327
 230658
 825448
 626669
 112903
 885188
 978689
 713216
 1070052
 318052
 568933
 940777
 5883
 700944
 119864
 568288
 722940
 1069976
 994142
 630077
 762450
 747794
 420692
 438837
 309522
 543460
 75687
 553145
 897674
 424480
 742628
 359909
 723302
 101021
 730114
 1096319
 333011
 556976
 1011403
 403540
 814114
 318176
 690107
 877144
 992758
 504816
 943315
 150290
 749348
 909547
 887538
 344991
 150119
 79059
 1052707
 1052394
 759509
 173035
 1041428
 96690
 1083516
 197050
 67772
 904574
 4222
 891824
 680724
 642865
 100518
 416445
 295344
 965422
 1070725
 15240
 582257
 733403
 873341
 751409
 527555
 893162
 915335
 651240
 1082549
 360286
 957604
 169965
 668348
 596367
 1006297
 28278
 307024
 47258
 112417
 325616
 1082475
 775117
 710968
 233667
 643609
 54443
 599599
 575543
 644663
 383073
 261818
 500575
 259451
 432600
 954019
 969866
 438212
 104447
 68058
 166460
 495546
 673417
 818810
 141181
 167409
 787098
 660892
 218252
 386144
 617614
 1069492
 523036
 188635
 895210
 313856
 224066
 970821
 367561
 564109
 157912
 252707
 205022
 608296
 755144
 435160
 395484
 274236
 677786
 820078
 392296
 50846
 884181
 208509
 898882
 34828
 1010961
 317229
 396884
 576416
 841749
 256080
 321090
 837491
 825584
 810337
 499172
 224138
 990232
 1016418
 539505
 580453
 84660
 577417
 795913
 407693
 636488
 596250
 917913
 604412
 382393
 454245
 499185
 785528
 595321
 477197
 974185
 394491
 510798
 280041
 424707
 494782
 449519
 499105
 345818
 414451
 356042
 488518
 1056888
 628442
 144347
 668383
 9004
 964485
 723160
 239973
 693437
 625707
 90464
 938739
 291378
 338847
 875952
 852122
 808430
 694518
 680878
 1076388
 243550
 488919
 89349
 48274
 125828
 673452
 160389
 432193
 1062340
 82614
 899263
 313374
 575301
 564954
 215646
 809521
 572302
 515222
 535173
 162134
 1072234
 293250
 156411
 605267
 728353
 488225
 946817
 842457
 156160
 936633
 590093
 120184
 959408
 857863
 803445
 752329
 703720
 488854
 753305
 857107
 1027927
 439173
 1045672
 650096
 856971
 478130
 696122
 338182
 940122
 832187
 516472
 217283
 665627
 152976
 396486
 415141
 8345
 587812
 291268
 576859
 387463
 528819
 1080666
 335686
 729933
 487313
 333376
 552268
 356823
 482517
 1023087
 990107
 505563
 844590
 17093
 681606
 372603
 89890
 487294
 826402
 1063255
 27626
 360334
 249328
 571985
 1036757
 1034056
 830388
 226955
 442767
 422788
 1005231
 565790
 313289
 362659
 867648
 986992
 795744
 989726
 721497
 937162
 709190
 309653
 269601
 411730
 663862
 64062
 77481
 196376
 820336
 433641
 223499
 958041
 635672
 566097
 391321
 663968
 870492
 137108
 476333
 843472
 463024
 281771
 316007
 590858
 758645
 489258
 589847
 139467
 776549
 1022951
 232952
 180354
 919236
 574562
 522088
 6327
 208637
 129844
 615802
 756615
 795630
 422162
 929877
 575889
 930993
 240441
 1067513
 938854
 109902
 36677
 427968
 710876
 737073
 110444
 551107
 625117
 493796
 33683
 928597
 864029
 797185
 698119
 110315
 956323
 589498
 51300
 270053
 1078489
 533633
 672115
 215946
 215233
 796083
 801537
 176894
 1090273
 172779
 948733
 364993
 707714
 967277
 1020323
 784192
 505710
 297703
 573276
 1077100
 1090888
 423020
 639036
 294782
 1030127
 547118
 781430
 1088617
 48388
 152527
 398076
 7911
 763970
 415800
 704573
 954140
 32165
 869609
 973820
 278625
 748082
 305676
 718640
 614039
 576395
 417516
 224311
 736637
 344807
 1002920
 701096
 515486
 298510
 999346
 122331
 1091677
 611066
 435346
 1077911
 565517
 641319
 686795
 342188
 183675
 234728
 1007833
 985183
 99081
 684113
 196162
 495708
 600754
 154094
 872661
 528233
 86977
 66865
 669384
 507163
 237840
 2151
 806143
 552159
 296293
 301279
 518002
 200673
 69560
 819878
 166986
 858238
 1074404
 276294
 778323
 1042130
 855012
 653006
 123072
 686494
 810332
 450909
 925106
 1037988
 118929
 322012
 406781
 524140
 194839
 667012
 1005716
 570381
 25210
 788321
 405177
 487728
 702606
 1056454
 145519
 683065
 325646
 1031275
 899769
 562828
 1046022
 98956
 903492
 357149
 795123
 356096
 634050
 21518
 327588
 284596
 169424
 193211
 957225
 1049926
 765790
 240814
 681269
 750716
 197370
 35925
 914334
 571747
 318056
 922264
 549461
 833933
 557075
 1009829
 439813
 351133
 34271
 897723
 933816
 322067
 299249
 935382
 644036
 146283
 583066
 1046896
 391929
 383476
 140517
 184141
 8036
 1030376
 551795
 401219
 1056894
 366398
 888415
 794764
 948219
 602010
 813944
 978652
 601491
 262627
 41398
 525026
 693031
 198965
 91564
 983209
 691076
 1014527
 729362
 410536
 782081
 731001
 579416
 380746
 215107
 679423
 232634
 821213
 534478
 300149
 93603
 436633
 1020518
 89750
 244477
 989251
 612683
 59355
 839571
 175283
 630146
 1003611
 721584
 49985
 300061
 248483
 913413
 874322
 559667
 588165
 535089
 617810
 170844
 408029
 986731
 549906
 621044
 845091
 663007
 849023
 337301
 762615
 825751
 714247
 396728
 63204
 1054205
 612352
 576829
 891541
 423869
 814839
 900300
 567270
 79085
 375153
 99351
 1099497
 539801
 671217
 183452
 345857
 1031186
 33879
 221073
 842529
 631142
 838595
 124096
 889746
 142779
 301816
 549115
 855475
 440603
 1065496
 603836
 133534
 493561
 261358
 1027926
 684079
 893688
 84372
 31872
 434393
 239738
 625096
 168658
 710502
 735616
 340752
 390679
 863275
 497205
 64620
 429032
 193361
 291118
 477792
 151935
 214285
 374909
 845868
 687649
 207913
 1046238
 407217
 44319
 79160
 401296
 713875
 256027
 891560
 601191
 665792
 126048
 126985
 451033
 733170
 25258
 271492
 247371
 506118
 1046426
 275284
 554489
 1059007
 1033888
 973333
 476072
 885361
 1039107
 89570
 1010807
 628757
 646059
 134923
 77642
 611204
 126337
 57978
 685475
 579650
 686469
 366630
 827529
 47238
 585047
 539434
 243887
 979503
 26168
 80373
 901368
 118587
 631132
 905129
 911235
 849540
 33328
 953643
 141573
 23080
 481727
 276691
 734915
 201357
 564717
 116480
 524431
 77115
 1094166
 128587
 643441
 238013
 1090867
 771911
 916698
 853876
 324576
 105672
 402671
 859757
 623149
 747571
 454650
 669650
 795667
 435701
 335394
 731981
 275947
 1005317
 812825
 813173
 511997
 539740
 771358
 699510
 677249
 947534
 217616
 613312
 527256
 971078
 839347
 813649
 85458
 124517
 319501
 424442
 1053452
 431123
 79825
 474961
 757337
 1031905
 528634
 983009
 508758
 315223
 298398
 53282
 179760
 28351
 319318
 907658
 746998
 1059322
 848461
 188530
 974881
 204111
 956559
 417065
 569737
 820419
 206872
 380734
 690539
 557409
 340369
 396611
 967115
 762830
 650502
 719088
 305242
 1084782
 323890
 366603
 683470
 512476
 264022
 834751
 430513
 1081825
 465526
 758628
 689727
 459940
 169745
 76681
 210791
 349855
 768537
 135689
 205168
 742350
 179353
 55907
 442432
 261579
 87005
 117844
 681414
 985551
 547434
 257223
 682827
 977146
 340107
 167735
 835404
 22059
 294322
 149875
 828003
 592414
 345799
 144432
 706545
 211730
 352038
 95033
 685529
 1036901
 309838
 13238
 81165
 557498
 122643
 208290
 17864
 861771
 938947
 214978
 520005
 466466
 1041184
 729252
 445952
 10818
 160344
 207210
 456636
 679744
 630064
 773652
 129783
 66529
 724039
 363633
 254304
 337807
 585830
 415220
 418684
 418039
 565530
 91233
 69988
 979795
 765266
 221844
 1002876
 64522
 14488
 430934
 446867
 232362
 423247
 767768
 547363
 71695
 1031751
 762083
 1021384
 533674
 896803
 34883
 639849
 193940
 466803
 262433
 874616
 112282
 577583
 280107
 860392
 1010698
 13342
 885352
 535834
 276232
 616702
 28098
 898612
 312885
 699028
 202788
 760250
 516843
 850732
 694508
 36854
 429704
 614543
 644599
 206191
 542064
 217692
 662628
 55579
 760751
 489696
 152081
 919517
 620997
 70487
 765439
 261535
 817807
 559437
 639147
 20279
 862127
 101843
 305190
 484156
 427088
 976615
 259110
 275102
 515528
 207996
 2857
 483181
 288083
 298766
 572446
 661127
 18475
 120348
 649696
 116069
 345022
 617895
 875775
 1045515
 864583
 83831
 258909
 311029
 347935
 884985
 904981
 85860
 301746
 1006112
 374732
 878358
 493239
 677758
 1021771
 209191
 991343
 342262
 15253
 1056795
 267918
 373150
 993293
 887683
 1068716
 821898
 7794
 340893
 941747
 998355
 6402
 361949
 66134
 247136
 27501
 111716
 413480
 836521
 415655
 665182
 281448
 671693
 514878
 707006
 567662
 1075246
 448003
 475085
 51428
 26224
 452605
 319005
 131922
 251541
 85508
 139746
 68452
 935624
 666611
 657473
 699136
 1002652
 519789
 822892
 1080330
 943848
 455932
 987065
 1035062
 576123
 953973
 920656
 1044733
 850614
 55434
 313247
 875034
 168653
 1070707
 497651
 160037
 368685
 113048
 519861
 404545
 1077880
 428497
 423099
 253149
 612381
 250540
 814601
 398667
 236340
 729885
 857224
 47877
 728723
 311986
 156704
 889088
 661280
 1097462
 12604
 328988
 624103
 943145
 849986
 1078811
 739399
 698182
 264153
 419109
 437631
 902010
 269183
 817485
 476935
 875390
 534711
 887787
 942497
 1051028
 646839
 809423
 605980
 497245
 567043
 1058158
 881489
 951428
 987771
 220431
 64724
 784603
 409546
 352979
 240529
 931232
 632777
 35321
 1020909
 176798
 306646
 131181
 182450
 110762
 823659
 980325
 673924
 288901
 634261
 99814
 188019
 785102
 853927
 144636
 404338
 1086978
 286184
 792391
 376557
 993613
 298177
 488057
 981761
 759290
 62540
 594213
 125913
 887139
 281245
 328948
 659541
 304744
 860901
 300622
 303201
 296554
 208171
 471126
 182836
 579101
 399505
 56776
 628802
 792985
 441986
 424466
 899521
 337577
 76704
 706228
 700541
 903410
 119681
 372440
 1088668
 22510
 1000883
 908055
 86211
 880061
 204199
 212077
 848581
 332878
 693834
 454332
 1019068
 912070
 770475
 970770
 946505
 320586
 492079
 954913
 1098914
 937234
 595108
 250335
 773080
 811061
 52546
 316600
 944328
 781930
 153661
 36032
 744655
 142855
 771284
 310696
 1044722
 449738
 132723
 1082453
 903699
 153715
 408348
 652645
 507342
 52945
 372656
 513492
 406488
 213956
 461539
 201335
 927670
 704018
 440950
 85578
 432278
 971293
 164486
 1025472
 181319
 261067
 822609
 698999
 559444
 716236
 495596
 226646
 80234
 198207
 145352
 293518
 694298
 301330
 757075
 750897
 92124
 80588
 1064459
 603572
 494700
 654138
 471751
 308252
 1056715
 708506
 339249
 451676
 1043433
 76668
 54112
 682142
 685107
 785748
 58940
 443386
 719848
 320531
 515257
 760738
 816712
 139633
 79668
 1037773
 749295
 555446
 383357
 602303
 699788
 946334
 328297
 504593
 477062
 394140
 348749
 366624
 994575
 492812
 9879
 914822
 434687
 44405
 160899
 203430
 30468
 381721
 486627
 822487
 769093
 797652
 968464
 515704
 466677
 690477
 123757
 451605
 468700
 970855
 700245
 1085409
 1037304
 894185
 656652
 39652
 202737
 74201
 544983
 968104
 258259
 1015656
 1072716
 1078919
 772032
 367807
 274010
 700542
 275018
 680499
 274071
 247519
 453015
 79489
 75625
 37212
 226783
 772933
 493688
 674588
 554982
 1029912
 559394
 453454
 131078
 656117
 775685
 1033756
 1093872
 656445
 285689
 953849
 469649
 416720
 565824
 840724
 191513
 909931
 285864
 315898
 146759
 614479
 2388
 485481
 43328
 801592
 945323
 1085928
 642570
 121983
 584190
 117497
 972284
 566652
 382131
 420420
 933473
 1008424
 566417
 941926
 735211
 250418
 780893
 380850
 870541
 426661
 861720
 836751
 887383
 486858
 450174
 645516
 549928
 158530
 112257
 153844
 214905
 151483
 765020
 539717
 74268
 1085457
 128590
 29752
 594854
 677638
 477547
 755263
 836014
 139806
 1054232
 957267
 598474
 276099
 394387
 167417
 1011553
 589399
 54641
 642109
 592464
 540731
 807058
 384624
 739085
 995255
 109556
 164879
 216144
 480514
 656801
 648101
 441835
 1013085
 481863
 753195
 244242
 470901
 1061804
 152150
 888698
 84663
 129820
 1055797
 591230
 431771
 682495
 207697
 372838
 1044809
 941031
 431526
 417928
 22672
 307948
 544054
 2769
 228847
 773204
 231563
 1080001
 15482
 540756
 91995
 619125
 588654
 514189
 238380
 676110
 867959
 592928
 1003955
 3287
 211980
 80884
 7222
 1057994
 125781
 637648
 261912
 433891
 536290
 552749
 691295
 331160
 95169
 184363
 927482
 1098981
 677555
 740929
 792386
 10627
 40161
 314406
 212680
 774983
 160605
 343423
 984462
 936114
 219132
 1085401
 599492
 47579
 482392
 139866
 422684
 139962
 437416
 668745
 799638
 480249
 1035319
 364411
 785000
 801454
 76719
 829423
 48052
 922093
 892372
 24341
 398035
 551585
 271135
 539837
 795411
 442145
 17902
 724349
 835841
 887717
 642561
 188034
 865169
 656236
 49004
 753222
 475868
 1096099
 876060
 637006
 1080704
 189721
 889039
 513555
 196012
 419436
 146452
 379463
 849324
 547173
 61757
 108555
 314800
 781817
 759105
 966542
 985764
 348289
 180525
 1056111
 1066754
 630018
 494093
 329036
 731420
 586543
 429428
 635310
 230449
 83961
 951375
 111554
 156392
 465981
 292030
 460607
 812686
 263089
 834342
 422898
 246539
 528079
 684761
 490709
 111959
 609824
 680155
 365848
 1065209
 609130
 694213
 1050521
 1013130
 887448
 90829
 164659
 931149
 251003
 858437
 923179
 786378
 387610
 714680
 153968
 1089831
 109952
 264161
 170227
 269723
 665540
 1068527
 1008098
 650472
 265190
 231819
 339606
 750236
 1067563
 917554
 529077
 992747
 718061
 962690
 958727
 1036127
 348777
 905168
 789539
 282037
 499748
 503989
 405822
 853298
 410992
 727912
 443504
 1003140
 583234
 174798
 489516
 978080
 291209
 972278
 171652
 712897
 399729
 48060
 1018523
 616721
 646203
 570669
 5412
 151688
 987804
 671220
 580827
 470255
 635247
 959156
 960140
 992209
 140677
 661620
 626880
 600420
 583236
 577574
 942130
 228553
 994372
 925758
 33189
 709160
 964511
 573612
 654292
 336315
 1099738
 42846
 695229
 263063
 988923
 1022688
 636398
 609985
 95289
 27870
 782362
 480736
 750538
 1013405
 836773
 588138
 389210
 461535
 286168
 838380
 855409
 870404
 421892
 235382
 790703
 998456
 338150
 29478
 1093483
 825948
 182343
 619397
 207466
 950578
 457372
 222446
 1036738
 730821
 972905
 895795
 752542
 74039
 137811
 430757
 293218
 867046
 194839
 510787
 198398
 201351
 727978
 470740
 833628
 539854
 291029
 76016
 770722
 76412
 312080
 1040487
 542312
 1054351
 820531
 774804
 464267
 720713
 976855
 395653
 111652
 573470
 558449
 235353
 864496
 858765
 542717
 653652
 769789
 897977
 473995
 80713
 299028
 1059382
 909353
 48607
 922211
 1045993
 488246
 689530
 844705
 944000
 580773
 53501
 1058775
 428028
 975896
 778839
 790240
 681366
 806047
 410089
 1055191
 53562
 440382
 629141
 300162
 821380
 814126
 360761
 876987
 5148
 985973
 1080812
 476052
 660972
 647110
 560609
 732828
 196455
 1073336
 431601
 838803
 565467
 307863
 504614
 1011948
 564292
 653477
 1059945
 776193
 560914
 902095
 127880
 892665
 355174
 1003901
 376462
 324363
 52679
 600184
 562230
 344890
 88456
 287921
 707367
 193784
 229018
 22265
 772481
 676905
 177606
 501371
 241303
 294690
 620274
 854431
 664583
 870181
 703065
 816225
 823246
 343778
 1032257
 411846
 460813
 102531
 469392
 616508
 1045279
 833471
 38358
 165963
 127758
 800248
 767018
 1007412
 777782
 676575
 1068969
 570522
 656030
 961683
 346161
 124717
 694238
 573058
 1005620
 168979
 904524
 834566
 347151
 878179
 505525
 427549
 767446
 345404
 772607
 717287
 800592
 699855
 1044939
 684193
 521183
 174470
 802228
 652931
 312368
 984950
 588653
 987017
 573107
 69487
 305801
 109095
 438054
 763821
 208548
 103326
 1070168
 501505
 36347
 832417
 478703
 332289
 799990
 321578
 882524
 137676
 230659
 1063554
 604602
 170591
 347376
 474500
 13112
 67520
 720646
 530478
 95386
 498094
 623633
 812710
 387005
 1009267
 582680
 978710
 464858
 666555
 329652
 298813
 1026022
 317549
 755025
 112716
 1057477
 1005030
 454421
 557561
 320970
 874306
 747065
 147490
 351661
 424182
 966688
 379838
 295838
 310086
 887288
 315643
 75452
 515136
 980424
 709350
 651884
 624834
 206605
 1037717
 627297
 267836
 191616
 328693
 206285
 633110
 278211
 369272
 105383
 315696
 182886
 870095
 600358
 90206
 1080574
 1083228
 761588
 537393
 882777
 500883
 1033311
 593737
 219890
 450873
 739061
 831554
 598251
 972006
 1031654
 699445
 743046
 364194
 543887
 1012646
 876248
 646760
 8552
 191764
 241072
 779539
 160624
 1064704
 688337
 1002732
 1046316
 266804
 427876
 1029503
 156145
 794188
 849688
 142818
 913905
 242339
 1040849
 541793
 221127
 929707
 53137
 791374
 19482
 1061331
 47053
 515075
 172946
 1057494
 838910
 488852
 807768
 888183
 593210
 736381
 1050467
 203547
 1052886
 359317
 471017
 874847
 586124
 878166
 886569
 527209
 326944
 118603
 868633
 393252
 917334
 857157
 604843
 635818
 890787
 1014401
 158391
 566687
 660130
 952951
 573101
 302580
 160301
 804817
 779836
 198123
 113167
 76295
 328342
 875259
 57322
 467331
 483091
 884262
 231881
 780409
 778100
 135393
 436726
 460984
 189888
 896005
 337379
 291495
 195934
 421615
 1006814
 459910
 849936
 953988
 604809
 1020409
 851898
 1076017
 1058149
 60798
 316611
 105118
 277213
 125303
 309616
 502018
 861822
 211386
 282761
 980291
 370024
 198011
 218986
 288524
 450267
 322376
 125605
 604976
 464698
 368400
 600513
 755306
 257536
 44008
 545600
 658124
 60833
 643186
 242880
 353898
 981368
 982522
 827207
 561900
 51366
 990789
 1066043
 545667
 941992
 465712
 909638
 894597
 926486
 766073
 753160
 423637
 968916
 274981
 912132
 162912
 427173
 1041388
 411609
 524520
 827339
 290439
 803429
 191842
 892626
 420562
 97448
 435879
 657111
 556556
 837979
 554801
 509397
 929151
 246034
 911172
 786905
 931757
 201750
 281765
 727657
 210265
 627533
 377269
 1094033
 314624
 204738
 408983
 1020570
 515334
 28958
 828446
 562630
 960301
 495655
 434812
 772277
 1097300
 1050224
 352408
 626690
 602524
 607484
 525656
 367788
 485350
 222700
 623511
 867431
 571439
 621013
 824737
 298161
 328818
 406267
 769955
 502275
 547393
 891863
 135769
 667250
 467993
 165265
 140130
 361203
 1049185
 948530
 273984
 810738
 485162
 825999
 988340
 621441
 883020
 138561
 778915
 26712
 224274
 562089
 759399
 131468
 887039
 742239
 735944
 748396
 273778
 506467
 205068
 138186
 202080
 725642
 963350
 492206
 274106
 324026
 965020
 815356
 813134
 419580
 1091741
 1078140
 141838
 120162
 528362
 984296
 945550
 144004
 635491
 845166
 1073373
 348796
 18138
 561534
 1089822
 738171
 38969
 722869
 410628
 444838
 389478
 956033
 961690
 1040701
 761402
 388092
 550972
 194751
 200830
 822948
 960014
 553531
 1047782
 135519
 718033
 405378
 390813
 560394
 737996
 793637
 295376
 405695
 257617
 312677
 16182
 739471
 926732
 22915
 53864
 918644
 569179
 523484
 775923
 397882
 990487
 212353
 551371
 724233
 658060
 78405
 725665
 986238
 456918
 171926
 208315
 860037
 729627
 1079422
 103603
 963964
 143850
 745247
 174768
 624500
 585087
 1090824
 145858
 861290
 909445
 1048388
 855456
 64508
 431009
 5403
 419448
 315126
 105862
 920920
 173145
 312620
 1003572
 28460
 669962
 585117
 1070131
 931168
 752243
 983671
 819510
 347289
 881109
 681983
 1049953
 235748
