423991
 158346
 256843
 47537
 860267
 127193
 322146
 824137
 562934
 305242
 527564
 153317
 297285
 220020
 548223
 720417
 59767
 71333
 880494
 947277
 342331
 59460
 492290
 831395
 337325
 587855
 114260
 10558
 820558
 641663
 891588
 622569
 824317
 761988
 987662
 1020826
 935626
 135761
 77249
 866598
 275510
 220933
 281634
 403607
 566012
 16552
 90395
 1029765
 463778
 390208
 342618
 454598
 1021373
 662000
 614633
 34849
 774040
 627612
 658717
 496452
 830321
 1056808
 572192
 74527
 668961
 342485
 654266
 770711
 264516
 683341
 55625
 869062
 1062137
 17330
 94543
 610102
 698462
 944507
 785542
 825058
 351644
 407132
 453700
 932276
 263843
 675424
 167970
 837877
 1037551
 554887
 686768
 672272
 811966
 962333
 1011091
 470330
 455180
 86228
 99886
 181768
 406941
 538930
 746265
 897082
 221677
 997026
 720989
 286704
 209700
 463514
 801635
 711542
 1062422
 226241
 276052
 991102
 70616
 988488
 161354
 45596
 671883
 67461
 510613
 129845
 189567
 561211
 950083
 5492
 666075
 322194
 1012454
 237091
 694103
 788101
 600566
 804337
 131151
 1082405
 519212
 7746
 164728
 982463
 454332
 608773
 448874
 129863
 929131
 823701
 1035159
 228207
 645339
 1005239
 520385
 576087
 967410
 96180
 1054420
 1016305
 45160
 642442
 111887
 602742
 105404
 481973
 1044369
 315039
 296222
 475230
 543131
 677358
 659922
 79057
 905771
 616555
 58960
 651610
 606580
 35079
 411173
 144526
 244884
 610336
 72117
 692202
 21111
 174106
 763232
 713532
 92765
 683604
 366900
 786424
 83544
 424998
 672855
 117615
 550070
 554804
 883383
 610711
 58333
 1022474
 617338
 695278
 554683
 824155
 184431
 601250
 395485
 669834
 136888
 678781
 17863
 698680
 914224
 964936
 921104
 694600
 291361
 659513
 983223
 60301
 395924
 328126
 37154
 582330
 556625
 7175
 568421
 565243
 376831
 466354
 45035
 313119
 821786
 1001060
 413205
 982215
 530892
 650187
 103281
 279561
 936130
 245384
 147547
 54116
 552370
 420621
 434791
 695214
 714219
 256981
 460217
 571973
 539540
 581439
 21595
 82865
 233406
 274180
 1074307
 251436
 413589
 818203
 210246
 150981
 444544
 82587
 554499
 124874
 691893
 480164
 984763
 28183
 77966
 647824
 36040
 95863
 96464
 554192
 134776
 434715
 560557
 411761
 231517
 905706
 687642
 25241
 396309
 155049
 681992
 275888
 49188
 681542
 911222
 903648
 967133
 713264
 235905
 220967
 579836
 1013944
 180090
 558168
 189203
 697403
 139769
 804806
 747932
 216982
 860333
 381322
 433678
 324278
 437232
 604872
 60044
 271236
 600878
 385751
 104855
 817535
 921024
 262659
 679375
 297042
 752248
 4821
 174491
 1050901
 615937
 193860
 995013
 447028
 867675
 545500
 80549
 732637
 647951
 1036864
 215754
 602574
 325212
 331547
 510177
 196699
 934588
 782102
 877242
 417057
 458550
 26451
 123611
 790053
 354977
 976903
 379212
 448648
 435671
 380619
 489255
 921395
 165804
 119033
 747513
 370618
 968204
 1064549
 478705
 1027515
 162827
 375731
 862751
 705438
 551606
 389137
 1062045
 771668
 685909
 228221
 855783
 806322
 836375
 109932
 903791
 64549
 745908
 412995
 363891
 834404
 511764
 234459
 306937
 796181
 238462
 286164
 1038515
 1025702
 229031
 19386
 240724
 64436
 480677
 949423
 631001
 976241
 82725
 186087
 479838
 6465
 1047596
 95138
 779366
 183702
 721538
 913211
 438815
 456783
 596577
 14732
 105711
 912740
 213905
 445063
 766811
 263464
 96979
 322356
 583589
 642338
 71385
 130359
 256167
 797160
 166379
 697936
 61129
 234992
 907231
 104373
 704557
 886502
 463700
 890128
 529930
 106516
 830822
 266270
 361417
 885734
 768435
 290939
 73002
 630402
 342357
 430157
 716528
 781321
 980191
 280964
 82831
 880462
 54941
 221724
 1097069
 480965
 439565
 926991
 189731
 643343
 1011291
 463332
 414724
 18841
 888016
 435961
 818462
 536799
 100818
 908326
 265457
 808274
 722368
 720620
 675270
 444034
 549897
 818262
 831372
 295386
 812134
 568957
 846224
 196878
 45675
 174817
 1048512
 347394
 347851
 216564
 849312
 785862
 237822
 682917
 769832
 694080
 10309
 43221
 124916
 961790
 213777
 217666
 311178
 278865
 443944
 254950
 412267
 408494
 1042000
 334769
 591190
 68462
 662088
 551082
 1062689
 35236
 759141
 784368
 255682
 995405
 785716
 642616
 781838
 769395
 584730
 898190
 948005
 848455
 672807
 94222
 453250
 418251
 1033808
 256919
 552246
 691208
 772712
 588971
 1018099
 787082
 904100
 1020103
 495845
 177497
 31035
 856817
 591548
 303372
 340698
 252713
 1018447
 121713
 591213
 95464
 475576
 342163
 429744
 317551
 629316
 550035
 169391
 886196
 792104
 83792
 308594
 603550
 627201
 842789
 595355
 345991
 803379
 1091011
 84853
 558912
 826614
 276714
 617796
 53542
 837408
 287595
 1050699
 141787
 1025004
 533172
 112406
 147571
 379053
 83747
 275892
 352050
 256724
 443388
 706949
 606516
 653563
 301271
 601534
 1029433
 543301
 84103
 647952
 844058
 496558
 869264
 316693
 66738
 802453
 776217
 811215
 756331
 295772
 224049
 1053704
 83239
 480454
 678083
 316734
 356151
 835768
 736433
 96699
 680183
 154135
 905608
 689088
 183883
 183388
 1069993
 525083
 356718
 100231
 919387
 787108
 590307
 11260
 893933
 756047
 1043076
 410173
 954476
 982261
 919671
 377462
 260354
 1028085
 200124
 811202
 336813
 380491
 50097
 704981
 264821
 1018131
 729677
 665837
 179011
 824713
 511831
 451053
 785476
 643109
 249856
 794492
 777192
 57689
 887043
 6299
 858348
 916011
 183782
 38823
 450378
 1094117
 455944
 100598
 809508
 995486
 749050
 343698
 635202
 389922
 369709
 434872
 733290
 177889
 173740
 505190
 594748
 105992
 924521
 434898
 578331
 267531
 183851
 523028
 587579
 795585
 811723
 467443
 106435
 41090
 818084
 220990
 480365
 971782
 962683
 704562
 380008
 838228
 114663
 683219
 288341
 521875
 81994
 728717
 956598
 808629
 936383
 537975
 898604
 985091
 65553
 17726
 342036
 961273
 107446
 520734
 410270
 851010
 730521
 421311
 193416
 530997
 456578
 45050
 52711
 91666
 408438
 65380
 641883
 229987
 882280
 646093
 392511
 356657
 592422
 800675
 619817
 1066261
 971565
 1003726
 770799
 496887
 935543
 887661
 655869
 6576
 578337
 160157
 749962
 442619
 194453
 958585
 943613
 921784
 1059035
 259179
 794418
 273271
 266337
 914572
 491127
 611620
 299332
 983222
 817350
 912626
 310421
 978073
 892494
 345653
 321562
 735763
 987477
 172638
 61585
 719312
 266725
 408666
 607962
 713553
 871038
 80427
 191715
 800685
 374732
 836515
 92266
 812707
 31626
 610328
 12300
 18915
 164037
 283498
 21304
 89419
 150384
 3719
 931962
 100425
 941415
 530370
 172610
 743767
 658931
 1041158
 879235
 664047
 127074
 103647
 19033
 704089
 221902
 227689
 518016
 552804
 736546
 896991
 373574
 942199
 702551
 1086884
 630036
 988323
 469174
 508409
 604289
 784002
 286183
 282254
 394414
 182292
 164416
 285514
 566694
 397828
 865740
 414392
 212907
 115596
 835985
 645344
 18808
 8516
 128539
 67047
 1063344
 290113
 436914
 684862
 285400
 139118
 162754
 1046637
 431963
 562174
 196851
 182066
 66805
 1010322
 906480
 61494
 707123
 993098
 102921
 899813
 685314
 1039041
 1085416
 312682
 7483
 907080
 175912
 396041
 140581
 735432
 787928
 212558
 781113
 951394
 449579
 292384
 491090
 482437
 187680
 6825
 819513
 582810
 246379
 753493
 511991
 1084970
 411346
 286664
 81915
 864009
 315659
 72437
 55450
 928472
 660147
 1091857
 520026
 396830
 468018
 763561
 903471
 48551
 344232
 665868
 127371
 195057
 539681
 849849
 759186
 552781
 283960
 992443
 55404
 582117
 470060
 861800
 375293
 584628
 170297
 123662
 149256
 330058
 505666
 152779
 711024
 1056204
 245830
 262519
 342510
 820402
 839583
 34604
 696324
 301250
 349525
 892065
 608834
 530779
 253308
 936524
 297156
 311822
 107918
 226486
 778656
 1080790
 5694
 322084
 96261
 1019552
 944480
 299950
 1063607
 544601
 303916
 932975
 507554
 674550
 321204
 635235
 977818
 443265
 394531
 996641
 618514
 209679
 707295
 338669
 186025
 35263
 371653
 799963
 281206
 326293
 786865
 1087994
 1084935
 549135
 661285
 1044564
 207755
 547167
 175504
 505337
 301140
 480559
 82323
 213482
 896313
 996186
 528083
 710768
 347967
 956990
 548857
 861984
 472576
