402325
 642396
 716105
 816202
 400325
 96948
 422666
 1035218
 42653
 26078
 48200
 666659
 932214
 898470
 1098384
 707850
 874570
 740047
 819224
 312510
 34944
 971382
 1047737
 956323
 194621
 725206
 473176
 1009788
 870552
 724870
 290675
 720693
 472038
 749177
 47179
 227038
 27638
 1068109
 436126
 401033
 641465
 446733
 620893
 29392
 730249
 907028
 476005
 59579
 61035
 139191
 90585
 985859
 943593
 769032
 461753
 362363
 917354
 705065
 667718
 37640
 705970
 645283
 690155
 1006343
 657636
 881766
 177019
 970855
 119428
 38112
 265390
 1027667
 683839
 110494
 334071
 728587
 529483
 905335
 578732
 268333
 586693
 199667
 352979
 336958
 29154
 731247
 24638
 491793
 862091
 985816
 737819
 901974
 579669
 458847
 864382
 213421
 673776
 650132
 150663
 680916
 522797
 48664
 1047224
 713660
 952851
 162733
 801857
 269487
 93523
 777995
 771386
 869829
 420581
 527436
 753289
 48901
 37964
 307639
 477219
 869070
 645510
 441796
 860845
 256693
 604998
 1008373
 622858
 90981
 424700
 389246
 44351
 804736
 181890
 70858
 561909
 1097368
 982316
 745822
 380617
 550109
 353111
 835403
 346880
 273673
 94654
 22639
 924133
 924080
 853839
 832949
 64040
 412538
 143250
 196867
 483120
 621358
 86704
 298551
 654747
 906159
 848243
 987852
 167566
 642875
 161697
 539372
 516161
 861515
 501466
 318610
 301114
 430065
 326814
 251763
 629121
 497932
 624519
 701523
 362005
 42473
 112331
 1335
 431062
 213635
 816945
 130569
 914902
 583183
 54194
 129903
 32136
 283007
 78663
 448217
 772117
 215231
 1016921
 1065256
 995922
 13757
 518742
 142318
 826724
 748204
 408534
 1034247
 39279
 657601
 104820
 1005632
 101553
 602626
 561584
 427690
 700154
 185739
 271495
 711298
 674847
 629601
 692410
 589535
 598614
 1051323
 970749
 181118
 977576
 876780
 232793
 941503
 718345
 475227
 389279
 58907
 1032013
 346622
 1093862
 864168
 159682
 928317
 421183
 263288
 453551
 602372
 162385
 352291
 737413
 475550
 398647
 78300
 1085618
 481434
 972011
 763539
 389395
 1006620
 603324
 671694
 1069012
 274447
 633044
 845009
 926961
 546604
 27211
 136409
 50697
 13133
 1011496
 338597
 289846
 553756
 752176
 926219
 490787
 787604
 1090466
 269963
 598350
 353796
 1036354
 201419
 862197
 223227
 397035
 1056867
 808205
 302877
 668341
 468576
 912945
 1045336
 137368
 221283
 642364
 1048655
 184474
 472470
 60874
 237190
 181554
 721602
 921021
 67374
 551528
 225439
 468220
 648157
 567228
 584984
 554324
 478667
 1096106
 507218
 338172
 571187
 154011
 403445
 605853
 914085
 924774
 694455
 733810
 312148
 1064667
 463509
 242634
 442856
 983618
 282826
 951556
 379492
 343707
 605295
 970609
 302813
 24200
 692015
 785716
 1068246
 157024
 496304
 1054201
 289151
 235647
 344360
 872580
 623397
 565667
 227559
 604514
 689928
 637711
 466147
 314672
 938940
 219225
 1024034
 815185
 818771
 27974
 848063
 834076
 878247
 639804
 609252
 253731
 1044351
 467976
 113785
 422894
 132933
 599247
 653811
 1002375
 969875
 129207
 1054948
 366398
 967615
 878555
 438858
 869490
 124339
 507690
 647431
 207019
 462804
 305921
 78499
 262213
 820661
 1018798
 924071
 482940
 4677
 517462
 341278
 766233
 1041828
 462529
 958787
 276625
 253506
 987221
 61178
 528395
 638019
 892045
 876150
 356619
 3454
 281494
 457488
 1000699
 324489
 462118
 867545
 762407
 779130
 121331
 655903
 321681
 573093
 1019975
 697355
 279761
 740938
 749832
 241810
 976259
 863642
 752996
 334851
 844361
 519674
 980240
 627008
 682558
 545548
 567278
 350611
 1089189
 277164
 926129
 444816
 130444
 2287
 567841
 198084
 729439
 481821
 678005
 147370
 435517
 749600
 892944
 388490
 983969
 412840
 776431
 399841
 700924
 220118
 583743
 963763
 894577
 230396
 573710
 817764
 908795
 911964
 744924
 1085150
 461666
 383165
 745294
 358785
 964570
 136755
 816742
 130468
 653127
 308564
 1001530
 1024215
 991272
 1020576
 871251
 9268
 816358
 776142
 169989
 714810
 881840
 970277
 205372
 736870
 1060943
 191589
 818138
 282967
 381873
 448558
 490074
 795749
 976238
 742750
 641652
 981576
 648498
 114900
 981952
 291630
 69260
 769428
 803089
 987668
 254388
 152136
 419865
 730093
 172810
 603804
 331873
 971457
 401585
 634813
 321190
 336886
 585319
 523545
 504180
 274350
 627134
 477376
 764405
 463896
 772980
 885869
 25808
 350714
 661239
 253968
 637750
 19518
 930092
 575571
 277280
 940282
 632926
 197369
 699089
 17183
 911955
 946239
 772207
 373179
 410707
 922582
 630922
 1050234
 1038348
 878213
 854029
 13009
 896366
 12996
 96956
 196276
 628942
 243395
 523463
 326025
 533450
 429679
 373540
 812463
 116266
 632069
 549565
 707463
 772765
 669039
 576855
 789531
 150717
 78495
 986576
 511570
 444113
 99016
 906368
 349073
 895689
 536911
 123876
 289729
 670904
 994342
 215074
 27956
 44687
 375600
 158280
 532185
 910116
 252763
 322163
 341237
 380572
 767543
 970616
 437981
 626263
 90957
 747057
 215496
 710172
 33658
 1017429
 409145
 559013
 447673
 1091334
 423850
 474880
 407732
 105998
 270789
 916608
 374534
 1008321
 626394
 573856
 138368
 622714
 338430
 910746
 318458
 884070
 622105
 465138
 705651
 355322
 376721
 1027242
 602554
 629245
 946575
 35059
 793378
 602416
 121834
 316661
 1075996
 856643
 474257
 828590
 308557
 1027307
 479532
 295222
 793770
 862925
 1072040
 175763
 689154
 917757
 882886
 1095534
 595455
 810988
 871878
 753874
 528566
 276190
 962209
 1079507
 522380
 446082
 44380
 787442
 1086885
 401786
 555864
 578159
 170256
 1075745
 1004972
 648760
 615870
 725054
 439422
 605652
 978305
 625908
 409581
 545983
 627772
 2276
 11494
 1030246
 735045
 251805
 391513
 177586
 235056
 1045029
 639033
 73875
 149876
 243093
 1063853
 893438
 855826
 471351
 459353
 209599
 228048
 1033414
 481512
 902427
 707110
 3964
 19157
 248675
 568013
 719405
 1074441
 1021512
 469105
 830419
 400659
 1028241
 850707
 183438
 827597
 211711
 522610
 311198
 614601
 808813
 612614
 87289
 438532
 575959
 70065
 848767
 927572
 471973
 451888
 730957
 263023
 912626
 801326
 25882
 518970
 733847
 83073
 940362
 543065
 400
 1097750
 534318
 924361
 514206
 304693
 272212
 1065446
 120541
 469340
 795076
 1059681
 709125
 854500
 80962
 597464
 801271
 317347
 1054884
 240241
 316422
 628132
 554611
 634193
 49298
 138131
 952685
 454611
 1020758
 635807
 702574
 1044330
 75842
 731343
 337619
 359402
 883449
 53867
 36545
 965510
 727935
 711897
 782105
 1054634
 224510
 856502
 907021
 302230
 476931
 636517
 295671
 654222
 806101
 615064
 341101
 1061603
 851489
 869545
 889313
 1013421
 951901
 200571
 509638
 722060
 916595
 149279
 1059417
 743230
 418637
 28113
 561302
 1092932
 713326
 466548
 910493
 209312
 853232
 394831
 305030
 168190
 836467
 38502
 59293
 785518
 493673
 62081
 739980
 82895
 36735
 114747
 261579
 486616
 309603
 268613
 1003773
 990479
 481724
 400985
 312552
 63230
 851396
 869838
 924880
 819827
 850421
 628346
 398139
 204404
 161615
 321659
 597983
 699920
 449434
 515836
 983729
 182839
 329153
 184085
 9417
 825775
 541534
 357949
 180571
 539212
 320793
 828079
 572511
 711940
 1042084
 684883
 41372
 576212
 605472
 1013915
 1036145
 1014486
 593909
 1008669
 445684
 1074382
 1003689
 629888
 387695
 301894
 247504
 1052676
 732218
 397957
 344043
 978640
 78215
 968961
 693123
 1064768
 510582
 267956
 335869
 389468
 382963
 496233
 918916
 569340
 973632
 154622
 710767
 1022559
 617166
 212848
 325929
 82235
 403757
 714867
 256190
 279956
 603849
 287569
 127743
 117678
 64350
 662301
 879110
 359271
 921866
 479667
 985820
 219366
 755727
 813822
 7129
 149026
 699615
 530274
 934149
 126050
 868825
 63471
 940718
 1068504
 234010
 849963
 107067
 25624
 176842
 341128
 541629
 462491
 657603
 731451
 712877
 678905
 859207
 369018
 1095382
 486316
 1023506
 244268
 251743
 27099
 12778
 552429
 693528
 772378
 858123
 135830
 837929
 855264
 833243
 472203
 932678
 655228
 911839
 735483
 794557
 310916
 749730
 772008
 317051
 1037055
 741369
 327860
 225584
 1003997
 218905
 532015
 957559
 476658
 1088080
 868568
 174775
 156177
 471570
 1027042
 564812
 960559
 726031
 31726
 408939
 834350
 105970
 679901
 111252
 376213
 732341
 568965
 652342
 1079594
 476888
 783944
 528859
 590106
 1058472
 21144
 172755
 338533
 892537
 368927
 530860
 887495
 937515
 478830
 930582
 402293
 779732
 663075
 201616
 888318
 1003733
 248825
 482733
 93989
 779266
 305761
 456524
 259335
 600562
 148996
 814517
 278295
 898289
 220373
 25310
 886471
 237847
 1009300
 191414
 970389
 996804
 818894
 1008451
 371819
 783924
 214499
 665962
 822906
 240719
 458694
 815069
 186452
 945104
 954543
 841575
 92487
 728889
 562877
 290750
 307420
 655800
 1040248
 714279
 922047
 184121
 855465
 435565
 241711
 42344
 610930
 862417
 1017282
 419321
 782966
 629807
 681304
 634474
 462991
 876337
 42549
 904736
 195658
 638885
 190257
 1034901
 215445
 1030439
 36370
 1053434
 451886
 342533
 893317
 815289
 405462
 919604
 401504
 375061
 915215
 1011821
 29998
 1081490
 444261
 587916
 968188
 322229
 528280
 129652
 84771
 591236
 136383
 11026
 176869
 304076
 504048
 301686
 861792
 113772
 463774
 554424
 220899
 912571
 758920
 388805
 45963
 369249
 806614
 660356
 962179
 262824
 722335
 91864
 27608
 328811
 923372
 470133
 590022
 629593
 1088821
 978875
 666386
 305889
 945477
 665563
 403387
 124251
 356178
 837619
 722947
 929389
 258304
 731248
 595231
 504035
 49552
 814142
 477493
 962432
 578676
 323329
 948032
 624172
 646965
 467957
 35663
 982734
 851958
 573827
 322512
 551970
 887323
 1036668
 885811
 304212
 860088
 626323
 24543
 271372
 185458
 1045748
 767569
 157905
 568044
 1056960
 875321
 287606
 806807
 529320
 18593
 617942
 111871
 456209
 539917
 909563
 872205
 14444
 507526
 1053368
 657184
 147787
 853718
 810121
 472551
 551574
 1070222
 1076990
 553982
 391167
 543636
 72383
 447695
 924455
 73
 912580
 776491
 750412
 740290
 693118
 629469
 717155
 462246
 887570
 377912
 803902
 805475
 541055
 106135
 678449
 431602
 511227
 270450
 534162
 698040
 977668
 780576
 411022
 385586
 250416
 232070
 580639
 99092
 711068
 367853
 983054
 630055
 1046748
 291581
 313090
 554797
 297513
 125071
 191143
 992055
 695829
 995833
 741115
 210454
 427824
 704939
 518247
 505771
 270145
 755462
 210382
 221074
 944589
 689063
 284598
 297505
 462958
 472827
 1053133
 138444
 308288
 47614
 663812
 165946
 778015
 619968
 726608
 202580
 900254
 53077
 322541
 371731
 1080933
 91705
 622694
 473113
 987485
 444293
 1076931
 155126
 960857
 1039904
 80581
 559167
 809595
 291968
 433332
 748215
 632278
 504661
 623358
 178265
 430941
 951307
 900588
 787292
 676110
 491086
 364482
 124235
 179651
 483119
 175270
 720032
 91122
 95418
 584791
 440941
 1030089
 310125
 34089
 119844
 743390
 775582
 26745
 1031464
 216732
 921461
 204217
 661429
 165378
 776420
 506947
 138817
 838986
 918586
 657586
 551560
 2189
 798865
 338621
 966748
 95402
 963948
 962696
 1056882
 898983
 1062840
 507689
 201142
 8745
 170770
 1071352
 689083
 436862
 37044
 478947
 311717
 614260
 209370
 557440
 914422
 1056698
 38138
 1087416
 5361
 308012
 386177
 293683
 431930
 31073
 281554
 753800
 991998
 938166
 924073
 346320
 216458
 902949
 636163
 495668
 98292
 100563
 705129
 299344
 1014356
 633228
 946676
 748227
 947790
 713198
 671192
 219468
 953090
 296123
 525564
 614465
 835748
 360938
 89521
 1020723
 1087644
 210202
 784427
 915542
 877863
 339777
 75296
 264289
 694906
 81928
 369313
 771178
 866238
 310887
 692578
 745426
 1065242
 54445
 953593
 202921
 373235
 845293
 694960
 994522
 1073113
 130581
 1004573
 883736
 392250
 22359
 1020327
 541125
 345978
 1033714
 594599
 1046562
 1090347
 951413
 471872
 565963
 596235
 702064
 887191
 410258
 62260
 162216
 174727
 575101
 79005
 527438
 14273
 506287
 632477
 238214
 600399
 1008071
 467868
 535685
 354929
 433321
 660812
 954199
 1047486
 512200
 959951
 898900
 87537
 226392
 920985
 561623
 136134
 981348
 1076940
 579609
 28518
 65230
 334988
 95646
 620319
 817659
 996556
 478068
 34830
 517812
 27404
 140239
 616295
 504061
 1006739
 131895
 706989
 1095110
 419830
 645334
 222904
 562047
 420417
 342121
 846669
 269327
 37435
 805166
 385288
 1075217
 68049
 16049
 357098
 518981
 720903
 887608
 681596
 432147
 161860
 607200
 132584
 777157
 166190
 577669
 233378
 161833
 72187
 714742
 866210
 654833
 191896
 706758
 798080
 919954
 411803
 264557
 1072848
 442416
 1019061
 839699
 604468
 711507
 64052
 233296
 468656
 144957
 1018653
 59721
 338361
 685619
 22155
 371706
 166211
 48642
 84641
 501574
 387822
 620984
 450183
 415672
 833608
 177483
 128081
 903684
 93432
 245579
 666339
 389528
 526628
 22611
 295198
 253039
 988492
 322155
 776320
 674915
 440031
 536734
 37999
 690471
 466383
 744332
 1080564
 358762
 107527
 601596
 687704
 817642
 826026
 49817
 641516
 664938
 658414
 476264
 472227
 399094
 374100
 661976
 947427
 553565
 883828
 879352
 584213
 40219
 371194
 355801
 802421
 90498
 21053
 833646
 210415
 752212
 399059
 987621
 320631
 191810
 54448
 1003859
 914439
 254411
 235304
 1063142
 521295
 558311
 578160
 341048
 650385
 776063
 654441
 1069906
 727380
 738967
 887350
 123081
 682610
 380702
 440618
 614413
 841996
 266242
 289400
 445511
 269725
 303445
 880985
 889378
 581819
 377452
 166772
 255829
 355551
 841328
 521032
 311218
 694519
 32367
 324029
 251213
 348158
 859632
 1030948
 813387
 851354
 879613
 1037503
 862830
 501044
 397195
 962675
 949575
 572812
 728787
 695642
 87777
 696723
 522249
 545949
 762472
 1028073
 720541
 272555
 246929
 292862
 932387
 360411
 1044449
 68275
 524078
 90804
 929063
 527137
 854824
 697194
 913199
 233379
 41906
 747397
 180417
 288406
 534989
 680350
 367396
 19716
 19031
 501047
 585360
 892353
 765902
 901099
 142153
 420071
 3704
 74179
 565147
 227648
 556993
 1083300
 949675
 299058
 214013
 467272
 1007846
 531303
 922184
 17307
 207678
 1009552
 385621
 641945
 602760
 839852
 654726
 1053665
 292993
 407605
 32409
 436680
 101317
 290367
 942787
 593147
 904323
 806719
 618416
 575928
 941122
 827630
 811176
 107132
 297580
 919112
 856215
 1046264
 1041136
 335001
 880393
 923510
 453953
 197057
 795251
 758085
 42731
 955684
 518469
 323630
 355182
 227461
 710433
 702512
 857210
 1048467
 968826
 357982
 501686
 138989
 1082042
 582702
 303746
 237892
 419151
 747304
 368297
 445907
 287509
 790930
 560547
 951980
 166411
 927420
 222262
 401207
 215825
 9612
 259972
 377184
 219694
 37927
 370729
 239782
 207129
 295275
 508325
 275048
 711495
 687052
 212469
 645782
 374704
 707373
 380467
 125132
 34989
 702852
 818839
 660420
 958056
 805536
 257584
 680169
 30922
 1021818
 39768
 612967
 152591
 553135
 400792
 1089995
 812
 119958
 859442
 335979
 502137
 74254
 676273
 1046749
 482790
 1054447
 628215
 178898
 249044
 1001630
 79421
 222864
 392941
 1020146
 752355
 521153
 89904
 657879
 303869
 994627
 757651
 455616
 467547
 799712
 35652
 779229
 902948
 61233
 834000
 49825
 665282
 350909
 201763
 966478
 1027770
 49933
 684768
 691724
 774830
 995216
 456604
 669885
 527227
 860923
 222387
 239948
 1083363
 117625
 579252
 750403
 130489
 149397
 930834
 19863
 906635
 231536
 306368
 754096
 954489
 151145
 627519
 865272
 652599
 102905
 535452
 459214
 325551
 767599
 79194
 274970
 1076059
 1095610
 842500
 879435
 573790
 167017
 537227
 666708
 537698
 568928
 217433
 86877
 763781
 524801
 450472
 1075045
 949757
 567047
 682976
 390006
 114308
 343080
 840673
 97223
 830574
 589447
 252494
 560345
 135166
 247115
 445803
 912756
 290337
 384602
 705692
 398513
 1021311
 171461
 1015581
 700861
 513711
 714180
 749407
 293677
 443710
 710999
 286133
 715253
 33066
 975271
 960040
 76428
 606307
 586869
 439274
 138463
 762695
 615965
 125566
 631061
 435899
 500358
 254720
 1043203
 1051481
 326947
 872819
 354587
 122869
 1064486
 314098
 705076
 693116
 408960
 1034987
 459328
 109233
 345995
 612483
 1026401
 414396
 1058057
 1009835
 851861
 753945
 171525
 551644
 58939
 704656
 853161
 7314
 614292
 815538
 222377
 1056198
 396508
 1010640
 855751
 87813
 390440
 393459
 77716
 314996
 455354
 966966
 974475
 1087564
 625219
 556734
 108833
 643247
 205927
 725980
 691094
 913610
 54741
 511023
 790773
 595691
 287529
 484260
 717305
 810071
 816161
 174009
 489101
 746771
 798984
 324304
 985261
 991051
 927742
 69602
 932126
 358778
 93508
 692845
 814566
 1088388
 548889
 670895
 47606
 598818
 123697
 394826
 418734
 134775
 128798
 303037
 754079
 503872
 694670
 150848
 316367
 490972
 450417
 414852
 1040270
 689857
 249616
 26331
 548635
 258848
 704047
 109580
 455155
 86040
 86562
 189508
 292714
 564803
 999091
 1067882
 859237
 462872
 1005
 682299
 670952
 444518
 149638
 943230
 770682
 770849
 422552
 11902
 8634
 564778
 372855
 486267
 305911
 1053602
 676345
 743745
 87064
 300125
 946923
 1095498
 959815
 578654
 999253
 197786
 46129
 284324
 527633
 174698
 807579
 928259
 668571
 422715
 694171
 1087877
 753393
 686618
 993091
 40938
 58045
 838337
 913310
 693871
 589631
 774438
 777471
 779263
 920286
 19369
 826310
 510124
 210342
 944099
 752085
 530787
 817478
 903710
 490404
 1000754
 830782
 44104
 456231
 557290
 23974
 564140
 896788
 648457
 983409
 1034091
 781312
 244478
 44863
 24445
 314838
 608487
 1041281
 922197
 541568
 573583
 840891
 102817
 209462
 258827
 792862
 242968
 523343
 1055865
 446590
 838270
 872857
 503039
 17398
 366068
 352337
 936342
 1095016
 327224
 739319
 132185
 204184
 862697
 123910
 1096866
 282381
 864777
 277901
 1058482
 413571
 971516
 566438
 969334
 190147
 854157
 447681
 1047904
 1007700
 723080
 503708
 639221
 875652
 1026842
 997111
 807558
 763094
 746830
 1025895
 1050364
 851297
 654677
 1003904
 534332
 854051
 553641
 843694
 818661
 590673
 962705
 722109
 648256
 384738
 440644
 336781
 137459
 1079082
 505041
 572316
 247364
 566049
 920274
 66647
 1021978
 278847
 101855
 884196
 327981
 580753
 398622
 303039
 741317
 795921
 639148
 823312
 106932
 544752
 965591
 828546
 909302
 689288
 453846
 869148
 706724
 385123
 628378
 1009355
 47938
 250600
 450592
 695476
 489803
 965773
 891731
 253080
 603490
 631187
 444629
 1023531
 1068474
 1034135
 682579
 36714
 875141
 695595
 399177
 425276
 1047762
 928209
 510347
 925795
 387599
 768865
 873708
 576555
 909394
 703520
 724291
 661681
 594715
 377721
 846549
 367270
 881317
 453656
 78956
 171942
 696307
 1490
 171790
 61312
 367166
 601004
 35716
 821202
 529667
 743313
 997383
 534360
 288746
 842050
 796972
 757695
 944909
 722369
 237386
 75411
 819297
 268578
 165551
 576528
 663369
 854940
 927658
 580083
 641321
 705110
 1042478
 714969
 946423
 329472
 709964
 547770
 750811
 558779
 474138
 799726
 777609
 493573
 668360
 132432
 880031
 79188
 958067
 73585
 55029
 597112
 357556
 256529
 813431
 532255
 635623
 519882
 800937
 743901
 489042
 851174
 1039769
 19141
 308537
 294761
 998497
 936092
 620360
 983835
 280994
 565786
 821954
 847705
 14498
 632415
 129502
 53515
 56191
 724409
 855338
 987723
 983404
 732308
 1099378
 692965
 527414
 213386
 977987
 521183
 676
 485290
 765687
 310400
 842552
 567616
 936594
 175788
 777934
 263970
 53383
 751290
 16074
 185166
 723768
 822006
 559705
 881384
 321376
 351537
 260159
 610380
 575378
 926274
 59992
 535245
 825446
 444205
 924528
 188342
 18080
 33288
 11468
 454342
 515733
 931533
 996076
 902116
 753655
 421774
 888899
 982442
 174645
 454309
 222395
 1071017
 431781
 808787
 583182
 820467
 1024584
 450246
 1068147
 447784
 401488
 587096
 729746
 354871
 606496
 781731
 41460
 737613
 217569
 124425
 1060169
 281297
 824752
 947801
 758581
 582349
 870683
 518786
 752233
 131787
 721101
 535867
 708641
 1052260
 420326
 43766
 334081
 793599
 934015
 337950
 457610
 1051597
 238136
 911783
 39944
 667396
 1070537
 794922
 804759
 641958
 735708
 701673
 269323
 247781
 620530
 29300
 148679
 61508
 968981
 118830
 866176
 114248
 914651
 797615
 892170
 711943
 760791
 172316
 405794
 980913
 903498
 257683
 879906
 959593
 652089
 264972
 140893
 820974
 695977
 909765
 574601
 747145
 1042841
 187546
 904167
 851337
 736947
 626559
 536646
 259829
 166121
 189141
 978264
 494974
 504861
 372245
 646157
 927693
 752872
 928456
 487250
 645092
 95239
 527116
 795255
 672365
 35980
 974269
 144343
 1048409
 984748
 391080
 420535
 634446
 891264
 519365
 366685
 352142
 55408
 267073
 286994
 359202
 873323
 1068971
 715828
 436092
 691062
 1007631
 567959
 163696
 92367
 805684
 169664
 951800
 822686
 104618
 676361
 302587
 134010
 371424
 908712
 497256
 771626
 932827
 653349
 649506
 367550
 206582
 375785
 992739
 117901
 659754
 56655
 744349
 357903
 310280
 525471
 686711
 962290
 793224
 281424
 144741
 839858
 223599
 919980
 870616
 528623
 43996
 458814
 327408
 963573
 805576
 997536
 206030
 411839
 464353
 681169
 630608
 920900
 1089925
 909515
 925445
 202004
 428010
 43288
 574502
 905889
 625311
 572122
 867642
 1047743
 903191
 69372
 236094
 1015709
 767022
 770696
 566229
 976993
 794380
 990126
 75763
 723513
 507620
 893427
 254913
 958975
 84660
 921280
 715639
 1088980
 512612
 31090
 1054132
 663977
 847540
 827168
 80938
 375158
 811236
 887332
 979596
 578668
 652072
 181066
 520706
 54738
 160913
 696037
 206449
 808548
 50891
 731665
 141136
 984853
 1015713
 342856
 687511
 167626
 560951
 313581
 374151
 515418
 21941
 320151
 398319
 930878
 545857
 689448
 602152
 467054
 535772
 916116
 414228
 810783
 1014479
 292920
 334785
 205701
 660894
 775208
 58583
 840508
 686815
 583
 85781
 475887
 832418
 798945
 749710
 824394
 60871
 885195
 185359
 303502
 480342
 486715
 483227
 877463
 176973
 637243
 832519
 846518
 130881
 810193
 950051
 547162
 652832
 640401
 391112
 782080
 830891
 420214
 534848
 125774
 665904
 847537
 1025415
 739785
 759733
 1049700
 1083276
 941041
 346891
 372931
 444470
 51910
 27515
 837293
 489618
 418715
 843206
 750858
 146227
 97775
 213348
 83593
 1053922
 152161
 628185
 284482
 802181
 128667
 402747
 514472
 641477
 754666
 767757
 985132
 1049695
 663627
 662094
 945923
 1058325
 1001194
 391270
 451779
 132012
 1072740
 339232
 66999
 601167
 854971
 980526
 298396
 763227
 275520
 912130
 1079222
 26427
 1017927
 427502
 258941
 261179
 785864
 843317
 1060054
 909913
 905489
 223382
 44690
 648822
 349012
 893391
 112735
 799679
 876951
 1060068
 1054687
 306485
 665114
 731344
 1017919
 743158
 620338
 519024
 992273
 212322
 183627
 232340
 696536
 788082
 494288
 230418
 217471
 980180
 855964
 530993
 95115
 190769
 1053837
 165745
 216831
 644656
 4986
 257822
 779315
 168606
 428345
 152482
 755965
 737578
 306811
 1055573
 646451
 809508
 412431
 836524
 457622
 520805
 384090
 371105
 180636
 142545
 114576
 865521
 228143
 538655
 491575
 731563
 535032
 354572
 150391
 59946
 1056109
 591489
 637116
 860284
 199350
 932019
 869772
 1084107
 927155
 975466
 423040
 867400
 414168
 576390
 578251
 828850
 166085
 280192
 823982
 501954
 368053
 59544
 341827
 565528
 987612
 766137
 989253
 865105
 783259
 826350
 62986
 1087179
 677560
 210058
 902628
 807862
 910581
 770195
 1027124
 831450
 79154
 958647
 172777
 964460
 76264
 1005753
 65159
 320466
 989274
 534315
 676440
 957626
 438385
 973765
 651120
 4931
 906104
 976098
 761147
 706413
 437765
 265076
 957108
 563728
 120566
 686223
 823222
 613504
 668019
 213119
 892300
 936521
 70568
 302946
 237062
 127353
 812982
 678602
 610070
 532444
 584415
 860728
 141018
 424602
 408855
 661741
 475169
 1081517
 1068835
 994272
 12944
 1001797
 1014614
 246887
 881639
 812442
 961046
 1014452
 474465
 396176
 406894
 288534
 1025989
 794584
 876350
 637517
 423626
 179191
 191512
 39569
 160561
 232521
 222152
 24338
 393047
 319205
 307730
 915533
 989053
 343240
 140675
 551093
 8857
 42616
 1096027
 741397
 756325
 985799
 274260
 854769
 671163
 608589
 867905
 294728
 306691
 977906
 998801
 122626
 142752
 125290
 173993
 875935
 722532
 1076128
 920388
 891875
 1057230
 321435
 645517
 337496
 425626
 796415
 319638
 638069
 1026545
 860054
 487842
 759151
 885220
 508748
 198390
 732215
 771324
 673718
 56271
 531412
 295120
 248247
 187857
 333394
 781035
 203614
 419513
 583766
 179801
 207530
 466669
 946763
 387601
 163180
 720955
 213913
 779258
 140670
 597040
 524742
 283722
 408512
 229782
 520899
 760758
 88884
 326976
 814150
 104488
 421849
 190380
 618402
 258862
 265248
 1023486
 411756
 506722
 1053984
 295935
 129269
 92281
 1093115
 203161
 535701
 161377
 939568
 50284
 422998
 33001
 507599
 788156
 846160
 886105
 68100
 925215
 76754
 965589
 597436
 901
 1078152
 284108
 161315
 1085025
 1052737
 46883
 655037
 21483
 150153
 1077318
 171654
 510161
 383794
 679163
 1006667
 1066230
 286126
 615531
 292201
 445996
 1061387
 603055
 419795
 10
 915343
 246927
 417407
 49041
 299990
 461526
 736658
 970069
 971919
 629418
 251865
 37656
 262025
 351533
 1076817
 501844
 238873
 953613
 607699
 1091961
 16019
 844836
 535023
 794290
 534134
 365291
 524448
 955294
 540347
 1002417
 913316
 780141
 1072681
 1063219
 856247
 731473
 80889
 455956
 1045866
 930626
 716226
 343961
 846423
 363488
 979186
 1037513
 510470
 872513
 832082
 407752
 981791
 830857
 1079947
 838948
 223910
 532093
 451565
 444113
 299443
 646494
 602858
 423055
 252513
 67718
 299076
 835895
 734403
 191664
 60024
 710251
 311139
 525272
 352669
 164569
 714403
 869737
 959035
 1052839
 1081409
 315453
 124726
 503143
 686960
 847879
 852379
 673750
 725341
 465826
 288699
 581763
 623592
 1077352
 817360
 597978
 553936
 140152
 433874
 610265
 80849
 348283
 364387
 248161
 318263
 520910
 636005
 94645
 521131
 445970
 826852
 1055054
 20629
 539854
 434307
 178180
 508513
 179734
 170097
 753116
 433561
 867155
 70299
 148988
 1057118
 843527
 521103
 524121
 557534
 1037095
 1021945
 712676
 956829
 1000917
 469305
 599702
 66868
 402871
 144338
 940021
 185132
 78518
 922090
 536194
 125280
 803332
 814765
 256938
 237592
 675702
 285115
 928679
 370970
 70806
 502942
 461961
 796038
 86105
 811947
 779657
 427748
 514712
 290407
 172626
 635738
 758709
 358512
 556268
 358544
 265319
 538343
 888765
 393797
 887867
 508862
 412514
 1048710
 447964
 75246
 377252
 397922
 711882
 117478
 701074
 312853
 736893
 751762
 372654
 576835
 100399
 59845
 1095164
 544751
 435960
 426792
 930334
 925093
 678947
 976037
 256355
 762205
 454808
 1070888
 830412
 453467
 723777
 905139
 39783
 454291
 876091
 626131
 338129
 310768
 626665
 674910
 917208
 868545
 113907
 1078640
 476379
 443918
 244152
 2407
 842342
 119106
 62695
 321201
 492492
 689673
 861001
 53404
 533259
 479766
 171324
 750517
 418332
 402034
 825524
 436098
 305901
 140427
 745395
 93817
 841929
 792981
 316259
 24751
 655090
 638822
 898898
 740758
 281880
 14383
 451055
 787576
 76743
 1021697
 191504
 118881
 675032
 827609
 815022
 168400
 364112
 108066
 96157
 722102
 39612
 805490
 655695
 826604
 777804
 134067
 312117
 326455
 547935
 852350
 159422
 663614
 252997
 882509
 994337
 1012820
 235204
 836820
 574747
 639814
 260359
 778293
 780160
 966443
 457182
 1030744
 941508
 998226
 179697
 506293
 105373
 431893
 134137
 770329
 912548
 935066
 823966
 511717
 738761
 581027
 704373
 225153
 624473
 486692
 452850
 40149
 618697
 438659
 398790
 724677
 426891
 401804
 13468
 175909
 753503
 50025
 816636
 523638
 468755
 965361
 1007710
 482137
 562000
 644508
 701421
 474475
 303567
 350461
 204716
 1049813
 140093
 723186
 706643
 1041653
 33974
 292352
 328
 176151
 1020368
 528465
 569989
 1001636
 595467
 1007733
 713432
 77798
 745662
 1035193
 235891
 793315
 557121
 363912
 485586
 987554
 1015235
 806898
 832340
 949585
 226840
 725257
 279168
 791368
 1089357
 464240
 510851
 208112
 6293
 969997
 346255
 969207
 14091
 706704
 63093
 53754
 642528
 735811
 693069
 790196
 481075
 689104
 1028761
 807359
 168556
 659897
 550025
 491929
 160484
 751333
 483858
 640050
 154495
 744223
 583294
 754956
 343853
 301773
 26674
 963163
 424665
 809011
 572846
 794410
 895039
 335942
 36571
 1023053
 525637
 1082172
 371315
 779474
 316157
 918850
 841792
 12995
 440134
 419391
 758827
 104673
 656974
 436825
 573962
 288590
 116733
 812862
 939515
 939938
 393467
 483436
 758223
 80710
 4201
 148946
 182641
 409567
 80259
 488357
 156418
 902552
 284334
 486998
 898540
 708281
 911220
 501110
 401309
 477207
 1032228
 504587
 658392
 990556
 384298
 284485
 294190
 26535
 556592
 679722
 860147
 869337
 745345
 933912
 309164
 432521
 718813
 170812
 58357
 812507
 1032411
 106676
 96013
 571429
 666823
 335593
 473779
 684464
 975131
 278973
 535014
 483492
 63559
 99086
 618515
 708447
 63033
 878054
 678663
 895310
 801106
 145937
 530852
 273506
 730400
 329191
 691971
 405756
 127138
 726021
 574257
 242032
 299049
 314465
 665375
 299350
 889510
 215487
 249041
 7217
 625737
 750517
 1083512
 604307
 217929
 413344
 960557
 272590
 500790
 544526
 343451
 1004064
 774840
 717046
 297550
 404285
 280183
 702965
 909218
 402509
 1009907
 963466
 809672
 882194
 645527
 194500
 784817
 882467
 823544
 504453
 573978
 185132
 170614
 555818
 752837
 53009
 1024340
 360945
 482406
 871361
 1073406
 17552
 805474
 220739
 530371
 738536
 726097
 287624
 345582
 211507
 584014
 164180
 661740
 895972
 565617
 593767
 827656
 410867
 600992
 1032950
 162384
 602142
 982076
 204577
 237367
 817715
 386551
 846116
 44158
 792475
 782673
 678497
 596903
 963379
 663513
 1060381
 474249
 50443
 703387
 768223
 334906
 993196
 114670
 968717
 856791
 1027576
 620792
 483648
 89130
 1046591
 794385
 959990
 663322
 671185
 760811
 18253
 624922
 883585
 555504
 994623
 595897
 224523
 5647
 591720
 932816
 382589
 398653
 251727
 511421
 1068280
 995172
 757656
 265376
 209565
 185784
 1052613
 323772
 423209
 600312
 1017252
 480817
 325451
 427156
 831584
 168155
 678258
 604548
 378220
 499171
 372282
 908750
 254473
 702678
 532120
 962023
 750534
 610372
 1095174
 567938
 756673
 110006
 839122
 42897
 888945
 199270
 338347
 191557
 908268
 469226
 444434
 829938
 681448
 149833
 996958
 483049
 52656
 43302
 1010562
 755807
 778612
 980214
 49904
 777600
 499147
 305222
 375863
 469116
 792478
 173061
 676392
 78026
 20098
 848443
 450765
 627896
 361880
 777672
 210360
 793314
 369864
 96464
 758862
 406430
 345250
 41921
 498084
 723544
 817208
 509053
 781439
 440340
 667970
 443954
 480574
 548441
 443755
 714979
 237282
 6672
 793013
 875459
 839466
 19606
 389686
 868853
 567706
 990575
 306972
 544970
 429958
 1025102
 280444
 506016
 1058655
 545372
 1090950
 780867
 973008
 1021562
 3773
 320224
 665825
 594490
 890677
 395443
 1052644
 249116
 172855
 352112
 57855
 348693
 758517
 47542
 343568
 851853
 534521
 476408
 549954
 434893
 695120
 172745
 554050
 734374
 57453
 523543
 827309
 89079
 487077
 569059
 868853
 1053652
 59990
 271234
 479625
 930737
 42931
 282766
 180421
 852041
 840
 1019658
 237900
 1061219
 918257
 245811
 340704
 1070371
 193558
 665672
 45793
 153300
 1020963
 466491
 696153
 489491
 462021
 32734
 676335
 404104
 557387
 848493
 493027
 227767
 34357
 434853
 267300
 183825
 117788
 15162
 301843
 779325
 783125
 644986
 98161
 789236
 479696
 252623
 671219
 374011
 905569
 559636
 772734
 468054
 1087208
 365906
 999835
 505516
 751667
 675733
 800800
 617474
 225894
 345687
 745081
 962115
 91311
 632413
 212977
 856244
 1015932
 773082
 652883
 571407
 831167
 259355
 168831
 1071300
 405590
 388097
 337497
 997713
 456218
 640719
 561703
 62366
 417241
 941182
 893033
 566331
 312228
 894144
 890667
 333367
 1068543
 970926
 626447
 64277
 391095
 410667
 995697
 967925
 750372
 1063528
 514771
 18121
 1083465
 464555
 416394
 495441
 826158
 1028795
 827982
 267599
 304268
 922672
 823386
 944288
 1084982
 914072
 15304
 288317
 24234
 914410
 1066028
 405115
 998687
 830109
 791792
 691049
 1035453
 41865
 145576
 462271
 34145
 258275
 18346
 836035
 440270
 1044321
 89296
 1076239
 702061
 666656
 127955
 150149
 836271
 45159
 421644
 878490
 480825
 1001501
 290841
 361730
 329168
 1069496
 599465
 792693
 1047651
 929237
 232290
 278117
 85076
 536619
 345298
 353810
 803724
 1043287
 185514
 917758
 424527
 219097
 788406
 241595
 1028718
 894516
 833900
 95939
 249119
 523437
 778911
 251751
 368522
 75834
 31499
 375610
 718567
 437265
 753734
 52158
 436661
 147418
 795092
 651790
 1048834
 671486
 723837
 363219
 980426
 591596
 996888
 1022313
 270850
 560564
 858124
 933567
 780220
 502785
 660930
 914237
 193207
 704678
 755329
 39234
 748330
