878277
 349340
 104535
 829072
 227961
 493059
 126979
 588750
 75161
 115942
 95802
 823982
 306437
 311731
 830519
 632845
 458085
 285629
 924615
 814622
 476968
 646673
 910017
 278627
 507446
 468723
 1077504
 946514
 565282
 1089652
 105353
 732513
 1075426
 173770
 115495
 955911
 372303
 505630
 454264
 764237
 425589
 1031768
 718444
 181204
 1018975
 985072
 184954
 383861
 503330
 719739
 1069319
 965108
 275957
 711585
 182879
 678181
 597525
 472547
 1018979
 117259
 653694
 47205
 298736
 202565
 1027713
 807589
 493323
 626366
 544146
 294151
 1018742
 625997
 738074
 261035
 996453
 1084698
 291
 836369
 1071817
 625893
 306814
 574535
 827596
 281851
 423621
 280375
 456483
 640587
 238275
 7325
 94749
 617662
 601608
 455376
 74796
 332539
 434327
 262180
 152505
 35168
 466565
 471104
 980964
 629159
 851489
 884883
 732547
 822628
 3440
 811981
 1066435
 761163
 1096236
 1038798
 225971
 838800
 963653
 588501
 368917
 365706
 588997
 378561
 924203
 691802
 838129
 14069
 950841
 67866
 182682
 316832
 826439
 307542
 556728
 154899
 316711
 103817
 1083241
 361818
 798175
 409285
 344811
 502252
 682012
 336757
 913490
 66301
 421721
 1072137
 5770
 342173
 420622
 9266
 463749
 785601
 815305
 103367
 261331
 160630
 143879
 324939
 434759
 142864
 941536
 154310
 56930
 267305
 1003994
 822089
 405073
 690730
 415005
 134568
 272628
 124399
 844232
 527385
 34273
 611154
 399823
 414844
 900907
 1024077
 364172
 873027
 578375
 928039
 658307
 376509
 718205
 1023068
 724723
 253742
 720988
 131558
 875249
 138280
 544680
 47805
 214653
 378748
 724059
 95971
 85127
 397019
 724528
 516991
 113721
 2364
 415871
 464018
 305558
 313066
 682629
 797000
 898581
 344648
 590040
 443202
 928672
 40523
 895717
 846453
 1000515
 379643
 134401
 79138
 810122
 545327
 1013724
 804344
 72573
 26431
 39898
 165896
 994101
 665808
 378599
 365264
 925163
 281535
 355975
 757101
 369003
 183233
 963448
 955471
 147814
 1080109
 675577
 531532
 1027035
 944798
 732068
 831998
 819351
 691973
 945425
 831819
 383680
 919563
 373346
 553054
 626726
 506839
 36097
 755284
 725750
 850538
 126699
 184907
 733146
 119315
 879379
 795246
 862179
 901616
 1064162
 356308
 1013292
 419560
 168888
 77902
 584077
 408646
 294209
 426888
 548457
 881097
 692264
 282257
 33301
 1066438
 1036846
 351948
 844246
 631637
 331392
 194447
 300100
 947684
 319181
 987095
 576472
 649996
 236816
 704440
 990723
 663244
 235547
 903289
 487686
 66688
 974557
 958328
 825756
 422598
 975933
 1095259
 332990
 122934
 941308
 401363
 982295
 522770
 433402
 1094926
 1048925
 963577
 67646
 198860
 910133
 259662
 444005
 1004499
 918084
 509990
 459433
 1041698
 73370
 989463
 1069486
 1025540
 803792
 26305
 140498
 940242
 628066
 224765
 834035
 899774
 769198
 281103
 730003
 841559
 638980
 125178
 802245
 728256
 693360
 576500
 880881
 380492
 134973
 270648
 333598
 1017632
 321764
 749108
 23323
 881890
 1063243
 870835
 730061
 460592
 638619
 311349
 284137
 716549
 364555
 864296
 398066
 819225
 201833
 230337
 197423
 45194
 82926
 613947
 670356
 75813
 404150
 402510
 1011255
 587805
 107545
 198552
 166786
 546156
 200068
 1019671
 58731
 254690
 482136
 462231
 71354
 592025
 717877
 673629
 607862
 804941
 27757
 189332
 141939
 282855
 236277
 33502
 109872
 205768
 331417
 583034
 313218
 1094847
 1060113
 511819
 439201
 1072746
 1004651
 261139
 37233
 1028323
 87211
 484374
 659445
 899443
 1002201
 960767
 3682
 228774
 270035
 595495
 186586
 785099
 1004272
 200352
 504047
 163080
 89502
 181076
 860320
 95979
 700291
 616221
 424879
 865380
 617272
 344989
 96015
 728760
 319551
 501162
 165381
 57917
 507583
 1067704
 647239
 174315
 240222
 419808
 221028
 500021
 124463
 146005
 720701
 313161
 179192
 181038
 62621
 187138
 534955
 963146
 15327
 1001919
 33210
 912500
 377423
 537920
 792565
 395986
 165164
 561160
 552246
 561385
 470354
 216674
 524586
 430856
 501315
 12962
 628688
 187269
 577865
 279192
 1031053
 549504
 424315
 285596
 374663
 731669
 311860
 160626
 78262
 358844
 199173
 122451
 665132
 689915
 949954
 804248
 684581
 745445
 301724
 1055457
 509308
 262817
 309587
 432980
 888447
 957370
 905505
 903643
 251877
 783898
 753650
 886222
 1011864
 1539
 247478
 661077
 16992
 710008
 63689
 957597
 977931
 536591
 1056359
 138177
 726757
 464032
 230531
 881371
 794490
 947900
 118135
 891908
 292063
 16091
 62552
 609719
 668781
 1070636
 1097925
 777074
 482437
 810745
 346402
 495840
 785479
 381025
 63396
 1083673
 559690
 969541
 1090837
 432998
 263104
 45526
 374736
 567293
 245708
 538841
 946596
 514634
 503303
 167595
 332579
 970513
 881224
 330780
 540878
 1034395
 380043
 423366
 1080212
 122319
 379505
 1039173
 370054
 429239
 972847
 832268
 643632
 300245
 770189
 789054
 854698
 795498
 264919
 481672
 429807
 227506
 234972
 71183
 749666
 32225
 88555
 307022
 98739
 755016
 1044862
 68678
 950250
 634771
 509796
 332166
 164468
 430887
 206202
 572083
 542143
 620006
 828365
 23246
 316206
 437745
 737913
 417
 47749
 619609
 417384
 883806
 22081
 528130
 634268
 971474
 234029
 762313
 680767
 685450
 546901
 318025
 995930
 1098028
 711216
 774326
 623083
 855530
 516850
 1098863
 409422
 276371
 301182
 363715
 266788
 766759
 783867
 235722
 909750
 174784
 113191
 636389
 984304
 858454
 444520
 325659
 836389
 269303
 1064762
 698619
 51640
 1044385
 180562
 717377
 1073817
 536780
 833842
 377201
 272322
 569018
 1000200
 25185
 497804
 258182
 391411
 1075552
 280111
 308044
 13452
 802895
 287909
 520376
 340205
 641905
 445134
 714656
 274886
 413845
 1014376
 717325
 697550
 335682
 897246
 439022
 500250
 665061
 386136
 986259
 884226
 997978
 598308
 101493
 384350
 872969
 329018
 552902
 589942
 44453
 781867
 366072
 1029065
 970916
 376687
 863434
 1015960
 712463
 981811
 710976
 809742
 855488
 118200
 441166
 656385
 626013
 469946
 957239
 730127
 1022416
 144803
 557801
 341148
 1000784
 893935
 331310
 876583
 196146
 227484
 221656
 237827
 385215
 887884
 541360
 737466
 850203
 455641
 418966
 600048
 917058
 376821
 332533
 359039
 41071
 360350
 344888
 342004
 354771
 980067
 175867
 471480
 998921
 33112
 1018625
 144573
 18777
 381034
 731611
 737778
 651843
 356616
 97802
 348814
 1000499
 155349
 842805
 432618
 961187
 547218
 895180
 468814
 921702
 917174
 156716
 355222
 1074783
 730302
 748399
 491627
 396615
 1005726
 312654
 156087
 220152
 67000
 610137
 522730
 592698
 176875
 818476
 299871
 592992
 486177
 811238
 610845
 496411
 856570
 807282
 311754
 735851
 310279
 187646
 501687
 472132
 135946
 1064471
 501420
 2344
 995629
 764978
 366097
 201058
 891426
 776246
 1011743
 657581
 959191
 76982
 667199
 67696
 547764
 195782
 68225
 470600
 551298
 343755
 863095
 153652
 237859
 670591
 432045
 690827
 404251
 194205
 373817
 188050
 1017160
 155641
 389662
 651531
 228426
 297372
 7911
 308624
 886885
 793264
 375856
 238674
 309351
 775343
 123108
 777156
 939390
 255093
 222532
 15199
 417153
 428013
 1038631
 85412
 694109
 276580
 1046946
 115626
 730927
 459966
 544299
 920197
 566832
 600138
 628692
 340160
 28211
 473311
 474807
 479431
 401998
 979233
 563952
 141846
 608833
 338820
 303956
 824594
 392308
 1048460
 55793
 18630
 149363
 562843
 837229
 8918
 70831
 15602
 478876
 1090371
 657588
 182632
 414427
 669460
 211898
 263212
 941950
 1065901
 182962
 874464
 99232
 154998
 524445
 773964
 1057112
 838194
 486986
 682733
 490700
 257012
 363758
 435835
 574415
 925463
 158374
 296956
 703925
 13043
 750003
 693003
 1079663
 388600
 570041
 434931
 865751
 540047
 517890
 1017047
 189306
 603333
 412657
 661874
 279506
 274949
 907853
 235902
 1064424
 841260
 185123
 710460
 7048
 547467
 579664
 599899
 774783
 1059309
 518687
 508045
 293373
 484004
 40978
 180112
 49657
 370519
 179770
 748959
 604191
 352280
 937362
 133842
 212486
 978468
 40404
 153233
 275672
 399015
 494748
 163557
 945714
 149020
 519800
 417872
 161152
 1048432
 426187
 651887
 474548
 890011
 60436
 283172
 993898
 608342
 340157
 474872
 589044
 190554
 307377
 281556
 679683
 1018239
 332126
 872256
 321747
 623745
 580088
 871955
 812333
 910370
 58666
 715171
 999010
 189677
 496131
 425941
 338167
 659802
 51398
 54356
 37655
 344673
 611980
 855956
 691052
 709950
 242846
 822179
 492342
 655889
 467772
 495246
 153666
 1059353
 14293
 24193
 999982
 747873
 297096
 104626
 266164
 306093
 457239
 320122
 534272
 91177
 319946
 326829
 439489
 837144
 523569
 354824
 905613
 355582
 165413
 111034
 785227
 633926
 236793
 824360
 321982
 433892
 778494
 327725
 358582
 580357
 936922
 539142
 754119
 681659
 777274
 70385
 849256
 171787
 582362
 620831
 75708
 788644
 982187
 437424
 610970
 313110
 262539
 656424
 91471
 446138
 231505
 700624
 305411
 40741
 342057
 407344
 68822
 452123
 309178
 614856
 1058807
 493847
 888054
 971028
 1092772
 639479
 576162
 698229
 991192
 355372
 262117
 637060
 644536
 396017
 537217
 1066605
 557441
 338947
 102115
 884312
 431794
 415928
 174470
 9822
 418012
 928368
 218265
 1012295
 337684
 586085
 576757
 810032
 693504
 114828
 1012991
 150652
 341903
 522051
 219152
 7034
 87136
 669818
 623117
 348864
 137937
 845633
 295751
 226223
 143682
 928161
 588169
 789384
 534875
 962778
 620432
 1006984
 200090
 170601
 414426
 943380
 306613
 9242
 671637
 616944
 824575
 212491
 1085918
 90808
 282588
 175407
 506579
 277703
 40503
 157899
 23660
 4124
 815224
 248638
 909598
 522492
 21105
 1086983
 666444
 704416
 1099364
 1068686
 533465
 655773
 487607
 40611
 372055
 703835
 822515
 955
 873914
 336553
 519475
 568975
 1089884
 381229
 107873
 507315
 817715
 1079623
 535334
 890150
 623200
 14338
 278432
 241435
 108363
 986701
 913122
 324856
 811696
 852639
 653962
 808190
 352051
 192208
 728231
 340123
 350521
 722403
 612488
 630623
 1099098
 1003967
 232332
 594857
 880602
 231536
 702073
 647215
 807460
 95531
 732828
 552440
 666439
 386360
 838099
 1043334
 224676
 850617
 854951
 243566
 558612
 189674
 740997
 584291
 142539
 352697
 854985
 29624
 391640
 528831
 621771
 385805
 1066893
 1088966
 1012712
 231541
 77471
 21634
 736815
 189202
 589670
 114863
 370648
 1056215
 236472
 797645
 182919
 579975
 835858
 291253
 97544
 552831
 1088382
 947193
 247851
 130693
 23053
 1003782
 143720
 108377
 76693
 428659
 100433
 159763
 418090
 729713
 608118
 729514
 476491
 313797
 962927
 99473
 182380
 323480
 555676
 494594
 209507
 139043
 772895
 1076278
 280355
 989168
 501144
 1070267
 648131
 822235
 898910
 954586
 467761
 765650
 319828
 142995
 507345
 392070
 636965
 71308
 996781
 484410
 341374
 290863
 113342
 1034680
 484983
 581636
 646322
 868186
 755386
 440244
 795695
 405681
 521833
 488832
 1040214
 301248
 28045
 229631
 979739
 892302
 909246
 783779
 751296
 344649
 281196
 877458
 793284
 789975
 57445
 599238
 712145
 979578
 1037522
 882398
 700124
 403482
 395016
 699158
 517269
 141356
 511760
 848962
 419906
 955294
 915143
 507327
 1094801
 819442
 559622
 271273
 972299
 799341
 514177
 280912
 1022171
 530435
 440324
 107376
 45305
 151403
 57947
 253555
 114913
 909694
 742563
 895447
 513664
 810533
 378603
 1004767
 413047
 5987
 262410
 907529
 65536
 61
 565311
 1069027
 547970
 55745
 858516
 177272
 90138
 776785
 257727
 652290
 983028
 375645
 1063560
 1008962
 703539
 608450
 1038333
 1072655
 1047204
 79844
 1016547
 1059828
 994991
 535087
 171594
 626494
 660912
 810525
 1021409
 519013
 329677
 825931
 37112
 240096
 205715
 1014687
 172357
 557909
 772113
 21839
 873334
 960294
 178660
 560325
 187721
 878390
 782283
 671805
 819481
 655105
 420121
 565810
 1084352
 944495
 521324
 272235
 864765
 856096
 1058756
 183258
 988637
 257265
 848548
 853243
 708309
 25541
 616729
 229706
 255323
 60777
 304228
 254506
 492511
 295356
 826472
 663513
 508021
 255606
 30014
 1094539
 130949
 608152
 485159
 406733
 96904
 17089
 59690
 223213
 977056
 692596
 1005418
 974438
 739175
 508482
 699971
 824252
 155755
 747473
 267214
 367936
 863452
 161467
 820530
 128277
 1008652
 492314
 84139
 1071612
 425360
 568969
 843179
 689760
 815052
 183967
 1013700
 439140
 814780
 898146
 785894
 76131
 715661
 728833
 603104
 263208
 1035005
 142984
 72469
 619507
 873271
 277403
 474682
 1011336
 877467
 127853
 326862
 714763
 1055660
 1072431
 82988
 392373
 862707
 808890
 715843
 46932
 406013
 284951
 712400
 283443
 653533
 313888
 513055
 1017031
 722270
 511708
 695348
 133889
 749599
 361525
 161299
 398841
 281325
 1058708
 541645
 497547
 320153
 859960
 245124
 368615
 199919
 35612
 118057
 523577
 174769
 588754
 626907
 989435
 389714
 552570
 891553
 44140
 593741
 554407
 10631
 402404
 70290
 3504
 131824
 341684
 231528
 525293
 819072
 1076310
 1031189
 652577
 545597
 415430
 845103
 142878
 164145
 693453
 527770
 750777
 682474
 1088694
 784020
 1015177
 840587
 113780
 506090
 796331
 529870
 877474
 336141
 1022067
 894831
 340368
 552564
 625919
 253594
 957748
 299888
 1004164
 315857
 1096087
 955413
 200003
 373412
 253976
 341769
 348135
 381658
 589252
 709053
 968862
 715097
 804378
 390114
 489926
 277954
 802471
 342730
 517389
 414182
 399558
 756840
 204580
 727391
 906283
 194644
 147205
 1012496
 654292
 1052746
 517324
 109808
 15173
 518640
 427243
 249507
 664917
 914395
 390977
 469169
 664835
 84097
 853059
 548698
 753154
 552917
 600803
 436950
 415599
 558358
 1010561
 565921
 583527
 130610
 981721
 571316
 391543
 422328
 992022
 556076
 998937
 491479
 971269
 209478
 507273
 370006
 286907
 938227
 778636
 778750
 970097
 99590
 1034812
 667687
 636151
 514228
 446048
 1019804
 628607
 1029177
 724160
 217316
 826622
 373752
 254723
 727162
 67254
 21423
 1072531
 398651
 714341
 1018920
 945395
 915659
 647927
 945428
 430639
 109347
 258326
 75713
 559002
 416058
 712351
 989184
 213072
 1042245
 1000357
 85324
 207928
 994968
 457092
 611049
 326679
 591898
 1010440
 879249
 86913
 254695
 747615
 1071487
 966989
 287607
 464105
 402397
 873808
 69081
 904083
 865967
 24614
 568666
 68097
 857096
 194752
 574853
 791755
 743586
 158651
 116495
 3284
 963970
 990059
 922342
 850266
 46594
 31983
 361081
 610579
 236786
 959561
 950048
 527473
 808283
 666517
 425602
 661115
 812877
 890255
 427567
 375472
 406740
 447084
 665288
 322400
 890732
 561149
 582066
 700427
 588349
 780399
 58828
 1010811
 957543
 449930
 24056
 774504
 826957
 484375
 898145
 814005
 343587
 856477
 864258
 495587
 116343
 104009
 670605
 964670
 604477
 684355
 244319
 481282
 124188
 655700
 42471
 158611
 58380
 351454
 699109
 208254
 445310
 378737
 179543
 1075002
 972079
 273228
 201428
 1061311
 888858
 413225
 718205
 155725
 1080171
 623532
 59996
 366994
 657523
 1012328
 1075897
 264458
 16094
 270583
 20639
 595750
 947234
 912935
 469596
 730237
 467781
 412821
 448361
 993884
 677759
 912213
 284858
 665836
 600564
 787158
 1053684
 668564
 1093009
 638551
 256458
 1077399
 415320
 1090837
 109954
 969184
 177116
 238538
 495647
 483544
 404090
 706289
 562945
 1069963
 259542
 308926
 239732
 152035
 250414
 967394
 118086
 627118
 942910
 677393
 66102
 1066356
 514095
 806854
 570434
 212311
 858779
 404067
 63874
 440374
 946212
 783056
 97165
 81713
 320137
 723235
 460715
 225868
 577755
 265625
 59979
 617382
 1043626
 374936
 751532
 419537
 1060767
 690252
 699009
 1049997
 308445
 1005180
 27065
 570482
 660857
 495919
 316661
 764960
 761913
 526367
 836754
 860388
 500362
 45418
 791603
 151351
 759838
 278826
 331465
 729318
 769096
 5704
 439182
 962567
 501579
 301436
 330094
 578404
 846268
 502265
 854796
 165000
 822915
 338166
 125627
 718269
 242737
 1027530
 308235
 353465
 366798
 994916
 178482
 545186
 752769
 805264
 617075
 967129
 654034
 593923
 598886
 264011
 891905
 835751
 1028661
 753271
 184859
 700314
 391753
 761588
 809086
 494004
 187670
 669621
 920800
 739301
 425261
 182774
 1037684
 147570
 618620
 825079
 303342
 541318
 660040
 803716
 339607
 52237
 928685
 451932
 1076161
 572861
 773515
 191770
 66460
 1039182
 550336
 755331
 684868
 301483
 191765
 298163
 273654
 56151
 158564
 151259
 713910
 705919
 595128
 665240
 968170
 52957
 430843
 619387
 1046299
 356029
 169511
 446519
 70082
 860541
 671917
 784998
 673499
 921935
