770839
 255731
 768785
 174015
 802409
 506874
 148221
 485585
 764897
 153658
 990511
 25630
 442384
 206249
 549089
 974198
 1043371
 336461
 218067
 245569
 675517
 455807
 983829
 123738
 964752
 232350
 343996
 1056539
 813305
 918074
 318605
 473963
 352181
 513275
 1086706
 29067
 132693
 121500
 965021
 112920
 419280
 709042
 778996
 747332
 54549
 683940
 1097490
 84765
 1015066
 837337
 1051608
 589791
 654214
 304850
 824779
 306536
 1093837
 704015
 34405
 186248
 724095
 922984
 927105
 396468
 577539
 155494
 492579
 32393
 637926
 11675
 823873
 780692
 795759
 655486
 631721
 1089777
 259028
 645206
 523592
 261748
 288641
 966175
 107940
 855762
 1046866
 354861
 376569
 419752
 78406
 256676
 1035831
 152330
 139388
 304868
 32425
 862577
 942475
 166572
 277820
 530979
 49986
 775021
 758602
 131837
 1064225
 119787
 286042
 883264
 574596
 221815
 878649
 992694
 148265
 171170
 355008
 1056368
 477244
 541130
 68087
 484574
 1011782
 941644
 1003428
 687060
 705030
 439633
 941366
 353448
 298447
 67875
 503387
 263211
 467785
 227809
 1044808
 932432
 230547
 138431
 623260
 573705
 144758
 106461
 816546
 777281
 1012840
 601274
 19298
 417306
 676555
 577391
 834895
 738752
 663535
 903196
 460765
 362028
 49219
 1069106
 726508
 841647
 14470
 11842
 182551
 182230
 34941
 675545
 970377
 219105
 885558
 758731
 901655
 644422
 424871
 365545
 445644
 895903
 914965
 850762
 338754
 104177
 199096
 397416
 349995
 791028
 1064534
 681868
 418599
 753406
 460883
 1031147
 358990
 128758
 714317
 271475
 407338
 751659
 254681
 97
 765313
 297244
 173914
 830595
 934186
 322525
 479293
 400367
 908415
 385727
 466367
 376345
 615832
 897994
 124408
 728198
 1024216
 285162
 225200
 868765
 792147
 535734
 872435
 995494
 420953
 438903
 896722
 763452
 174707
 359429
 902093
 48179
 50195
 719472
 768302
 494064
 605712
 1079170
 579484
 98492
 325148
 946983
 396099
 672807
 481791
 768393
 277781
 700434
 882378
 185819
 270511
 323329
 1070825
 701887
 345024
 866640
 131349
 477078
 120563
 464477
 557587
 384677
 1093934
 778191
 446182
 151365
 215383
 756126
 81749
 450305
 854295
 757801
 330348
 160623
 61678
 997308
 436840
 1008480
 1012581
 349076
 484348
 92184
 1035630
 313893
 307924
 267572
 361520
 799867
 280604
 39243
 247941
 1076235
 894413
 196677
 311948
 798985
 104809
 571041
 687211
 711142
 238433
 410784
 474422
 452887
 382462
 451469
 692981
 816052
 305079
 614216
 193798
 22033
 215164
 1011281
 73630
 469772
 123773
 393049
 53070
 848664
 702683
 476603
 1072408
 694979
 103614
 393889
 411724
 723864
 376230
 79862
 589792
 303594
 1041924
 808675
 69172
 892672
 377116
 402324
 905877
 182526
 918646
 567769
 74616
 879021
 548225
 345066
 134592
 63713
 983086
 782664
 385553
 71941
 963444
 194736
 405047
 861527
 862835
 862430
 710089
 209178
 564770
 1036946
 646832
 235793
 204973
 223734
 1056439
 151997
 618140
 4164
 775312
 96128
 220530
 4638
 499296
 100684
 735960
 24247
 973608
 765689
 683601
 682572
 923134
 951957
 916507
 649603
 756647
 200009
 709053
 402312
 491965
 522129
 223032
 698634
 550617
 108226
 163157
 851459
 71966
 981317
 574312
 485919
 197556
 263756
 103578
 144698
 1031282
 336100
 394569
 747271
 851740
 108145
 393286
 9689
 565832
 887005
 716815
 480415
 610834
 571212
 227899
 401970
 438210
 423346
 192229
 96622
 88358
 880389
 908099
 191820
 464751
 418794
 338392
 50837
 951487
 860447
 440188
 955004
 677660
 539058
 195274
 842605
 713527
 702109
 640836
 701294
 129218
 300305
 983487
 728162
 413970
 853711
 752355
 197753
 663662
 391318
 1005842
 442928
 556547
 624885
 169426
 696873
 340425
 76084
 406704
 165129
 393332
 841775
 879950
 291360
 907236
 603940
 257969
 256971
 245987
 266245
 214593
 427649
 592784
 50709
 589599
 275605
 1002608
 976507
 781506
 507456
 857691
 143797
 488515
 88739
 349319
 34491
 144537
 453647
 1067625
 1088505
 351187
 134543
 331106
 441946
 624025
 385703
 746759
 1042752
 331243
 363520
 863399
 139024
 779652
 881460
 1062615
 909329
 986368
 211457
 386911
 236983
 872253
 263455
 299810
 122279
 46381
 629236
 1001402
 861110
 113276
 851279
 1003099
 255772
 621446
 245017
 634212
 80442
 172547
 129767
 742521
 731866
 1037851
 224498
 636088
 259794
 407182
 343969
 655476
 872910
 863369
 137499
 791850
 1037924
 636316
 664868
 920573
 589690
 251270
 445324
 29700
 770110
 702669
 524986
 736628
 709689
 682425
 1042827
 195070
 442945
 917285
 197818
 1088651
 982968
 949862
 658570
 1057286
 937870
 604333
 936014
 847247
 13430
 967464
 279686
 661846
 531329
 224190
 338899
 485348
 655115
 582834
 458645
 799512
 1040993
 235054
 684662
 923529
 102014
 552552
 975719
 186018
 272407
 175203
 352209
 829207
 509261
 502411
 133698
 189327
 287002
 166413
 796995
 82403
 367557
 1024817
 541223
 1076648
 602766
 892417
 313561
 67929
 382774
 94887
 815318
 455730
 679938
 796880
 791855
 43509
 307237
 658395
 217562
 570193
 428158
 726083
 842213
 259628
 842642
 422827
 485898
 502869
 964867
 268711
 754333
 511674
 1097308
 865806
 412569
 546674
 635230
 10668
 549876
 574724
 789816
 59630
 391612
 416143
 633587
 138639
 634439
 1092925
 765333
 407782
 699051
 30115
 740766
 1092347
 1014957
 874878
 435636
 557663
 583990
 514823
 579699
 194154
 157691
 854466
 980154
 748511
 785177
 71556
 383926
 1030787
 200516
 668219
 1030616
 11419
 273849
 1009715
 346470
 738475
 18609
 233131
 600895
 23482
 769809
 758847
 191720
 762585
 1052000
 829727
 663289
 317166
 572946
 436799
 247948
 350809
 248397
 349634
 1025313
 8551
 173364
 812319
 340316
 713870
 651415
 1076761
 845179
 549532
 60966
 191783
 52563
 1084251
 303102
 1070642
 532189
 245229
 370126
 743496
 299173
 121654
 300809
 479653
 259130
 960562
 389333
 155434
 151704
 396130
 357582
 194757
 605065
 979240
 941307
 129323
 914125
 78599
 1056343
 568632
 863332
 876518
 653486
 388369
 91638
 1094850
 706208
 360464
 158644
 761210
 12516
 939133
 727556
 448351
 898654
 663812
 142441
 892667
 234781
 812330
 888376
 137747
 252589
 1014036
 114190
 296560
 625901
 1032382
 178169
 920707
 269473
 577883
 192279
 442173
 468718
 535261
 315113
 236936
 302367
 1052986
 794656
 570661
 688387
 751865
 444313
 157404
 1076101
 498727
 204297
 257474
 818453
 66146
 388113
 56925
 467210
 711740
 567039
 388415
 429163
 555137
 121792
 389309
 957983
 849289
 422790
 805116
 578910
 302623
 507891
 925650
 824965
 1058265
 143956
 997516
 1048248
 39732
 205162
 578467
 849798
 613911
 382936
 840990
 763055
 205809
 833488
 970713
 212944
 221807
 78393
 277398
 155945
 448749
 209301
 631596
 390756
 772175
 707304
 111955
 228400
 765027
 15782
 585991
 1038776
 1031335
 378871
 1072099
 673325
 328772
 613027
 802118
 191120
 701069
 445814
 607097
 970162
 311725
 416709
 4827
 296485
 546294
 984730
 949779
 593143
 255192
 180464
 445174
 345180
 142307
 487538
 24988
 136386
 795100
 615867
 313354
 758430
 184140
 572264
 260838
 271434
 260830
 994657
 117301
 720874
 595890
 934225
 626314
 971469
 351763
 416777
 695726
 248947
 14500
 264310
 728599
 763450
 991318
 931675
 204740
 573097
 755497
 1085002
 819225
 961876
 213090
 982664
 981372
 709017
 21959
 95139
 60725
 39900
 100657
 806546
 88882
 656083
 133803
 879026
 148113
 607048
 900379
 38850
 232677
 674476
 38640
 47591
 979131
 674841
 544049
 223417
 39767
 836627
 1024349
 1056858
 949131
 336093
 1053662
 375951
 900697
 461366
 1050065
 988791
 418603
 1054633
 333277
 494424
 533819
 196156
 479076
 511772
 809026
 582068
 714346
 1042310
 871371
 557991
 598236
 463559
 37205
 236992
 125412
 678081
 631493
 78483
 19330
 519033
 1058940
 305738
 167018
 413515
 114424
 3575
 1043602
 404421
 935417
 654778
 282163
 286872
 753413
 416577
 612725
 172330
 758500
 531836
 993826
 6776
 895056
 28559
 345559
 324398
 147205
 204472
 823749
 957141
 264848
 295861
 490493
 473982
 259270
 925788
 284600
 258108
 8739
 334068
 317800
 402035
 345754
 280571
 1037421
 199411
 57137
 638658
 1074232
 893070
 557819
 50468
 174485
 747323
 586187
 227357
 1066393
 26805
 369548
 561253
 265894
 113310
 372068
 934791
 595182
 218950
 1091543
 510653
 711203
 636709
 894596
 512780
 1011953
 123265
 441162
 869348
 50719
 437304
 865928
 922472
 613002
 755191
 969961
 711517
 505005
 225091
 919234
 402747
 592141
 310073
 429172
 537696
 81372
 253543
 671679
 82741
 764482
 287711
 851723
 734796
 426220
 149773
 383324
 173806
 1075580
 685846
 197969
 72440
 539563
 719734
 156885
 956974
 467578
 352313
 121662
 227364
 586443
 253289
 1092050
 8718
 782400
 396962
 103823
 813471
 611244
 117435
 278542
 1014939
 628950
 1047298
 211658
 1068870
 438375
 386579
 742518
 566006
 755611
 651120
 160923
 1001193
 699481
 361646
 873710
 791528
 248481
 497044
 232754
 10458
 959810
 497993
 904255
 751454
 841237
 887989
 352596
 264863
 724560
 229300
 996986
 824428
 708077
 286639
 520039
 901242
 571467
 562480
 70159
 254900
 1074592
 696566
 72984
 92319
 891324
 384194
 762676
 425044
 773917
 628853
 900671
 1040985
 587009
 231792
 1056923
 165165
 115079
 813504
 268028
 462392
 576490
 399390
 567990
 1029854
 728771
 183804
 594329
 644203
 949415
 779563
 67752
 113738
 923387
 483449
 445735
 599824
 731162
 1029636
 724641
 1075023
 324917
 1062156
 625024
 791361
 441329
 95956
 1071392
 754699
 947763
 618604
 192819
 86336
 27177
 411459
 858915
 501570
 1038451
 107386
 250532
 1099801
 153903
 72306
 491810
 87199
 391681
 214776
 581818
 930490
 1088391
 685455
 299078
 1085578
 196849
 488264
 70127
 789330
 75206
 452863
 784309
 953896
 349949
 706444
 912823
 377107
 690299
 801143
 40325
 219382
 538376
 427182
 116474
 460807
 100208
 814454
 455078
 420441
 38902
 764114
 347196
 673584
 850700
 310465
 932560
 717915
 662379
 855274
 406316
 784369
 978257
 34176
 383509
 823733
 633694
 573021
 396342
 260753
 789528
 189305
 296361
 529587
 813147
 5873
 989496
 827451
 201663
 719931
 907045
 394323
 588814
 352941
 1093766
 996177
 662392
 413865
 469381
 708851
 224205
 766278
 142224
 194086
 362347
 996843
 920496
 227836
 495616
 883941
 179038
 67083
 830140
 692483
 490771
 1092090
 183899
 825666
 339952
 1092868
 276652
 186478
 262683
 470771
 233366
 264670
 691588
 308015
 518130
 419094
 179815
 36195
 82261
 46154
 39694
 410705
 237205
 823396
 1063942
 863057
 213162
 775692
 823448
 52947
 926549
 698415
 564235
 1083830
 699933
 1076179
 586848
 568886
 1016374
 356142
 907882
 246073
 729852
 1019978
 719075
 1083464
 501581
 175531
 1005126
 430832
 1091240
 765410
 910121
 257133
 401178
 968283
 620576
 17123
 873820
 506378
 696590
 657917
 152542
 1087947
 1033149
 66957
 84300
 1024000
 810345
 173814
 230776
 890855
 261353
 700436
 464769
 184813
 972924
 644005
 30110
 1061223
 247891
 1059157
 918830
 567304
 130186
 630258
 938349
 911007
 618546
 1023253
 721671
 377981
 681374
 1047302
 736516
 1097888
 213093
 798325
 1004691
 580022
 629862
 353469
 720746
 640721
 956880
 695378
 923361
 1054338
 707103
 8407
 755231
 10475
 88114
 157144
 722398
 504932
 373719
 473927
 223730
 806781
 792707
 341510
 909953
 4174
 968702
 733780
 751952
 603122
 501763
 591080
 338280
 510207
 28824
 533661
 812719
 399011
 274436
 865904
 73617
 462743
 135522
 758196
 121475
 670372
 825789
 748640
 348220
 301460
 508434
 787116
 111413
 205622
 687029
 445704
 734697
 920484
 297834
 633504
 849419
 359741
 367311
 145708
 970527
 156971
 487551
 151735
 436473
 344674
 930497
 1045133
 45998
 141012
 556077
 756263
 71147
 724422
 645764
 610702
 241565
 135842
 744683
 860646
 88115
 710567
 602221
 702931
 178640
 483707
 62182
 1093441
 24945
 575389
 432689
 334677
 893569
 710077
 257805
 669980
 516834
 133487
 88369
 744095
 1057845
 114487
 251807
 893877
 1066620
 740609
 2666
 96857
 746413
 993603
 307831
 643712
 1006942
 147681
 292127
 134902
 229257
 115795
 787434
 403090
 929512
 714404
 154259
 716176
 61405
 419095
 803689
 1083176
 159612
 714169
 1027489
 182463
 1042408
 244725
 742478
 1033453
 771621
 711514
 773223
 81252
 550501
 287154
 952496
 642585
 638192
 828677
 166085
 225146
 425976
 607231
 930481
 596431
 475892
 323973
 822947
 496008
 766413
 772431
 959827
 547335
 473691
 490418
 1064198
 633300
 225087
 105715
 584552
 987659
 332093
 663053
 1055865
 67581
 72152
 507641
 464921
 1016846
 454738
 611112
 516482
 1075146
 170028
 937397
 789990
 489153
 332142
 907694
 815198
 923873
 101219
 229632
 180226
 550972
 844948
 699290
 890891
 178880
 317978
 416135
 188741
 269214
 948659
 488947
 924373
 726204
 867375
 995067
 964586
 657579
 837901
 757607
 250496
 611452
 432951
 864448
 1004723
 178453
 712699
 797862
 1084263
 1024924
 163712
 317575
 252736
 742417
 923585
 737892
 1046153
 352937
 683097
 645693
 777051
 3827
 784382
 558640
 81923
 80780
 564748
 362682
 628656
 593628
 190148
 343248
 746363
 143380
 801561
 636912
 874211
 125605
 591557
 52799
 788811
 852344
 213602
 356192
 179101
 1076996
 458936
 155688
 1038846
 740170
 525879
 721813
 657754
 611163
 222173
 304482
 511030
 4825
 492711
 141285
 263784
 275954
 617678
 94885
 405666
 134799
 729243
 588417
 994450
 1093802
 62980
 23794
 537494
 566485
 279898
 478014
 839627
 273924
 632471
 886491
 251695
 811077
 226333
 17197
 481570
 708437
 296595
 724652
 607504
 592750
 975810
 1015780
 931088
 10884
 296950
 598671
 300715
 125062
 209639
 630924
 17572
 81071
 586343
 897909
 507377
 351033
 757093
 266186
 236603
 640663
 938179
 299608
 689128
 809507
 638149
 184069
 582617
 759702
 9594
 790644
 172120
 730743
 263032
 558189
 163428
 756039
 911860
 1065931
 844998
 1033143
 645355
 245497
 957464
 1067678
 380219
 124111
 645439
 435449
 607357
 624737
 172478
 421691
 193733
 806679
 1030021
 917826
 448334
 175481
 741152
 801318
 65120
 951291
 141534
 206612
 788274
 63302
 980988
 967709
 602318
 813846
 535138
 608839
 813935
 286721
 447550
 733534
 587181
 236117
 161962
 314514
 823653
 297720
 768365
 485736
 1048912
 480483
 526951
 86408
 1047954
 714206
 745196
 898095
 78761
 132738
 1055730
 991670
 48719
 970219
 97097
 142857
 1012536
 245206
 944131
 251834
 1045450
 461273
 517314
 953726
 302407
 322881
 351283
 661280
 848652
 672726
 628434
 951941
 135716
 663549
 480458
 568638
 242175
 1092139
 435237
 544332
 904146
 615655
 934848
 1093986
 525075
 1043087
 272467
 329982
 380782
 965473
 268036
 963263
 387781
 879770
 112391
 27162
 465814
 86846
 370828
 622490
 9247
 714971
 986795
 772498
 355113
 964999
 937793
 550866
 1086060
 779170
 235867
 646820
 380348
 653154
 50341
 69457
 209918
 394436
 236904
 637526
 884630
 319491
 51001
 895456
 362147
 350976
 263683
 928686
 921298
 526819
 927106
 934260
 445144
 143047
 16008
 1035605
 815498
 161735
 850459
 760005
 151958
 995085
 619650
 466819
 832901
 943424
 595802
 684784
 39205
 195307
 683054
 717723
 892370
 657425
 244011
 22375
 633206
 64636
 931346
 688663
 740284
 321511
 199589
 734556
 1075391
 17216
 515748
 316547
 213783
 955932
 866722
 423152
 1051628
 84974
 269676
 437460
 3860
 945222
 438833
 122322
 487818
 617967
 26085
 789764
 729574
 1038934
 994972
 1057512
 119085
 192672
 564768
 989284
 730280
 660046
 723990
 712883
 396265
 370406
 755913
 555486
 154277
 706667
 808965
 726153
 294580
 851472
 389199
 812885
 975634
 972357
 819639
 626176
 1062942
 825064
 890738
 884663
 64089
 91794
 449455
 1057218
 703118
 38310
 864920
 392732
 242000
 642707
 905077
 991676
 824696
 227703
 313210
 696198
 544156
 124532
 1097786
 449629
 1082546
 347076
 487538
 985553
 1084211
 716187
 781725
 163699
 453533
 633509
 677083
 397405
 1081396
 258711
 800596
 619188
 984659
 724334
 116970
 958422
 551180
 724249
 415926
 187741
 119356
 13289
 730545
 698586
 761131
 248150
 927452
 426784
 516517
 664035
 587342
 722598
 325216
 446023
 117470
 490786
 312165
 1015021
 359880
 897910
 738845
 514945
 350034
 1059221
 660506
 790813
 228116
 407862
 645181
 738170
 659118
 682084
 1037273
 359583
 102216
 102867
 176211
 141329
 515748
 814555
 421851
 166012
 408806
 695216
 63013
 530503
 318490
 459001
 946660
 943140
 303422
 1081636
 195420
 1004172
 736089
 495600
 332650
 992716
 502394
 292010
 1043393
 875658
 26465
 63175
 422154
 766831
 831809
 39185
 1032439
 894463
 509795
 192819
 238928
 976640
 216448
 785547
 839910
 643535
 521961
 722896
 245541
 304942
 571967
 845961
 1003279
 391064
 104862
 414850
 1070280
 561980
 550804
 798466
 748126
 1089268
 243810
 394740
 452120
 370952
 391995
 720737
 188774
 563481
 347529
 372422
 831126
 1091644
 1095970
 650846
 31107
 589042
 370676
 293318
 1081004
 100902
 467861
 406984
 795781
 760482
 767949
 805759
 515662
 534997
 285257
 702188
 860395
 1005209
 113394
 676815
 396704
 455142
 901345
 63648
 461665
 284161
 245067
 1018319
 1024817
 739233
 1085479
 695096
 1002676
 926043
 35415
 255591
 159889
 36283
 37523
 737339
 354015
 896841
 789959
 500102
 110806
 96483
 883414
 600357
 747009
 933317
 336829
 946161
 975114
 755206
 755964
 264611
 147941
 55854
 378882
 235848
 861528
 33104
 246819
 476416
 987258
 1001880
 595404
 25993
 631245
 157427
 1094283
 1072306
 33915
 574961
 476797
 694581
 1011927
 484162
 310942
 934711
 291774
 618241
 644027
 688276
 77975
 793663
 197333
 798283
 870256
 367387
 802641
 1095723
 792671
 416136
 445987
 301691
 1002445
 800785
 954026
 489270
 122006
 406390
 80785
 673881
 635774
 639570
 556716
 672644
 601517
 220481
 384751
 878309
 308772
 762746
 1090911
 482939
 765536
 369198
 643514
 852055
 378291
 616467
 831572
 370625
 927495
 256071
 345202
 42227
 645857
 431888
 825591
 48859
 559318
 288852
 161837
 66124
 1010841
 227200
 677707
 658834
 376070
 991752
 304762
 9821
 849036
 12894
 1085089
 1061078
 405941
 909530
 205599
 180914
 466620
 1054302
 146671
 995043
 351905
 799317
 633235
 602564
 984639
 682795
 287156
 290850
 446358
 74058
 62556
 42708
 316111
 142067
 818030
 848249
 321300
 278122
 1047736
 96586
 1084062
 36860
 252335
 304970
 874167
 76001
 376007
 913360
 231166
 756306
 571292
 899757
 753050
 447847
 19942
 25489
 104171
 28811
 963908
 373297
 1040257
 756548
 316777
 100702
 31324
 234838
 956716
 138413
 60216
 486090
 904922
 652414
 1029513
 966469
 570295
 1015444
 378591
 72007
 557839
 842616
 64399
 698503
 280617
 69907
 432564
 201697
 367051
 984794
 960551
 277505
 84454
 62018
 368373
 568492
 1046079
 946780
 708583
 774574
 787351
 71129
 620588
 650383
 180157
 404144
 507487
 12494
 731142
 998486
 699143
 252449
 576965
 878096
 143191
 720288
 796517
 6703
 465499
 614294
 808902
 1099273
 941855
 870589
 966931
 603355
 794189
 159537
 982948
 971427
 849382
 202077
 1041996
 1002523
 6301
 241193
 23674
 50698
 371018
 595555
 69781
 170290
 254138
 670320
 755010
 385096
 953807
 16569
 727466
 344984
 41614
 742732
 183484
 174615
 510965
 26632
 802015
 265149
 835447
 550778
 93104
 688961
 389355
 339210
 994404
 247627
 471035
 916516
 261287
 169174
 1087948
 648068
 285615
 799622
 685957
 728587
 404727
 1080987
 408520
 863604
 55902
 280080
 200703
 582910
 192030
 438818
 749314
 294403
 568504
 216383
 812866
 1087018
 663435
 473108
 962897
 608970
 303804
 17875
 484424
 324720
 823646
 1029980
 624902
 695581
 1079739
 1070263
 54859
 542763
 368868
 286602
 21944
 976080
 792245
 523100
 1097993
 938046
 48920
 685388
 1061102
 957956
 472907
 208499
 431927
 16170
 854453
 275857
 47440
 347955
 1052531
 476540
 579727
 1078025
 863693
 427617
 584519
 1098003
 295698
 452673
 387486
 96878
 128681
 948942
 873074
 726187
 169308
 1096906
 332377
 234460
 927378
 981992
 1070014
 981156
 281519
 689665
 366746
 321365
 233748
 694608
 984633
 495545
 574777
 464525
 699618
 449071
 543802
 505354
 500046
 740438
 409266
 104199
 588845
 859339
 560387
 54192
 511995
 988514
 372728
 820425
 1035683
 46385
 75279
 644925
 117691
 641169
 334619
 330008
 104519
 241994
 671960
 192484
 157578
 1011093
 556573
 951387
 864119
 1068058
 993799
 167750
 320615
 352153
 70873
 1084190
 64269
 791755
 917995
 262026
 92684
 861773
 672154
 695724
 875507
 1066331
 368698
 894195
 746249
 246327
 1017756
 12135
 485431
 103795
 420193
 1089880
 152523
 758461
 760535
 1047393
 445865
 398806
 281589
 652179
 1081927
 1009718
 1058817
 820558
 786374
 515294
 93325
 97290
 258002
 927274
 30073
 638200
 1050409
 203057
 292519
 77340
 276684
 135003
 433487
 910119
 884563
 324128
 1016028
 734965
 210560
 126188
 46365
 167893
 127337
 865197
 662834
 800250
 648896
 144742
 497789
 633290
 523245
 235004
 515450
 336647
 374915
 410072
 755305
 104676
 1084701
 896573
 82348
 589888
 204542
 791889
 1050496
 179412
 372904
 294035
 1035709
 622925
 442806
 550837
 88962
 773590
 839263
 208604
 189776
 432909
 885931
 813389
 424416
 277347
 232246
 934063
 1019499
 41367
 477768
 404101
 364775
 838212
 65836
 904288
 147921
 775169
 362487
 407071
 481675
 755093
 423868
 452084
 776138
 385860
 294940
 345266
 451953
 573695
 140001
 1038128
 1042747
 879515
 281605
 400163
 382849
 997537
 1061711
 122450
 233246
 564061
 755604
 480704
 431331
 289895
 341361
 1039641
 873070
 120268
 638739
 1077631
 508468
 738421
 898706
 660663
 546026
 36225
 1031441
 996334
 229182
 240785
 625949
 889462
 659767
 510434
 392524
 800432
 433797
 676808
 447487
 1029297
 450986
 381188
 1063804
 324333
 215414
 811296
 641364
 430116
 890970
 490605
 42218
 408862
 355890
 559968
 362149
 562356
 4980
 374454
 944873
 506042
 835119
 545110
 664535
 349948
 129382
 779317
 984694
 827880
 554147
 606839
 809157
 559596
 326497
 832761
 962349
 784252
 854911
 915775
 416571
 247311
 188776
 204332
 619623
 210176
 846039
 930877
 363772
 450624
 154019
 427616
 819118
 865618
 41341
 17606
 1096471
 990657
 427108
 233556
 215579
 475794
 383220
 1078601
 1062026
 652094
 334800
 350141
 648407
 927352
 246094
 27229
 951530
 316272
 497271
 554164
 1097885
 194931
 155439
 552384
 285743
 491992
 728510
 590884
 1027003
 631799
 843378
 430954
 1000185
 485154
 193596
 354110
 232295
 896739
 781809
 23361
 731774
 900998
 966942
 582675
 138088
 392060
 224764
 940181
 407476
 668760
 617243
 641492
 985545
 389814
 931283
 957250
 612076
 231858
 827982
 1038479
 43104
 1081685
 1001201
 561498
 935254
 451580
 741149
 47490
 943195
 114266
 271
 563520
 72916
 736086
 85934
 352205
 720753
 483139
 31962
 136262
 857500
 397710
 1024742
 56732
 88429
 1080926
 602878
 1093615
 675396
 540999
 1028340
 90803
 471956
 762264
 1003539
 178253
 275979
 452014
 953608
 139586
 241178
 671262
 446635
 684162
 1035806
 827329
 297757
 702078
 764940
 76434
 129990
 715752
 13194
 1017759
 1092009
 799502
 1015725
 640797
 174533
 1084370
 317757
 786686
 347773
 482000
 567512
 400545
 656111
 816743
 424073
 915313
 294174
 518291
 459643
 454793
 974943
 474653
 1040030
 415681
 294231
 936951
 734685
 253022
 112005
 906951
 416040
 825402
 865616
 761103
 786488
 1056560
 490384
 389383
 909958
 645350
 792356
 282588
 778238
 1001153
 26102
 176700
 136729
 459124
 681271
 616759
 865761
 1042445
 638837
 631772
 24995
 244594
 1048870
 750912
 243641
 720677
 302031
 213971
 904801
 519432
 451154
 583856
 79197
 889636
 485533
 357732
 305070
 208108
 280194
 293051
 336023
 207961
 259767
 121943
 1046428
 490001
 183650
 370027
 80857
 795944
 146338
 760040
 298741
 402898
 945332
 955945
 496200
 598567
 583146
 366040
 655774
 849019
 772064
 562649
 830953
 740077
 301610
 798208
 1020080
 664185
 619020
 639419
 642485
 274386
 723229
 340122
 36095
 329639
 835858
 870189
 243584
 242537
 433987
 419524
 913495
 806952
 207780
 607345
 300791
 888876
 602105
 675599
 394962
 108137
 898981
 36027
 673963
 851236
 336027
 646975
 485926
 1099266
 872425
 70242
 566040
 187994
 598690
 960933
 838356
 356751
 838314
 1025426
 479563
 945065
 510723
 434596
 525335
 674779
 991605
 346294
 181572
 785467
 707288
 577754
 126672
 440526
 342876
 779520
 741115
 997609
 2555
 901986
 359067
 505461
 110306
 862060
 354098
 148011
 752107
 635018
 655870
 722509
 959183
 187740
 147041
 486988
 562314
 280460
 48015
 790991
 745436
 108408
 626393
 81315
 959685
 357718
 402199
 855997
 742077
 150147
 764602
 278494
 1084613
 1090000
 779179
 269888
 593944
 142354
 102835
 836287
 227322
 924487
 852976
 1036370
 514489
 271503
 177934
 46570
 349084
 155008
 609463
 1013815
 9558
 193820
 417529
 43388
 201645
 620563
 138637
 164634
 607277
 969426
 703743
 242954
 980070
 777051
 679006
 620974
 196837
 835903
 176907
 983673
 452616
 769232
 1043423
 898982
 719901
 420174
 879357
 462355
 366330
 709175
 373545
 162340
 233379
 725480
 954732
 724928
 1060406
 291643
 639752
 211371
 900767
 898233
 541713
 259599
 506609
 367546
 685497
 369282
 41256
 329401
 1052225
 187979
 88272
 383635
 487343
 440434
 769955
 927468
 423905
 980791
 134884
 480942
 127116
 761249
 532400
 694841
 755740
 929172
 912786
 758795
 439291
 908199
 369423
 600772
 1032709
 1021154
 308082
 737487
 337153
 478824
 698613
 184149
 769362
 676602
 374920
 802544
 272769
 297549
 951740
 187734
 1025311
 213504
 123735
 214743
 192372
 112384
 1016474
 228626
 1056577
 45883
 77467
 189819
 966357
 748761
 887401
 485455
 297655
 162943
 414880
 838846
 636356
 99648
 560494
 897556
 889488
 815311
 359705
 846148
 807428
 362714
 104168
 750795
 1045938
 279392
 887189
 97600
 451523
 411394
 338530
 121222
 708611
 1099918
 631079
 406931
 393982
 821049
 572983
 920090
 184665
 411397
 123099
 1089729
 429142
 523313
 571703
 440216
 946539
 400595
 1071546
 765517
 84667
 892181
 304510
 724267
 669343
 12307
 912886
 174485
 144545
 325534
 927470
 423997
 733845
 692609
 289748
 146673
 780600
 55849
 1071480
 409532
 395646
 547796
 777229
 999555
 220176
 872142
 120846
 790775
 36980
 46038
 27504
 191508
 986730
 572091
 743609
 669442
 897262
 41796
 795192
 145272
 919681
 370530
 660449
 785646
 453667
 573547
 149563
 1087627
 1013204
 64777
 503797
 519168
 513812
 940036
 96006
 258352
 823714
 660790
 756333
 762908
 482896
 1015438
 759966
 368015
 460388
 882960
 113913
 983636
 521778
 227891
 455274
 930874
 1067410
 35151
 870118
 179188
 99087
 923223
 814331
 646631
 1051037
 529654
 1087532
 690757
 927764
 958477
 641495
 337107
 431094
 499606
 970588
 807641
 775175
 554803
 302248
 338931
 731848
 1087115
 16203
 19752
 295156
 377292
 1052278
 1082264
 999232
 525307
 1094640
 1076314
 45653
 496415
 1074214
 41844
 1039519
 522829
 1045424
 164201
 931866
 663341
 349911
 20272
 126396
 138603
 182148
 455525
 697100
 844613
 395488
 1076360
 1023929
 861070
 171706
 834586
 203253
 809182
 422960
 639431
 594792
 735938
 871283
 51684
 632515
 120365
 206035
 319975
 69382
 351437
 1002480
 861586
 1074181
 994122
 916462
 24659
 53609
 947510
 888127
 229640
 514617
 316964
 371664
 895463
 533533
 161631
 870914
 122302
 726649
 55561
 165858
 280132
 894051
 908878
 927662
 106755
 145781
 1027031
 156954
 574613
 30198
 142187
 569591
 530011
 411070
 637254
 386994
 455855
 379780
 966315
 671146
 864627
 715972
 944146
 828261
 816019
 472703
 271128
 850800
 134551
 592232
 1001117
 1057353
 465250
 93330
 921304
 178836
 756852
 424835
 141625
 354657
 807110
 79520
 180382
 627823
 357568
 182281
 1045100
 233080
 618457
 633127
 86367
 604248
 488711
 659914
 526909
 729456
 83537
 363938
 61309
 350599
 121318
 538975
 612701
 64236
 1049238
 995062
 175818
 510490
 198570
 179945
 426557
 116098
 363804
 478550
 340074
 118908
 671945
 155625
 553159
 221304
 1035570
 622743
 853081
 1093606
 920290
 241735
 383388
 235027
 23391
 202682
 754580
 842356
 421572
 729690
 1006215
 215177
 447583
 998501
 1095874
 897549
 511044
 823876
 617803
 544198
 258968
 206337
 95716
 551027
 806517
 668522
 969718
 1089436
 51770
 557225
 866557
 575669
 967567
 57787
 327349
 1001916
 750462
 609268
 862574
 702343
 60616
 347259
 164946
 665227
 194530
 1019117
 486419
 815707
 469452
 33657
 571767
 512296
 73424
 123643
 137678
 521942
 482017
 578144
 931796
 878262
 346007
 732996
 384756
 665402
 400143
 1066236
 590132
 462561
 69653
 724803
 64736
 702088
 1076438
 1080000
 819117
 47332
 787139
 541782
 1017684
 602869
 879923
 265613
 770941
 478070
 832490
 1060718
 418787
 175554
 421291
 714079
 222652
 912657
 158430
 371584
 53140
 691011
 99555
 212539
 913282
 321848
 641820
 595375
 849505
 799241
 177196
 891743
 1011756
 961533
 650949
 205862
 958309
 4627
 427502
 614328
 76205
 454049
 643693
 528508
 160598
 1011066
 1078420
 944948
 275476
 87035
 344524
 750186
 192419
 751431
 647913
 36522
 330155
 838014
 643716
 1022667
 985747
 316747
 165512
 163387
 832594
 477589
 854904
 163551
 1052897
 734214
 798394
 31765
 245565
 606462
 773628
 120730
 75210
 368261
 925907
 609093
 179718
 814767
 729937
 757746
 269984
 897037
 970802
 1030881
 936028
 523494
 931390
 387230
 254591
 266354
 422944
 779841
 319046
 479667
 961101
 86478
 667304
 867373
 403136
 643604
 466257
 966117
 492729
 147904
 918318
 176285
 347050
 896227
 376444
 484889
 375362
 284428
 153499
 1069396
 846571
 480901
 304106
 1037873
 546254
 706195
 293483
 438226
 354861
 787127
 431831
 533539
 596507
 416643
 441837
 785577
 212163
 783108
 966161
 107456
 618264
 319173
 275004
 355286
 197739
 83122
 98282
 826481
 161840
 581202
 512888
 278376
 174311
 445148
 513432
 344061
 123680
 131036
 496926
 862526
 301805
 513688
 733847
 565706
 594021
 502144
 410529
 490677
 835496
 433305
 825513
 661089
 400584
 160208
 143591
 437631
 422806
 918161
 837251
 902076
 748664
 567964
 496635
 469397
 196579
 370027
 840068
 155078
 572171
 270322
 675810
 647042
 739148
 115547
 194926
 465172
 624898
 884749
 373984
 134029
 687204
 822658
 315749
 912677
 929828
 466161
 42246
 472559
 681626
 896266
 245039
 433250
 827209
 366936
 981630
 493874
 339473
 278958
 1045408
 344688
 420317
 936945
 322510
 246323
 577158
 185988
 195988
 1095522
 733631
 191608
 41690
 104271
 112109
 335527
 973535
 840336
 133158
 957855
 739539
 784164
 587281
 413341
 930680
 588205
 901592
 79436
 708141
 7951
 634010
 169614
 308306
 445820
 266234
 130215
 942125
 552789
 607957
 807768
 484884
 829385
 932938
 944249
 987098
 61600
 604582
 600869
 806259
 175021
 387526
 168543
 949731
 879396
 160426
 464688
 1069119
 168908
 128882
 83305
 951127
 114576
 1049947
 70579
 539185
 971344
 768011
 273193
 868360
 509212
 320004
 1019781
 162990
 1081574
 959190
 67546
 643511
 357287
 901673
 38955
 146482
 428763
 806556
 1027897
 988289
 792319
 1094547
 787364
 899317
 898060
 1095930
 778673
 658934
 560232
 638142
 364714
 139516
 390717
 456745
 994093
 842054
 248430
 1449
 359147
 885272
 1073477
 751292
 125836
 537008
 172079
 827360
 957176
 879846
 105290
 782720
 272358
 234125
 907660
 1079795
 178436
 119354
 102961
 871908
 499047
 482250
 408746
 319231
 503320
 900686
 210569
 394606
 607170
 784011
 371937
 1085547
 548444
 250686
 316203
 576122
 351866
 1000497
 986810
 462505
 1072143
 229430
 472710
 919224
 729384
 310269
 329475
 1063391
 211829
 503562
 369063
 1094781
 905213
 766361
 1244
 781521
 431230
 625114
 1085962
 74128
 95884
 661753
 961628
 690177
 198489
 463633
 607936
 305975
 845926
 322269
 851234
 674865
 576974
 898646
 40358
 880116
 760699
 22908
 801697
 564428
 41530
 349120
 95664
 564647
 401824
 252215
 416945
 562788
 659062
 433093
 474615
 116675
 1015758
 49590
 569121
 397117
 1096364
 538966
 1021495
 866763
 822324
 52542
 582043
 942868
 228308
 966781
 756799
 514685
 169573
 921358
 858715
 76271
 871396
 243987
 314386
 345245
 777586
 811120
 752160
 1056630
 500973
 47709
 747333
 6052
 326070
 201980
 870055
 503729
 562265
 679887
 964730
 442633
 666955
 832995
 923988
 10105
 841218
 771703
 539663
 344332
 312404
 307643
 712588
 205728
 486753
 310497
 324953
 337682
 447072
 978257
 980709
 515709
 358796
 964802
 953875
 342711
 2884
 818878
 766145
 276710
 841267
 969400
 81684
 189859
 603711
 32300
 546515
 750742
 1012350
 837851
 777052
 639514
 967114
 400272
 543116
 401318
 423745
 750641
 1068680
 186491
 137080
 109614
 1027644
 788055
 186627
 295624
 971225
 236470
 409642
 127704
 978856
 677035
 995513
 1049579
 998035
 342351
 985611
 793132
 249375
 559938
 213116
 889597
 374271
 273232
 420303
 354782
 410809
 419743
 685022
 250357
 183561
 795998
 830948
 1096953
 572766
 932984
 606083
 458684
 273099
 684945
 793278
 463106
 1072589
 1080436
