873641
 1084043
 151094
 958517
 479961
 93769
 156693
 539358
 58475
 829828
 429078
 769336
 137278
 770684
 269566
 805419
 209170
 371230
 723451
 47216
 744537
 271104
 759780
 487828
 904686
 639649
 505871
 98509
 446823
 168331
 93757
 347669
 707006
 999533
 360461
 417597
 1014882
 136235
 517878
 300581
 1022915
 339348
 691859
 798523
 778102
 714899
 1019733
 490176
 518798
 943422
 228681
 181347
 829964
 942572
 243055
 505313
 640104
 878407
 909339
 793159
 409045
 900866
 832593
 236342
 131590
 1094019
 162244
 173401
 872386
 648597
 511367
 816872
 592283
 551725
 845443
 141787
 41606
 791867
 994033
 513527
 808631
 485115
 157023
 331597
 1094649
 353172
 306869
 816364
 532756
 681761
 1067081
 105446
 742206
 728280
 639389
 650070
 427921
 275612
 86671
 1099164
 584789
 429066
 234447
 473962
 617998
 356802
 253553
 372839
 720975
 725019
 67774
 223789
 603431
 810177
 360055
 964825
 369124
 789673
 55753
 1061048
 856790
 529645
 494542
 37922
 1053314
 757761
 266826
 434435
 594807
 425834
 100872
 638520
 811508
 847288
 428926
 446065
 1052810
 15270
 6365
 124031
 1055254
 245966
 897581
 243158
 616741
 891239
 745457
 441814
 709011
 468654
 308284
 115948
 929964
 41988
 302438
 163159
 692412
 1032543
 250263
 717978
 170741
 212611
 113956
 740657
 465968
 682319
 595962
 7520
 648489
 531066
 588495
 770467
 186342
 235646
 785384
 683149
 837089
 884821
 939042
 701969
 1037762
 767459
 837463
 70500
 928767
 829232
 111543
 994925
 854540
 709871
 92394
 697848
 165071
 158281
 408192
 13044
 865540
 1021275
 719746
 822913
 13828
 635384
 322680
 725932
 958516
 666192
 366798
 1016864
 787714
 699814
 582881
 72014
 915309
 777334
 1084387
 695940
 1098922
 778184
 859253
 53073
 400173
 294603
 268116
 529855
 580713
 70805
 905908
 898463
 958531
 264129
 391713
 1069242
 844853
 57586
 1010263
 812643
 349827
 110301
 944198
 353630
 94322
 483051
 619147
 114719
 734165
 878903
 252794
 527423
 928248
 330388
 974114
 1095438
 1045718
 234977
 899507
 640855
 722164
 653449
 43624
 359433
 728297
 421452
 933974
 707717
 494006
 48640
 693233
 359441
 1023162
 888258
 934871
 118900
 273910
 602374
 948181
 547134
 230920
 266341
 410492
 1083308
 468859
 78152
 264427
 623669
 252924
 737645
 685540
 823213
 856960
 517753
 701350
 688711
 1018731
 152283
 359697
 925939
 380837
 328826
 734786
 293437
 563642
 1068321
 644401
 500218
 981079
 978222
 84982
 998582
 1022644
 435245
 663216
 1094553
 1009088
 682685
 812310
 767785
 746395
 785485
 878152
 944411
 904091
 73146
 1074156
 193327
 39000
 806510
 532821
 30416
 745606
 823655
 1419
 635479
 956937
 537361
 230142
 644146
 147496
 680084
 518460
 779348
 418242
 69338
 423271
 480685
 102429
 517237
 449774
 388605
 706255
 581440
 400425
 895928
 241933
 115623
 585445
 218041
 1059052
 297891
 849857
 584374
 714322
 1005137
 599380
 677143
 308502
 294600
 593791
 1039061
 171225
 472354
 1098077
 964578
 408061
 241975
 928786
 8933
 1000572
 840701
 89042
 336612
 564364
 1063579
 237236
 293438
 369614
 709075
 30060
 216679
 54951
 374519
 462976
 1031070
 569743
 1020159
 790254
 792101
 549839
 678983
 1068457
 109934
 533999
 958410
 816088
 1071361
 173187
 434366
 387610
 690590
 668903
 112216
 625186
 912877
 789631
 43848
 923950
 1017559
 480833
 502545
 184030
 884676
 572545
 1041935
 611577
 24395
 679601
 692056
 50173
 259295
 1067004
 369735
 550651
 158126
 86029
 858794
 109698
 682909
 564130
 671905
 966004
 840886
 337023
 402052
 621433
 855000
 61951
 951934
 760017
 109725
 975547
 155222
 402615
 1080476
 969287
 846674
 597777
 570708
 811119
 191497
 973747
 547657
 855908
 129493
 175783
 199390
 164411
 537076
 682456
 951567
 516613
 20467
 326368
 833654
 944583
 1010083
 137013
 742787
 374280
 344560
 840163
 792079
 404391
 894536
 900083
 190591
 669540
 1079232
 654634
 851888
 818585
 890035
 966294
 172844
 221559
 644364
 340628
 799713
 1049184
 1068449
 124162
 636778
 20586
 569740
 493982
 738494
 76742
 288719
 744956
 832592
 879138
 136471
 861353
 661407
 22632
 651881
 637133
 96838
 115998
 1073045
 278478
 231079
 730730
 620807
 504361
 41594
 523298
 838220
 2228
 713513
 950594
 166043
 398767
 1097036
 1098974
 1067673
 405221
 170309
 920053
 236000
 1084961
 402937
 189142
 552156
 490352
 1074596
 784665
 892347
 893307
 134328
 339627
 181896
 239422
 771349
 43795
 913325
 310916
 760341
 41729
 392937
 915390
 508631
 582645
 318604
 543465
 1040147
 472122
 663728
 909596
 3617
 576118
 675149
 435880
 66293
 801674
 828780
 859070
 1093689
 185910
 82086
 443427
 632915
 860555
 155533
 461412
 60701
 410558
 507855
 716751
 460446
 76241
 490087
 80622
 721441
 700320
 792657
 759580
 63876
 410657
 156127
 96985
 681957
 792676
 805648
 556588
 964416
 1021101
 350683
 280287
 580583
 681438
 537310
 312682
 341421
 998312
 923262
 922636
 798765
 11187
 115386
 97733
 496823
 799517
 559854
 2232
 121299
 643270
 683011
 317240
 502077
 147645
 55688
 176736
 444173
 542769
 191854
 1014439
 893058
 836429
 202626
 644029
 386239
 773905
 530354
 750977
 20450
 620811
 357588
 681707
 49944
 271359
 1054311
 1004385
 660737
 479942
 422026
 869560
 587992
 410795
 1018397
 475181
 17498
 1002823
 602969
 877943
 512468
 161847
 175140
 558889
 834358
 847827
 549038
 70798
 480863
 755459
 840704
 355803
 593669
 830843
 981208
 715355
 669894
 812893
 99127
 80102
 771587
 479561
 657910
 992428
 1041682
 698648
 884376
 735319
 228432
 673623
 300874
 711537
 86697
 57925
 530859
 54821
 1077968
 430528
 535543
 846586
 284378
 669564
 103425
 409435
 982507
 149851
 127510
 825897
 803401
 590968
 885467
 1042472
 857641
 1050297
 698096
 28806
 183677
 866614
 411594
 24505
 508545
 818127
 423283
 902539
 50505
 748678
 622307
 99099
 463783
 101226
 135999
 197788
 6040
 916518
 832211
 628302
 989064
 999161
 400280
 348275
 585673
 104739
 530946
 476806
 555605
 87987
 471014
 864319
 746894
 116989
 938318
 1085175
 612231
 25785
 992715
 151109
 816755
 849175
 28373
 1020422
 419696
 424089
 309556
 248357
 1073323
 1083
 437366
 55697
 449052
 820506
 561692
 238278
 87462
 114998
 1088359
 706598
 435456
 941105
 918789
 847738
 77533
 287350
 147503
 958354
 505628
 873155
 171349
 258445
 982229
 356401
 158991
 58969
 340953
 182751
 834833
 12093
 192154
 1087872
 956442
 735843
 927730
 13965
 741181
 505373
 1758
 76268
 137080
 730252
 73035
 726286
 116194
 134674
 958961
 387167
 37365
 718361
 22440
 924135
 539138
 361473
 881001
 450975
 873727
 382656
 578212
 353659
 194466
 319965
 492147
 559811
 953457
 852271
 767404
 668249
 231144
 858871
 231185
 876909
 488236
 552474
 330009
 266567
 55975
 125258
 958800
 474165
 309832
 492830
 87979
 372924
 1747
 248859
 946783
 804491
 1059301
 654725
 639020
 683524
 692911
 162759
 241831
 599509
 999361
 195063
 819752
 384859
 576918
 76871
 26217
 31863
 461630
 468614
 525027
 1041721
 717148
 950719
 1055447
 745780
 119851
 129455
 413893
 752370
 647299
 410089
 773183
 241041
 477779
 508488
 782600
 649928
 890423
 589285
 827089
 628440
 617724
 406103
 1004508
 59874
 503577
 511271
 597075
 187757
 628416
 676844
 305493
 633102
 840055
 1078768
 175747
 564394
 166103
 552680
 116850
 1057831
 755513
 888100
 829972
 219567
 693671
 849175
 706731
 67171
 784347
 397829
 342128
 1008205
 989775
 809114
 900979
 711938
 612746
 99004
 1071539
 552542
 825077
 348036
 552168
 1069527
 396098
 824996
 91067
 109668
 800079
 322693
 409413
 375668
 173107
 863770
 899669
 412972
 801520
 1083113
 1033042
 586027
 292838
 477692
 911198
 999567
 405259
 528518
 1034655
 665956
 952265
 857088
 900633
 884388
 623057
 366732
 261057
 207465
 961508
 49665
 933998
 906090
 281359
 947470
 926214
 900923
 595114
 932135
 413384
 128172
 65676
 214515
 722113
 991810
 1021936
 955304
 646340
 930550
 624260
 310657
 503331
 823765
 166425
 173926
 1043123
 432930
 384273
 797618
 552764
 251270
 1064759
 795632
 45470
 68025
 248037
 168230
 570502
 865666
 934558
 243463
 621444
 405244
 584586
 842907
 1092867
 537532
 752220
 550104
 894549
 543125
 868675
 101888
 454251
 1041688
 894432
 766484
 816479
 54267
 534192
 748697
 745103
 357218
 950299
 772050
 861078
 796465
 492269
 423328
 628570
 462943
 1038777
 668842
 578659
 843617
 575317
 179976
 448259
 805163
 712995
 305267
 972581
 1003894
 250098
 583952
 33682
 828204
 310477
 596300
 427061
 125309
 803245
 716349
 835312
 484764
 208972
 218104
 1080208
 68399
 872028
 974399
 1069926
 791947
 166319
 942602
 651723
 815848
 404991
 540845
 158463
 919207
 315218
 182421
 685051
 1012121
 7026
 841341
 78817
 139854
 231933
 278828
 934041
 37852
 670801
 68953
 314350
 82938
 967382
 405294
 713548
 713843
 902325
 663137
 871177
 182391
 242742
 1031064
 835348
 286630
 358263
 514401
 967710
 604061
 767403
 579652
 562024
 144903
 396305
 1097509
 524136
 1000342
 582567
 1045888
 552034
 24550
 367626
 801604
 1071305
 502522
 155028
 788517
 22033
 997235
 601771
 507329
 1006026
 689645
 988040
 879795
 656031
 541581
 361498
 149686
 695484
 114959
 994424
 150517
 559136
 841778
 70863
 524308
 230542
 148234
 541209
 412481
 177149
 918247
 226250
 590124
 19757
 1002966
 320448
 1050850
 509552
 659598
 741677
 804075
 346799
 413379
 635761
 349152
 1015176
 1067162
 132674
 555034
 731799
 522967
 340911
 618003
 276504
 659018
 144968
 669055
 538104
 107347
 90781
 338019
 703064
 886097
 15300
 866800
 639673
 295678
 755074
 241328
 737122
 310101
 338715
 276898
 196054
 749087
 117267
 33423
 178275
 572728
 292366
 393399
 765278
 173678
 776380
 35071
 15243
 84088
 914346
 1071418
 365915
 89620
 830084
 32741
 231927
 191647
 199663
 7199
 977773
 178207
 653105
 325196
 566318
 464924
 211460
 547840
 899271
 407954
 647655
 776490
 305775
 564243
 422931
 788989
 124525
 493847
 586469
 969422
 313733
 541122
 175995
 519830
 855165
 331378
 493459
 77078
 689729
 78505
 298964
 1089525
 673689
 579194
 312669
 102101
 247222
 156624
 965534
 944027
 1036875
 577283
 819004
 1079484
 390844
 488021
 264860
 164517
 390529
 461522
 1020545
 1079142
 375209
 216288
 472002
 928786
 935847
 203635
 862951
 371572
 425154
 217545
 321069
 1067682
 222883
 37777
 994031
 1035962
 646332
 761286
 683610
 132683
 62321
 644168
 79675
 982058
 616361
 735525
 358889
 743317
 327967
 701917
 927365
 217213
 896428
 403046
 1035063
 755622
 267891
 1087359
 1036836
 473285
 928620
 563704
 281607
 945769
 857080
 1016753
 855791
 412190
 849291
 183048
 324859
 162199
 604061
 500398
 706078
 844153
 601069
 155843
 672689
 910708
 440273
 656248
 665705
 924233
 736274
 617279
 961484
 108901
 523883
 525823
 2726
 700479
 737484
 357287
 153933
 1047987
 547804
 712633
 934641
 129225
 958698
 379941
 118495
 535193
 151198
 1097855
 74373
 190263
 353864
 538029
 1019167
 884845
 227021
 402607
 31475
 227614
 1065784
 419182
 954646
 1004929
 154200
 574602
 441315
 991510
 669915
 731009
 1061934
 629886
 972610
 526211
 31734
 745222
 176124
 437924
 383025
 284843
 729677
 87703
 506384
 792793
 281575
 956930
 617450
 885284
 640363
 569433
 63975
 606857
 750115
 965393
 4773
 166530
 380117
 683470
 265275
 702346
 50101
 168439
 724140
 525461
 962079
 360967
 294299
 220371
 980921
 267485
 47161
 290556
 821233
 902846
 661702
 178023
 743594
 798686
 1018567
 995918
 1095312
 568092
 1041103
 468520
 1013466
 247488
 85680
 145968
 813292
 730694
 1079188
 451000
 10285
 611820
 770188
 760170
 427809
 405396
 732244
 255884
 898828
 393259
 298845
 939692
 594197
 259187
 840010
 546374
 163137
 454724
 573811
 934515
 282082
 98836
 486041
 202098
 74023
 841757
 753539
 591338
 407542
 905602
 595258
 363619
 595275
 212355
 1064306
 624
 68914
 618801
 1093809
 226111
 785075
 290751
 347893
 23964
 215736
 610310
 202817
 1070323
 376863
 596231
 616083
 316373
 781317
 960422
 387620
 490383
 879112
 154128
 712352
 85999
 1011409
 1009202
 326465
 872691
 286357
 427533
 61332
 353651
 705699
 553183
 783686
 101530
 687883
 405595
 838248
 402093
 164702
 1070897
 861807
 608907
 362800
 728572
 283582
 113165
 139273
 981975
 599136
 266148
 251162
 307128
 119443
 184255
 559636
 531732
 595346
 425240
 889933
 294142
 39343
 306800
 873847
 646377
 1028950
 397748
 330990
 487261
 703656
 674107
 826353
 763377
 933639
 231234
 911870
 665564
 174136
 985458
 914468
 599290
 742788
 769014
 746318
 986337
 682043
 634343
 1004382
 833540
 388703
 841132
 917261
 546864
 687400
 819636
 1021381
 518355
 342220
 93518
 514268
 53687
 994666
 984669
 175214
 1033301
 40992
 924953
 712785
 1049537
 341821
 851522
 1068010
 444082
 407214
 115816
 1054549
 734379
 407647
 909425
 1096548
 314684
 720457
 55433
 844407
 325710
 252858
 976199
 94248
 20104
 1034244
 434035
 628915
 576070
 1083746
 619644
 76722
 865685
 218557
 607427
 431905
 1096420
 368316
 451176
 535815
 521258
 916269
 367925
 1086477
 332937
 406384
 907266
 397403
 684827
 921242
 139128
 165669
 771691
 500382
 34463
 914912
 412529
 979995
 692607
 859870
 151941
 7127
 598472
 620813
 415115
 46515
 711606
 466490
 1041219
 222653
 24069
 731592
 851543
 269760
 852202
 1005029
 517233
 787878
 751111
 511154
 604475
 1064686
 103018
 826390
 1069218
 752162
 504397
 672411
 427372
 803933
 165433
 611632
 134694
 673842
 66981
 1098531
 1022460
 138060
 56389
 656893
 916565
 529540
 974967
 355334
 45096
 872754
 469881
 399640
 193929
 782001
 425310
 445899
 408443
 1056323
 744968
 388412
 985387
 962977
 336612
 7434
 646780
 1096936
 810571
 338199
 492838
 1038169
 85709
 787749
 26980
 223331
 122101
 822069
 495346
 199810
 673201
 154733
 25917
 284950
 546438
 806887
 51924
 1055429
 347455
 967953
 789537
 1062729
 633517
 922251
 46153
 314689
 1059223
 1058137
 191865
 346482
 918823
 889590
 868937
 488606
 679985
 966055
 438310
 921966
 798525
 493651
 733522
 1017929
 936032
 147256
 947426
 627380
 909808
 881752
 99539
 969198
 991972
 1079946
 870406
 599765
 817816
 872165
 133856
 845453
 947248
 165082
 994706
 142695
 1012164
 556913
 88824
 1046551
 732554
 119893
 73513
 130144
 650064
 667738
 97777
 165010
 974901
 910201
 370663
 262068
 463692
 107438
 668314
 875087
 78628
 340439
 682948
 231453
 603192
 392162
 58406
 350831
 1009655
 927246
 438851
 108917
 546039
 640568
 9073
 400872
 940320
 498378
 1078500
 394000
 676775
 891017
 676563
 549156
 1017264
 458590
 698596
 566892
 53233
 367922
 392622
 956641
 466074
 142468
 773579
 529767
 244902
 794731
 130770
 648756
 357569
 676701
 791135
 437882
 1042241
 47912
 499085
 192988
 359355
 406251
 284967
 36953
 566023
 284723
 697870
 498740
 69219
 953089
 192295
 308434
 756886
 799789
 572017
 860399
 1095796
 29506
 990570
 433232
 673827
 609737
 867710
 851671
 354108
 802243
 63453
 745084
 55464
 701219
 620743
 300827
 977494
 818074
 866992
 658585
 339734
 603847
 859713
 793271
 649312
 813266
 895692
 782542
 730462
 570997
 842693
 888546
 364081
 119655
 240411
 679781
 518866
 51372
 1043771
 772133
 870485
 670774
 1021880
 350963
 260225
 405483
 16506
 360704
 195659
 171334
 517271
 33137
 620943
 538345
 331130
 324478
 884889
 16117
 559071
 337613
 475028
 244718
 991630
 529470
 190085
 747430
 397977
 860115
 862732
 199725
 635494
 12701
 890760
 74453
 893953
 46705
 672676
 1077493
 359776
 841458
 859692
 45741
 825006
 1034352
 703174
 219824
 1057007
 650051
 99633
 916744
 504456
 600747
 163557
 1038103
 352229
 837552
 1080463
 294045
 419119
 967293
 715702
 809875
 601184
 967734
 473737
 987482
 79505
 603865
 203743
 249955
 89269
 67078
 150991
 660831
 267986
 521569
 563569
 436488
 879040
 122993
 350848
 902466
 963360
 439054
 639692
 799855
 908862
 1021167
 450238
 477036
 942586
 61675
 836135
 140896
 616597
 1054240
 380191
 853189
 855893
 105820
 498372
 268085
 995039
 345986
 122958
 836090
 92818
 366563
 641476
 87662
 585340
 519776
 512776
 398229
 50342
 937180
 1001951
 440660
 1062793
 359920
 535716
 48642
 598256
 292271
 762284
 62552
 12332
 462048
 834090
 561975
 323094
 111309
 222253
 186437
 824568
 420549
 303347
 174875
 722019
 841602
 1085423
 482562
 259389
 1020722
 375612
 941200
 911656
 260610
 754761
 313342
