875478
 925142
 957866
 594881
 531016
 1090734
 101714
 409585
 884232
 291132
 89580
 171778
 695783
 320667
 364014
 1051009
 595896
 560449
 239191
 142437
 887667
 384626
 539564
 45449
 557457
 952870
 830866
 1091098
 551762
 951416
 538622
 531928
 430872
 133118
 530556
 279645
 549308
 306884
 879304
 910393
 777208
 539264
 778639
 402123
 641989
 444800
 609599
 228479
 135377
 602682
 790259
 1024376
 271945
 336689
 436317
 315804
 874843
 223995
 281577
 98060
 513467
 51177
 685982
 71059
 103167
 811688
 1077939
 307086
 677154
 1077442
 135143
 675251
 68900
 322857
 968340
 105522
 1042821
 266450
 290813
 518119
 434406
 888043
 202597
 733899
 208309
 289192
 421737
 559428
 24729
 727641
 2174
 657526
 852276
 379954
 386692
 873035
 358686
 115434
 178289
 523183
 391513
 35562
 1096437
 549048
 354846
 778127
 53373
 934204
 1054669
 182584
 935812
 480532
 339488
 300145
 906054
 298421
 584828
 151607
 609787
 247477
 595525
 80746
 43210
 671574
 799938
 978765
 816750
 552347
 126307
 999107
 490610
 592834
 697410
 507747
 314481
 57931
 858900
 32853
 142712
 40256
 760988
 447647
 635825
 885879
 548978
 233413
 841527
 701636
 67775
 597691
 922120
 904478
 1060497
 779889
 403869
 772816
 920920
 609645
 465041
 156712
 616868
 856272
 322751
 831641
 908504
 63998
 413898
 420982
 108911
 807882
 1032979
 283954
 947633
 16694
 431662
 856470
 996389
 286405
 1067420
 357795
 42250
 768773
 1069337
 325877
 845751
 814590
 903310
 55370
 463441
 120586
 520838
 759568
 539042
 982194
 787338
 199794
 107602
 988452
 1071517
 151686
 1034584
 508556
 237906
 652662
 148146
 935122
 531099
 471420
 436804
 902812
 480596
 168573
 425594
 345316
 216249
 111668
 217312
 864994
 579220
 520500
 476154
 247845
 454057
 613964
 528905
 990824
 670725
 717601
 73076
 182498
 971727
 910969
 536358
 89823
 1008747
 952940
 629181
 477749
 677116
 147665
 128761
 637086
 714426
 676910
 892226
 451514
 1058211
 947125
 454604
 1024162
 526544
 651228
 200248
 430083
 869617
 915702
 729304
 342899
 148831
 625109
 403379
 996930
 766476
 670876
 777683
 872950
 472896
 110534
 433201
 113725
 619423
 1060970
 790882
 24173
 805845
 443156
 294856
 476395
 606132
 339814
 413264
 63249
 721827
 83683
 936065
 199887
 242073
 459201
 452295
 126101
 1013811
 621245
 386821
 522204
 304240
 642920
 911074
 148087
 313213
 132856
 1038977
 811076
 809958
 987173
 97608
 509652
 465639
 55283
 415315
 419568
 44357
 835332
 1072959
 538214
 55026
 825656
 819840
 243152
 844203
 864609
 355819
 1096975
 12658
 797656
 882823
 147921
 299089
 22610
 1003177
 794109
 382977
 774790
 222692
 1046046
 301363
 576788
 565271
 451821
 96807
 961021
 932819
 539765
 159444
 723549
 195938
 983497
 670110
 512509
 582227
 522652
 99826
 252022
 1009913
 275456
 455316
 447138
 67208
 555630
 509995
 364205
 159645
 605572
 204343
 860180
 250107
 25295
 245094
 379342
 746806
 884976
 832680
 438945
 395549
 635368
 778043
 294101
 574408
 566102
 364233
 1063466
 791169
 204208
 470036
 931423
 764884
 199451
 482207
 1029141
 450561
 321839
 875275
 793208
 64455
 431460
 224760
 573502
 99271
 330656
 162016
 476426
 889474
 63812
 784931
 966557
 312406
 513250
 740349
 220178
 625006
 72484
 967802
 549346
 1088657
 473987
 108295
 339096
 258784
 150200
 954380
 39219
 828645
 507000
 650054
 820758
 78495
 765197
 1004064
 317050
 377145
 619015
 696614
 920362
 33543
 846523
 496136
 177144
 1092013
 712671
 8129
 131974
 303339
 953023
 39463
 707205
 403140
 254173
 988344
 235001
 428115
 27040
 853510
 892376
 491657
 65060
 1054862
 819714
 763937
 524404
 613998
 649758
 718654
 150277
 606610
 574724
 6440
 491461
 1002289
 696103
 358755
 443055
 853872
 105974
 264168
 72159
 310966
 487768
 736952
 706149
 923321
 249174
 214352
 812354
 970901
 10597
 153112
 234800
 836610
 669839
 37755
 432529
 604104
 460196
 666097
 818513
 560753
 596951
 671008
 836679
 1071161
 475122
 440803
 549309
 675878
 63652
 491657
 687031
 310530
 1083623
 819504
 527662
 1049435
 536462
 701651
 121385
 705675
 424513
 779510
 572294
 736159
 526418
 687040
 945846
 21453
 792940
 398016
 365180
 1020384
 379442
 936141
 475569
 863004
 260825
 400479
 464319
 901954
 704143
 973200
 465222
 705351
 201182
 1012571
 429569
 267726
 523219
 380734
 785063
 455133
 692090
 944990
 307607
 740691
 857403
 979327
 780263
 51741
 526639
 604550
 523968
 732254
 473945
 464479
 572629
 1027417
 683733
 445526
 914057
 974179
 113527
 627893
 858107
 249500
 1000118
 289706
 1085448
 265377
 237854
 539964
 316937
 765182
 790349
 743722
 476549
 122273
 1025973
 522248
 326065
 46845
 458625
 188494
 700820
 1000592
 87090
 223788
 987234
 901630
 438287
 118159
 544956
 451609
 714865
 284326
 744812
 352885
 848146
 196121
 854216
 657723
 132035
 701673
 233806
 1053029
 443711
 440608
 796256
 972304
 177056
 157615
 505625
 721246
 116528
 218889
 659764
 442109
 92589
 905949
 891207
 522130
 238305
 458474
 111763
 211930
 441897
 303417
 653809
 1025028
 271996
 130432
 106084
 746847
 25084
 653914
 196201
 999074
 996053
 447476
 454305
 664277
 792645
 593951
 13457
 633377
 98618
 91913
 13576
 1090108
 1035646
 106678
 226584
 722995
 482789
 10490
 750564
 916109
 1016795
 126583
 853486
 735343
 129300
 208951
 443438
 837390
 597514
 106805
 559416
 366189
 64805
 418408
 715086
 220836
 992536
 620793
 187579
 761976
 113513
 605965
 512393
 729671
 413786
 86662
 65295
 290634
 598832
 1051707
 867037
 377310
 901455
 875311
 192587
 680836
 103865
 577584
 772602
 181993
 341191
 352621
 776253
 485168
 693122
 305980
 237420
 303988
 286488
 858352
 207823
 144273
 749291
 780326
 951280
 1088378
 361858
 188351
 925828
 1022423
 483644
 675525
 227791
 291659
 417343
 151597
 916208
 445837
 846213
 249696
 754606
 914662
 214355
 601312
 42689
 356571
 521499
 393918
 10070
 936341
 486822
 506865
 196551
 1054337
 910574
 352790
 726472
 156485
 922133
 297007
 1070193
 878468
 1012206
 1026111
 679536
 892316
 375364
 842458
 247860
 1021407
 623504
 423134
 851673
 317871
 429148
 538535
 165456
 665514
 644213
 341668
 606646
 909794
 315012
 306433
 418159
 514911
 1075974
 237287
 1050320
 72327
 233089
 33547
 846997
 820855
 767302
 962586
 519038
 361690
 184353
 801514
 215763
 555111
 118917
 657140
 777377
 1863
 955805
 713042
 1058739
 437021
 667678
 531530
 907423
 498756
 623076
 344519
 780614
 1089348
 58377
 633016
 480756
 179041
 138683
 491579
 735660
 158823
 854633
 528405
 768016
 203504
 877134
 878141
 236072
 270020
 324677
 468948
 606247
 33707
 577849
 385806
 562169
 475522
 984363
 73672
 24560
 688064
 761861
 1075871
 306573
 161222
 383360
 451233
 584069
 770061
 323473
 172516
 144085
 33370
 692103
 129931
 788543
 158647
 624786
 624568
 957596
 675162
 438746
 570040
 11082
 751175
 179993
 971440
 605669
 109418
 804051
 837302
 395234
 394484
 125623
 781361
 763432
 1551
 88451
 288406
 334254
 982084
 435594
 1009455
 626201
 1095948
 534456
 649278
 761724
 597057
 826252
 938571
 114698
 206163
 635031
 611480
 572157
 557055
 196328
 900043
 463765
 276117
 1096010
 1062386
 42146
 614986
 911752
 392245
 1036553
 900268
 877233
 951056
 561036
 98823
 124525
 525539
 949116
 74553
 598085
 646916
 307026
 672969
 942701
 24380
 168411
 1059094
 125686
 730736
 633877
 68507
 989946
 957046
 127760
 500303
 347157
 412295
 164947
 471437
 325935
 488393
 709024
 986323
 776596
 156005
 512528
 431431
 861457
 339214
 548150
 184100
 536539
 923852
 838313
 747919
 623725
 473751
 431910
 369939
 795847
 306734
 865358
 49063
 1083874
 162228
 229420
 327531
 823907
 1026204
 1045662
 524968
 86778
 204903
 711038
 887288
 539176
 1080455
 629284
 926759
 138346
 1069573
 513209
 55089
 447778
 208374
 857347
 1070232
 1068418
 1062887
 947825
 550375
 1058325
 67778
 484113
 466875
 578473
 921252
 851212
 463642
 1093070
 692520
 1031501
 422713
 535543
 1015439
 547640
 799996
 963772
 1063990
 751264
 549974
 524052
 761217
 311643
 717194
 916999
 750643
 797327
 90374
 819482
 692880
 433579
 1092772
 396462
 701075
 494694
 381195
 8132
 733983
 647589
 1098311
 66732
 904812
 566010
 415694
 1074336
 67370
 617418
 403990
 48596
 1031012
 976939
 137475
 969698
 25339
 38152
 587519
 4184
 779945
 489436
 725327
 327804
 1053456
 198441
 733165
 480091
 620465
 271310
 258445
 909159
 875654
 1027121
 378533
 824794
 405328
 469495
 829785
 731040
 361113
 185388
 43467
 570863
 501199
 527617
 456174
 345903
 340510
 596772
 792371
 606891
 559753
 6440
 130432
 265378
 598803
 150051
 973594
 782476
 84784
 1079345
 436164
 785009
 630185
 666456
 669719
 344922
 427758
 441410
 744722
 469338
 18531
 784337
 230912
 76227
 968701
 987932
 945498
 170602
 1064320
 993955
 161896
 958600
 478170
 821001
 755153
 770183
 295864
 38548
 929211
 195052
 1090884
 899162
 403174
 160952
 142105
 211114
 423836
 1089164
 165390
 959786
 407105
 430831
 748119
 391965
 367596
 236253
 411003
 508626
 890345
 868400
 883663
 395185
 797384
 327230
 292198
 346244
 260525
 465273
 818804
 911360
 556038
 1033687
 1006554
 196800
 884442
 194518
 188571
 621352
 596141
 236384
 155212
 517753
 735150
 1032820
 511931
 919500
 837204
 143157
 769726
 402980
 542454
 560092
 693972
 800150
 866769
 971309
 1074491
 486108
 669058
 306140
 772859
 361932
 91312
 924762
 454649
 242281
 788160
 921657
 56983
 847200
 139545
 453348
 349098
 948016
 746846
 76762
 352004
 567418
 30897
 759109
 238334
 32548
 67921
 88642
 505541
 716420
 651673
 410405
 947895
 599163
 142608
 554101
 801309
 1079334
 407604
 781418
 981639
 804254
 480074
 1087875
 637775
 660889
 513601
 786133
 169215
 831798
 157042
 22448
 97309
 590341
 849787
 23498
 1021010
 482613
 218130
 902694
 884406
 293727
 436668
 913803
 742520
 489715
 449175
 1042787
 713685
 248946
 105732
 759465
 139886
 452752
 158935
 666203
 817163
 325525
 212955
 881477
 1096093
 443904
 953027
 804555
 510034
 975628
 613396
 922409
 179443
 612938
 606787
 267792
 126075
 582031
 110237
 1015295
 563987
 250756
 996543
 128121
 257476
 924665
 140439
 506388
 535210
 623792
 85359
 280779
 671645
 812318
 98987
 383818
 748199
 150282
 240208
 825722
 189369
 110873
 1051386
 363165
 1071970
 732083
 52353
 117823
 829750
 424250
 671714
 793238
 219364
 326653
 416249
 1002813
 555913
 372725
 395323
 703736
 847804
 917454
 441789
 177507
 425397
 92691
 160829
 752946
 769404
 188073
 578461
 29073
 233511
 1052424
 884430
 433887
 226498
 877139
 397283
 526217
 138288
 501160
 719751
 407925
 272563
 214644
 825352
 525118
 406754
 1067914
 108144
 518584
 535977
 915489
 108112
 357319
 669948
 794426
 775530
 710734
 1005077
 64032
 3599
 181854
 167071
 173273
 153641
 534872
 757539
 1025618
 516322
 527652
 425483
 772765
 1055979
 1052943
 48434
 453873
 567046
 252980
 161637
 1017577
 457647
 626492
 261667
 294264
 663158
 659455
 186839
 10126
 164046
 22374
 29060
 1016097
 961735
 771338
 348460
 382903
 1020518
 854989
 542902
 6108
 533910
 1089339
 505107
 525726
 449537
 1097292
 247534
 727569
 432776
 798682
 817246
 759810
 447801
 855388
 732963
 862787
 8424
 148955
 671534
 1010189
 870532
 722434
 943096
 820803
 646865
 1067962
 441882
 719385
 720866
 667697
 1038258
 699196
 368168
 232371
 732866
 999432
 6553
 677813
 630358
 883039
 665033
 354518
 630157
 1001476
 1092764
 845532
 989633
 402651
 86058
 613089
 1067199
 991879
 560576
 1076442
 520325
 130068
 840992
 119569
 563497
 93783
 520539
 1089608
 570888
 308844
 465179
 65515
 984614
 1091420
 622699
 717280
 913073
 861932
 86913
 432762
 1075222
 385770
 454559
 282142
 503196
 248036
 940721
 422052
 1030449
 823718
 476817
 17058
 999722
 180269
 302329
 866520
 600523
 1038622
 491320
 248065
 917684
 560348
 449208
 444960
 324388
 341853
 775188
 104491
 828022
 846690
 280819
 184632
 710519
 615087
 682766
 437002
 1070626
 616224
 1002895
 99834
 603168
 63304
 932889
 632785
 477396
 679160
 693643
 936850
 223317
 267377
 104899
 398040
 484330
 657313
 1029807
 849560
 381375
 509738
 914269
 273889
 1067237
 571528
 959530
 579959
 927781
 430379
 654196
 611015
 429513
 436255
 524892
 147728
 64280
 41962
 850189
 158405
 895062
 645372
 692381
 481695
 534925
 567771
 84318
 928563
 595874
 344093
 220853
 1013595
 772537
 771624
 805002
 149096
 1074349
 498398
 845030
 515926
 1024681
 216615
 200193
 1013532
 696231
 225578
 926383
 344794
 201549
 578728
 61358
 59140
 403140
 757808
 880161
 559528
 514599
 327649
 35358
 1096829
 845077
 143605
 709169
 311694
 551851
 403374
 1057473
 177116
 591417
 846403
 921373
 972559
 50450
 146848
 69406
 15294
 839871
 1097590
 667479
 133206
 831385
 1002537
 778137
 969849
 607128
 954171
 226827
 725157
 838293
 953332
 6056
 898090
 135431
 568704
 565485
 321293
 126410
 447384
 585891
 1014674
 854351
 851825
 496419
 869457
 535421
 731204
 156762
 668263
 724675
 413495
 431936
 472510
 287627
 110400
 669011
 459973
 464407
 632725
 973710
 160934
 404254
 835134
 725324
 953918
 86096
 585964
 699994
 553229
 1021034
 138537
 808936
 532254
 37438
 216983
 535987
 366818
 370887
 920251
 192919
 369406
 605986
 765666
 952541
 766739
 1009198
 585988
 923681
 382403
 110469
 347567
 1329
 992134
 89487
 600179
 634352
 651263
 143394
 180543
 478991
 580514
 39810
 742561
 661867
 122756
 749544
 119409
 86617
 350110
 702417
 583827
 213717
 904152
 216044
 20395
 542312
 692610
 389722
 267614
 352141
 6132
 776783
 1051245
 283838
 645618
 819402
 164246
 98730
 319264
 1071567
 370684
 936331
 577794
 250626
 7845
 356576
 922482
 406426
 611552
 406738
 1099649
 988070
 293827
 132255
 94428
 720329
 668275
 333832
 246425
 1081213
 8383
 880188
 811719
 602324
 3628
 904343
 295525
 630648
 284009
 482784
 576482
 85424
 371300
 605196
 821876
 189076
 1079639
 151795
 668094
 607032
 384294
 630816
 252055
 342470
 372587
 408374
 1058302
 843967
 67996
 85220
 743389
 409584
 777162
 933685
 250600
 805413
 279951
 168900
 230775
 509234
 784080
 953176
 101467
 120094
 844957
 214731
 729012
 318314
 189343
 411694
 806157
 549921
 242915
 851212
 849621
 757752
 1039858
 126126
 871024
 53606
 708985
 199507
 61098
 570603
 1014099
 45479
 45603
 912186
 144004
 786989
 664758
 289333
 349949
 523211
 424554
 816199
 1069643
 316983
 758399
 635273
 254020
 887913
 1049216
 689777
 797642
 363704
 382054
 814841
 340180
 693907
 313540
 170915
 162420
 556146
 969697
 211312
 66186
 847187
 555052
 822275
 434327
 53891
 287779
 593441
 827213
 474361
 994471
 270734
 1020897
 872016
 649125
 333071
 905038
 657801
 364975
 591276
 663151
 877453
 126284
 697437
 693982
 75511
 164573
 118431
 471673
 952930
 348194
 395331
 1085338
 1080169
 374014
 326950
 61282
 764434
 1057447
 657665
 733923
 687875
 990947
 1025983
 621397
 550907
 474196
 344706
 663752
 46745
 252637
 613031
 561540
 866387
 676731
 387821
 256214
 393172
 250653
 925622
 850420
 881531
 989817
 459283
 83427
 551073
 101161
 330236
 437838
 67212
 325042
 86794
 656145
 92682
 660968
 560650
 725026
 15709
 927792
 737064
 914523
 754658
 867125
 308165
 574777
 229714
 911824
 395586
 134647
 946636
 314794
 441434
 542751
 266068
 220214
 808803
 737883
 605520
 283634
 774218
 359879
 149213
 315881
 192361
 207752
 897279
 251741
 189414
 722977
 834658
 98193
 978794
 112617
 201395
 77662
 244875
 143550
 644626
 433616
 861518
 702277
 626264
 692505
 548674
 674184
 779577
 342615
 168333
 382450
 136821
 763090
 165317
 485231
 325094
 783386
 57159
 1061853
 1009345
 904397
 390203
 245195
 549833
 1066072
 515111
 160954
 987727
 1093799
 322028
 962296
 212946
 4076
 645809
 795859
 405004
 766351
 627411
 204607
 746572
 1036105
 617682
 70302
 328466
 598453
 245605
 563278
 692877
 262602
 254660
 322568
 558221
 242920
 236654
 166643
 683265
 135419
 696940
 864566
 197161
 534380
 1021765
 142380
 770305
 131082
 619256
 633282
 718110
 510937
 692854
 922094
 421540
 848360
 759797
 9387
 176918
 749992
 514313
 949875
 398157
 856383
 639210
 147597
 601874
 337752
 593864
 79063
 223729
 300234
 55767
 1023900
 758862
 731415
 785818
 733282
 850831
 658698
 934331
 255218
 583905
 572610
 356597
 484328
 149753
 783631
 885563
 100648
 96303
 1026514
 921553
 242410
 304474
 906254
 76767
 325624
 186150
 1080168
 1013813
 961376
 232861
 1089425
 733990
 1026317
 792199
 693528
 768536
 255238
 494987
 207152
 37299
 642000
 661864
 990100
 116501
 488819
 728522
 121180
 187847
 531264
 250984
 695493
 346739
 207326
 686385
 566456
 817667
 1014630
 174298
 233715
 873473
 110887
 939902
 724698
 306877
 781135
 625035
 1074889
 499098
 8255
 950256
 198356
 890631
 568865
 254224
 391636
 874357
 557107
 203298
 1058940
 509183
 580476
 452448
 71801
 766222
 877736
 1062078
 763014
 966265
 929557
 371805
 75096
 515384
 146110
 1058034
 587726
 665419
 1079785
 153648
 605721
 726291
 382503
 790974
 1056502
 531112
 328098
 451840
 118079
 263164
 535666
 320090
 1083460
 562323
 1011378
 133219
 423496
 170739
 292425
 618980
 355507
 849718
 781676
 97882
 858903
 179272
 296246
 77302
 179943
 809612
 724043
 501369
 490851
 224802
 521818
 1092266
 178690
 711892
 514009
 690431
 83770
 101647
 437712
 689743
 481018
 437093
 394567
 985606
 403084
 625377
 169902
 32913
 471767
 845417
 938131
 13024
 653431
 481035
 162293
 417926
 380146
 169514
 912792
 797415
 654834
 976207
 972792
 120275
 1007118
 213677
 172657
 992575
 376571
 226279
 31651
 776891
 154500
 1087821
 429979
 683465
 811463
 975274
 743904
 463879
 73345
 378118
 692166
 808878
 590128
 556996
 888565
 97790
 40155
 937684
 360855
 50876
 709678
 336580
 379282
 945811
 172017
 694799
 509245
 264628
 365346
 928135
 844718
 997206
 706032
 197924
 523170
 1075106
 1052326
 1048393
 718005
 66040
 844654
 143321
 822479
 946075
 227600
 445192
 530431
 668214
 405306
 673332
 102326
 10353
 330962
 709405
 571157
 964099
 607965
 79568
 528201
 695715
 469757
 1087773
 933874
 961450
 429249
 576409
 160657
 305760
 715863
 790583
 80189
 259093
 583492
 530455
 781896
 780142
 897944
 685110
 712421
 740469
 699186
 612903
 905131
 900545
 793356
 1046214
 802253
 548501
 141673
 166110
 250568
 956824
 513951
 387867
 330818
 23976
 939412
 198900
 47483
 877045
 559993
 183349
 496022
 502061
 279670
 240129
 692627
 1080509
 136625
 445781
 729089
 982145
 1051684
 510653
 537232
 811725
 1042893
 475377
 273419
 227631
 642605
 249648
 1040872
 644419
 922310
 447112
 615126
 126483
 353170
 713189
 291952
 386278
 270167
 932851
 144222
 408639
 893405
 681297
 968926
 1053098
 159665
 1050091
 439993
 923837
 734944
 463114
 594188
 309858
 517845
 707764
 1050203
 55439
 591055
 839226
 543461
 265876
 249671
 440475
 147886
 481535
 616208
 382825
 152137
 48921
 406441
 1017227
 522562
 451461
 780581
 562453
 255644
 284407
 298755
 396106
 538807
 1058983
 635622
 704521
 199231
 206922
 359979
 149323
 507084
 1062042
 854041
 626719
 1016642
 569739
 648012
 978506
 746172
 42355
 382439
 980362
 139012
 217359
 1083847
 182692
 745745
 1018307
 59249
 317553
 803322
 326631
 3647
 442963
 140357
 1084362
 38198
 30149
 121126
 119526
 674578
 913329
 655386
 1035642
 728033
 374700
 706364
 1091672
 562761
 964656
 515682
 441532
 339551
 254348
 170238
 716700
 229252
 890899
 793253
 797140
 982121
 1064898
 25346
 646611
 943424
 921715
 956243
 189878
 1090669
 413707
 473345
 817639
 791866
 637389
 859835
 533170
 591265
 913637
 86342
 1080945
 851703
 314962
 1013768
 898939
 851315
 490466
 125917
 705168
 1056695
 687789
 101679
 613439
 1092462
 811298
 900740
 595423
 457886
 103286
 391551
 244893
 571067
 280608
 89633
 929805
 350513
 410101
 774676
 484337
 458950
 73255
 658085
 552008
 249597
 450931
 16201
 654057
 811360
 112008
 769558
 660622
 927027
 250775
 186290
 453998
 206114
 1099948
 715467
 827616
 929854
 1073506
 388100
 1023855
 363086
 343262
 523720
 373142
 269098
 150928
 704849
 954362
 183881
 960429
 197300
 621426
 476651
 717370
 1023425
 278407
 951133
 67926
 162680
 214711
 764257
 944925
 543163
 650630
 427687
 269125
 127667
 893560
 1072934
 991230
 410984
 220397
 852189
 925394
 460951
 153524
 494404
 408820
 876037
 674012
 209475
 246498
 554034
 507675
 203295
 300498
 386604
 608768
 146987
 1064775
 969008
 1056799
 91312
 848875
 765594
 991870
 365716
 238525
 200795
 760825
 200436
 44602
 823177
 281433
 500531
 981992
 665376
 679967
 367576
 306933
 374809
 117638
 354947
 546455
 785628
 1079639
 76757
 202437
 925472
 910175
 653817
 521981
 565983
 863992
 189854
 852915
 306418
 505492
 1029931
 887263
 640648
 472007
 779284
 791898
 600762
 230708
 993968
 832973
 684813
 434397
 766328
 140301
 927680
 838535
 501257
 577113
 331172
 562308
 707478
 567799
 1074805
 807125
 745470
 87199
 300199
 545388
 409955
 933080
 675050
 284551
 1002420
 1012745
 611716
 887110
 47936
 429626
 703705
 229841
 36744
 52164
 45743
 194627
 890646
 145877
 110239
 261848
 116253
 469729
 307370
 441855
 485719
 827002
 448562
 912064
 603208
 929549
 956352
 802613
 610210
 617264
 614769
 828763
 43393
 355549
 398582
 179836
 695495
 365752
 520847
 544445
 717465
 87587
 854635
 19006
 790852
 239655
 65316
 693827
 444761
 284158
 110185
 384010
 932012
 992627
 477399
 488287
 834135
 934175
 194627
 295728
 553013
 687283
 259558
 711127
 1056665
 876158
 1044833
 641155
 230645
 294946
 1058647
 557555
 809040
 577584
 293756
 784497
 1022107
 250793
 581446
 1098175
 720480
 478349
 147845
 206418
 356772
 687452
 948798
 894627
 500641
 313007
 781993
 801332
 939387
 990775
 276244
 702399
 664607
 280150
 173719
 976226
 157260
 420771
 31889
 394623
 574888
 517736
 932989
 131938
 850878
 839925
 1082695
 738646
 1067584
 731417
 607761
 300184
 1069448
 943852
 276913
 796906
 706318
 796253
 284926
 479137
 41498
 442369
 194382
 227809
 6761
 507617
 258144
 359811
 1011347
 347436
 396098
 943410
 281970
 137156
 629507
 950357
 344655
 1020161
 435610
 938775
 337972
 511852
 160108
 206924
 998355
 206452
 416288
 59518
 158758
 439431
 413263
 446281
 559706
 420273
 828360
 19142
 523902
 742966
 175854
 120219
 681566
 926898
 641396
 149399
 1030595
 498461
 1085100
 188759
 10985
 491927
 654551
 156496
 827782
 435521
 543407
 813695
 202861
 1063947
 519850
 120813
 975549
 621363
 20465
 475596
 518659
 106982
 353658
 379596
 964714
 398496
 555936
 689995
 261157
 599906
 1038494
 783269
 241962
 794835
 55836
 734293
 217369
 713451
 399060
 618959
 399443
 292953
 614862
 1026956
 71605
 723815
 709006
 796887
 588699
 476747
 512115
 496216
 1099899
 786298
 747180
 80785
 657461
 298468
 1040387
 715864
 610773
 346132
 59686
 289115
 180881
 100655
 280206
 699305
 800914
 97285
 256599
 1066900
 49005
 669181
 147439
 190809
 649623
 1006663
 298388
 545418
 944623
 281466
 458029
 229015
 351864
 844104
 161131
 762827
 253469
 612750
 990804
 964326
 967868
 1052528
 493841
 888750
 1086062
 481189
 121527
 650240
 396706
 690865
 155479
 361499
 730211
 929762
 845739
 1054041
 679256
 255785
 190163
 588515
 192891
 128700
 735019
 804198
 421490
 190638
 617758
 529526
 344248
 203228
 251982
 507759
 834470
 798858
 216643
 930038
 277904
 147972
 886294
 1066954
 967058
 815609
 859287
 732910
 142482
 1049968
 273125
 953343
 911211
 660393
 65666
 82046
 125408
 108109
 908009
 1093042
 536940
 405386
 981670
 258050
 520139
 207588
 899155
 711820
 195431
 645573
 614678
 878534
 966457
 1006605
 697525
 433581
 643577
 297178
 767191
 19732
 759414
 234683
 748573
 152294
 793211
 652376
 457929
 599462
 6735
 72011
 653164
 255370
 299500
 1096123
 641025
 757774
 414652
 981251
 92672
 49140
 318592
 76648
 604345
 996362
 29862
 811973
 249029
 695753
 728329
 616729
 266988
 915732
 506999
 297575
 827408
 91191
 373150
 881042
 484538
 914005
 510585
 973518
 1070796
 70389
 650762
 692371
 463303
 101975
 81206
 477549
 496556
 43792
 1024305
 865034
 614016
 6852
 386006
 58497
 943625
 405292
 1007592
 922490
 110488
 775468
 796984
 737220
 467713
 754882
 307407
 647039
 718386
 208949
 980746
 455637
 16035
 52261
 558929
 315308
 895292
 596086
 502285
 280190
 114708
 384390
 656145
 730548
 639840
 481613
 712145
 643222
 509236
 71645
 376678
 740358
 410328
 188045
 393809
 525862
 986869
 261064
 177583
 804595
 234051
 533220
 270656
 427368
 595727
 266047
 169067
 247030
 667999
 109439
 893001
 559878
 604053
 272594
 1043242
 1098968
 321810
 278913
 545627
 1008975
 255260
 158323
 192564
 917256
 180816
 956537
 615677
 433033
 526565
 131363
 296223
 402202
 241777
 523776
 639692
 812228
 179861
 4822
 1050144
 404084
 675707
 1052071
 423702
 637774
 967001
 801529
 533182
 444189
 879189
 455602
 39340
 544293
 907527
 946559
 1050823
 381693
 534755
 620512
 962226
 496945
 759198
 3447
 240315
 1061148
 45779
 84214
 136432
 733547
 590358
 349706
 601811
 884050
 905168
 722961
 358524
 268754
 513958
 471515
 75789
 513747
 157026
 814675
 184082
 897163
 388721
 526665
 483563
 846900
 1013764
 1010184
 816132
 293598
 368049
 739752
 410224
 15904
 885890
 991245
 436417
 135701
 901941
 513384
 975301
 858411
 577957
 8520
 1071419
 722148
 407130
 51838
 175366
 734300
 945331
 450056
 135936
 800205
 758270
 200916
 865480
 283781
 404083
 911678
 1089063
 975453
 812673
 207530
 505629
 569351
 925069
 326200
 1075217
 654463
 306392
 112560
 1032468
 316803
 1609
 902719
 632987
 117085
 283527
 864827
 672136
 602109
 664272
 772355
 721806
 263531
 505264
 18795
 805179
 1019329
 840393
 845148
 914585
 777010
 762816
 41591
 1006676
 544104
 1038856
 631995
 50412
 910072
 668144
 759920
 267803
 637853
 139652
 323360
 246351
 11749
 1074909
 907065
 889608
 784062
 439690
 951491
 760889
 159328
 116794
 1082145
 165416
 572857
 489470
 604010
 812759
 598112
 684546
 778524
 493251
 445688
 1036887
 873148
 505579
 777586
 728329
 406879
 441522
 675586
 391003
 933073
 34398
 304407
 163942
 845380
 908293
 709936
 363654
 871065
 69573
 445425
 318866
 372739
 280721
 668489
 952517
 599245
 318653
 922045
 102943
 761102
 1009284
 182803
 803205
 1069759
 109877
 329972
 24623
 774567
 976952
 220268
 628933
 209541
 537052
 607235
 524459
 832746
 986513
 635825
 498644
 783772
 554609
 500761
 608423
 398087
 696798
 438168
 926818
 904740
 44224
 1038006
 287368
 470351
 405767
 909575
 1059039
 1030339
 512062
 90823
 692683
 997541
 588986
 644480
 471993
 957307
 150764
 9609
 590408
 940707
 165911
 817217
 951407
 1069151
 522945
 300792
 980413
 853719
 226156
 35182
 68827
 2792
 1002469
 729694
 1087941
 981363
 34104
 186426
 932127
 363262
 164726
 178525
 140779
 261568
 1064284
 764663
 755671
 99834
 839461
 77773
 200406
 972443
 626945
 432693
 845842
 362993
 118121
 820934
 683276
 277347
 50998
 659178
 581116
 1053795
 156154
 97355
 418449
 611449
 309865
 348729
 25562
 50556
 115545
 877432
 87682
 557824
 232936
 389460
 635388
 499497
 252947
 931563
 236471
 70884
 1069498
 309561
 69842
 142114
 791308
 616809
 1060119
 717295
 777398
 1047661
 995601
 551744
 600402
 289353
 41199
 993801
 796744
 753842
 666824
 612666
 628447
 506586
 2840
 506466
 417193
 299466
 375095
 642565
 156260
 921658
 757662
 837752
 122083
 570478
 73589
 870097
 797811
 108945
 1010332
 671137
 298352
 437904
 130797
 320737
 854876
 34979
 899000
 969635
 530815
 25989
 714454
 1051477
 359763
 542116
 1016524
 1070443
 250982
 385480
 333089
 106402
 463045
 25160
 79459
 543945
 640254
 608626
 195311
 154683
 88676
 794911
 451454
 259362
 370500
 260119
 76573
 378836
 858253
 925308
 718902
 240615
 236027
 256688
 5370
 870785
 63614
 626813
 868098
 509181
 444879
 1056638
 911285
 424971
 21752
 37246
 630102
 767668
 675988
 376613
 992224
 158926
 911554
 954317
 992255
 1019290
 10777
 53132
 87843
 643221
 566008
 293789
 307584
 291749
 856793
 159826
 418456
 937294
 268786
 248150
 653736
 995886
 844810
 397083
 314176
 688256
 495929
 454803
 1071798
 263644
 452989
 497181
 896815
 155833
 296143
 423870
 733790
 66460
 211808
 424069
 284501
 738623
 528481
 406617
 783580
 563323
 184589
 217053
 399306
 843781
 199887
 1018310
 454663
 770172
 538584
 371273
 514292
 884011
 702839
 477917
 973252
 905056
 499207
 488419
 571052
 790029
 786781
 744843
 670987
 486239
 1057981
 742813
 497700
 573887
 239663
 858151
 921843
 1018476
 407451
 609038
 1051992
 466222
 783760
 682614
 204709
 376320
 20514
 26721
 583161
 377796
 40253
 929848
 81738
 492429
 7381
 498940
 714577
 999971
 637489
 194279
 225369
 350973
 719513
 325763
 247915
 1082266
 361397
 197668
 921034
 8300
 92542
 661439
 1007082
 498815
 7509
 774948
 7755
 935919
 8780
 755626
 858320
 396788
 851073
 721951
 424626
 212255
 42615
 449473
 1027959
 658185
 671359
 648803
 689502
 755119
 544917
 979049
 656952
 454285
 166224
 247803
 507449
 438022
 62094
 114714
 226222
 309231
 999864
 110365
 820804
 1005075
 616844
 968965
 82865
 901054
 387811
 298786
 907301
 413469
 282714
 744258
 671643
 920254
 439123
 69199
 525955
 561800
 123424
 826324
 117407
 312537
 302558
 298659
 1082441
 759305
 1095508
 301462
 625699
 1000610
 708446
 727223
 371275
 211620
 990757
 243255
 315498
 881632
 703208
 863873
 199019
 883102
 354735
 647795
 851600
 1021489
 32898
 815751
 914238
 840861
 451302
 846930
 962903
 77139
 912461
 365599
 753783
 290489
 905375
 703082
 1069596
 962952
 652530
 276378
 303796
 544441
 369701
 233787
 1072711
 437877
 394467
 183059
 522195
 107803
 307434
 977612
 866382
 107480
 454346
 489141
 927628
 564389
 413350
 100952
 702155
 13
 270633
 173082
 1032407
 130058
 634704
 238105
 462864
 1020763
 627040
 252757
 114981
 513565
 842903
 338461
 457656
 410169
 1066008
 1049529
 1005528
 303339
 686575
 246727
 935452
 607905
 1090620
 631156
 21725
 246342
 630942
 792138
 761682
 54587
 801624
 428435
 606440
 132600
 784917
 926124
 829790
 174719
 112376
 428043
 647870
 229578
 154940
 788212
 262695
 669790
 1065006
 493355
 1027502
 952586
 89379
 725412
 413563
 510689
 621042
 802860
 533695
 876557
 98602
 113111
 621858
 84094
 685875
 387383
 334620
 35971
 260285
 1005900
 508714
 595794
 1076971
 198952
 1095607
 445195
 699330
 115191
 889086
 402293
 390662
 789529
 1017188
 831789
 683972
 465401
 237454
 165691
 149739
 403381
 255052
 940596
 250005
 991941
 545979
 177578
 499117
 968158
 789096
 280607
 647742
 518536
 110659
 681839
 597243
 429079
 626049
 372298
 467828
 391840
 625851
 926586
 32895
 376037
 8620
 79197
 364535
 919766
 426377
 892735
 679190
 698480
 1002027
 921148
 526863
 1046584
 986400
 863158
 495151
 1028462
 541667
 1007276
 302041
 399108
 848389
 421506
 1072553
 846293
 296412
 846531
 642092
 1097681
 336458
 655930
 512043
 649252
 679613
 474685
 84132
 881562
 1032847
 4279
 470578
 406514
 292641
 1052035
 1055429
 149849
 769994
 472842
 715372
 801422
 715234
 95115
 734315
 198461
 624096
 1019126
 1041989
 510177
 560051
 371900
 892676
 1078237
 995234
 167031
 229055
 385837
 45051
 1062489
 744765
 55834
 650170
 345881
 376868
 217549
 531442
 438494
 418674
 771477
 207647
 63134
 389799
 698253
 769501
 770279
 493762
 867255
 682223
 567631
 490266
 269266
 951108
 784953
 589150
 296196
 13458
 221458
 244289
 663227
 921414
 862011
 433018
 280921
 331962
 199352
 770287
 489239
 743377
 515497
 1043801
 287381
 883563
 305050
 1068407
 779675
 289694
 293806
 703973
 961022
 804979
 494602
 1075677
 1099107
 45938
 946196
 753354
 592282
 459884
 976878
 923831
 188581
 666891
 840240
 982512
 937646
 537059
 526405
 626787
 826330
 1080925
 557397
 969070
 40506
 703075
 221285
 401299
 489362
 669363
 969331
 618252
 273337
 580402
 26574
 742319
 859080
 1085873
 156608
 702180
 885998
 427389
 9623
 678134
 818162
 853458
 1018804
 630933
 928556
 472332
 661640
 69360
 245879
 550103
 865862
 681153
 881034
 34122
 451877
 860328
 319131
 398371
 791875
 677636
 264542
 909643
 158996
 759954
 985278
 24330
 1091425
 520141
 928196
 793020
 527132
 74754
 545321
 220982
 541975
 189160
 611809
 283520
 434714
 114659
 419183
 996250
 640340
 262604
 826592
 579466
 896368
 548663
 39848
 375656
 524469
 663897
 1050095
 334504
 1051559
 815518
 433292
 230744
 367859
 859427
 736082
 639812
 854307
 484113
 891069
 735419
 212734
 671389
 20928
 815256
 1063735
 308159
 242985
 912786
 979616
 546237
 1046825
 657730
 851161
 268820
 721072
 68586
 693493
 414213
 587176
 807626
 81132
 942906
