177113
 815004
 6683
 505196
 195557
 571903
 867548
 467190
 15649
 821169
 68084
 853052
 304995
 75092
 688062
 372217
 47764
 934514
 420104
 558425
 668012
 454407
 221944
 212535
 566446
 1085789
 858356
 116978
 267415
 183367
 1085364
 323109
 729590
 1071639
 592049
 223781
 459558
 328918
 2337
 416992
 1096719
 924763
 884073
 507430
 502659
 469594
 315760
 1029529
 333470
 412096
 570682
 1085214
 99866
 623502
 764357
 245687
 131061
 1010174
 996372
 139932
 439853
 350329
 45496
 615184
 40439
 867249
 475371
 1086826
 437553
 1085606
 971693
 245577
 331997
 479540
 968160
 426523
 1060055
 882717
 119467
 565933
 493704
 873703
 445291
 75638
 688019
 574045
 912659
 24913
 117851
 537413
 205544
 314760
 710011
 329062
 751182
 788131
 948035
 1000655
 649694
 733553
 394769
 8063
 555383
 593776
 935222
 556392
 650376
 1039779
 81548
 248958
 379948
 909362
 238961
 135775
 570919
 286789
 743393
 754148
 589525
 519677
 1065908
 1099400
 5774
 192122
 688612
 483927
 616258
 491532
 186087
 940815
 842105
 913185
 12537
 569810
 821957
 454850
 1066996
 565065
 1048847
 1025962
 1074975
 992389
 615279
 245688
 1082893
 747849
 37648
 656306
 840807
 29676
 270262
 164438
 626465
 756238
 345196
 793907
 236731
 52488
 100402
 550700
 585466
 750455
 308360
 513385
 982334
 860447
 942555
 706543
 47040
 930689
 190202
 1023684
 321073
 499176
 821700
 1063108
 631470
 302334
 1078475
 408422
 788418
 322746
 949844
 102274
 471524
 735827
 857647
 596318
 803647
 389933
 515984
 726025
 270116
 7848
 640480
 716352
 698612
 520040
 1001116
 276818
 493506
 66229
 485962
 985825
 223368
 570201
 190808
 811722
 757536
 96863
 198166
 791717
 491246
 99814
 983559
 341477
 225671
 721348
 291515
 812672
 319432
 770377
 344615
 398902
 821878
 997594
 706756
 955464
 407968
 241374
 676818
 1055072
 32402
 603246
 123347
 334858
 1053058
 1002901
 772650
 251643
 590992
 763542
 724695
 175325
 106025
 790388
 145164
 784275
 429917
 185603
 1093176
 910778
 985886
 625428
 322944
 1089451
 170339
 1071013
 41672
 163433
 709237
 230560
 988745
 41648
 643812
 747293
 841003
 393847
 242044
 147046
 499556
 901254
 754708
 1073540
 262471
 1049078
 459084
 649000
 707641
 507192
 107857
 542921
 8122
 972994
 971163
 1060791
 422014
 421213
 961636
 869634
 903839
 666278
 301986
 769855
 813842
 473845
 118679
 993040
 333
 851772
 703037
 408452
 167710
 407334
 85522
 709567
 506091
 1006899
 135912
 494319
 233997
 977913
 709585
 732093
 676769
 371948
 483387
 231702
 856762
 399680
 394682
 843518
 356237
 954164
 201907
 227852
 873643
 529746
 59449
 796154
 984859
 980099
 392547
 284931
 956634
 690584
 356460
 939306
 607083
 895023
 68729
 429661
 394432
 1028920
 820628
 415744
 115647
 157371
 68217
 634357
 861579
 872996
 1079345
 565334
 301594
 375327
 599110
 550244
 280351
 784508
 982512
 1078370
 954737
 171946
 589904
 302420
 44039
 782178
 278806
 574032
 166551
 1071358
 380603
 51974
 784791
 202687
 708255
 286700
 947603
 945797
 820276
 800575
 1084347
 859810
 16709
 970274
 782288
 224318
 689059
 515988
 217440
 501846
 344417
 361755
 980760
 1094919
 903864
 291923
 456143
 240400
 1079002
 831851
 846903
 915849
 308830
 351262
 406657
 20067
 802091
 457420
 937298
 152245
 131698
 163561
 712399
 184118
 685158
 401403
 1046884
 805071
 1020444
 118368
 540529
 880829
 737410
 81483
 878579
 119717
 892151
 465708
 757026
 260828
 957105
 81240
 792333
 61300
 443597
 8109
 605690
 318566
 1074199
 548855
 421645
 900529
 455482
 87334
 92732
 162462
 596598
 805617
 227748
 473419
 486573
 127064
 68276
 128355
 675612
 721715
 878785
 667420
 469101
 902080
 1027123
 595715
 742819
 802961
 652057
 655812
 595911
 135131
 869513
 875164
 476457
 527814
 553839
 620941
 860522
 420941
 661615
 220509
 241440
 179822
 182545
 660328
 857850
 124191
 418700
 1002778
 475271
 782226
 74418
 403007
 748053
 730309
 359378
 399338
 637044
 950882
 474347
 463077
 345639
 479544
 193706
 63371
 148831
 843715
 528861
 976579
 932741
 758424
 344834
 140278
 277890
 495416
 814631
 194851
 763553
 160354
 378627
 751900
 444524
 353694
 442739
 1098286
 966420
 188356
 1082084
 829358
 488310
 420819
 705985
 72204
 695357
 857459
 585123
 962687
 395675
 288335
 248842
 182744
 853166
 96011
 94546
 1085799
 975711
 490336
 4644
 667127
 882029
 33077
 799669
 162522
 1064648
 101194
 403169
 252565
 789426
 36251
 99555
 449972
 423983
 432150
 873232
 279899
 957813
 254480
 403022
 716158
 18372
 887602
 807357
 671556
 339587
 486135
 713731
 386016
 500232
 1072006
 934571
 322536
 555648
 412030
 211813
 973018
 119139
 914379
 1005789
 745365
 106059
 765545
 721999
 303580
 417487
 499938
 1077059
 213094
 77752
 232832
 91278
 389256
 356988
 45968
 850326
 874284
 595110
 338751
 1073113
 605096
 187804
 32896
 888303
 899926
 891363
 50396
 64126
 269870
 946142
 225405
 582469
 780453
 870612
 570732
 712101
 84456
 774822
 493765
 895249
 118404
 1043411
 1076875
 820697
 203986
 523685
 1077277
 902940
 988483
 402271
 483140
 140128
 1056550
 784131
 169329
 975311
 138681
 806597
 272990
 132036
 1074267
 169123
 1020122
 920581
 483185
 912489
 242786
 1022583
 92014
 582607
 721315
 1082354
 1046196
 247576
 850234
 660061
 634090
 308481
 620173
 875089
 572853
 375478
 974630
 501574
 295591
 972150
 465189
 66577
 762865
 1042297
 923212
 272419
 728817
 1042673
 910279
 191467
 872224
 1009766
 768066
 55856
 144426
 263144
 374396
 118070
 448047
 256522
 49623
 615558
 52860
 866059
 663969
 256959
 392190
 813330
 444042
 474564
 481631
 549040
 612958
 942848
 354554
 340232
 295662
 479703
 60384
 95220
 731245
 795393
 769649
 28307
 439160
 375497
 803658
 365016
 726015
 527978
 262665
 389434
 719859
 153855
 811210
 746306
 1053896
 793240
 79608
 276993
 500580
 75060
 712528
 1092988
 1019341
 215497
 998077
 873572
 975179
 220905
 238815
 319061
 578177
 504597
 85882
 413599
 528229
 269864
 1062057
 443539
 778807
 233903
 123554
 456964
 360316
 1043945
 436278
 832582
 407873
 949576
 608930
 327762
 792869
 595885
 202051
 996439
 299398
 354560
 943036
 987525
 85166
 430011
 684769
 127700
 419948
 322755
 127320
 309934
 624457
 152635
 832650
 476973
 524207
 325043
 744654
 727737
 28761
 1036539
 399619
 195161
 604401
 209234
 28839
 907819
 581988
 1054960
 849264
 950987
 1057995
 632076
 353553
 735262
 961112
 915112
 828744
 348801
 1026526
 484010
 602880
 234250
 817411
 922347
 877801
 754316
 851340
 604726
 1063971
 35703
 657657
 779051
 789392
 886124
 343184
 32382
 867481
 854708
 367446
 576880
 782059
 170593
 264754
 188802
 578354
 264812
 621955
 42731
 733502
 418484
 231252
 617880
 1044517
 527070
 1070254
 1086863
 864523
 107441
 433894
 1041044
 720806
 117379
 839162
 862273
 80044
 463125
 1099900
 1064383
 319297
 918482
 115089
 199049
 163573
 519069
 554724
 396439
 773367
 103653
 124470
 138600
 138551
 469819
 282767
 131130
 296805
 96559
 974879
 620842
 950650
 687662
 882475
 90732
 259595
 889091
 308032
 135236
 1018976
 586221
 1005067
 619522
 199470
 92961
 666071
 672337
 304815
 281537
 384142
 632892
 207321
 742899
 680298
 775629
 1025952
 526106
 800980
 692248
 476960
 956026
 147070
 140432
 446558
 151838
 995742
 880626
 466515
 1047455
 1079954
 380241
 55510
 447418
 234826
 669212
 672635
 255293
 849921
 561855
 813591
 425681
 704823
 411623
 1080997
 558490
 745532
 272914
 332363
 267690
 724628
 901895
 1024896
 404779
 766385
 526344
 653925
 848370
 667096
 644807
 751653
 650256
 286565
 838615
 717753
 7143
 1013436
 643834
 875408
 276953
 962700
 324066
 892136
 302582
 121558
 164516
 896229
 670144
 120737
 960423
 715851
 615634
 909551
 522529
 976045
 880982
 954644
 1088934
 766341
 247636
 911231
 467445
 496639
 70753
 954748
 304196
 280474
 952542
 543087
 1054719
 981559
 566095
 87301
 701523
 162730
 922688
 442230
 282893
 184973
 792159
 1073487
 624803
 58353
 104144
 474545
 817534
 141524
 775072
 794564
 453223
 45982
 187870
 884903
 715002
 236327
 858783
 586703
 768351
 438243
 321658
 1028181
 357034
 832590
 670388
 797008
 224407
 981532
 554739
 765325
 710443
 743539
 937838
 205764
 188252
 329640
 779427
 227997
 249005
 265527
 738657
 186854
 340793
 214267
 890639
 417477
 517127
 574070
 173027
 537936
 770302
 521265
 157253
 906916
 623186
 723744
 524222
 187166
 668948
 781311
 89288
 220028
 123407
 290299
 1033259
 730691
 427516
 412742
 838458
 561042
 386153
 866956
 868647
 452568
 487391
 651927
 899270
 919857
 408116
 103382
 671981
 344539
 1040087
 563225
 929144
 587682
 96655
 144145
 26902
 264438
 245644
 589875
 961798
 538896
 308008
 796596
 420824
 1069198
 906360
 72310
 760927
 956979
 720141
 955114
 768365
 419104
 596572
 804570
 80094
 595393
 66879
 1875
 415236
 279713
 673610
 416515
 860015
 793925
 605610
 806998
 721341
 82581
 247217
 573759
 715243
 313406
 1021826
 128039
 1008204
 157519
 1041534
 409219
 694723
 581720
 297939
 330715
 109870
 835946
 177460
 113469
 150042
 216392
 591535
 623400
 693982
 360396
 703518
 1015698
 251507
 891917
 132232
 322883
 482837
 482292
 244815
 578142
 188047
 41988
 77147
 275465
 956926
 303044
 351386
 939631
 207117
 653530
 861037
 558811
 122819
 433163
 735191
 708346
 715557
 376338
 881325
 523741
 811556
 328352
 185068
 52153
 602378
 966311
 99957
 793681
 351836
 773607
 153381
 815497
 302833
 612056
 608385
 233567
 420688
 403648
 783565
 582037
 588209
 200470
 894613
 765795
 766663
 186194
 315550
 69587
 1046370
 637755
 555751
 1079668
 250674
 884609
 898093
 29758
 1070921
 3596
 1030164
 920283
 286216
 887059
 707330
 629940
 1010566
 722860
 840151
 924848
 892126
 370716
 247955
 910503
 1037364
 1095550
 557377
 233923
 547643
 358289
 144826
 61284
 7908
 732649
 221226
 995866
 160986
 581256
 490630
 676741
 198913
 893820
 771095
 377056
 458935
 283813
 592885
 1050176
 734898
 608457
 208826
 163788
 115790
 100237
 1050772
 634509
 810179
 541252
 761195
 27688
 81193
 884122
 454249
 774797
 1066347
 818678
 1060828
 238923
 129149
 213341
 628773
 1096476
 571602
 236296
 675989
 808755
 418699
 748289
 675320
 1059713
 929507
 15694
 375804
 406972
 919127
 726249
 45927
 223501
 428814
 626332
 1093527
 354630
 704919
 570159
 357356
 153953
 402003
 366561
 433733
 993375
 560478
 225951
 191963
 529355
 893311
 349609
 304337
 212257
 723726
 68054
 570284
 665902
 373458
 473513
 1057355
 1083124
 781317
 586858
 270705
 252820
 196991
 796429
 886777
 513609
 83444
 773751
 151937
 848778
 499009
 65785
 385010
 326338
 612908
 451047
 1014023
 1028334
 21560
 630901
 968034
 188463
 1036411
 537379
 914105
 519901
 17774
 576962
 665977
 14973
 218848
 9629
 427206
 392658
 142879
 439574
 80301
 988029
 1071914
 534561
 80380
 463683
 419470
 1068981
 874135
 320098
 187767
 634121
 155276
 392578
 794356
 93308
 593538
 1093651
 162382
 703828
 341391
 22118
 475264
 996929
 555162
 500101
 764841
 304362
 174341
 306318
 25356
 462620
 997880
 1056063
 386375
 326751
 513567
 420779
 232145
 397130
 829985
 649808
 327275
 798534
 235080
 152698
 382013
 537522
 427604
 914611
 122874
 965262
 834857
 271782
 436576
 595860
 114147
 716738
 103894
 703492
 699475
 478227
 57667
 835768
 1033000
 39927
 859865
 779037
 31552
 317750
 1026439
 387601
 642056
 161448
 720614
 1048958
 112687
 353089
 925799
 148515
 434048
 874161
 516711
 100886
 854741
 788461
 208910
 1064943
 948282
 56311
 188752
 71950
 1023057
 703194
 825738
 501689
 808063
 283728
 984404
 1073692
 885344
 50347
 361178
 1061073
 1054143
 237859
 675279
 592292
 1062840
 428384
 351891
 247976
 1025400
 147814
 952464
 785678
 869731
 380080
 728283
 779067
 273433
 809087
 1080143
 45372
 190362
 320123
 590517
 181637
 29769
 543408
 720962
 319129
 661477
 449727
 701326
 210011
 735844
 394407
 504937
 227776
 502765
 1006745
 143256
 467855
 717132
 72158
 557536
 785634
 967387
 136350
 562994
 756116
 126550
 158169
 177590
 962015
 762870
 325910
 698930
 394689
 882267
 412709
 956325
 297030
 12293
 606156
 1087265
 803402
 9914
 347208
 55519
 443226
 523105
 809409
 39482
 841247
 628580
 848956
 377893
 1013885
 113664
 713558
 984462
 1088592
 174421
 392914
 365945
 739376
 947925
 137713
 268366
 322458
 41514
 228954
 727872
 605930
 847887
 73023
 1025813
 864543
 473746
 351127
 491407
 351588
 885410
 241334
 1010759
 983044
 448117
 423320
 354259
 831561
 434936
 384251
 990464
 16978
 338469
 638276
 687854
 502569
 83169
 776472
 314723
 972222
 1077475
 486841
 126620
 639999
 230999
 907910
 854481
 76945
 43418
 28891
 721126
 128153
 65619
 675063
 641180
 671765
 806033
 145537
 734420
 1055164
 424554
 593419
 1086076
 711075
 931961
 1020681
 786015
 228146
 533642
 38597
 829130
 633904
 139293
 142052
 805600
 383936
 1016259
 93173
 450916
 28843
 519682
 455352
 836163
 80041
 189095
 676459
 514674
 1035356
 406147
 356175
 663466
 598433
 629046
 1054826
 328854
 832810
 670005
 973032
 523506
 705293
 175733
 839113
 718033
 45972
 1090158
 12506
 95094
 575317
 478974
 411150
 1032828
 909698
 86730
 9839
 407745
 652552
 484387
 516274
 661758
 480057
 363307
 432344
 718942
 849470
 352977
 402938
 217881
 1090457
 351522
 345563
 150454
 240811
 614958
 773069
 919782
 126427
 848147
 510563
 504304
 584233
 456992
 749109
 622662
 152942
 155522
 832080
 463616
 176773
 660026
 686164
 74286
 504900
 155298
 655737
 54759
 238440
 73480
 676904
 939338
 864905
 621149
 511443
 665396
 617443
 1048265
 960994
 365653
 601269
 1462
 126325
 82627
 773537
 1087494
 650172
 536567
 795550
 783687
 520663
 807226
 826042
 264238
 691265
 925597
 475435
 233546
 973674
 19275
 198046
 956799
 47788
 257322
 988861
 701413
 771582
 301448
 502287
 153027
 100438
 457175
 358919
 973181
 481208
 694165
 469388
 651672
 191004
 1071071
 25029
 818511
 263551
 130109
 109758
 480098
 459699
 725944
 609817
 171335
 992187
 505737
 415517
 1080359
 207560
 523033
 937989
 241091
 393777
 1009234
 95899
 378676
 168805
 916460
 572333
 985095
 20695
 899686
 3789
 895723
 317015
 539571
 909437
 451800
 157360
 401857
 1046170
 1040592
 1025510
 320819
 76123
 543786
 509298
 338845
 161133
 859276
 233242
 427072
 526829
 292564
 907868
 795843
 258951
 579482
 869031
 831633
 400090
 461628
 214750
 11470
 1039935
 202734
 222138
 573413
 386219
 93629
 193103
 1014675
 703756
 439860
 587146
 120269
 456900
 357774
 694630
 926951
 135346
 461440
 529411
 33721
 135387
 1049565
 933788
 512243
 166418
 918029
 879965
 562401
 349975
 706290
 549350
 538384
 517126
 778722
 672854
 280689
 521657
 1024442
 625333
 142958
 661015
 1054957
 929221
 703720
 619104
 774448
 655756
 631712
 408134
 51858
 787098
 807737
 38242
 840205
 1031855
 725518
 829895
 578215
 849392
 74310
 33725
 102564
 352268
 885234
 911358
 86202
 94351
 116499
 288808
 273448
 214789
 851575
 256867
 396261
 135005
 744401
 412430
 707154
 455748
 944892
 972540
 939327
 411786
 361213
 112297
 290695
 275598
 709169
 429848
 1084371
 448299
 459063
 720598
 489142
 345421
 331024
 525166
 939155
 866014
 483559
 548963
 481890
 489692
 579919
 696658
 778897
 1073699
 942701
 492960
 707111
 407880
 860792
 446791
 942773
 125700
 610367
 503653
 484727
 853806
 697420
 529645
 1067895
 570581
 970121
 850761
 587
 755137
 491213
 941403
 891006
 696091
 677706
 564300
 662370
 61957
 145147
 656464
 1068318
 884468
 789176
 782483
 152873
 50512
 887357
 533158
 1016106
 1036033
 274901
 557722
 266303
 421387
 964456
 1079555
 107774
 203638
 558533
 739156
 972371
 195928
 671285
 233934
 1085915
 1037685
 996313
 42561
 704692
 1039125
 590222
 92824
 299171
 161970
 804790
 996447
 540422
 198748
 133149
 263388
 1047159
 961535
 971447
 699444
 564439
 147615
 214216
 1025277
 259442
 614758
 906926
 613322
 946974
 735449
 45753
 333061
 516960
 664899
 468865
 711330
 949581
 528205
 788696
 267946
 1095036
 84453
 392239
 384217
 1067819
 348140
 789975
 1081616
 287626
 451029
 391703
 298827
 244129
 303132
 23792
 859536
 445314
 213812
 411620
 162908
 114072
 921663
 337199
 597886
 386772
 761503
 1061655
 531833
 180191
 132812
 168590
 467183
 598188
 883953
 1016945
 911880
 544331
 156936
 1072956
 427714
 205842
 211994
