921413
 53523
 475589
 758548
 568140
 176416
 277082
 182060
 354945
 487756
 469482
 123134
 537670
 287986
 12566
 843208
 519956
 279496
 188663
 1033737
 101236
 939391
 564010
 224208
 400191
 393017
 165811
 782522
 1095833
 518035
 229536
 1002955
 287620
 960473
 770319
 217687
 841125
 1052041
 280525
 582103
 740473
 494709
 648735
 198814
 778939
 242890
 905308
 79914
 443256
 776873
 305675
 315700
 269457
 773352
 119389
 115537
 127821
 425826
 527392
 977723
 697255
 1019540
 1023323
 196770
 681027
 763721
 810643
 1019577
 345603
 403474
 916894
 388114
 962716
 120700
 1007504
 688065
 228962
 1057370
 804043
 139371
 520967
 17390
 314042
 694861
 33029
 687407
 900425
 870981
 747746
 744153
 965584
 662369
 406609
 933805
 726610
 321546
 1008421
 162444
 79639
 463762
 878554
 332432
 540495
 772188
 887300
 850571
 465819
 46709
 904678
 307497
 209158
 476219
 898716
 425852
 435963
 859540
 735175
 406943
 308215
 577548
 1001909
 1009900
 780375
 600305
 733545
 898953
 915035
 618677
 59100
 734114
 674211
 868899
 1062812
 191353
 276073
 952887
 747463
 413151
 913307
 998312
 559775
 538030
 43746
 531115
 598773
 154075
 747052
 121210
 59284
 216466
 51032
 177407
 942149
 944187
 486904
 381276
 37292
 537867
 26648
 950905
 1043774
 843206
 937310
 389060
 886605
 941286
 813051
 94765
 815595
 830528
 820249
 432900
 905657
 737256
 858854
 589736
 694452
 675121
 256598
 99277
 73818
 53864
 425007
 212617
 879386
 564158
 262746
 230686
 700686
 720460
 1045940
 391116
 431047
 316991
 1040251
 640632
 92193
 69097
 164775
 372223
 655321
 812358
 618863
 169145
 394362
 446381
 677144
 961402
 810664
 933858
 68540
 42640
 1010709
 836634
 492125
 147725
 717820
 150281
 497030
 56650
 604760
 990724
 501374
 462338
 22210
 242680
 730025
 574446
 1003447
 271934
 420643
 47221
 868304
 386380
 401010
 386101
 353119
 17506
 953117
 711755
 599244
 169638
 963619
 333088
 885682
 175195
 1021761
 935281
 518566
 536290
 258492
 394636
 350525
 86299
 48614
 762336
 328177
 692083
 1038696
 839363
 356893
 756413
 598193
 655659
 1079289
 608764
 362795
 899803
 28916
 763320
 176560
 3834
 229765
 128476
 874601
 386142
 284051
 852855
 926955
 799613
 514032
 568974
 109942
 752620
 805719
 1084170
 1089965
 908304
 140137
 218419
 164513
 717681
 798665
 348128
 656943
 103970
 1022843
 365098
 550187
 85446
 668635
 305838
 849513
 971845
 272373
 519222
 771431
 269324
 300865
 666381
 116163
 44870
 1020739
 303448
 777785
 33850
 29835
 937543
 636042
 244944
 264610
 1009142
 305668
 978003
 203592
 403116
 739349
 692636
 573657
 802430
 91005
 943719
 80358
 232366
 435650
 214266
 262467
 352442
 857366
 181157
 344197
 551968
 16423
 469594
 521831
 625856
 374963
 272944
 646254
 916714
 265608
 660372
 710724
 60592
 662252
 764873
 23137
 428058
 266526
 133355
 842203
 838668
 473850
 942094
 988260
 123173
 256080
 301795
 572949
 94926
 467557
 351730
 871032
 273849
 258817
 673551
 885064
 834420
 421286
 172957
 232416
 469174
 416278
 1017598
 38554
 1038623
 316763
 588172
 322082
 959490
 121140
 105023
 1025086
 813123
 134846
 822726
 298668
 72761
 603954
 1091977
 964278
 158454
 681887
 592387
 297584
 773113
 723120
 609408
 838971
 239801
 722411
 127500
 692773
 285617
 614516
 505295
 457554
 175191
 918589
 812814
 417764
 698744
 1071913
 757341
 31490
 923490
 475651
 701165
 455752
 952850
 170710
 446214
 199293
 1020227
 197547
 274895
 942914
 440287
 893141
 911896
 197035
 89714
 82886
 616656
 422668
 782771
 515480
 726875
 79248
 648215
 714835
 704375
 1088109
 147449
 738712
 1089397
 638804
 427798
 1080403
 255464
 621495
 217189
 583952
 946803
 731649
 461777
 52237
 1020516
 435439
 949183
 339993
 451003
 228889
 15696
 633953
 938002
 82544
 398034
 872415
 926643
 166616
 303773
 42763
 884780
 851107
 908672
 606922
 973664
 180343
 140358
 415179
 268368
 197930
 593894
 712548
 105552
 927501
 738792
 855364
 647208
 676605
 282328
 159147
 1039168
 328758
 214909
 348590
 499140
 396940
 374647
 615389
 902648
 691659
 81285
 1004758
 861974
 126551
 1014845
 449952
 768837
 292657
 119916
 1095930
 691897
 454040
 1034908
 196358
 1004244
 949385
 1032778
 273258
 1056457
 683566
 973568
 735799
 749133
 333844
 30619
 929591
 183626
 725480
 804497
 485900
 25817
 443649
 308723
 321725
 74981
 742014
 463366
 950151
 539594
 716240
 217491
 163927
 214980
 6935
 967825
 967163
 132506
 262782
 511091
 106333
 689117
 74317
 855245
 32647
 1019849
 700649
 971719
 1059793
 457639
 399990
 176079
 896707
 555668
 10645
 660426
 209921
 848885
 880202
 618975
 386284
 370337
 597110
 302493
 590686
 1001649
 823068
 557351
 141841
 855425
 419783
 523999
 74574
 469234
 58590
 135385
 816887
 10003
 349159
 591671
 737677
 335776
 236208
 414170
 366919
 113060
 955822
 673759
 1089942
 593404
 164389
 505035
 894876
 879350
 737388
 20479
 851978
 1011484
 986756
 379090
 1043372
 705237
 634823
 3841
 337446
 660028
 1076489
 355497
 54259
 372632
 101587
 501286
 231663
 216260
 537738
 492666
 440409
 253668
 574955
 909154
 913768
 810402
 592897
 1021968
 764703
 92560
 724531
 797808
 418231
 527852
 14357
 1055301
 966645
 373697
 487682
 1048113
 359516
 84592
 846515
 165408
 409456
 988223
 731197
 1006056
 413056
 919152
 134657
 349963
 879898
 478936
 842063
 942010
 983579
 415275
 1061066
 99924
 100720
 36756
 126287
 757348
 952413
 638191
 670446
 1020415
 922477
 231502
 92272
 519310
 759985
 289200
 796359
 36223
 872533
 739928
 917646
 952032
 1099365
 220248
 853089
 734621
 1093698
 640512
 411195
 89547
 760867
 666261
 764718
 312291
 397511
 442096
 287913
 183233
 727838
 54436
 611078
 818190
 1033048
 614555
 749039
 357712
 1044632
 749077
 394770
 657591
 299994
 749060
 649967
 1086288
 835467
 829077
 211388
 277338
 815068
 331286
 881234
 447912
 552149
 381908
 1075647
 144376
 25285
 102869
 391729
 281122
 421537
 578052
 1034860
 13468
 270343
 1035378
 501331
 215432
 1080549
 1022592
 435946
 174431
 452541
 453924
 405217
 628639
 512190
 330892
 794063
 898497
 289768
 782589
 970800
 97188
 528272
 1040439
 957725
 738429
 523877
 546056
 614555
 122054
 730083
 710991
 245884
 728332
 233684
 998658
 451164
 881829
 150760
 614104
 170333
 1048302
 990834
 159576
 63061
 159381
 1019199
 235055
 901479
 831995
 484607
 242984
 1015103
 563889
 764378
 230130
 973766
 781803
 213537
 133677
 1080458
 955011
 481456
 498012
 171251
 810245
 305683
 62685
 1089353
 51775
 210056
 370152
 1076732
 381385
 198068
 479136
 827309
 330301
 123188
 1054573
 784280
 261256
 982407
 310766
 488483
 1038537
 848171
 313686
 307841
 498596
 542584
 472463
 821445
 916341
 554105
 870232
 129328
 218135
 470107
 726242
 69168
 403457
 1029112
 263669
 960937
 604922
 746896
 328643
 341843
 277031
 942509
 437943
 933003
 93858
 63659
 166818
 1008060
 1056206
 99162
 769562
 831586
 535749
 16554
 142187
 590954
 275795
 949271
 303866
 140309
 762189
 41715
 446881
 942726
 1026967
 1089115
 100787
 857362
 506772
 634931
 510075
 1080202
 136972
 739241
 928492
 227966
 1073651
 619570
 869958
 349577
 108663
 1074079
 36480
 708916
 237473
 931217
 467692
 91388
 448048
 436157
 893481
 214188
 1012957
 614663
 200754
 959084
 139199
 1084758
 69169
 837308
 679499
 685292
 195632
 143029
 223600
 973821
 1035438
 780308
 533539
 569506
 81356
 37040
 893186
 800061
 409641
 1009810
 986711
 359135
 1047721
 132852
 49726
 146334
 946873
 917555
 719153
 391545
 1035905
 365923
 509539
 738917
 534072
 458854
 1070890
 153133
 845205
 562817
 815671
 563525
 534087
 1091975
 805299
 741563
 1090879
 78860
 167138
 26507
 551341
 407021
 249872
 1049253
 79332
 629717
 1039332
 460126
 75635
 758083
 428687
 2243
 916091
 654294
 264082
 802244
 419909
 281150
 1011179
 185811
 529756
 1037785
 1095123
 644337
 340513
 611105
 346373
 998920
 1008161
 690019
 177581
 196924
 102249
 481978
 579379
 642397
 857916
 40738
 1050373
 307381
 104131
 270412
 140726
 907690
 561783
 941914
 375253
 389225
 454048
 152373
 1064031
 718727
 951488
 785477
 339966
 567569
 237161
 24165
 346682
 898891
 875536
 936143
 303441
 366068
 189714
 921219
 737998
 528727
 183992
 747355
 798857
 1093983
 284499
 246745
 810063
 543365
 99523
 863840
 719489
 944824
 861346
 588031
 161142
 98647
 751084
 637107
 1055522
 397869
 576860
 137602
 820238
 1081262
 146526
 780468
 615006
 1048553
 326192
 544869
 566673
 536133
 862041
 658606
 627435
 724677
 391131
 141731
 455171
 355426
 984502
 153197
 429046
 954199
 136241
 950061
 431107
 1009745
 2336
 920715
 966848
 1008936
 205470
 567332
 280599
 208170
 941255
 45561
 748436
 435411
 1027924
 296352
 196480
 736271
 844849
 923547
 502552
 351820
 741882
 242999
 146489
 40843
 650010
 372569
 37792
 793945
 371800
 275540
 585190
 482681
 435315
 811120
 452916
 587487
 334697
 904091
 412046
 972535
 674478
 1081516
 793601
 748248
 870023
 820245
 303949
 764814
 63969
 196715
 1003652
 269759
 369947
 755979
 170358
 551890
 807621
 678766
 273770
 108896
 395557
 941801
 810751
 499234
 128091
 350
 977228
 671454
 835290
 781222
 293461
 419944
 144648
 314960
 1069701
 796437
 684380
 212460
 165319
 111850
 729748
 536755
 885601
 790775
 1065519
 677390
 24707
 779483
 964403
 316348
 472477
 664925
 554029
 1046680
 385492
 168095
 866791
 384472
 803277
 1059948
 437441
 839229
 485166
 421737
 69357
 631395
 972460
 989259
 1009388
 872857
 1069266
 56570
 68030
 97618
 546556
 128354
 454430
 561286
 20140
 685442
 499792
 777654
 45814
 767278
 749804
 416181
 290563
 1068569
 715569
 190265
 874892
 290610
 872272
 671403
 524320
 919560
 1065328
 813429
 831518
 1049112
 45776
 835420
 723764
 453403
 903023
 384692
 851562
 196285
 401909
 330202
 87388
 450204
 430054
 558804
 692056
 208791
 831085
 670692
 565310
 187363
 120714
 982054
 712099
 60350
 239739
 430748
 125370
 391647
 991799
 194101
 281144
 1071963
 694979
 60030
 1049675
 91857
 317846
 570751
 686835
 998779
 532451
 418353
 118693
 1056966
 982314
 913069
 504138
 60405
 112156
 92553
 1038744
 775881
 36716
 34485
 660683
 1015722
 79140
 44604
 47263
 1010222
 352489
 504453
 88425
 618509
 330753
 817452
 614337
 214744
 45078
 761104
 336095
 181114
 1096417
 534113
 436761
 1027356
 777126
 8880
 311055
 965564
 514929
 34337
 611794
 360756
 104620
 750738
 959857
 687574
 150533
 226949
 175214
 229856
 522480
 690006
 834632
 672159
 88355
 95247
 357534
 313276
 585316
 833694
 749788
 989257
 412554
 864173
 290185
 237042
 277926
 59240
 358310
 768131
 348683
 323722
 981668
 442245
 881705
 351193
 693856
 261955
 501523
 950887
 128051
 34018
 665986
 83183
 991337
 520438
 219862
 928640
 290958
 662408
 452983
 819722
 1091258
 609343
 302028
 953516
 846817
 145037
 68772
 373782
 19080
 520744
 891014
 431291
 558644
 106010
 857750
 450228
 333099
 1099230
 313833
 75373
 397709
 385981
 568531
 18511
 503717
 132641
 202294
 735042
 198030
 465318
 612355
 217618
 121508
 855478
 1071702
 847920
 191200
 484863
 1079645
 1068328
 202436
 629030
 530024
 724401
 863113
 237123
 487557
 628691
 454109
 747803
 115691
 339939
 571269
 10935
 315716
 96782
 573916
 919307
 637490
 276956
 306607
 784849
 593787
 553012
 381012
 602967
 980492
 10173
 171941
 375421
 133168
 23992
 516214
 501367
 35207
 342380
 839688
 297998
 417594
 799393
 840080
 726924
 656954
 597530
 497168
 464228
 518248
 779608
 171551
 689874
 538322
 758289
 628156
 11033
 410601
 412265
 873026
 967557
 689333
 1026722
 72088
 108730
 788362
 908371
 453769
 227908
 844963
 985288
 695619
 482123
 365270
 452377
 753187
 221157
 667284
 881420
 752458
 1033082
 1075552
 900794
 312675
 324885
 188051
 291158
 337964
 715112
 550935
 665504
 420470
 52397
 690710
 821430
 808419
 27246
 935487
 834637
 633004
 174113
 411703
 883058
 639267
 460066
 1087950
 463309
 330220
 568413
 580679
 1036468
 560400
 971299
 818634
 992345
 797000
 477995
 466069
 505889
 586182
 1046114
 67701
 2700
 571807
 1071036
 150189
 455357
 236020
 39007
 926589
 337428
 903285
 243463
 660746
 301815
 465446
 671468
 34573
 39092
 979573
 508592
 969723
 845855
 209482
 817114
 97112
 834913
 860668
 889568
 535409
 116029
 581550
 131101
 998568
 531960
 195925
 989133
 373978
 89368
 643548
 613634
 2191
 512305
 34651
 397190
 599571
 543571
 584009
 453813
 729401
 864091
 877561
 236004
 73226
 766250
 578806
 186211
 723436
 201865
 809961
 916728
 485951
 244758
 446098
 358297
 195101
 591610
 778458
 362410
 103492
 882236
 1093852
 430391
 942401
 300205
 359013
 825457
 129802
 159944
 128069
 435564
 570513
 732476
 679866
 456070
 3197
 373152
 999141
 673987
 1039870
 430585
 782418
 899197
 878419
 789717
 558113
 108095
 121898
 222806
 381394
 280936
 634149
 947979
 770468
 922196
 146355
 423965
 813439
 691116
 71088
 903352
 814971
 289165
 932828
 608559
 341971
 566266
 827994
 451986
 903887
 1029094
 179970
 482499
 868423
 53448
 66562
 938161
 659313
 866264
 449308
 494073
 334443
 824147
 530051
 73019
 307227
 810808
 489304
 294990
 23429
 323199
 226093
 316328
 213132
 668247
 343051
 452087
 375638
 567753
 555741
 59334
 433235
 648975
 85789
 692480
 801266
 194273
 52990
 182097
 469104
 594048
 81110
 413379
 239711
 535122
 1028004
 294582
 616313
 531627
 280264
 1097130
 1086953
 790318
 241981
 507010
 263736
 1007166
 521343
 830219
 490517
 651913
 674477
 680171
 924877
 607365
 876199
 155816
 1039765
 180386
 785822
 478923
 473116
 935728
 1061660
 73529
 43337
 801745
 377357
 858413
 4534
 927221
 44288
 446038
 161791
 749779
 540226
 181160
 415189
 1032003
 68340
 639069
 759522
 248562
 982369
 448038
 192941
 368562
 1096489
 314475
 538485
 532292
 840696
 387137
 873502
 111327
 47253
 475490
 312680
 453483
 474159
 452193
 313542
 189357
 390530
 15349
 585667
 867040
 94776
 666068
 235307
 1001911
 25924
 741922
 300891
 428934
 427977
 812310
 24310
 230900
 724693
 931489
 180408
 574643
 227
 785421
 693709
 481562
 449216
 1000484
 205691
 192380
 805983
 970792
 328326
 906818
 636783
 330658
 280868
 62205
 1531
 739089
 161493
 549700
 441110
 927233
 994148
 506382
 433487
 338517
 666332
 892087
 108032
 607771
 957834
 136881
 1096156
 268369
 966065
 622107
 778943
 430057
 228111
 262094
 698308
 289194
 142321
 94002
 550861
 425910
 1075295
 98676
 1061231
 461656
 1072671
 782051
 464474
 544217
 196230
 860500
 555907
 120488
 309925
 51578
 466796
 438102
 1018919
 829877
 112483
 1047928
 497847
 486771
 511155
 1033483
 570875
 532913
 50477
 1024735
 629394
 833393
 853614
 615203
 458049
 879958
 886681
 676090
 965083
 217936
 445318
 138475
 460164
 371557
 516333
 58300
 866458
 531429
 705163
 550762
 547444
 119929
 724413
 237468
 673461
 401931
 33274
 443396
 84428
 629647
 155679
 611799
 621189
 183902
 456208
 409689
 264734
 751176
 524767
 525464
 529859
 480957
 787098
 455023
 20345
 627062
 567173
 78638
 568033
 46864
 478443
 448510
 1089570
 517975
 431940
 805589
 282712
 714714
 299050
 1018366
 443748
 547886
 434015
 521513
 523822
 984448
 1007401
 744228
 573705
 1064700
 813828
 613404
 781169
 799778
 462009
 230778
 743175
 136412
 84554
 736469
 646986
 274181
 523833
 629703
 298166
 570965
 386178
 99556
 49418
 733096
 104053
 813695
 505399
 540678
 189373
 244367
 868317
 722651
 734167
 1026525
 687090
 710125
 386807
 143895
 672184
 3672
 555371
 12959
 171879
 913405
 500427
 829576
 1070799
 949529
 87804
 785253
 110015
 773485
 696140
 709025
 873852
 1014810
 735009
 217397
 1015066
 911838
 183106
 1071904
 84321
 602229
 290576
 940410
 802725
 455851
 654474
 67012
 628797
 121071
 843929
 341236
 639497
 219290
 614924
 593272
 147127
 572784
 931882
 423192
 990515
 893762
 684541
 320249
 501494
 308871
 726851
 670831
 176079
 777407
 751507
 427046
 234420
 991233
 1007276
 92998
 164094
 674858
 915225
 460126
 908010
 1065577
 121127
 237114
 528157
 1019177
 110942
 307351
 908451
 582032
 436797
 979080
 946998
 1034851
 176560
 665736
 998157
 340413
 457063
 140277
 326883
 1033753
 974451
 573046
 128747
 737450
 569584
 831683
 505019
 429613
 694455
 562271
 176968
 451256
 990901
 212780
 1007884
 252524
 258458
 622092
 413889
 133758
 778896
