81343
 698619
 513384
 158414
 53677
 693269
 933526
 945672
 574367
 607569
 519729
 116997
 863147
 948277
 1075569
 637263
 97921
 65388
 446010
 211686
 717727
 296110
 454942
 405725
 171398
 294181
 571523
 931232
 485531
 111152
 557210
 912589
 657577
 711846
 130995
 809392
 462022
 431373
 563655
 931235
 1002859
 88671
 1086156
 273678
 546999
 471129
 538375
 112110
 138941
 516188
 619892
 1004703
 825785
 429792
 965025
 580349
 334927
 704632
 1036694
 29902
 685157
 778560
 1023771
 37603
 1053358
 749131
 152616
 302488
 778022
 687524
 77455
 276232
 674585
 164466
 987145
 919523
 131842
 356309
 34834
 537728
 183163
 855200
 318282
 891876
 23109
 1033294
 1057994
 715656
 989699
 535781
 125093
 478872
 625421
 91690
 322494
 99464
 901129
 941003
 648663
 1031289
 74763
 52192
 184088
 1037702
 58849
 984456
 505931
 40443
 526944
 662617
 469652
 60971
 792672
 202193
 275966
 291198
 132374
 763553
 186893
 310704
 117132
 23285
 9677
 582380
 573219
 336655
 571808
 401537
 482162
 749552
 114912
 736885
 338014
 883414
 571666
 76887
 878237
 1084151
 786281
 235635
 953553
 1039439
 484356
 427359
 709765
 212876
 1084690
 72
 367834
 480
 506514
 174448
 1032139
 1027590
 1094953
 451048
 778861
 607811
 942626
 186542
 741204
 520233
 545457
 8168
 719542
 283006
 487106
 533706
 511326
 35001
 1006545
 690765
 931595
 363361
 250993
 731750
 727716
 508251
 164350
 36839
 842332
 440156
 139653
 641695
 1060891
 893357
 682669
 221106
 1098184
 980240
 1023754
 606306
 755921
 139912
 33368
 923970
 85853
 900405
 502717
 516189
 427282
 775070
 727895
 451735
 811213
 173239
 170173
 60267
 819885
 1076155
 690778
 1077226
 227491
 938529
 415397
 109082
 290109
 910255
 228805
 415997
 135718
 1026202
 490222
 8002
 621800
 856857
 831818
 226160
 868439
 334137
 470989
 653479
 972025
 471547
 1066840
 1008483
 576181
 228262
 408533
 241523
 52706
 967857
 735884
 437358
 101211
 991357
 676637
 962855
 187465
 170444
 618004
 531255
 777811
 499237
 477804
 279631
 890932
 314915
 802047
 677552
 145239
 108548
 99266
 834242
 770827
 195750
 144997
 853997
 89664
 642568
 638836
 359849
 795263
 150234
 1049358
 644029
 542983
 450105
 753937
 544270
 429884
 1016548
 630489
 205298
 666094
 569204
 51739
 511321
 385793
 729562
 1042162
 26468
 684947
 990407
 247645
 771185
 375
 639341
 886071
 192052
 240095
 863570
 403764
 280976
 461561
 1016937
 641559
 252377
 721788
 163515
 917445
 333386
 24347
 1053488
 468689
 905305
 985378
 570909
 942431
 1042043
 611957
 933672
 633195
 1029049
 1074492
 697190
 449793
 216298
 720587
 787686
 434331
 1040498
 434380
 505223
 348787
 452025
 21231
 643219
 643517
 160275
 783130
 420507
 18509
 226574
 857926
 1089143
 558150
 604861
 807644
 529998
 27798
 156706
 460583
 1007117
 143670
 254907
 569190
 73462
 529191
 924373
 471478
 565954
 366671
 382402
 707027
 406295
 101941
 669527
 667620
 447618
 1060836
 85874
 523832
 1007768
 309944
 525135
 209500
 937919
 971809
 929206
 146966
 425811
 361590
 287322
 625088
 900097
 759954
 513839
 1088986
 116318
 765058
 82235
 776829
 698077
 411632
 1079701
 1053750
 999891
 278735
 993629
 7233
 1009730
 928633
 672863
 597869
 716503
 360272
 753324
 687466
 756192
 387923
 43408
 338236
 482554
 4117
 892043
 738474
 448665
 604592
 180557
 361899
 253405
 263010
 359655
 84955
 231803
 844363
 695029
 150255
 297870
 751090
 818201
 1054145
 936836
 506975
 567820
 489768
 286493
 1008726
 746406
 513241
 708149
 170808
 695433
 1049724
 210903
 124091
 585512
 706481
 306102
 136648
 162423
 545611
 400553
 876195
 799362
 57355
 405540
 125966
 73849
 661661
 1064284
 135552
 421581
 196317
 831394
 279791
 1043046
 889137
 1087418
 859873
 522025
 35463
 999763
 894093
 151328
 788273
 198266
 1099479
 115612
 169593
 932497
 444600
 879182
 46532
 981357
 525888
 672863
 768341
 186145
 470514
 210425
 944101
 1067166
 794447
 949797
 407563
 1093455
 140912
 945119
 279460
 540845
 615859
 95764
 120866
 184534
 995024
 952419
 31345
 285638
 252949
 1036599
 839869
 848899
 601504
 67150
 643967
 437614
 167555
 905426
 552467
 667792
 752782
 140271
 227980
 555228
 189269
 327420
 824138
 455791
 1064064
 788450
 770624
 752611
 373790
 182357
 595355
 10029
 877001
 579582
 1012928
 298807
 1057551
 874238
 1033461
 788689
 294721
 93502
 496739
 47922
 739194
 876889
 986666
 262159
 354897
 1081377
 600632
 894079
 702295
 416652
 296746
 787559
 416995
 186256
 371453
 292565
 1003349
 910914
 837656
 838441
 631778
 1000694
 422354
 484081
 652069
 107711
 542199
 754565
 430140
 28061
 559716
 809843
 370090
 841613
 712030
 350162
 175840
 71219
 18268
 108739
 895831
 881754
 638770
 1063784
 534327
 360845
 979571
 907320
 241213
 979848
 99992
 840110
 22373
 446230
 595894
 693204
 396052
 50327
 694960
 683628
 322050
 995745
 834781
 29160
 880109
 871428
 923536
 342887
 660782
 111068
 535541
 922093
 465602
 192290
 111735
 19257
 991437
 107972
 394716
 404732
 49123
 877857
 307728
 585660
 253881
 460977
 362270
 217985
 218789
 1036325
 488886
 456215
 363550
 874263
 925715
 898388
 951077
 392036
 533408
 192773
 325594
 897429
 684539
 65318
 690813
 1074679
 1030971
 288151
 651271
 138465
 62130
 347674
 581176
 462465
 710908
 66126
 306296
 454110
 671564
 319619
 165315
 943192
 754371
 938714
 150688
 669063
 847378
 67020
 602949
 1015350
 372676
 740107
 499058
 86555
 532101
 96957
 49489
 838839
 832809
 787788
 638668
 1047515
 263571
 244309
 1050889
 307874
 300964
 457711
 474550
 800435
 474266
 248895
 613675
 52935
 232017
 576532
 745001
 929376
 576350
 7965
 586005
 444474
 836442
 319610
 801733
 416402
 189623
 926666
 151472
 448143
 809586
 268548
 648079
 789929
 815957
 795760
 1076717
 580065
 740573
 313921
 338628
 791738
 435046
 453125
 180337
 477504
 823775
 1024473
 454592
 1024796
 600275
 880826
 740979
 826727
 29205
 522620
 656593
 1001587
 517855
 768692
 249916
 480025
 938501
 930879
 776978
 534135
 304073
 371015
 4397
 754853
 91988
 342643
 167448
 593987
 666064
 944799
 81322
 522213
 597812
 512886
 55984
 716197
 241842
 961152
 727296
 156883
 820332
 1091122
 927336
 431095
 285072
 413630
 181519
 578937
 59254
 503835
 435609
 1092382
 79964
 897186
 1098769
 686658
 271117
 1070548
 881305
 434263
 699928
 304177
 367483
 703703
 498945
 464811
 858289
 930910
 692050
 447444
 352301
 160867
 1046572
 1031075
 598265
 124286
 1024529
 567609
 556469
 479064
 496524
 257022
 474618
 450143
 230146
 738124
 159607
 807421
 666164
 693028
 294316
 947085
 993458
 852590
 99915
 213068
 495664
 2664
 1059489
 241270
 33096
 222889
 1085128
 1054046
 924821
 1064179
 800372
 208149
 576511
 976248
 779699
 730686
 911395
 782918
 200893
 1018111
 1059656
 368445
 64076
 479099
 1083458
 1076973
 81384
 810062
 230302
 681574
 4202
 398515
 435537
 388222
 911504
 195839
 94226
 403880
 802959
 126382
 65311
 43082
 536824
 838778
 64308
 157997
 133825
 950188
 275810
 663226
 79236
 154889
 172088
 1075836
 615069
 792697
 598059
 318105
 263038
 733789
 1088374
 729799
 767496
 1084498
 269771
 27508
 996723
 1063212
 283528
 612414
 714587
 523194
 860856
 202136
 745938
 695170
 10514
 856524
 35242
 90369
 1072149
 583347
 806233
 825609
 429712
 665085
 167827
 546888
 945839
 721739
 147686
 653041
 701324
 872010
 700770
 239038
 686286
 52207
 232293
 21304
 476830
 460073
 655337
 867910
 267902
 245373
 477200
 591953
 566947
 1031052
 277979
 494021
 1000017
 71207
 688877
 936815
 254258
 589435
 200079
 982150
 455470
 540288
 477194
 1052027
 792874
 814582
 465565
 189776
 926044
 6842
 111483
 11830
 854016
 813298
 63757
 163694
 1093179
 641615
 390234
 970117
 697503
 1059172
 505858
 30795
 485356
 776895
 431981
 500636
 209284
 913547
 628426
 546860
 345519
 797290
 881725
 643406
 903960
 334995
 723450
 795869
 278074
 500056
 29332
 662795
 907491
 70561
 460398
 697816
 188184
 556245
 193320
 894059
 503003
 102848
 485904
 976685
 217322
 807962
 519595
 636798
 234591
 57583
 660217
 859764
 350416
 138321
 769715
 859233
 347554
 129632
 1077444
 632560
