18075
 906460
 533624
 461673
 867790
 991115
 1214
 281953
 370080
 854523
 237335
 785065
 406446
 999701
 91226
 1016348
 68289
 324756
 919267
 897844
 735026
 202401
 389791
 710499
 76054
 829744
 175486
 157440
 703850
 1076572
 403482
 388624
 449883
 427152
 969501
 845701
 938275
 585303
 934725
 222834
 189516
 265632
 402878
 1001652
 316358
 181844
 361494
 725646
 554518
 1080506
 1000195
 736903
 152413
 124482
 282498
 185727
 649186
 2231
 336687
 198299
 311355
 819177
 342293
 273574
 647338
 843432
 587410
 65619
 998656
 93445
 873154
 567034
 1079916
 189611
 841659
 662091
 744610
 934414
 215799
 260596
 1024205
 878915
 149846
 384824
 468765
 580206
 585933
 137442
 292187
 384095
 868070
 667399
 625342
 859922
 1051944
 673202
 327677
 596795
 330140
 700804
 608700
 430201
 830964
 506664
 759689
 598945
 969489
 784
 249988
 806179
 683129
 654743
 387156
 529702
 334056
 1073835
 605592
 985270
 1011082
 390488
 875961
 1097565
 53188
 638485
 991057
 754332
 688112
 931618
 857071
 1006748
 1001747
 140616
 321947
 977745
 236341
 199628
 473768
 825050
 754650
 677747
 875649
 947134
 528209
 289918
 1007117
 980682
 907065
 792018
 356295
 999860
 85549
 146480
 7704
 802750
 9461
 676286
 172165
 663122
 199159
 231167
 255391
 777242
 529322
 233288
 297081
 980994
 381448
 878009
 608405
 588911
 978001
 476814
 895021
 705540
 290610
 176359
 395897
 494726
 252928
 751903
 639626
 435273
 1001791
 245529
 1029509
 501580
 222563
 543664
 762165
 794230
 472
 672001
 779676
 596962
 368995
 826927
 128824
 16124
 1080735
 551362
 625014
 300178
 825462
 1066315
 760952
 296890
 314136
 595638
 1096444
 613888
 996120
 407600
 532804
 442679
 833674
 162210
 423132
 283504
 864715
 760711
 1025077
 929449
 739173
 232519
 896790
 923476
 375346
 92917
 458507
 782306
 1027247
 720160
 221064
 644031
 371597
 495963
 157488
 694007
 293720
 136538
 850039
 775050
 968504
 974844
 569944
 210410
 75048
 724567
 574888
 1016798
 751123
 937400
 241791
 992518
 552649
 660529
 314395
 297784
 1088181
 324114
 918655
 418488
 201176
 263318
 937685
 327834
 925459
 528374
 201937
 310616
 351045
 173695
 750980
 696384
 679050
 129473
 414977
 6060
 88403
 1098375
 874229
 242752
 366582
 389438
 564798
 111000
 623694
 312791
 502849
 973456
 276088
 59886
 642414
 881863
 926992
 245588
 199300
 1034192
 685010
 29918
 489765
 366139
 437762
 316329
 925108
 540541
 570172
 903040
 282190
 98094
 257658
 1010365
 368460
 996197
 889111
 365914
 421834
 872447
 393677
 392399
 863193
 72693
 438827
 1024106
 43
 320271
 1048067
 196903
 375217
 963770
 191176
 180747
 680185
 111363
 141575
 962709
 603005
 708141
 1091743
 901465
 52573
 267724
 486754
 139227
 182288
 839693
 837148
 778332
 681425
 163634
 776467
 1046725
 961314
 701492
 987936
 905899
 666131
 906787
 233057
 810737
 907653
 509962
 428327
 800766
 862651
 683987
 915863
 325276
 644820
 949044
 376130
 660235
 651434
 107029
 952330
 695661
 799886
 230058
 964871
 1046882
 366064
 160278
 714640
 930285
 441555
 384274
 104496
 973381
 765351
 515707
 474040
 532518
 208004
 920405
 414810
 979850
 866159
 133713
 443989
 354305
 516546
 207649
 375675
 256967
 291572
 188106
 1062388
 1082105
 990048
 670686
 969185
 610522
 17086
 968115
 411841
 959591
 1058079
 296368
 829314
 748513
 788193
 308083
 948290
 479054
 160608
 661984
 220522
 468954
 203976
 117373
 101688
 1028991
 94376
 47210
 609645
 1092807
 995010
 278818
 531499
 808533
 603396
 360826
 580812
 729238
 684049
 283975
 567786
 293525
 505992
 608963
 213450
 334757
 1050734
 946577
 1098911
 590253
 745839
 24648
 234114
 213942
 173184
 134076
 777084
 53116
 818606
 1021991
 533879
 22104
 846580
 839814
 1070506
 607282
 764549
 117601
 1086865
 924609
 195337
 838022
 143243
 407219
 158200
 572267
 79406
 963183
 752346
 1048355
 1014240
 395518
 748215
 497386
 260266
 512822
 292155
 422700
 40472
 482149
 1051097
 766215
 611296
 592314
 380715
 896348
 1079920
 594048
 888129
 299108
 404060
 840487
 865014
 498366
 863548
 13186
 435123
 750680
 1072857
 723145
 76344
 391071
 903360
 94429
 117727
 554974
 415140
 34557
 562948
 274021
 387130
 766180
 955935
 735120
 1056099
 871850
 235117
 651566
 900903
 629876
 549882
 339859
 1030432
 271365
 513479
 140879
 916870
 734210
 106358
 644497
 216526
 719436
 222334
 214312
 630072
 900184
 354913
 273424
 418450
 508740
 630022
 265156
 1089747
 71435
 991732
 365223
 128236
 782777
 332568
 130828
 893917
 856889
 743544
 933251
 752487
 358028
 956271
 528002
 631657
 60957
 899257
 547576
 327273
 848290
 817630
 823460
 576173
 927085
 461460
 1087580
 318074
 13893
 130018
 192157
 1080835
 736091
 167692
 936248
 208074
 889059
 482452
 760124
 681320
 915851
 927605
 216239
 89079
 958024
 877670
 605172
 932492
 178886
 822395
 862073
 1044214
 1082783
 92953
 633994
 398906
 793658
 813083
 3135
 425770
 324316
 1065256
 907979
 643844
 749826
 869844
 496306
 461907
 1002729
 1058868
 299937
 571873
 181773
 867978
 827269
 915779
 533154
 540931
 849788
 625824
 192242
 298082
 319862
 335620
 208522
 22792
 729842
 312077
 35479
 626250
 603306
 644550
 1066323
 230006
 747947
 793195
 619882
 792191
 185837
 641913
 1051104
 232893
 682785
 347948
 1027586
 523606
 791519
 922612
 617796
 649385
 586708
 557513
 316089
 163581
 671238
 1080830
 422859
 827668
 218097
 51329
 295306
 175433
 421082
 842734
 755630
 637036
 978713
 476030
 572133
 22024
 941748
 159250
 20404
 488733
 695266
 754142
 988669
 556537
 1011093
 289774
 589725
 383203
 1080903
 993584
 264913
 1056149
 740947
 818530
 701053
 1058845
 668619
 1031692
 958817
 150083
 451748
 788012
 649110
 369625
 1010784
 556103
 95528
 431380
 641676
 609192
 1032592
 493096
 486073
 274411
 611021
 452581
 1018599
 397598
 599219
 826907
 233291
 599998
 300189
 365592
 631624
 464158
 75398
 369588
 670603
 882956
 561037
 464485
 778586
 473351
 982404
 472468
 812031
 547463
 711262
 482599
 136099
 1039792
 308245
 525055
 1096411
 825387
 373314
 950519
 571795
 202194
 651861
 259396
 869839
 567569
 610175
 766179
 201198
 392256
 954720
 230372
 636402
 36939
 968472
 30080
 562167
 17549
 158915
 800676
 448603
 318526
 841840
 659602
 1069264
 1068116
 952197
 179152
 184940
 241813
 1092351
 558768
 1023467
 381352
 885074
 799401
 151347
 963732
 113313
 119259
 296966
 251177
 373901
 952729
 23792
 194205
 347540
 195104
 107753
 611060
 327842
 388987
 380259
 765626
 160724
 355614
 735409
 566511
 832445
 73427
 930618
 273148
 856270
 941684
 1045988
 263288
 303412
 809966
 480730
 526190
 614248
 586040
 860587
 217325
 272839
 543972
 85899
 895234
 1061798
 759446
 410082
 677289
 139851
 453344
 791791
 829358
 48190
 255768
 669159
 234950
 560066
 1039137
 712868
 700062
 55521
 754336
 1097252
 377000
 235498
 447918
 1059495
 1054820
 113876
 184627
 869174
 127703
 69358
 1018911
 339638
 859127
 259656
 616944
 574866
 2542
 564584
 278527
 702778
 185516
 561377
 366130
 403403
 154032
 422479
 687944
 157491
 859927
 280029
 531697
 1041986
 709198
 854725
 1018044
 400452
 763657
 192424
 460415
 955458
 611409
 57986
 155702
 121656
 368981
 550033
 1023541
 417118
 690242
 221954
 466554
 266954
 217639
 384870
 270844
 332725
 640477
 723087
 1000666
 208335
 672123
 822796
 387694
 92816
 88527
 337417
 518455
 956961
 725689
 784907
 948108
 877475
 796625
 980914
 567692
 715099
 476223
 772303
 216814
 355109
 629727
 744088
 1025291
 443357
 469633
 1045544
 96248
 1008798
 412084
 470957
 683373
 773336
 304721
 861379
 313248
 119951
 721141
 1096272
 704448
 397627
 246104
 356387
 373613
 115864
 907677
 147757
 638177
 621519
 251561
 206287
 665180
 778012
 375271
 745468
 376767
 800417
 760008
 962971
 477216
 478215
 433543
 453635
 654596
 627907
 858993
 401280
 881430
 651843
 261474
 565408
 160802
 785330
 125530
 58002
 749686
 865959
 1061080
 916652
 221669
 275951
 1090093
 356476
 991879
 805306
 631765
 789561
 253754
 424335
 1011995
 479137
 729950
 229475
 702019
 529467
 58372
 1084055
 889752
 334767
 1015257
 28264
 359951
 155591
 700584
 854822
 177615
 552178
 744465
 465189
 876995
 481420
 424353
 822188
 715609
 1031056
 663520
 275342
 150708
 450001
 157327
 585154
 533304
 910518
 812658
 709604
 298725
 865535
 267823
 234004
 72358
 229769
 460794
 828961
 174576
 997684
 323903
 712754
 864970
 1000451
 498525
 380652
 1065500
 1095559
 1060753
 769124
 952901
 89618
 1088319
 814431
 164199
 394545
 668313
 52830
 484223
 838207
 752316
 83803
 981177
 275839
 300128
 472207
 101164
 403190
 650760
 469414
 1085392
 663926
 1054091
 106420
 491310
 302651
 990919
 59129
 390941
 415565
 550970
 1018808
 978093
 269335
 320314
 146147
 31940
 798773
 541511
 371820
 488868
 572561
 446813
 105385
 746324
 99500
 92823
 733311
 106789
 751522
 85718
 56436
 462029
 482622
 450300
 184920
 676797
 494213
 518229
 686753
 131317
 244977
 387609
 344509
 354470
 1048667
 874382
 424863
 181470
 817987
 542258
 1065513
 101661
 265685
 321552
 175641
 640044
 892074
 43489
 466774
 191561
 906456
 800926
 272373
 1000484
 267547
 1716
 950056
 9727
 695197
 322811
 803515
 698814
 511547
 508286
 248525
 1014649
 260235
 250105
 951294
 883155
 346324
 990077
 168760
 686216
 559086
 473884
 927925
 81820
 90573
 916142
 322892
 944762
 291573
 72118
 95194
 1073431
 91079
 239604
 523958
 628770
 980975
 625442
 537930
 728833
 87576
 679089
 62902
 340391
 850179
 715563
 298626
 34088
 333730
 529750
 50266
 352355
 329614
 462107
 347028
 174025
 1069458
 753476
 381784
 429706
 437591
 322288
 470461
 1016075
 418077
 382116
 902128
 656728
 564056
 430924
 389305
 374718
 585529
 965084
 540404
 391182
 877621
 977201
 542450
 504912
 406753
 906278
 638524
 728277
 666226
 748877
 654884
 296967
 423534
 50889
 24402
 16084
 317363
 10962
 535082
 563160
 989178
 293529
 85094
 1000968
 209623
 983639
 523393
 354403
 871090
 855234
 454227
 446110
 845233
 1092114
 704006
 48657
 650940
 556042
 55358
 262731
 56858
 369112
 785002
 769917
 76072
 1016086
 74489
 993223
 875622
 113189
 1018657
 920233
 797676
 472952
 557726
 781605
 292146
 458984
 279778
 445122
 432906
 10755
 747262
 1053370
 436913
 877897
 134841
 876472
 57309
 236850
 257225
 930420
 826641
 664672
 604843
 85942
 573540
 169866
 998196
 226000
 744195
 853496
 734085
 512741
 247867
 104649
 630096
 190705
 761125
 864434
 873725
 731165
 649160
 145372
 291544
 601733
 157005
 759186
 452220
 1090803
 971071
 288565
 638167
 333575
 906175
 687730
 244879
 409220
 201320
 208329
 192626
 303819
 991382
 292162
 430750
 116175
 546620
 645218
 642063
 263632
 1092055
 580703
 592131
 270299
 339526
 1077540
 409075
 467665
 828454
 581377
 1050263
 974346
 708556
 446785
 868333
 916425
 18374
 487280
 40511
 534222
 101752
 610762
 775164
 410619
 65515
 821632
 103082
 500263
 305202
 266271
 100164
 820461
 919027
 306863
 615863
 277658
 113479
 755136
 949686
 1000087
 205634
 862025
 861846
 336269
 1003275
 298046
 544297
 192044
 520606
 632395
 310900
 589480
 712035
 729412
 655239
 226699
 345004
 1066892
 115980
 348243
 147600
 323558
 348857
 782148
 453167
 828796
 480704
 635202
 30840
 635218
 615691
 759895
 1027776
 888278
 75668
 753869
 779272
 735556
 184932
 944841
 798564
 1063057
 151291
 862499
 531122
 757890
 198557
 1010614
 642980
 963372
 305424
 810727
 560712
 54778
 451425
 15781
 1076626
 404304
 1021803
 1067064
 635622
 850046
 1064189
 313505
 213542
 341661
 242699
 829335
 973583
 775620
 92192
 802316
 714784
 214059
 503929
 808692
 960979
 160526
 205698
 484623
 810350
 1095070
 260626
 514983
 1009878
 81017
 760596
 820953
 12160
 576445
 702332
 487992
 192039
 956173
 611257
 430431
 605913
 362664
 718004
 1041396
 42603
 1068712
 464439
 790579
 481154
 849944
 468027
 798861
 1031380
 253451
 915128
 730059
 32662
 427450
 521222
 966719
 1012731
 664647
 214777
 871621
 771499
 980827
 505627
 287239
 98250
 316742
 861691
 855632
 991045
 658740
 11177
 689915
 523810
 656372
 852613
 784880
 2199
 407815
 503331
 319409
 1062823
 912005
 725436
 767603
 1013127
 850173
 389620
 810529
 135058
 395269
 333852
 172392
 584134
 1004789
 9982
 593527
 817004
 166892
 142237
 255571
 102090
 889283
 167568
 1096006
 969026
 666261
 472835
 711412
 72831
 677283
 53394
 1056236
 378651
 916251
 478257
 329263
 448326
 552789
 548330
 608836
 233467
 348103
 405550
 554277
 963408
 729744
 107417
 1073364
 936427
 365449
 306113
 896983
 449720
 1020811
 820452
 336137
 928481
 292445
 545708
 558791
 201147
 303299
 77049
 934907
 1081707
 616626
 507931
 488551
 1067420
 910887
 506993
 791466
 407623
 140473
 217118
 790633
 1083132
 654946
 740786
 759148
 630092
 769634
 911989
 53227
 249407
 158760
 975171
 192154
 817374
 790596
 672430
 145725
 603775
 972998
 906440
 802811
 730460
 842908
 526702
 183043
 775223
 988630
 201230
 989826
 747420
 788423
 277426
 723738
 825266
 776832
 880170
 157859
 679476
 133066
 205216
 55563
 280569
 650354
 511815
 565862
 516340
 149657
 450363
 1068896
 769284
 442739
 849343
 1015180
 313299
 460858
 14880
 218649
 563997
 508690
 178883
 712444
 77782
 575951
 1017509
 839723
 638779
 516464
 886445
 651028
 1014650
 530048
 235571
 399310
 950966
 824216
 593926
 866767
 844215
 81637
 845408
 377098
 912048
 525116
 469862
 1091423
 901553
 63414
 891601
 947536
 921467
 566389
 213354
 866763
 605316
 986448
 352605
 116567
 390556
 516449
 107652
 239292
 1019779
 223840
 150
 763050
 406165
 631106
 598906
 279769
 203548
 205527
 491744
 830422
 1051847
 425133
 923601
 603612
 408227
 721473
 143993
 384721
 977502
 972108
 144834
 779635
 923722
 999774
 88474
 755348
 265668
 485675
 934502
 292001
 354317
 161534
 575524
 656904
 851858
 1049213
 640804
 35918
 95135
 81834
 24549
 664371
 684070
 259807
 145188
 282911
 880154
 829416
 792508
 446071
 243849
 902064
 309559
 774720
 704156
 855417
 372309
 1022344
 406216
 762799
 1045412
 399995
 698893
 553149
 3826
 466820
 157957
 116853
 526491
 1073167
 495427
 976412
 72844
 541797
 936875
 346321
 245151
 29463
 835441
 956791
 664394
 1056940
 902560
 730031
 380534
 773618
 459275
 513803
 1064208
 1045152
 179033
 414320
 23947
 572876
 340062
 1011717
 492526
 963603
 1051885
 126112
 649422
 224945
 610362
 179057
 106122
 819107
 591320
 918147
 598372
 149068
 260386
 933875
 769736
 154434
 667119
 1078669
 803360
 513462
 226040
 593139
 577418
 1007031
 1049217
 221015
 897033
 314441
 975307
 732552
 399058
 558437
 135919
 84147
 88904
 849961
 570
 202217
 398765
 959008
 452234
 716505
 1098802
 930242
 708640
 987939
 204350
 132067
 1068021
 845988
 884842
 93190
 678285
 747497
 271845
 325310
 1075286
 525329
 131991
 962961
 104991
 353991
 1018020
 1097962
 365399
 689768
 158056
 855079
 13427
 657503
 804068
 203983
 67564
 362835
 371254
 898073
 265438
 875125
 525897
 44022
 734798
 1066038
 666019
 724046
 161680
 951002
 519606
 186073
 50047
 592507
 61737
 393138
 1022561
 265152
 1005512
 874829
 680223
 1083257
 362519
 725396
 232944
 493547
 775979
 56697
 529771
 808763
 483466
 178906
 315540
 1073070
 485779
 680805
 211032
 800662
 550836
 545738
 694510
 657812
 590746
 875154
 1033800
 148483
 8675
 200592
 823524
 1033204
 111854
 954103
 1062055
 703029
 197763
 412937
 840190
 268575
 107128
 608847
 2632
 510383
 10026
 1050407
 398570
 1074700
 935866
 498123
 1075249
 295927
 418090
 270436
 85088
 15825
 335089
 376681
 348731
 339380
 345165
 434116
 100385
 975157
 604766
 934264
 750370
 768647
 502657
 185092
 610133
 861257
 181895
 502459
 748748
 225155
 157407
 384955
 836072
 272046
 150115
 328660
 240068
 880690
 191307
 223741
 61919
 435616
 984999
 67186
 69286
 706432
 351542
 516590
 924516
 250753
 1001712
 588688
 1076861
 284707
 117071
 1012805
 10906
 540912
 896215
 505307
 730613
 1041220
 1052271
 874930
 820553
 252034
 976965
 602531
 850067
 240196
 153789
 375704
 199984
 249370
 632868
 694237
 861623
 295013
 389628
 837126
 726784
 1091519
 504045
 599822
 481011
 775547
 160680
 642304
 727604
 567785
 689634
 732897
 67749
 766365
 55744
 782540
 263027
 575599
 894930
 642381
 379353
 787468
 399487
 719938
 274333
 1036879
 779691
 255137
 155700
 1039288
 1052338
 1086070
 526258
 234415
 709602
 564668
 381078
 105143
 147295
 562813
 530805
 1080559
 443894
 843741
 892517
 1014452
 1097668
 389067
 349746
 341780
 195064
 184337
 502407
 591441
 759177
 931545
 622291
 1013554
 107839
 577184
 12937
 931753
 720637
 17399
 108072
 187541
 490152
 506290
 463899
 561195
 651647
 485380
 1033415
 1093821
 40609
 152263
 845915
 357251
 35529
 482009
 831152
 606856
 311272
 918886
 539873
 379444
 88833
 493307
 657212
 933073
 600929
 659681
 198276
 642074
 1041852
 195741
 341845
 143507
 742830
 230507
 790513
 126098
 839339
 1049086
 104579
 967059
 175066
 721024
 481909
 691185
 50784
 398848
 359031
 519346
 191159
 1035389
 401409
 377688
 4755
 166569
 464539
 258188
 1098663
 69887
 997839
 618190
 442651
 423924
 394007
 511128
 34353
 909084
 602614
 790902
 264283
 121878
 1010555
 206421
 432654
 485363
 71379
 838952
 361892
 106544
 305320
 993218
 629462
 698024
 159994
 1072898
 610269
 1058960
 775784
 808088
 122262
 1020199
 914670
 406397
 265857
 472852
 854595
 750706
 363593
 55420
 649991
 725153
 354149
 220818
 361518
 398360
 363948
 71071
 924314
 493070
 198450
 941357
 107156
 715970
 664821
 599311
 682655
 111590
 175165
 360271
 733673
 858354
 297310
 711322
 155687
 952072
 1054276
 536142
 520221
 1005217
 881685
 838032
 1008176
 620454
 82487
 519598
 891214
 289684
 388957
 896739
 163484
 606812
 287707
 435509
 309325
 440035
 442887
 258981
 117672
 600264
 500147
 738524
 673672
 683829
 806529
 766545
 773774
 525345
 939957
 1029474
 157098
 61062
 398115
 357492
 69469
 140486
 480990
 258570
 474106
 123787
 714772
 1045608
 777516
 613334
 685153
 252121
 982700
 439876
 719866
 941779
 42985
 786790
 616707
 1052135
 764859
 542808
 290332
 900847
 850676
 322865
 305758
 444338
 883561
 68299
 872908
 399491
 591773
 365922
 1042180
 904884
 224595
 135272
 606640
 91548
 519763
 423847
 1050309
 547755
 21050
 1034763
 82039
 887391
 611586
 899569
 379927
 315595
 119552
 344448
 917647
 471605
 296882
 116904
 43633
 830340
 786551
 988383
 364756
 810465
 342385
 897024
 875493
 854593
 511683
 19386
 310838
 603261
 639788
 282932
 20186
 264324
 31274
 686818
 248490
 59171
 267702
 845816
 157190
 1049088
 382598
 796641
 442894
 872998
 42524
 1092535
 58011
 469345
 193702
 752858
 938609
 792824
 907143
 171365
 228066
 654808
 929243
 562115
 427892
 875220
 100746
 162152
 867676
 520066
 289213
 250573
 859057
 643662
 552755
 755129
 327019
 341072
 543246
 506612
 505076
 94487
 666147
 236608
 730671
 98547
 893017
 248729
 914364
 730920
 818091
 398368
 467216
 179275
 1018329
 925232
 808354
 278133
 743866
 46734
 294580
 942140
 719990
 578384
 437638
 299440
 203486
 838485
 487783
 259870
 891267
 92927
 350671
 378046
 896896
 674851
 1070101
 134383
 698766
 421044
 420863
 863306
 712207
 447274
 807332
 1048140
 568015
 558916
 136473
 43031
 809090
 549385
 167795
 385490
 287449
 683644
 750931
 265243
 518081
 220125
 1090548
 976039
 69793
 382243
 1048452
 780110
 1074532
 893495
 843551
 542835
 948209
 6878
 497643
 968821
 810175
 488787
 569355
 854001
 447542
 8048
 743659
 313312
 840169
 212505
 942821
 1014443
 262795
 706560
 232209
 101905
 886940
 416122
 948057
 205874
 79408
 360464
 2554
 101982
 874164
 535361
 179514
 883947
 1065392
 612451
 784025
 422633
 551851
 60663
 838815
 295260
 547757
 491866
 625390
 559249
 276304
 970829
 536165
 434041
 256417
 533776
 779133
 691031
 1085069
 540906
 236118
 312104
 813057
 572209
 521972
 790873
 861565
 831646
 240962
 869532
 554499
 1043850
 654241
 367031
 788785
 449616
 776278
 132937
 1050075
 596202
 316496
 785811
 109658
 446471
 507841
 831724
 254967
 907725
 1063184
 1056207
 181226
 388897
 556300
 171024
 136058
 741114
 65894
 992226
 432392
 1008081
 199229
 40291
 51074
 854260
 949637
 635491
 210437
 773577
 936896
 402577
 230973
 43006
 142436
 699595
 622132
 379759
 262060
 714005
 52175
 334715
 199223
 101051
 134042
 436640
 985363
 232646
 106694
 958001
 809221
 273536
 349189
 398143
 112080
 223133
 1087430
 1060542
 202808
 900471
 888358
 388802
 107806
 302508
 1013590
 502341
 14792
 196798
 317296
 721561
 394882
 998083
 326111
 330210
 739814
 825376
 558554
 298859
 492412
 253333
 708690
 916485
 530499
 585337
 905955
 467956
 284228
 591950
 770828
 1091137
 170925
 686813
 628948
 306462
 284068
 25411
 949709
 106975
 477458
 773773
 1000233
 843173
 455152
 939846
 1098745
 581085
 677927
 240262
 198212
 587997
 779969
 139575
 566429
 745971
 651366
 63865
 968225
 99829
 568362
 186438
 780064
 687288
 194900
 389726
 118576
 1029642
 927986
 478005
 644213
 797344
 150325
 610827
 763276
 521364
 961608
 450870
 492848
 232344
 701278
 259977
 668791
 205665
 579902
 147973
 1015654
 841981
 228167
 389339
 713488
 271868
 292892
 945132
 725228
 925923
 596632
 870115
 140675
 394000
 180510
 602770
 34580
 179188
 995910
 834665
 578727
 387288
 780070
 329995
 826264
 175094
 477876
 738228
 1025898
 898610
 474529
 230018
 312547
 263219
 565071
 482508
 1077033
 489712
 475436
 47321
 970556
 283825
 598120
 1043980
 443850
 437469
 876268
 900554
 716839
 60541
 80961
 308567
 659634
 7781
 93706
 608352
 61212
 764874
 888685
 700912
 1031679
 1006370
 531716
 559429
 999111
 1096766
 17489
 731035
 725621
 546213
 337858
 28722
 521695
 1030353
 455080
 726931
 430573
 811148
 891676
 1004165
 1098246
 304431
 1015398
 379699
 767911
 111486
 1061068
 888586
 1080249
 329312
 678899
 72251
 408428
 529825
 53849
 533938
 19912
 502585
 575549
 604219
 915774
 536560
 206120
 779008
 390804
 368443
 405984
 293489
 221801
 103932
 138572
 499726
 589084
 1093685
 135949
 446558
 583468
 630755
 827314
 494760
 791873
 433536
 841483
 270753
 846922
 413173
 28484
 107380
 178733
 500615
 989217
 454775
 937920
 716764
 6098
 997398
 756909
 766994
 1006050
 418757
 269536
 997498
 284105
 410820
 1090399
 1009149
 520518
 849229
 405756
 79512
 754906
 1016865
 649622
 957171
 651212
 467846
 439620
 858828
 139412
 1075224
 1064713
 559724
 1003518
 175180
 406468
 45486
 158186
 378940
 7596
 611862
 121314
 208087
 27539
 323155
 708574
 582579
 113889
 282536
 704900
 606189
 500094
 23740
 873431
 445183
 178604
 1041049
 948074
 314296
 934702
 486728
 807585
 638125
 1017718
 316267
 671003
 445374
 481549
 691622
 908647
 977477
 458225
 134858
 196042
 892976
 149978
 216057
 518138
 853491
 258026
 61040
 386298
 264450
 798331
 384763
 331374
 360346
 160801
 844392
 644085
 873371
 163229
 600116
 834614
 505268
 724761
 699728
 73206
 300378
 803237
 1016966
 744092
 288688
 715704
 286463
 1019224
 36341
 910009
 293373
 293860
 573341
 921708
 947981
 397307
 121089
 830001
 900951
 165709
 559321
 963115
 349670
 599689
 498074
 120762
 287278
 243397
 634965
 367745
 374795
 143150
 803831
 546913
 147544
 339240
 860462
 776255
 1094150
 939139
 1074336
 314390
 58496
 1000777
 28353
 746113
 1025034
 256661
 228809
 199709
 269032
 767712
 731125
 624204
 38616
 831115
 334676
 818346
 198580
 879879
 936846
 459956
 1084431
 257459
 194706
 847889
 827915
 787357
 733701
 750667
 481266
 65557
 311890
 595069
 999516
 566977
 380378
 588487
 988359
 460830
 113795
 317365
 599403
 9345
 430857
 1045261
 252734
 323254
 72794
 541831
 702112
 60560
 458793
 692487
 103049
 1002018
 56815
 974282
 670113
 605572
 888558
 759508
 677588
 966805
 613452
 865748
 772220
 971531
 1089559
 941119
 508344
 1082498
 942886
 82825
 965218
 263478
 637441
 318687
 501340
 673653
 977942
 179743
 741306
 143612
 305463
 967917
 524289
 181529
 424933
 275629
 102704
 857115
 787538
 25960
 472926
 169525
 247140
 1028756
 20780
 17013
 731831
 52534
 831985
 915448
 144711
 588359
 787129
 181639
 277782
 339142
 770418
 501327
 460316
 535679
 539119
 365317
 408393
 270102
 236591
 35799
 1092532
 5666
 139673
 92526
 871213
 65133
 263215
 820102
 996988
 581807
 217240
 442719
 737985
 439397
 396427
 935690
 858662
 103862
 806820
 604214
 40828
 291483
 427081
 775440
 311260
 76948
 1076909
 853897
 277482
 7269
 385113
 105607
 829283
 555556
 573425
 619974
 731159
 649217
 688171
 1093813
 254663
 114759
 602355
 910009
 949820
 811375
 1037826
 137776
 56204
 336142
 696256
 367763
 985041
 844454
 698657
 1047246
 105752
 958896
 750979
 324567
 986767
 646294
 478283
 809397
 961011
 582183
 592647
 933238
 718555
 235475
 661757
 1068045
 443838
 232473
 211095
 901103
 616143
 93888
 512227
 549575
 26921
 675179
 997591
 1033123
 906113
 983885
 924113
 337391
 768692
 123441
 11497
 202572
 554908
 388492
 420790
 1021632
 87217
 129144
 495247
 633056
 100144
 398571
 601947
 619236
 336627
 219431
 631659
 113759
 565512
 87436
 742353
 724156
 1056776
 559692
 302584
 373099
 277022
 324874
 615330
 631238
 80482
 580264
 796261
 962196
 947924
 675647
 546483
 1003315
 400726
 896443
 224158
 678302
 627623
 577343
 462492
 613421
 591952
 915885
 458776
 328262
 763864
 1046154
 978569
 16043
 618130
 6972
 348965
 449931
 455277
 806962
 228804
 137590
 932864
 354518
 586995
 605482
 5752
 649952
 607489
 884276
 302741
 853741
 497491
 511390
 337672
 88437
 886670
 1014661
 943267
 59167
 1016242
 717305
 340649
 499389
 420405
 98907
 14491
 662230
 507116
 284195
 255520
 511017
 266233
 137126
 53983
 1014100
 855485
 153606
 438056
 234400
 650727
 358565
 1099502
 637110
 19750
 355620
 974650
 683601
 765991
 483964
 817991
 56249
 840309
 202942
 82117
 643389
 442268
 761613
 1045383
 424581
 366364
 620492
 523723
 94606
 193291
 293218
 859432
 628629
 778777
 349635
 850306
 731395
 166189
 1063049
 133801
 217917
 1018142
 1053036
 632501
 1093407
 193423
 646953
 143713
 518687
 213343
 113423
 183852
 277144
 126805
 264757
 407206
 916013
 1008447
 286479
 945045
 306716
 464459
 263162
 240088
 116754
 573330
 393309
 665602
 16227
 358871
 1070795
 550311
 254776
 444470
 820915
 972620
 9867
 811474
 785112
 654986
 340471
 3696
 1004769
 259322
 176177
 609618
 737420
 431729
 813835
 920263
 416226
 251325
 389871
 424932
 545027
 565421
 973083
 530908
 677264
 788996
 895461
 511301
 89504
 768454
 974525
 1013017
 381025
 1021490
 131764
 949089
 846090
 668177
 882739
 432728
 66527
 540349
 794248
 25075
 67004
 264575
 59925
 25009
 155235
 63687
 228821
 1053544
 325602
 500605
 451313
 631385
 767670
 1065901
 1084237
 1026858
 174731
 494410
 1075114
 392263
 855505
 993745
 704938
 967115
 206926
 643832
 115367
 149469
 463993
 993281
 745689
 755016
 971888
 1025359
 638389
 273042
 296375
 468737
 720052
 14721
 762339
 769336
 674929
 803909
 681609
 280757
 1019696
 1080788
 828002
 1039857
 379691
 186849
 1014725
 554304
 459868
 129248
 895829
 1037429
 606682
 994724
 740343
 352783
 973253
 759790
 326560
 1043089
 312634
 248935
 399381
 595291
 383944
 314332
 828498
 205428
 1043720
 783940
 45125
 269321
 778971
 701469
 372349
 744926
 871228
 292440
 812018
 192732
 516695
 421310
 27672
 613545
 453389
 935925
 673992
 144640
 29250
 1084518
 599781
 142528
 734146
 528916
 1015845
 907054
 190202
 619029
 1046415
 679812
 978430
 503761
 93692
 460180
 689925
 232657
 1024401
 705731
 511620
 813094
 686692
 164914
 403665
 191504
 982652
 888741
 272017
 63578
 414708
 792150
 817042
 368369
 800630
 421609
 730196
 414510
 947980
 313261
 374703
 616749
 948758
 201747
 556708
 562177
 1024962
 976055
 301689
 522899
 593250
 153465
 107382
 893955
 317677
 1069851
 1046429
 345220
 980633
 846967
 127549
 1022055
 47014
 457243
 872876
 8176
 380970
 316745
 49730
 822382
 754154
 1030051
 710654
 204794
 894155
 363869
 70401
 371890
 634391
 98760
 512270
 510983
 150510
 688913
 347953
 331198
 504832
 187058
 449301
 360834
 364252
 844222
 1051065
 819781
 335081
 246429
 231973
 184818
 977913
 243130
 774457
 262392
 475126
 912918
 848481
 319904
 572568
 888141
 987670
 559988
 330156
 633124
 583289
 502113
 289817
 572330
 916804
 959013
 720752
 698923
 779353
 737404
 165280
 435355
 1039996
 398096
 286800
 456147
 247530
 389242
 448202
 179872
 238814
 608878
 205910
 273496
 170409
 973300
 131976
 1062739
 791294
 1059061
 890176
 547635
 566146
 439963
 42314
 397083
 594769
 657432
 435775
 232895
 976407
 719074
 1032204
 87003
 682439
 297711
 739204
 917423
 742163
 179256
 390173
 272443
 198604
 193313
 737548
 442752
 9006
 366766
 829870
 557314
 265875
 29822
 516879
 169612
 974707
 327154
 731534
 156549
 828419
 666302
 508882
 960625
 429772
 47056
 182308
 266281
 566517
 70433
 873748
 285740
 921326
 371504
 502599
 489194
 1033915
 989413
 106862
 158425
 769893
 685764
 873197
 881519
 358720
 907103
 51113
 532397
 708144
 269407
 441033
 495756
 979904
 918190
 36676
 900394
 340972
 959851
 66961
 480792
 547356
 1091950
 438683
 904701
 61429
 740150
 607420
 1007586
 1083536
 767906
 241723
 121479
 903851
 363186
 191763
 159483
 857510
 992004
 404228
 72657
 857936
 1071217
 1044890
 655430
 69755
 289676
 484191
 1014769
 1088688
 571510
 843538
 23686
 493724
 882738
 105469
 371386
 143826
 1098324
 577089
 616065
 87596
 821196
 670091
 614125
 573802
 929707
 356342
 879266
 951680
 917034
 481071
 322570
 769412
 896841
 1042761
 803901
 989963
 1073973
 860146
 451559
 899631
 691928
 1026990
 966379
 229818
 956240
 329971
 784899
 16006
 392256
 1048529
 741357
 343876
 491087
 974576
 523582
 621429
 855089
 915203
 169154
 635917
 1055516
 284666
 263073
 257446
 777427
 591619
 916461
 1083675
 623338
 869855
 84691
 915479
 839475
 1009501
 246293
 183020
 809483
 3747
 732591
 917178
 482521
 838606
 79040
 395992
 222038
 502416
 157053
 670875
 554963
 278953
 1076655
 354382
 755235
 480647
 489579
 956956
 656102
 267829
 892135
 513993
 1045126
 321170
 170761
 939593
 630466
 817580
 544047
 1028571
 92105
 979255
 1077575
 130132
 823342
 509698
 670578
 659238
 984101
 142028
 11712
 921497
 998431
 1066556
 853716
 201527
 308574
 1056209
 773713
 529952
 76124
 62931
 792844
 29674
 189800
 84687
 154621
 924054
 366667
 311907
 364641
 422691
 1006399
 1003587
 1083833
 1025206
 78597
 953190
 1025928
 416412
 719017
 1047879
 356830
 239313
 915165
 268154
 1061068
 196438
 83529
 516661
 628513
 449256
 1022118
 685283
 515696
 524785
 217530
 377666
 302408
 278844
 686855
 349751
 460267
 129043
 618022
 375419
 629588
 1065248
 695032
 885891
 170764
 46705
 1050404
 9964
 1044014
 102162
 192948
 97846
 197900
 583829
 756795
 344972
 525150
 443419
 596908
 498784
 326070
 192911
 605674
 544663
 457598
 575064
 584036
 741865
 693716
 994893
 417261
 369582
 201463
 625786
 242961
 249546
 530903
 960243
 207269
 29532
 717258
 634795
 285158
 303584
 621413
 730033
 1032419
 571623
 902789
 1030392
 153121
 620907
 933796
 873334
 107263
 579265
 503451
 624952
 1091421
 992217
 346538
 599230
 203492
 119005
 341259
 320957
 507747
 109624
 945935
 501655
 1085865
 692201
 1042722
 640599
 508668
 112040
 304518
 640194
 756515
 608224
 838508
 573092
 94499
 476458
 368686
 641320
 557018
 346683
 326855
 89785
 601534
 631550
 1005117
 787335
 567397
 773176
 205801
 970530
 900565
 267723
 1034550
 882471
 478051
 121489
 473777
 651931
 654869
 607724
 303688
 994906
 632218
 75570
 114857
 292029
 828518
 608275
 545716
 411788
 868025
 767669
 714266
 616804
 587395
 642642
 638472
 1080167
 327031
 153971
 375810
 583812
 562329
 542978
 1092201
 235782
 911054
 641427
 618349
 966621
 66977
 1088864
 49673
 443676
 803426
 218504
 969817
 512640
 854778
 713622
 417937
 410902
 789684
 586106
 593185
 1047164
 496669
 758639
 510839
 189873
 215290
 721343
 1068366
 734829
 710782
 376524
 254752
 873347
 101614
 403946
 456193
 152437
 54959
 647054
 1077157
 351268
 600535
 392136
 305043
 500001
 623612
 47934
 1072523
 117785
 45682
 662381
 83143
 476956
 125459
 928570
 951051
 684556
 227158
 246912
 892098
 481282
 247339
 307246
 651000
 829432
 402322
 87646
 731404
 171308
 674882
 489697
 943975
 644017
 841614
 93544
 363388
 98181
 58498
 93439
 1010412
 788685
 836662
 159869
 646985
 321576
 755312
 440134
 609900
 519075
 531540
 879193
 861921
 914832
 463380
 415375
 445295
 452219
 968480
 24676
 939887
 368799
 351623
 201465
 1034371
 286120
 501634
 654886
 557245
 496925
 244203
 741703
 342056
 744053
 393139
 946944
 447934
 273445
 358518
 117878
 118563
 886126
 17388
 823498
 173179
 877512
 788138
 209178
 659275
 261057
 105740
 219184
 159994
 1070908
 63683
 353076
 416111
 1015282
 134027
 43382
 339587
 650314
 1025983
 28118
 800596
 489816
 140931
 1070698
 888522
 175099
 932
 120942
 884053
 642625
 314752
 268465
 741155
 365549
 161804
 571682
 1070490
 994743
 158531
 144100
 369142
 231155
 498258
 914897
 151040
 448603
 214275
 32359
 1049224
 805247
 924454
 35491
 580611
 409685
 632226
 96186
 20646
 597598
 3650
 288025
 474645
 312050
 846702
 247468
 970489
 264217
 393903
 372358
 224593
 408118
 403976
 287702
 226554
 150395
 1051660
 538245
 563289
 604750
 1077968
 481832
 823595
 611628
 1027338
 1000787
 176096
 205513
 100217
 383864
 243365
 404076
 47247
 378600
 470251
 1035767
 563311
 231499
 132008
 172611
 1051757
 189965
 979424
 203725
 498274
 414763
 66220
 89770
 64943
 922958
 935717
 234252
 754787
 829561
 969578
 333094
 410259
 722206
 705495
 824863
 760357
 628334
 1089775
 827993
 821225
 586108
 492052
 340111
 352498
 551950
 432032
 420730
 692400
 257288
 525895
 269758
 652963
 845201
 1062753
 94958
 657937
 455900
 743416
 993040
 970834
 581202
 468554
 659200
 212155
 346815
 211497
 868790
 540081
 382296
 740606
 598655
 780461
 970965
 610339
 814862
 746474
 349679
 629911
 149357
 1094061
 170234
 1099116
 683160
 350743
 534812
 911449
 710882
 581266
 424194
 683717
 457847
 887149
 161844
 639399
 945349
 266811
 899669
 64255
 671307
 328608
 959826
 530898
 200433
 447291
 124280
 454362
 760816
 344598
 189686
 908834
 545988
 308910
 531982
 784602
 636860
 844898
 197643
 903407
 569604
 143687
 1090072
 704190
 221725
 57059
 239034
 516757
 462310
 811267
 286657
 274432
 786372
 697127
 45873
 677573
 88624
 461775
 726826
 535358
 1076401
 15225
 907436
 165280
 270037
 991352
 745800
 255524
 202919
 931123
 381283
 847170
 668860
 79370
 270635
 203399
 909319
 991892
 285594
 779495
 536622
 483131
 645500
 727169
 848743
 966364
 996504
 240970
 328261
 568154
 559541
 927322
 996483
 1006462
 712545
 940756
 758908
 516018
 105082
 562865
 734923
 663008
 392812
 265617
 490350
 782750
 18533
 95309
 504360
 575260
 309516
 368283
 341114
 524791
 810143
 80494
 495495
 186846
 680212
 430102
 287279
 927140
 284975
 624156
 453192
 189591
 844543
 1047810
 56787
 614877
 391060
 872652
 1000355
 996214
 122468
 180594
 1045080
 509735
 210250
 985810
 1059572
 462625
 347260
 1055087
 551254
 820128
 450054
 76013
 537141
 62198
 166496
 479622
 1019988
 975689
 83838
 996423
 673319
 930191
 893849
 472827
 875910
 438245
 403066
 96789
 383346
 509871
 355191
 66428
 616821
 95484
 869045
 939811
 241099
 445261
 337546
 701480
 675346
 487436
 1069254
 967288
 952742
 1052080
 962534
 729874
 1049045
 271169
 181628
 994040
 697785
 311050
 81154
 232836
 997362
 806473
 867762
 205172
 1003299
 347652
 899668
 592683
 524722
 512342
 320043
 444889
 1010707
 525792
 430303
 387840
 508574
 708583
 42653
 308279
 1037562
 64326
 965663
 931352
 100561
 876192
 191311
 222138
 666344
 469651
 640085
 171851
 862064
 1094713
 494529
 321234
 432531
 651427
 975650
 800623
 608352
 167148
 705279
 419107
 888292
 760113
 874386
 137137
 178713
 686246
 415022
 782121
 1023386
 137817
 277408
 780307
 652045
 660607
 594225
 955986
 972578
 4028
 736317
 682809
 682359
 362553
 1882
 821363
 367495
 865183
 102259
 208889
 222250
 891233
 820694
 704772
 361309
 595013
 240851
 105461
 551878
 1073844
 835764
 984055
 919559
 609869
 1841
 1092547
 807475
 126082
 542613
 896029
 1015588
 918741
 114728
 645167
 923444
 22518
 578465
 198162
 867795
 592273
 218768
 241903
 901717
 528208
 314062
 310703
 95665
 122985
 779431
 367237
 113121
 1047469
 353111
 1041200
 982034
 36509
 543811
 609626
 389912
 607467
 814825
 970370
 227189
 257136
 796266
 737161
 1018044
 394887
 534844
 1049442
 190829
 144490
 773496
 204227
 21665
 352587
 81411
 240319
 750885
 1041195
 34462
 191586
 434320
 889686
 323734
 933227
 929652
 979494
 74821
 391108
 565813
 908759
 99959
 376479
 111429
 269683
 882130
 743352
 697009
 903702
 1065989
 668373
 1099885
 69415
 851162
 420467
 712586
 240451
 1037425
 493174
 234462
 264524
 984266
 470358
 1016393
 869430
 125092
 534511
 471850
 595721
 480420
 153665
 698594
 392141
 123367
 1003277
 990
 586671
 64385
 33217
 655625
 997586
 29272
 907810
 49227
 229398
 35717
 940251
 74754
 315786
 145700
 133545
 164407
 572600
 181224
 132321
 756153
 448385
 941867
 445010
 424237
 1084648
 950066
 825423
 35189
 247265
 7959
 95596
 847877
 376849
 391734
 622475
 713699
 118860
 4002
 928346
 462445
 111675
 1006087
 1011161
 275646
 723739
 211336
 577956
 380532
 465436
 1091383
 581037
 1065456
 200785
 974420
 905104
 854703
 319406
 1040135
 690277
 696679
 1067834
 995062
 686769
 447480
 1035355
 734235
 1023711
 466496
 368014
 34874
 617914
 188368
 811762
 531716
 477429
 1084963
 680928
 1044734
 744270
 890158
 641448
 675795
 908225
 302127
 407238
 785527
 68122
 482437
 915202
 389794
 502743
 157204
 670069
 882231
 875752
 242890
 444934
 362859
 1061882
 483228
 219281
 81621
 559794
 9772
 278221
 230790
 1007716
 938378
 274727
 644300
 735164
 316229
 496786
 1005510
 428208
 129584
 695894
 475433
 550812
 215857
 165617
 665585
 1049296
 207736
 650601
 1039611
 581952
 546339
 286209
 295232
 865848
 323140
 374354
 627513
 420501
 939562
 826067
 748690
 1009317
 238567
 907843
 866560
 284893
 525135
 547797
 66309
 260331
 488477
 524183
 1004545
 20305
 850899
 465939
 999452
 446460
 412392
 207197
 1037064
 437320
 1009098
 906007
 284310
 238473
 565140
 364229
 401245
 354677
 1043213
 199369
 443666
 184370
 347560
 802203
 429879
 160186
 587243
 770032
 869756
 539899
 305910
 957540
 412446
 149538
 567837
 355572
 823879
 1086325
 900854
 176267
 320372
 212736
 132456
 411535
 687412
 476527
 300096
 705605
 36193
 829037
 338498
 540835
 485676
 913836
 291610
 728728
 64284
 432277
 113238
 643626
 959642
 520862
 932455
 960952
 701385
 27196
 865741
 285333
 654954
 953204
 386840
 893151
 98760
 481399
 620756
 865790
 448754
 439808
 460854
 768554
 382020
 804071
 628562
 819022
 785224
 420347
 672031
 127627
 78471
 58508
 713465
 807960
 133724
 1084352
 154156
 628161
 928666
 302802
 753087
 952116
 699688
 920522
 506051
 262537
 511140
 2340
 842143
 906307
 237532
 246119
 384226
 699041
 67355
 299711
 883075
 827716
 472103
 261928
 976878
 689025
 1048510
 166841
 91522
 943863
 546735
 1037364
 262231
 270536
 287422
 514790
 660138
 1097586
 321564
 152140
 919494
 581553
 416369
 281655
 329927
 648740
 624418
 919190
 994072
 614626
 407533
 964181
 386968
 381558
 260559
 820362
 976338
 1070483
 332810
 431622
 512345
 948275
 674340
 777829
 133220
 293677
 906609
 240881
 1082236
 720506
 380745
 246227
 1047366
 324062
 934405
 119457
 1035595
 1044200
 19181
 217050
 420779
 916792
 183421
 452799
 969234
 968529
 31475
 326299
 907089
 418078
 869529
 263254
 195282
 751380
 667502
 319385
 422948
 940846
 335436
 144207
 951348
 741789
 395641
 655481
 854317
 248836
 188645
 262411
 305773
 846002
 570831
 1037661
 912508
 1061937
 916502
 14091
 250878
 765157
 968476
 803626
 682843
 539993
 756813
 852685
 885168
 544597
 55901
 696917
 1072662
 819635
 371578
 909086
 474198
 8598
 1048613
 369673
 1033234
 67532
 723492
 842377
 275038
 888891
 568942
 414620
 193217
 597877
 826529
 324000
 257849
 545744
 627108
 743143
 205202
 364603
 765645
 108352
 676919
 401501
 818807
 338793
 707739
 818785
 939572
 561965
 117329
 941802
 276976
 982682
 270592
 137169
 302269
 212702
 1086703
 873280
 700797
 818787
 74244
 1002623
 983713
 237030
 1076903
 392996
 402738
 975143
 201669
 1051688
 231464
 483963
 77390
 300177
 95670
 655050
 782594
 940153
 849961
 480634
 588164
 413167
 854923
 295983
 894412
 1077764
 753647
 319782
 209301
 240965
 421286
 42883
 818991
 492370
 783558
 639258
 1013512
 39545
 633437
 121877
 511520
 559954
 479389
 640515
 311097
 960448
 162744
 396250
 986991
 1008525
 1002870
 254542
 104196
 1032890
 1098321
 1018678
 654440
 759074
 774708
 740115
 340339
 271769
 410662
 141522
 784438
 170901
 973207
 861309
 118333
 974045
 412065
 866459
 920207
 931605
 167380
 908666
 293009
 543487
 138937
 203331
 356203
 998243
 584490
 846131
 842242
 653950
 928040
 606639
 366178
 584907
 604573
 855474
 928346
 520786
 19929
 499123
 214270
 975101
 757337
 485241
 348753
 627341
 13468
 178973
 413099
 398183
 309785
 343910
 36264
 388098
 1037107
 979881
 559612
 1089196
 195176
 755514
 918381
 952896
 526395
 815023
 563312
 813959
 546505
 716359
 1022339
 509531
 108924
 77611
 943889
 432569
 854276
 801438
 425248
 745719
 674812
 788692
 933156
 915896
 345804
 377521
 894738
 101360
 31087
 551560
 126989
 859414
 494816
 79929
 309725
 628713
 592155
 440323
 1005092
 385168
 704922
 741595
 2153
 4655
 849651
 569881
 688087
 163057
 775141
 880878
 725302
 556413
 259636
 718015
 1020
 671955
 975024
 14210
 394839
 508278
 757148
 161211
 634399
 289365
 30632
 741437
 225991
 442749
 249812
 295233
 107864
 950629
 497638
 443241
 864445
 405075
 640615
 1034627
 951813
 807883
 1099382
 66793
 1092302
 66035
 1033174
 135731
 84658
 1096825
 519795
 534440
 537964
 94298
 845218
 889877
 32344
 418714
 620296
 933694
 764831
 818585
 941331
 810893
 272173
 225222
 565688
 492823
 504715
 969048
 1077497
 580305
 180649
 906167
 523589
 622975
 943458
 118012
 246991
 290568
 518106
 1012034
 713034
 372811
 264203
 930237
 306128
 761178
 414758
 612657
 714627
 558774
 126804
 89246
 493417
 527965
 887052
 573933
 627240
 106392
 725241
 739898
 141566
 763678
 776896
 276409
 1052381
 257516
 11206
 793524
 935904
 457801
 713392
 723806
 627588
 868592
 822337
 782531
 203973
 912005
 456751
 47732
 504791
 584363
 546049
 657152
 962068
 25063
 294798
 241360
 986114
 1051841
 117618
 543504
 637608
 966212
 564064
 968436
 356812
 400013
 666603
 737941
 155771
 491055
 50013
 487157
 744205
 196551
 478839
 384489
 539527
 762193
 616898
 24968
 138008
 185098
 958256
 366975
 770426
 679385
 538026
 293841
 637390
 477450
 304493
 464856
 577882
 164444
 138588
 680773
 1067085
 713455
 95258
 391442
 572278
 1060352
 444265
 233984
 994947
 556671
 639460
 353632
 1002212
 343278
 672307
 652330
 293171
 624781
 1022301
 702102
 1065071
 537810
 795067
 866242
 365932
 694135
 406750
 1043843
 310702
 227051
 796877
 402588
 779950
 345911
 407163
 817639
 870747
 783875
 980394
 417788
 761358
 176802
 1096205
 370401
 974227
 965176
 731602
 265177
 14863
 232574
 190618
 1014107
 268832
 360549
 84593
 1037609
 91413
 991932
 756660
 598347
 921267
 649
 892048
 461428
 70250
 236220
 986283
 108078
 694316
 376728
 304605
 479393
 130847
 1090270
 40577
 929011
 468936
 373699
 100751
 470825
 912673
 85338
 171970
 973255
 639467
 86727
 412190
 132439
 191644
 227239
 1080663
 243920
 350939
 388433
 235854
 288244
 310131
 733452
 494142
 730255
 114876
 1039686
 8163
 1085775
 254966
 112040
 124247
 527111
 851202
 1072470
 614942
 388352
 585691
 885260
 1077089
 515773
 204113
 449452
 631161
 8805
 17206
 741714
 604329
 48468
 1015355
 942443
 651182
 357460
 192298
 83494
 703830
 41554
 44069
 764887
 237916
 105726
 137039
 756010
 508591
 691544
 587144
 903924
 991982
 910114
 578125
 187989
 1069806
 1039737
 961068
 148432
 268475
 102402
 431837
 45104
 1014922
 410834
 537810
 543958
 758097
 942016
 884649
 813483
 994011
 371391
 147813
 785438
 1051248
 494005
 65175
 688085
 121511
 1020577
 39975
 564212
 941871
 20457
 1077425
 182381
 395462
 26330
 950767
 894794
 1026799
 741877
 149705
 318478
 275597
 740199
 676204
 153353
 395339
 295879
 18057
 82913
 520269
 494212
 642633
 822658
 400497
 1067849
 551550
 394937
 400819
 365903
 569165
 567899
 626709
 488831
 215794
 26612
 501815
 431042
 629160
 228313
 316994
 308390
 103019
 459316
 145796
 192546
 73260
 448118
 583456
 1002369
 346108
 946726
 294457
 494560
 791993
 326629
 559290
 366878
 455591
 878861
 210271
 755370
 547291
 494170
 293771
 159038
 424660
 602725
 392358
 318714
 871859
 497539
 347471
 275016
 6078
 954761
 802051
 1098850
 428412
 536235
 786213
 1021288
 546554
 265749
 46687
 542507
 1016045
 660714
 190637
 754939
 1038888
 62065
 182792
 373694
 866519
 172995
 860776
 45146
 1037280
 197806
 592374
 723224
 587458
 906821
 530586
 181502
 989568
 848500
 1062156
 191699
 114006
 970106
 39154
 948859
 103409
 80123
 120524
 685197
 523519
 307715
 673321
 854950
 808634
 848885
 559440
 1002738
 738638
 319497
 373181
 671474
 128951
 612910
 708696
 1024393
 426233
 941886
 670410
 962352
 812951
 239128
 787339
 416270
 688441
 445563
 507023
 870214
 812062
 918751
 973165
 30758
 29159
 989968
 391971
 82955
 777106
 699132
 742277
 779549
 1078494
 913248
 841831
 1040847
 170755
 942357
 756190
 1044722
 658372
 86371
 407121
 256619
 552603
 1002082
 238651
 485531
 499132
 460471
 4757
 162142
 533190
 621577
 1089074
 461074
 780833
 891687
 865402
 816207
 22561
 226571
 723396
 486607
 347788
 999734
 145801
 1065477
 584238
 977831
 371450
 190863
 307246
 812610
 718491
 1034706
 320650
 762293
 656848
 931274
 643686
 572540
 983801
 915489
 648794
 233312
 918786
 221472
 72312
 36749
 370414
 372395
 1001841
 6763
 701124
 800387
 855124
 285612
 186196
 557207
 1098472
 500485
 391348
 283844
 144736
 823122
 655669
 220046
 583570
 100195
 98645
 763631
 128498
 1090404
 133339
 19808
 283780
 501855
 260585
 405490
 268962
 1053788
 437772
 945597
 300222
 61593
 90663
 842209
 880524
 22156
 761666
 1056838
 771567
 825688
 985827
 460592
 1053822
 999386
 113113
 314896
 112037
 217330
 436578
 531945
 1092178
 389344
 654729
 181076
 162377
 1083249
 941536
 772257
 744264
 477136
 699971
 353248
 441469
 908156
 916038
 189208
 1093139
 671582
 669131
 965784
 992352
 1074371
 376111
 134544
 944537
 726440
 473393
 79583
 144300
 946616
 418249
 577984
 567945
 290262
 552134
 36951
 297721
 802863
 545783
 944230
 56649
 596803
 581981
 28856
 307879
 310936
 198660
 844229
 768482
 640116
 431216
 137322
 158257
 972601
 984564
 376689
 925035
 600463
 515748
 366147
 416947
 874525
 386573
 1045292
 777853
 635012
 209580
 142301
 1030774
 1034119
 137260
 894539
 900312
 828641
 725581
 1057312
 243354
 423735
 496916
 203946
 767910
 933154
 89861
 641144
 394270
 85284
 883191
 480812
 538324
 979433
 554001
 693763
 886425
 1025758
 583697
 828357
 500680
 631312
 259917
 1056085
 700292
 971525
 949803
 100554
 118040
 1004781
 596136
 796879
 497952
 28804
 24543
 951436
 177419
 155013
 719528
 1077294
 934583
 332106
 1055072
 161451
 458768
 1055615
 274245
 366063
 1096195
 28698
 389915
 1022897
 331640
 410679
 103498
 185090
 678767
 308558
 331760
 996248
 318133
 296839
 1066024
 591557
 174963
 60319
 714735
 962551
 9074
 993130
 602511
 1052391
 1044193
 92813
 240769
 1019946
 942993
 9326
 15700
 1095768
 900023
 886682
 496030
 472773
 441866
 11359
 159249
 297755
 874830
 913132
 286466
 230210
 279554
 79939
 1005632
 821479
 272359
 459803
 996684
 681635
 285984
 319525
 806084
 1012835
 122986
 278962
 709352
 1067471
 246001
 1060330
 351579
 957536
 904072
 1055961
 919383
 40514
 458963
 17034
 878233
 159992
 42278
 768533
 864326
 307407
 1039352
 287766
 727287
 609959
 855355
 627758
 958492
 955660
 614086
 51507
 185242
 499812
 28776
 1053021
 22225
 548627
 262738
 796199
 525089
 663670
 992441
 573450
 848857
 525899
 656955
 471319
 412931
 116663
 726199
 422865
 700160
 401100
 164464
 912184
 438125
 224881
 58995
 806199
 704841
 574202
 732514
 758956
 85709
 1062598
 497039
 633161
 264830
 463163
 741366
 355379
 120963
 601834
 528208
 1073851
 814931
 266109
 979454
 393884
 419639
 11847
 47356
 985941
 134812
 668947
 939601
 926736
 845611
 321788
 1011665
 819650
 277737
 957484
 1083220
 453178
 4086
 979739
 590462
 8511
 980699
 596238
 1050628
 860568
 395182
 298873
 977162
 546138
 870664
 789846
 293575
 646628
 429879
 570617
 252044
 784562
 161173
 942335
 591308
 1064131
 926616
 798548
 354680
 37692
 833203
 138679
 742978
 190327
 193352
 284922
 502407
 624387
 798048
 990057
 401177
 120616
 626896
 386424
 73223
 322850
 172400
 421474
 386408
 698722
 134702
 985066
 429128
 1010799
 146818
 948274
 794707
 406999
 394937
 65272
 601236
 482997
 39787
 180034
 613569
 605893
 843083
 748181
 658251
 995579
 669541
 521097
 592725
 649161
 470793
 80408
 72647
 1009698
 358313
 622792
 22450
 541705
 123240
 410999
 231544
 1081282
 1044426
 283260
 536370
 485754
 150415
 530800
 473807
 760281
 835512
 762855
 188069
 389754
 278474
 1068732
 260742
 801824
 733817
 20639
 653306
 629262
 171896
 1028778
 698482
 82934
 977228
 74952
 113807
 837412
 380334
 745675
 621824
 134365
 884033
 1082868
 659254
 594794
 479861
 336231
 1058249
 54288
 840010
 27345
 47250
 589585
 739796
 129823
 1019930
 1065328
 92403
 505268
 974430
 852815
 551640
 848833
 992302
 882835
 450007
 928847
 398273
 757427
 758832
 920971
 516662
 949502
 956581
 298851
 916249
 1024202
 236822
 426063
 273481
 595722
 704196
 316262
 288960
 29928
 649722
 197579
 354652
 236411
 828402
 902983
 499304
 391668
 740101
 217765
 711844
 178294
 922413
 996982
 1005664
 649343
 214567
 877728
 1092842
 189387
 992860
 904437
 845369
 554173
 976337
 506056
 1050622
 1074291
 971043
 221175
 750537
 623728
 747662
 469980
 419699
 484764
 1064540
 1074542
 768471
 494908
 988049
 590243
 928007
 697628
 168404
 760636
 811294
 978462
 508114
 20120
 687332
 523643
 980986
 1031610
 512642
 920995
 190803
 489170
 34180
 302509
 602708
 742950
 985270
 410022
 848711
 227072
 928605
 1071297
 327872
 867091
 289449
 649886
 118682
 845695
 333124
 279184
 974612
 486289
 1034688
 1022984
 668818
 197905
 275308
 613785
 317188
 294042
 345677
 1049794
 45554
 48636
 888143
 337250
 1093115
 473952
 742419
 683518
 543414
 1052826
 769264
 1033801
 305200
 59935
 83794
 949931
 352550
 704169
 842077
 108364
 233968
 850823
 1054738
 90879
 1019390
 932197
 1037550
 328438
 92016
 1024257
 7622
 426082
 112549
 579312
 794552
 726921
 1010429
 930407
 335085
 865940
 843363
 1088256
 716383
 5840
 986073
 795630
 615101
 608374
 247656
 504281
 94014
 974536
 1060089
 262896
 830731
 751707
 195770
 76191
 462882
 642735
 273079
 371522
 576700
 450633
 827776
 978838
 1066993
 14245
 960153
 970169
 485178
 942033
 149123
 460290
 621400
 448463
 1020430
 462058
 222498
 859344
 476010
 587585
 406928
 875045
 890931
 642501
 994815
 330253
 240791
 121484
 5385
 420571
 321272
 748420
 557657
 760133
 187810
 62303
 951718
 350616
 1051227
 563164
 190774
 881438
 963278
 793483
 409862
 474512
 372458
 690496
 1018410
 697322
 614466
 534685
 171735
 324625
 562112
 638196
 674448
 822884
 481679
 138714
 271607
 900549
 535542
 45545
 815570
 624977
 740383
 484868
 609239
 498811
 288232
 605164
 639490
 604195
 313251
 1014919
 909807
 223703
 643118
 463869
 696177
 266548
 54210
 897113
 352894
 346929
 643875
 172240
 1029037
 121476
 417023
 699171
 653798
 862707
 279921
 763277
 974634
 866178
 130432
 25679
 706539
 610575
 471873
 306946
 663597
 682953
 76464
 239585
 216747
 870822
 135768
 1005096
 56393
 386338
 619895
 223647
 936124
 835265
 33005
 279198
 831155
 580205
 427723
 219129
 446321
 623040
 109390
 979526
 1022733
 302336
 711215
 353829
 79413
 361828
 926843
 21894
 338940
 767283
 153498
 468615
 235442
 826252
 708719
 533015
 413018
 751356
 22875
 69241
 739525
 813994
 101301
 742264
 613481
 874839
 746212
 295296
 632455
 510931
 139577
 966999
 553686
 27385
 1048384
 434874
 966722
 441627
 896717
 219316
 330590
 1000585
 1059142
 849680
 476990
 694705
 914021
 100231
 631253
 161024
 175858
 676488
 736238
 72364
 681526
 870338
 350365
 95825
 569401
 382504
 211108
 329248
 404433
 303010
 463444
 726807
 594003
 506904
 534484
 252192
 277139
 1010551
 637928
 774735
 137290
 539501
 453026
 39384
 355031
 693856
 75340
 1011663
 799559
 62680
 759540
 55729
 611041
 572229
 388445
 324671
 839968
 65164
 337230
 590847
 614492
 910861
 267266
 830102
 571473
 864982
 40397
 1067678
 680031
 842259
 346978
 555675
 806958
 406859
 18412
 884839
 538507
 499348
 1043893
 586373
 469613
 158763
 62461
 606035
 36563
 277698
 221427
 831307
 461400
 343759
 214935
 970639
 523566
 952537
 743300
 809343
 1022033
 1038274
 158788
 989637
 652069
 384361
 107782
 390764
 46707
 155890
 201251
 89883
 83740
 75747
 113501
 328852
 844518
 438251
 862785
 139505
 1086915
 603882
 314187
 686570
 905651
 397728
 664535
 446951
 319133
 303074
 283361
 498041
 134795
 329331
 576330
 138626
 859668
 342512
 119957
 817569
 314393
 110688
 821316
 1067931
 1073263
 450298
 858057
 22801
 306448
 847908
 950273
 38882
 108212
 791213
 1085711
 184507
 89261
 1088980
 715291
 318966
 498894
 803828
 287575
 753510
 27246
 289184
 802157
 992245
 373653
 1052852
 838170
 629752
 583970
 488085
 878667
 625274
 456335
 103102
 573554
 543227
 90885
 887680
 38229
 233171
 403690
 199603
 122699
 515143
 284348
 519536
 643642
 822793
 227028
 97452
 610235
 454158
 84352
 963384
 126416
 415319
 904517
 335279
 558818
 81963
 896924
 45662
 616345
 575932
 22057
 339443
 163149
 543280
 135574
 501855
 208091
 447576
 843414
 579633
 296843
 125889
 454085
 127682
 722322
 802253
 649879
 1084476
 784964
 421718
 397036
 1076985
 587533
 754762
 923716
 947596
 298878
 3463
 1063995
 1085582
 878202
 1002481
 839771
 402041
 728436
 905962
 702273
 211891
 602909
 552432
 665871
 1014204
 849362
 301521
 557352
 229064
 431542
 42496
 441450
 836673
 715020
 262860
 380344
 416556
 984186
 389158
 274941
 956967
 514257
 703843
 639837
 475972
 675483
 920079
 329121
 700497
 762317
 505691
 797767
 22763
 897773
 143995
 253752
 117227
 246129
 987948
 715092
 494152
 250323
 565646
 580271
 163336
 1036047
 609150
 205238
 925210
 746955
 311858
 1021857
 612997
 691419
 855599
 677538
 17598
 473727
 598873
 611734
 75544
 918380
 998371
 435512
 180984
 241415
 398972
 572329
 8650
 512521
 649784
 683885
 999375
 267769
 124174
 348862
 991234
 467117
 383918
 452884
 411714
 132075
 691172
 105030
 617764
 66594
 750877
 635867
 1075638
 57394
 1042669
 470693
 326290
 306606
 477801
 831460
 671068
 369297
 683060
 156292
 290933
 826004
 488540
 694816
 931409
 799818
 869503
 678549
 581560
 387842
 278266
 187179
 671557
 635269
 1055758
 976147
 608732
 394840
 70631
 179992
 792343
 2832
 53178
 1050824
 121716
 609124
 443331
 1073656
 348927
 739627
 329383
 378235
 106291
 658002
 2704
 404706
 325083
 975067
 60152
 247899
 724857
 424481
 285730
 430369
 690259
 472152
 283890
 354568
 184735
 687469
 271192
 556946
 948867
 693354
 785655
 629854
 925507
 169433
 928101
 528056
 469292
 223434
 711365
 542002
 593395
 462973
 765814
 126287
 173411
 311097
 150986
 381066
 1010732
 608869
 167186
 136005
 154782
 468927
 194849
 707239
 303481
 990813
 395164
 946957
 1068116
 316000
 444986
 409474
 937083
 1041538
 809844
 1001478
 85848
 586718
 61469
 45149
 639945
 202848
 27678
 31859
 154063
 902282
 299040
 79781
 540272
 176432
 143720
 79731
 154809
 319490
 127007
 301307
 465281
 503330
 307758
 151071
 327858
 938519
 424566
 475316
 161511
 696049
 1072408
 498386
 866181
 39877
 853620
 217785
 612079
 22321
 1082907
 457987
 765470
 299693
 1049326
 662423
 820256
 651426
 208885
 106101
 956898
 128142
 939720
 554431
 614008
 59088
 163453
 811552
 136828
 517195
 120832
 900979
 686110
 1099905
 504658
 824709
 882321
 185905
 520360
 99679
 135693
 175043
 837727
 581500
 444656
 352469
 560498
 931799
 680930
 315724
 758673
 749953
 762080
 911294
 547617
 171278
 557583
 598998
 419077
 886594
 849630
 578279
 468680
 573890
 461241
 681364
 320296
 697996
 878887
 375854
 767388
 458236
 410666
 31571
 947191
 608718
 476233
 772487
 547688
 499036
 497897
 1085706
 68178
 909595
 248578
 523248
 526424
 739300
 510983
 209901
 456448
 407585
 424475
 794068
 134246
 719852
 411737
 763570
 499148
 363922
 694022
 531341
 759755
 826697
 863688
 154011
 61030
 386556
 848801
 454797
 178325
 939299
 781981
 27310
 113231
 288064
 117465
 671726
 1055212
 332252
 504010
 345483
 845323
 1049761
 780029
 211272
 782353
 601479
 972244
 809446
 83372
 401
 889957
 793373
 100424
 829495
 546667
 621028
 961328
 1015616
 455239
 509003
 240466
 134331
 1037671
 402172
 315820
 568445
 691388
 774879
 90877
 1029162
 701447
 82312
 1074906
 539439
 697780
 554855
 804093
 613165
 741753
 863764
 700229
 255895
 549295
 818952
 777838
 231868
 22880
 996537
 476541
 566542
 311910
 277858
 1093608
 905422
 125999
 984327
 287299
 165833
 476937
 814590
 358143
 517924
 362531
 363303
 545162
 770445
 350323
 1062383
 574325
 26580
 331042
 341727
 5494
 988451
 473562
 857076
 208852
 726682
 165425
 539188
 823340
 894978
 383552
 216585
 749984
 476022
 447519
 572174
 431782
 538223
 833476
 757420
 257378
 397207
 102681
 100116
 227745
 281076
 920391
 802335
 377059
 753693
 1040656
 377892
 698241
 353774
 783672
 874079
 1063562
 983570
 97671
 283344
 399467
 779989
 981911
 87625
 136672
 38721
 199691
 955463
 525104
 556661
 668954
 215320
 1045738
 549337
 262850
 464578
 663272
 858555
 964467
 588409
 298054
 480444
 307669
 778267
 881080
 510021
 253867
 503335
 87002
 671902
 220986
 281597
 730825
 249268
 15884
 1009102
 921037
 869336
 966516
 1016948
 928243
 918344
 439860
 879806
 90409
 265659
 411908
 263776
 703743
 364679
 751949
 85915
 827333
 608218
 113013
 309941
 475971
 342277
 474929
 848469
 319445
 851464
 756813
 714584
 960751
 612354
 786788
 277980
 896613
 599739
 554289
 955157
 435239
 647655
 681503
 409460
 63854
 619722
 796627
 515022
 989281
 273687
 47886
 1056957
 38176
 800489
 225056
 63605
 446547
 498308
 458843
 346854
 840668
 525882
 1010694
 312073
 11016
 932267
 27288
 577644
 351
 412810
 846134
 16504
 596676
 875581
 684710
 916599
 312366
 589717
 858204
 872002
 1068869
 458467
 167983
 154086
 50454
 102405
 856072
 1057438
 940191
 925660
 145442
 713265
 60866
 933173
 904833
 48316
 1027294
 460644
 1098240
 375135
 1051765
 189595
 696127
 180737
 535112
 605077
 380349
 152750
 772798
 85658
 671618
 878493
 972572
 486948
 417406
 322800
 289811
 624180
 272613
 1013445
 820014
 745684
 144745
 1022798
 123488
 465093
 604079
 755381
 317808
 382401
 550935
 1018097
 407657
 387445
 657889
 331363
 669906
 240351
 392715
 85802
 1015696
 137821
 661637
 980586
 780868
 663789
 381049
 672951
 947986
 903393
 684746
 181309
 19336
 1057670
 283073
 253967
 1003232
 507133
 657850
 986310
 541883
 285494
 117329
 980519
 269775
 912120
 178407
 660162
 870788
 89196
 291611
 543249
 134129
 53409
 465378
 1048899
 579764
 471171
 680963
 601670
 718821
 702823
 570306
 206388
 440779
 784727
 996479
 721892
 212984
 116593
 916722
 761309
 1025179
 465454
 908399
 879779
 1049029
 12268
 350780
 61815
 104333
 609001
 404120
 1799
 230399
 12308
 1067431
 909884
 491961
 240285
 837218
 126628
 862794
 1058140
 1068625
 587693
 923070
 127833
 930895
 39175
 942954
 543729
 725297
 829369
 140751
 1031936
 655005
 512995
 50269
 519799
 874668
 746925
 679256
 275498
 980916
 562109
 248286
 371530
 79335
 112007
 637053
 43359
 926826
 97448
 1007849
 56378
 876061
 433181
 402422
 293640
 758751
 371118
 772703
 416122
 820542
 1072492
 546781
 616752
 85982
 791438
 963370
 1058308
 666153
 863021
 590292
 135238
 505593
 92057
 553450
 1016607
 475617
 280966
 904987
 335196
 1099297
 269726
 79658
 473234
 559799
 750147
 272307
 109203
 68051
 802137
 784173
 1035023
 152984
 646426
 719718
 306623
 415004
 243805
 38686
 783952
 752668
 617077
 976521
 1011166
 988277
 669920
 646716
 998338
 275247
 398166
 647527
 1030435
 851993
 659374
 333303
 439946
 138023
 578578
 522088
 398442
 512790
 1085556
 737783
 994417
 113659
 761785
 114384
 309703
 359195
 154171
 438222
 314516
 531841
 104614
 1072900
 832779
 109979
 384010
 119802
 737333
 842311
 170474
 345293
 606308
 920859
 311863
 281137
 642063
 941643
 321473
 917198
 516658
 412365
 995712
 352610
 784134
 1033023
 44397
 410300
 685940
 746403
 271597
 654819
 281670
 813536
 843548
 439874
 929242
 819743
 151429
 1054095
 329693
 1022185
 887743
 999684
 56903
 851369
 1008449
 844977
 772108
 140759
 1061300
 777746
 798410
 921283
 669776
 74937
 188512
 935504
 739636
 177210
 650217
 362177
 292354
 207048
 1043317
 239289
 1032077
 1002990
 15183
 875085
 253823
 727914
 416182
 71236
 95754
 228914
 284209
 615415
 783332
 169548
 699753
 357464
 622091
 3993
 442329
 259236
 661243
 894723
 950389
 879643
 387026
 577745
 432518
 821696
 251528
 190898
 631812
 220950
 398725
 300050
 568895
 790997
 750482
 1053960
 37551
 850865
 845679
 519340
 429016
 818988
 851422
 312428
 84197
 800831
 767170
 712680
 841310
 1018411
 328209
 768216
 988528
 208200
 116310
 199909
 253847
 155627
 428774
 677945
 308688
 487173
 482792
 674245
 884888
 551550
 101499
 801354
 23994
 1038719
 956260
 298236
 528455
 335024
 102626
 493005
 87545
 817303
 355889
 285568
 48048
 245386
 835586
 856466
 597899
 589967
 479498
 81172
 847632
 142520
 184155
 205427
 946420
 616059
 511453
 875111
 536268
 29650
 706902
 117638
 1046251
 309526
 156303
 794548
 1022425
 396818
 641927
 456991
 691311
 865276
 160102
 708936
 424406
 788553
 28774
 771817
 670860
 1012402
 1040004
 601091
 241820
 103390
 869010
 691056
 731235
 36531
 471812
 214981
 99130
 901322
 449156
 32029
 611314
 10180
 880310
 717785
 28090
 4712
 825615
 753792
 364228
 489564
 538793
 689487
 576972
 438000
 432848
 830773
 954477
 409440
 1035072
 697451
 1020247
 96425
 13849
 650724
 811126
 841495
 769264
 155711
 595348
 563755
 365258
 837225
 80500
 744926
 905240
 848638
 205399
 298449
 1038869
 322746
 348651
 983555
 86503
 975541
 998631
 129141
 887286
 355741
 518781
 840629
 566057
 1078873
 1060075
 1099281
 523429
 658839
 105565
 1046372
 28471
 305969
 563537
 188143
 813951
 275017
 964915
 933108
 902782
 55413
 105321
 921526
 953779
 572296
 832016
 151433
 659063
 220795
 16229
 1026387
 675168
 506513
 1050329
 786608
 97527
 1045388
 390202
 213111
 803645
 300320
 285033
 373065
 528493
 468228
 653550
 374378
 231543
 49606
 1094729
 576176
 225850
 933857
 422922
 241027
 276539
 904925
 1055956
 1026349
 157799
 897896
 1059653
 56056
 1077253
 601636
 701154
 104882
 1086554
 423462
 584968
 394635
 1000712
 197734
 1044690
 687086
 155402
 1010110
 130449
 597328
 988234
 700080
 874005
 704244
 200859
 897945
 56972
 161673
 698911
 1093487
 51832
 915621
 734760
 751057
 709252
 484952
 309048
 507563
 507274
 909434
 65025
 466042
 263299
 275774
 903628
 876894
 865563
 673727
 205683
 917785
 615049
 590939
 628565
 933432
 96372
 13440
 344242
 402342
 292043
 823434
 594969
 947081
 272075
 1029298
 604222
 183800
 931229
 756187
 801321
 534253
 119928
 989031
 795109
 1022487
 248217
 997861
 480162
 949951
 740137
 487332
 811278
 252500
 413742
 201795
 918124
 682317
 200097
 815376
 952694
 946658
 352381
 393514
 995923
 907826
 810156
 235397
 189642
 698539
 897699
 1020078
 473979
 246809
 1045768
 644640
 130451
 910114
 478536
 203012
 973390
 1080559
 921156
 787129
 754305
 1031295
 394032
 641395
 931993
 36785
 650648
 1043625
 565977
 849284
 298044
 1025045
 804424
 138688
 8817
 1003997
 66965
 51044
 275017
 51301
 6110
 60114
 322014
 275492
 1026793
 743230
 447347
 50798
 256857
 19426
 330914
 284611
 569440
 859768
 708757
 404585
 100315
 1057383
 769645
 998488
 644234
 99353
 624713
 546794
 807636
 219547
 149717
 16704
 830248
 65351
 329686
 394452
 289420
 443491
 259430
 938845
 910263
 890091
 283615
 993769
 500436
 5363
 290941
 673294
 415263
 390465
 356631
 333134
 590288
 144642
 499767
 578356
 674099
 896756
 1005394
 767931
 607432
 697047
 610094
 121307
 681151
 126816
 185022
 1054010
 276455
 439904
 588405
 293941
 45144
 583296
 784502
 572886
 132105
 843652
 1090132
 1041715
 628564
 918082
 567369
 975767
 507204
 833495
 1034914
 755112
 56802
 542908
 656204
 566655
 604226
 325592
 171032
 667292
 24414
 563122
 700554
 651862
 25949
 468926
 535359
 957772
 545067
 215539
 142532
 170248
 445779
 627462
 365812
 774954
 477511
 317952
 621238
 796272
 650817
 806675
 191344
 29913
 526379
 459392
 1041840
 666826
 587628
 1052296
 874271
