433639
 441086
 304662
 362872
 664568
 240780
 121487
 1017025
 71927
 614552
 478825
 940836
 1020649
 840106
 651631
 25854
 422190
 311921
 78090
 243616
 328859
 577763
 534992
 404221
 1034844
 1076369
 267155
 930007
 35047
 140887
 650246
 358197
 137791
 1082098
 920615
 44565
 146210
 940797
 683973
 195645
 956388
 989525
 576488
 712274
 833609
 255636
 601892
 518103
 791701
 26442
 675141
 868319
 902651
 911940
 430403
 136960
 274178
 411060
 692152
 45052
 319463
 394047
 264057
 344181
 936164
 601515
 1012228
 804497
 846434
 882271
 829139
 456572
 928371
 732162
 382788
 929137
 503688
 603423
 423802
 321171
 361859
 143053
 757186
 220986
 488261
 555348
 789833
 1096468
 54462
 871571
 1091099
 117228
 371880
 787076
 334927
 568367
 100417
 439698
 992846
 695310
 634741
 514017
 447757
 599749
 153778
 1090933
 76797
 541474
 874225
 909125
 878735
 23282
 390063
 719231
 413343
 111029
 1093699
 814773
 202923
 437030
 990510
 526325
 605691
 146956
 105513
 120187
 858236
 584448
 609363
 137327
 1026077
 329577
 31729
 382988
 536895
 340180
 246619
 1051574
 1027595
 155394
 361336
 150132
 816042
 373467
 832033
 1034993
 1050497
 1081592
 1035197
 613955
 782340
 394192
 177253
 763086
 648292
 105951
 496120
 36232
 856118
 1050610
 811270
 544585
 125010
 1003924
 849506
 616819
 809424
 215968
 399961
 991699
 125396
 903039
 161489
 816338
 187793
 785518
 738051
 302090
 440661
 480610
 485124
 173989
 387198
 553071
 268800
 1081769
 586068
 448450
 768429
 279303
 856789
 841259
 925010
 251307
 1082271
 394262
 363911
 743838
 649809
 423623
 899998
 350974
 522068
 923963
 998574
 143794
 924243
 1028300
 150201
 525675
 1034002
 574082
 213434
 87880
 667202
 100198
 948294
 504442
 1071523
 139476
 993993
 450239
 807730
 793421
 149919
 802449
 900392
 569596
 419933
 953473
 155654
 883767
 1010894
 470275
 1034534
 210489
 365368
 705470
 445884
 171441
 160789
 761830
 414669
 570339
 1089985
 253877
 881890
 261964
 468004
 1080951
 1058299
 1030054
 858104
 1058524
 427644
 647193
 563612
 178543
 102167
 760889
 275115
 354393
 387413
 186381
 95804
 482814
 737905
 530734
 476014
 198692
 622273
 285698
 962167
 23806
 53653
 30423
 539757
 161522
 149085
 68596
 459913
 1060194
 67383
 496779
 830495
 819933
 26498
 642064
 87044
 404125
 260998
 77744
 9937
 580620
 882023
 660840
 888508
 345006
 377523
 648039
 257173
 609368
 356549
 561174
 948675
 324292
 470231
 130715
 406443
 630468
 761578
 677900
 733102
 929578
 993624
 1040152
 978902
 612829
 137704
 245161
 960892
 289516
 514941
 994482
 228561
 49825
 882619
 483547
 572165
 751458
 267033
 845074
 67657
 140894
 1033717
 775874
 835305
 964849
 95147
 938849
 11094
 1092129
 608659
 406904
 1092366
 945778
 952312
 545108
 404680
 88274
 886077
 42064
 786512
 779670
 699508
 684900
 513686
 669376
 1014743
 489655
 193084
 641134
 297496
 121215
 382587
 954262
 166256
 663432
 722123
 552152
 842865
 793308
 883887
 1009087
 960050
 97123
 741132
 276096
 42129
 312988
 264899
 240328
 602322
 266458
 527039
 1077829
 560298
 922492
 441020
 916037
 485528
 987542
 657858
 640225
 1033411
 186956
 552833
 771147
 626850
 422804
 773589
 759272
 459170
 320262
 594376
 1032171
 820448
 40230
 252145
 4110
 595356
 637859
 679960
 288632
 482289
 726346
 466498
 874970
 603517
 953987
 963484
 1071685
 702560
 858175
 657222
 734928
 1071990
 203003
 1099653
 166266
 1025899
 33761
 369458
 280363
 82806
 224192
 558063
 549527
 715716
 1056074
 592560
 416775
 529596
 140138
 1045123
 870053
 1070105
 407611
 449582
 594638
 77307
 269926
 458065
 666557
 84288
 355721
 842640
 292260
 704814
 743904
 316377
 930175
 74874
 1061528
 14318
 470486
 973472
 194676
 355859
 239886
 531847
 1098019
 885666
 485848
 843861
 349503
 985818
 220774
 326914
 798395
 322266
 239130
 555641
 35330
 1076836
 292695
 356315
 723737
 289130
 449563
 254052
 48295
 900391
 982430
 271831
 545674
 540804
 992578
 104322
 444428
 79564
 453865
 818238
 746147
 1037382
 191789
 194270
 771363
 12215
 725102
 512488
 2299
 732428
 962473
 715967
 904323
 30563
 905984
 152584
 862854
 273059
 325966
 626097
 35593
 501686
 777824
 831635
 713842
 283202
 1095274
 920086
 707545
 322205
 147543
 597967
 728062
 799975
 885603
 286960
 807649
 1033062
 416211
 433630
 694178
 59607
 221245
 127084
 527345
 30807
 892466
 25833
 677827
 459609
 338764
 722344
 615667
 831447
 981011
 446976
 1014776
 872784
 828195
 413907
 1082540
 168706
 226894
 1063761
 1045158
 646009
 337041
 110021
 1071752
 624167
 950885
 769628
 625305
 700618
 749336
 689940
 1052962
 886874
 463434
 134631
 743530
 829198
 666349
 467895
 137554
 356792
 161999
 361620
 303532
 983377
 680812
 614733
 197801
 354122
 843150
 730031
 357962
 579459
 217997
 395115
 417119
 1004693
 396165
 518277
 999373
 341976
 417097
 37468
 456867
 1025742
 685477
 743041
 500469
 535735
 1076382
 140239
 475812
 391642
 118910
 61447
 794771
 95366
 916938
 52835
 963626
 465421
 955103
 828388
 212663
 715567
 918398
 191245
 248506
 345662
 662219
 285213
 304791
 796004
 481348
 824084
 888452
 1044565
 930631
 209383
 675802
 753958
 372521
 448333
 763942
 474578
 960215
 333158
 338908
 348421
 814545
 928995
 732723
 826241
 1050719
 267303
 674962
 484108
 276167
 1080105
 752362
 307982
 312814
 249933
 931137
 245214
 667011
 570121
 389332
 956824
 238033
 764161
 791554
 278773
 428327
 1068199
 635026
 710238
 464498
 951666
 313374
 711399
 1059155
 984954
 863926
 29701
 246125
 596900
 472464
 586278
 385108
 975999
 164854
 899983
 845861
 131334
 193503
 286950
 144004
 303481
 897857
 491476
 344388
 242565
 782454
 234185
 817236
 1072520
 32417
 18951
 439719
 176181
 918105
 903315
 114378
 676796
 755979
 82226
 823835
 573687
 727280
 168190
 111625
 401114
 209968
 661876
 900415
 782760
 1073559
 782110
 33405
 186704
 596350
 651633
 36075
 321649
 931338
 792453
 343847
 880529
 1040890
 595108
 794238
 386864
 886657
 606908
 1023322
 541563
 498812
 696729
 846331
 525434
 681483
 368982
 347160
 977491
 272898
 755750
 180575
 616762
 415713
 259108
 58146
 596317
 507367
 71406
 712654
 521983
 615561
 525800
 913415
 1073178
 863202
 955395
 759344
 464361
 113402
 668466
 898674
 957665
 522317
 298928
 712025
 489814
 945463
 1038549
 1054685
 232031
 750963
 836398
 566321
 733019
 731160
 207765
 1086475
 853931
 484684
 254134
 467238
 287397
 883917
 580993
 476274
 822240
 1040654
 14656
 787939
 577357
 84095
 492374
 578579
 188676
 300116
 1067077
 1007496
 116225
 253044
 914223
 977562
 491676
 813168
 612874
 10441
 89634
 574720
 349227
 183371
 1065726
 105208
 73802
 797644
 73978
 157952
 533326
 27023
 949036
 174843
 810359
 594736
 152231
 1023737
 832830
 749999
 878175
 662837
 211193
 82199
 620263
 223877
 619556
 1068236
 149967
 969341
 81081
 478981
 1003784
 177316
 783811
 439573
 508028
 547007
 217281
 548944
 1093347
 841131
 235329
 731967
 993700
 100236
 877983
 759323
 111007
 874406
 39558
 386738
 442334
 629156
 260834
 987458
 789325
 946581
 1027718
 962085
 112979
 217765
 585663
 1074360
 376959
 1091524
 579892
 1021708
 1048798
 167375
 501577
 1075091
 846045
 635106
 226098
 615242
 845306
 36298
 315058
 818169
 202519
 1003939
 217423
 923951
 199823
 756660
 160332
 72954
 253315
 345565
 894312
 821832
 113719
 834199
 528
 217705
 413314
 681873
 966211
 956036
 409725
 183506
 862322
 132984
 565896
 1034219
 322456
 299391
 181725
 497569
 903606
 600668
 608637
 464392
 256413
 953993
 766781
 1097445
 855203
 285876
 189857
 286792
 730369
 46655
 611106
 864635
 1061732
 373318
 286107
 65139
 157750
 86178
 5973
 443434
 973581
 216339
 766207
 991414
 414676
 360362
 145512
 752746
 454940
 868797
 147409
 561291
 550378
 67341
 602526
 375922
 771432
 963228
 361705
 410780
 114349
 796796
 386463
 24005
 785719
 38242
 147029
 85463
 63305
 362957
 1037305
 671547
 832171
 594157
 448512
 363826
 691703
 706395
 763324
 904542
 975651
 842383
 473079
 554254
 678881
 624428
 370694
 509546
 321754
 455202
 152467
 506001
 862134
 948157
 732686
 1039688
 1074857
 484703
 338296
 972768
 211785
 844241
 1053591
 957158
 1021073
 146700
 415023
 1065270
 1081794
 474737
 762584
 13857
 506082
 335447
 12637
 1022173
 682188
 745895
 500913
 343801
 154466
 1067840
 1007188
 856744
 435438
 527483
 748348
 871735
 149006
 304442
 413552
 68865
 564501
 249855
 536447
 1014796
 349518
 701659
 898116
 73024
 318196
 427302
 287883
 220562
 620657
 22447
 464823
 221950
 505463
 170775
 220026
 520779
 140441
 799441
 773330
 440177
 908041
 401322
 642759
 702548
 635688
 1092847
 376167
 932082
 682768
 112035
 216793
 449485
 906663
 938571
 616164
 589077
 7306
 709414
 47614
 288022
 718523
 726160
 17090
 10530
 788650
 139144
 971705
 428985
 279447
 14782
 391927
 479920
 499228
 518101
 929326
 978205
 1022851
 31600
 632734
 805533
 591132
 14854
 287392
 780683
 850344
 17586
 722451
 206817
 147997
 644211
 862060
 675313
 378676
 871052
 677686
 504389
 328479
 661621
 425366
 569491
 645949
 30661
 506942
 977961
 312610
 902331
 359778
 864977
 1023113
 206548
 649208
 994065
 1009819
 22339
 386812
 860612
 1016337
 806188
 435941
 775049
 563879
 156632
 716369
 401631
 1083941
 847679
 48554
 908465
 206182
 165728
 737582
 704657
 602735
 149467
 827662
 573280
 305035
 915030
 391699
 881535
 1060025
 230049
 418151
 1013015
 337394
 115692
 795678
 290337
 242334
 779164
 956283
 357010
 76399
 789515
 336285
 300785
 325205
 1017326
 684902
 195467
 730345
 682231
 368433
 939005
 10064
 571078
 548463
 199654
 617950
 819986
 976509
 124545
 789601
 818292
 1052020
 544926
 978915
 869936
 858585
 71001
 591963
 646681
 557154
 338432
 442746
 175805
 750653
 858305
 87842
 129631
 337294
 49798
 29931
 780245
 324567
 582688
 464595
 488109
 931042
 199125
 400731
 412320
 675403
 264334
 835976
 12304
 1059823
 1065101
 943359
 940654
 790112
 63014
 779015
 238101
 155601
 638772
 933824
 141816
 245863
 350222
 24773
 585372
 134044
 349309
 491164
 596644
 928623
 586065
 170496
 728533
 556015
 33273
 986171
 766219
 598643
 797658
 126359
 396000
 994033
 578326
 1013414
 88245
 374945
 610104
 526508
 1013614
 92068
 508259
 514299
 589428
 1076132
 267809
 660212
 222146
 98696
 498638
 697213
 973244
 999400
 352266
 152296
 814318
 981317
 860698
 87792
 77179
 270472
 1075637
 449515
 555136
 561651
 1025620
 876684
 115403
 241744
 300427
 245314
 98415
 157455
 809688
 933556
 976336
 137543
 498201
 707115
 68067
 363817
 1057922
 842509
 752437
 7315
 406859
 523917
 952997
 56135
 703581
 479041
 656276
 320505
 942675
 379909
 224481
 703373
 1032983
 487283
 830644
 298527
 722900
 1035136
 391696
 216158
 1098895
 123134
 1077423
 544847
 472989
 969580
 751899
 16414
 496001
 543444
 768665
 989290
 680311
 34050
 557675
 74321
 82535
 700221
 717257
 405673
 454512
 707029
 79062
 790199
 545330
 272525
 1044330
 465884
 740120
 439543
 569017
 910544
 449216
 1014665
 315396
 139506
 88017
 380008
 222661
 312761
 928711
 637023
 823026
 156094
 982146
 809163
 444232
 377758
 632417
 1062728
 1011386
 774405
 973313
 406607
 1039457
 96580
 634234
 1031045
 398088
 241852
 420258
 297242
 764538
 856038
 607498
 284176
 723614
 371304
 108856
 554847
 481872
 843003
 832398
 61153
 79605
 239082
 692334
 45105
 351995
 929030
 89853
 1016523
 123297
 342296
 261407
 136334
 42911
 874190
 815290
 634082
 331000
 459964
 1002644
 164666
 871282
 397458
 1072698
 589391
 46425
 380519
 95157
 507419
 1040872
 35189
 495610
 179440
 373463
 817633
 742749
 940797
 449761
 305305
 485272
 234027
 471858
 887788
 746204
 842295
 81502
 1082245
 487725
 301081
 321450
 625952
 100561
 730562
 476951
 547933
 938081
 735668
 343487
 488636
 484467
 314125
 213069
 1034662
 912512
 614299
 516820
 614111
 392667
 80561
 633893
 55817
 1055181
 310968
 892306
 1072152
 884020
 870096
 645241
 454968
 74221
 771639
 193853
 168706
 977484
 321384
 263188
 642154
 881862
 24599
 838431
 14701
 1021241
 524572
 254701
 407883
 391113
 563814
 597945
 240904
 431010
 111674
 770388
 251420
 25512
 91041
 315449
 872157
 689778
 934155
 810120
 195037
 1039805
 673915
 362114
 387448
 930594
 982452
 418387
 621431
 198037
 989779
 933919
 109774
 405073
 126450
 93659
 291984
 425840
 381414
 247473
 270280
 921312
 28148
 706294
 579825
 257209
 377867
 538164
 483171
 693359
 397728
 1020020
 325847
 464996
 1015487
 853348
 430790
 648600
 1087007
 637844
 344923
 1060512
 927415
 738804
 382157
 546010
 716059
 803548
 189772
 535708
 1018261
 931886
 144340
 965130
 551141
 235493
 213115
 284931
 9465
 278078
 963473
 596683
 1061675
 577839
 1047391
 1865
 952656
 604356
 149636
 501643
 1062092
 747480
 318908
 379404
 417626
 563958
 152915
 458457
 982087
 434469
 201297
 795631
 267604
 933055
 997555
 701399
 624582
 31342
 557979
 88543
 735315
 775385
 644708
 391184
 515885
 373619
 1092280
 42951
 358657
 234039
 456496
 29241
 323173
 49407
 511743
 722045
 35732
 147243
 482625
 859033
 957750
 253450
 158726
 525772
 294910
 726612
 719674
 28718
 984594
 267338
 495651
 977455
 311131
 603224
 891827
 365313
 833705
 692131
 903838
 565084
 835451
 82193
 214189
 88492
 897158
 890365
 501087
 962807
 754991
 362356
 420661
 120550
 496236
 149761
 71505
 403572
 722795
 307217
 788381
 875445
 364024
 1068886
 439302
 756089
 665424
 392934
 8428
 380942
 588036
 1021019
 206080
 907319
 739607
 324710
 436061
 676817
 483611
 1008577
 868509
 454525
 31477
 613826
 296500
 130850
 643239
 323576
 560227
 895149
 285478
 220632
 761200
 268655
 1048840
 556965
 835782
 757220
 262540
 523396
 255837
 153120
 694125
 122792
 157558
 826722
 638675
 484934
 141449
 1049978
 1025462
 688700
 304119
 783607
 225570
 287949
 953481
 369089
 551550
 866365
 123862
 959162
 540630
 986577
 857146
 710301
 311440
 849537
 623406
 469152
 272953
 246409
 619170
 715981
 518331
 484243
 716985
 1054338
 1014129
 802938
 723932
 749424
 619292
 642615
 467036
 1003801
 216730
 504472
 471182
 64539
 631330
 978717
 1013709
 347762
 342664
 148498
 456198
 306141
 292752
 975096
 305269
 727002
 34387
 855217
 320949
 50789
 904281
 190498
 646411
 692619
 577568
 642100
 1085046
 160449
 89523
 639426
 447511
 1023891
 1099839
 66592
 732898
 31955
 507962
 438178
 762974
 886172
 345988
 1065694
 93276
 586685
 744298
 704583
 672978
 586273
 235595
 515433
 1082261
 58286
 644490
 480869
 35778
 863691
 1077841
 191658
 438989
 324007
 178764
 43459
 807514
 402214
 987388
 90073
 110554
 433962
 204048
 850194
 681541
 1018938
 992950
 499108
 1059921
 356041
 312548
 245047
 1314
 977140
 336261
 392897
 870216
 822670
 223243
 502537
 124241
 636711
 621231
 786789
 792097
 1045257
 185593
 1089763
 860613
 369619
 351963
 283969
 1013261
 548384
 652338
 248608
 216033
 446936
 1066001
 617876
 700181
 679347
 907064
 167635
 562648
 471556
 575690
 420052
 3311
 826753
 922323
 327432
 103040
 1071085
 102804
 242689
 445576
 624306
 290469
 609379
 188498
 46319
 992147
 379922
 10363
 393838
 370646
 741935
 653038
 360593
 704584
 425753
 910348
 157913
 96130
 340009
 919071
 336096
 1074075
 350166
 591279
 106474
 1010500
 859060
 630160
 61591
 349790
 946568
 525592
 794379
 654434
 357482
 811633
 1045963
 934233
 664777
 230447
 629913
 157720
 1095478
 846917
 154620
 885117
 547961
 387211
 741521
 883362
 903451
 927685
 314918
 154342
 796944
 138944
 1088550
 485813
 364414
 230679
 963632
 840870
 1004293
 554796
 136191
 825633
 413952
 975539
 737146
 589855
 622337
 848921
 438868
 598876
 938840
 101899
 987769
 637066
 296517
 65405
 420031
 118750
 299409
 1025336
 932661
 985269
 1067954
 175493
 123946
 130378
 765754
 1029501
 402556
 632645
 326933
 2058
 821293
 348859
 553637
 676905
 194216
 39379
 230301
 845040
 474561
 20163
 12592
 251608
 743617
 699987
 313501
 707093
 54638
 129436
 205434
 349024
 1098714
 210796
 995045
 15911
 757001
 598009
 510227
 941854
 249628
 864961
 574358
 358545
 24925
 642170
 880828
 33250
 1005050
 711427
 147119
 948369
 479563
 137088
 226815
 196098
 591694
 101670
 467354
 1062105
 1074621
 169314
 818608
 436546
 270652
 341438
 346461
 870003
 53081
 654111
 395035
 519727
 817891
 381365
 554787
 879003
 971184
 206367
 741121
 953750
 1093544
 581417
 120165
 317862
 580008
 402624
 821363
 1095695
 998737
 737340
 165004
 239473
 1062446
 12065
 885094
 528528
 590284
 190985
 1005818
 1088764
 212751
 972044
 755742
 234042
 692528
 796572
 420943
 1044068
 506495
 981557
 91724
 763935
 220534
 555929
 851109
 740327
 910940
 579720
 153268
 737850
 394316
 64709
 122883
 600253
 524187
 878298
 842010
 196888
 445678
 1058821
 208325
 744298
 207296
 737736
 39056
 573346
 788507
 328589
 504335
 419861
 855635
 110008
 727058
 192488
 112353
 1031048
 179509
 362230
 261235
 1077482
 160385
 206967
 274656
 936850
 1022682
 666860
 8834
 403553
 244547
 851226
 280211
 135544
 843194
 782008
 231087
 290875
 830133
 1019170
 159943
 708714
 626918
 429675
 46971
 729698
 981399
 170337
 245916
 831365
 327804
 954353
 44179
 683524
 190454
 78565
 372975
 1085150
 1027187
 549943
 75558
 160444
 422058
 166499
 322759
 353985
 602903
 576817
 678243
 178361
 1004042
 765849
 70891
 404989
 42128
 878624
 416896
 299806
 245485
 411236
 423066
 542540
 586890
 223270
 793740
 1043755
 223649
 605659
 507227
 436883
 901023
 680687
 521685
 519636
 853174
 903220
 25243
 285481
 806738
 816997
 723120
 70683
 1010567
 872051
 233141
 524980
 866025
 549999
 634464
 47048
 798089
 322081
 13430
 664671
 780509
 714848
 881338
 350160
 844059
 1064953
 1073548
 1087671
 59874
 513803
 375361
 443522
 845983
 747439
 663892
 1087650
 1009991
 697978
 998881
 1065447
 58339
 664413
 321087
 329907
 142935
 155692
 260862
 508430
 300233
 883661
 708204
 69537
 759850
 789270
 597753
 1091847
 693352
 612631
 743768
 270693
 1001917
 14775
 816247
 280591
 706749
 710720
 171316
 863645
 646159
 463702
 518606
 111072
 820875
 180774
 980531
 95471
 702616
 865165
 1030486
 449189
 783302
 892685
 381419
 810027
 494462
 368729
 235350
 384242
 264413
 1032381
 540304
 36564
 133280
 495717
 841878
 564363
 854923
 620599
 929226
 613584
 17552
 269204
 57580
 862710
 161689
 841480
 649097
 1036754
 183380
 1008850
 1092824
 946538
 740526
 930817
 77990
 1031864
 667762
 463883
 119645
 96358
 643892
 539865
 975550
 12676
 753273
 757354
 242972
 335936
 526189
 72023
 434417
 828165
 458385
 528244
 355000
 133836
 1004394
 301141
 691456
 423
 754696
 19495
 803852
 624649
 335420
 389142
 119882
 1018369
 746935
 201721
 928906
 729843
 316061
 114055
 423368
 515864
 233353
 1024704
 294178
 999142
 86255
 680376
 697792
 47275
 341121
 916334
 811724
 91363
 875669
 722922
 751446
 886023
 754473
 501487
 77451
 693179
 455614
 532474
 875143
 333913
 348639
 516707
 486448
 538444
 579280
 184286
 1079917
 107966
 1047893
 611433
 1034044
 405280
 1031852
 1039432
 822565
 152131
 155947
 252000
 128633
 653608
 714572
 169612
 483049
 34134
 481376
 555326
 278194
 905972
 320817
 754192
 960050
 337771
 175088
 908697
 502663
 941547
 18686
 958037
 678807
 24923
 145333
 1025671
 415158
 926267
 424576
 141274
 712337
 740472
 921266
 464900
 1074932
 240883
 257568
 449460
 449196
 552973
 95700
 88474
 877468
 217547
 994182
 1065491
 551604
 21305
 138571
 404041
 74140
 141782
 422657
 221861
 297842
 45927
 1059264
 128946
 519247
 734680
 507130
 1006458
 258452
 249928
 116398
 1034264
 1017208
 767
 305886
 803156
 855514
 823421
 21680
 220206
 728500
 247470
 943612
 901877
 320304
 1076719
 159197
 1020546
 485634
 266502
 110726
 682732
 566710
 354760
 898594
 248609
 653171
 682230
 961596
 277332
 1066385
 803358
 274482
 75789
 36236
 243291
 834978
 495806
 917947
 282841
 239181
 104985
 901878
 88965
 1019389
 199906
 122844
 134496
 786445
 978733
 1043188
 821715
 698848
 627683
 615405
 1042207
 937864
 665636
 618951
 1049521
 780713
 1046718
 210408
 141002
 83043
 959050
 766123
 41660
 68208
 680529
 1017630
 90024
 970658
 404766
 651097
 465734
 40387
 432589
 970521
 768298
 512254
 585954
 942985
 993116
 884426
 776641
 880604
 176990
 434154
 538238
 625187
 1015154
 80961
 812342
 1032335
 511713
 562297
 847684
 86852
 263516
 458504
 462327
 1045080
 656446
 994490
 1039647
 1065166
 703358
 926455
 428699
 884459
 356813
 149767
 159920
 860222
 21966
 87557
 905092
 161199
 249716
 86875
 1020323
 51811
 1083826
 278318
 457561
 246578
 686839
 564215
 1012134
 109460
 1093014
 427244
 432514
 1005509
 1053578
 381003
 486883
 897852
 807483
 883830
 831709
 765263
 139792
 592834
 902880
 348872
 681408
 142265
 516985
 673392
 747678
 292531
 463901
 158674
 950117
 647893
 223985
 218658
 1036322
 71566
 83838
 470755
 861259
 1064838
 240655
 650050
 171402
 116628
 754581
 642816
 173689
 139848
 814015
 351074
 639055
 73289
 9909
 1086947
 257806
 499932
 417637
 421421
 692882
 813446
 396979
 562831
 413842
 297066
 310473
 1078387
 860889
 369699
 544316
 675705
 940739
 513846
 306716
 26522
 208434
 572280
 140105
 77901
 391377
 609360
 811242
 61511
 1051257
 538663
 109952
 1005494
 925464
 695226
 152463
 916895
 621668
 46739
 1006736
 842228
 504185
 659936
 599403
 141530
 941253
 218676
 726969
 671903
 227296
 217069
 420974
 326572
 700651
 878322
 495965
 635088
 260023
 693894
 228219
 565297
 187065
 399889
 102664
 571027
 199945
 343864
 245171
 667156
 493043
 691722
 983515
 1082728
 755120
 743006
 916070
 98852
 618233
 517918
 782592
 169589
 897896
 847159
 35220
 872067
 735849
 204090
 59683
 905204
 603197
 140070
 844969
 225799
 946009
 353370
 1050009
 689404
 234804
 125761
 577386
 334599
 441267
 328598
 374865
 555842
 890826
 738544
 241220
 128049
 159028
 60073
 815044
 705039
 999140
 894132
 596650
 74217
 22067
 663124
 28304
 58116
 246743
 900112
 796342
 794043
 12702
 577181
 286855
 779116
 610802
 760793
 173423
 103179
 391799
 1019580
 676506
 836471
 802409
 677283
 603868
 407312
 488796
 598140
 430655
 677357
 257344
 301539
 696051
 497640
 261201
 375774
 192085
 620346
 705698
 370416
 2195
 723653
 143441
 84942
 108587
 648653
 1062106
 298838
 623370
 654450
 257341
 184485
 312912
 646702
 627808
 72857
 884783
 32131
 230724
 608346
 693333
 689814
 5382
 699804
 348122
 256772
 436565
 142710
 101432
 109575
 1002015
 874377
 440445
 758192
 80485
 670332
 108970
 567412
 154236
 446343
 72479
 109377
 648406
 971156
 712203
 376540
 988919
 786930
 1020741
 1083552
 407118
 904080
 610699
 495284
 595147
 1004397
 545661
 535443
 97854
 391012
 197166
 70744
 1040146
 29583
 190029
 860425
 929021
 657199
 913239
 296523
 290713
 754414
 431658
 406403
 158655
 403751
 1033452
 449097
 636694
 908342
 228795
 98440
 543938
 486951
 1005464
 321029
 438145
 698333
 740607
 714770
 915056
 64505
 99148
 674596
 489632
 666290
 571431
 31124
 198482
 1082007
 399017
 311394
 490577
 572704
 890762
 702010
 456896
 168719
 316812
 963788
 207613
 102271
 737837
 832587
 1035950
 439457
 562531
 885791
 462189
 259494
 1069538
 963103
 187759
 785439
 17331
 890
 84508
 414844
 848764
 482006
 406406
 1063397
 351697
 337406
 462423
 796710
 535622
 545116
 220219
 1043613
 722580
 139348
 93724
 759243
 899384
 330808
 291116
 257384
 125228
 749144
 352086
 113377
 168109
 746240
 297415
 802550
 1066240
 791488
 639736
 915155
 393254
 781221
 854370
 167587
 923611
 987759
 664576
 880771
 841010
 754112
 373638
 394922
 132384
 14697
 689405
 983185
 274560
 223575
 435289
 752034
 1034917
 454034
 67118
 55466
 524296
 426139
 849555
 431150
 1026063
 285507
 350035
 527096
 462900
 194798
 580736
 426145
 454649
 703585
 105572
 652535
 236858
 927753
 83897
 578926
 938172
 943668
 943354
 770670
 885778
 416717
 967189
 241060
 995947
 495903
 875349
 620779
 138199
 549811
 555281
 776918
 475152
 426582
 659302
 843414
 155850
 1028007
 1084948
 464911
 170729
 460061
 990415
 971884
 984557
 436730
 729232
 897572
 545810
 989089
 851506
 238249
 559896
 998687
 325449
 280362
 782755
 283356
 51438
 1009179
 710836
 795377
 745816
 346335
 978667
 908439
 573002
 37018
 294949
 288768
 597901
 969944
 499687
 1090372
 263947
 121950
 439403
 442470
 192447
 684389
 22942
 211146
 837501
 240223
 372333
 995331
 1059125
 759605
 800814
 421911
 516061
 1001660
 35634
 229264
 916210
 790591
 584583
 109776
 1001159
 669558
 561663
 258558
 324801
 1096722
 425009
 10402
 118046
 49915
 723758
 879508
 1085102
 362226
 271678
 340466
 519012
 365456
 406037
 675886
 820424
 807209
 587827
 871785
 904838
 589680
 252441
 653260
 792057
 970585
 326505
 935487
 1093472
 704720
 1047527
 122793
 996062
 1010315
 235275
 555165
 597060
 441841
 294648
 925508
 772669
 477546
 597206
 887571
 732638
 862291
 763316
 212291
 985960
 68052
 738220
 291140
 696848
 155819
 440269
 95382
 417024
 483017
 692998
 433573
 391369
 368443
 836746
 974717
 1081106
 714378
 99356
 920127
 107451
 332852
 356223
 1057005
 476377
 322482
 122681
 740542
 101867
 61478
 350763
 924240
 732031
 730231
 584544
 123013
 487009
 762944
 946014
 1094731
 256293
 511009
 113010
 1069280
 801540
 1076574
 512291
 814547
 153096
 457969
 297793
 215095
 363718
 992526
 749298
 91434
 313365
 447276
 129929
 683318
 545268
 282054
 479993
 44824
 230515
 270620
 834479
 1029703
 1092981
 885452
 993354
 852912
 755389
 239460
 20188
 654035
 836018
 647615
 802346
 963740
 710005
 596052
 310716
 582030
 67967
 66395
 13905
 660321
 349830
 440540
 47455
 650095
 1020772
 50115
 667475
 749113
 837086
 64742
 303015
 801456
 237001
 383056
 971308
 131033
 166829
 1012341
 190700
 1048121
 1007673
 511585
 729117
 828444
 344413
 322110
 1039751
 898972
 972165
 323132
 44666
 28468
 550718
 200416
 196009
 494475
 437619
 527958
 265320
 924531
 715035
 477027
 395939
 938697
 14464
 413110
 627235
 589543
 573469
 767693
 183653
 178413
 348238
 843466
 54533
 489366
 844277
 747459
 869450
 816094
 527498
 1999
 913557
 598821
 103179
 390044
 938958
 190927
 33383
 324974
 807617
 344394
 654895
 375676
 283795
 876463
 764429
 489888
 1013392
 909578
 735427
 488524
 1016555
 442814
 699950
 585061
 731291
 843275
 530889
 69741
 560034
 850711
 214198
 890702
 578973
 526500
 347961
 788981
 813177
 764342
 379540
 1018266
 203275
 813918
 528121
 935002
 254087
 202740
 881712
 426804
 117831
 340403
 620737
 601587
 801686
 472539
 918978
 242044
 915707
 450193
 539734
 948862
 307666
 41584
 500121
 150154
 1052333
 412290
 803838
 763636
 592757
 840290
 669746
 1028634
 1017366
 1056292
 499390
 393837
 581373
 772391
 453606
 89043
 666167
 222782
 317438
 295288
 433075
 444246
 96251
 123492
 599101
 723538
 955381
 493738
 628157
 346310
 588701
 761020
 652232
 995400
 538331
 76128
 877060
 734616
 456723
 1084410
 565267
 491494
 675475
 774845
 1654
 472902
 105506
 90163
 211475
 889477
 695127
 1091286
 609925
 510841
 1011323
 815728
 396453
 753714
 35988
 455423
 536890
 57226
 612496
 436269
 578716
 217312
 1024082
 366922
 291834
 439228
 502833
 934102
 157656
 714153
 913367
 590200
 443682
 981902
 475678
 1047916
 536912
 482107
 220601
 702627
 359878
 15170
 521558
 321840
 49878
 737606
 45978
 598293
 156979
 213451
 404271
 842578
 656950
 793076
 1008716
 825603
 563925
 230916
 924221
 266849
 113838
 383401
 1050532
 899060
 467554
 1023529
 582123
 937761
 860971
 447781
 443484
 241468
 522344
 539113
 309020
 1090167
 655410
 1026065
 738234
 755519
 275864
 111119
 588940
 346905
 1033851
 779047
 92109
 145718
 702206
 682495
 160419
 711220
 423064
 930428
 326502
 497913
 1035983
 400229
 753548
 734913
 1035130
 217082
 1036512
 347660
 831289
 827318
 65379
 423237
 927712
 591245
 342292
 255609
 253325
 167546
 219696
 736344
 1049605
 852485
 1031414
 884914
 1054292
 547175
 901702
 918476
 530859
 200395
 141920
 939056
 794248
 347927
 941684
 84768
 864445
 339167
 849333
 213467
 42026
 686480
 233053
 64073
 798534
 657926
 179958
 767641
 469707
 698688
 683109
 58540
 258871
 384566
 58579
 161336
 1088032
 689746
 114881
 37313
 512375
 720880
 695534
 197595
 745145
 816088
 969649
 139605
 211098
 94289
 597246
 848311
 1085599
 632472
 634533
 274470
 244018
 458065
 244600
 762765
 887786
 259835
 1015850
 454656
 596084
 381272
 205217
 54156
 913329
 1027822
 791344
 150346
 616092
 290639
 1049286
 459477
 1080738
 653399
 805035
 250350
 915565
 739323
 561067
 197337
 573246
 141507
 554809
 739667
 601666
 544204
 686049
 380083
 715368
 51045
 747809
 184660
 123018
 276420
 931090
 579627
 592781
 211249
 104173
 406032
 742712
 84239
 695426
 497819
 1067310
 1027142
 374673
 349344
 919598
 868613
 579201
 1063438
 13060
 714628
 108456
 1083518
 537161
 217155
 499613
 63077
 902345
 16939
 1019866
 369403
 351883
 215881
 231163
 279590
 949550
 401699
 822652
 497096
 8662
 674178
 612493
 686450
 755921
 660777
 747127
 449532
 142600
 147613
 1062712
 945540
 1087384
 154715
 525386
 1053087
 761946
 113801
 725116
 820180
 230859
 126890
 733524
 515100
 924712
 374360
 352993
 1041506
 114398
 255260
 300971
 212360
 971085
 881182
 330277
 131597
 72084
 140982
 222354
 198310
 325602
 528278
 1035618
 734955
 458752
 290225
 679695
 200305
 278509
 334786
 816094
 873718
 843864
 666820
 217631
 137751
 956989
 822462
 536686
 5021
 772434
 593151
 58955
 632509
 921485
 254264
 4113
 407456
 34130
 718206
 614522
 692988
 871898
 83742
 350919
 894655
 125487
 200333
 318022
 561290
 316739
 648201
 904411
 283815
 1096859
 255058
 746997
 495371
 774455
 1010263
 374238
 1092549
 92685
 732705
 168544
 1071798
 621138
 895458
 478821
 363581
 562196
 988159
 107504
 203498
 392772
 657436
 731367
 913297
 382421
 845780
 283514
 764942
 723491
 370785
 508618
 939006
 161453
 11930
 293369
 577423
 784725
 664977
 555804
 22955
 394094
 5938
 329224
 520422
 1055571
 789542
 246848
 828693
 891571
 120636
 1003329
 1008534
 203682
 713700
 164672
 868224
 207214
 473311
 835753
 795616
 267267
 842228
 834382
 664807
 413079
 1082193
 479409
 426445
 818111
 203200
 610481
 16046
 365201
 988245
 182622
 875559
 911305
 499474
 29126
 1031872
 639670
 285807
 236053
 1062404
 813817
 170489
 293163
 615191
 109290
 16646
 969568
 247683
 951489
 130402
 97669
 474677
 849413
 951532
 514330
 423806
 315504
 139242
 209488
 393869
 213499
 439696
 823105
 73347
 166853
 660243
 722002
 623661
 618883
 1084082
 739857
 193080
 21949
 345801
 117660
 2682
 28607
 320119
 393367
 354744
 1080822
 753493
 479021
 307332
 61599
 1086774
 995390
 796689
 221484
 834214
 103758
 386823
 64570
 71454
 126349
 29084
 162196
 691290
 994259
 1013905
 546094
 220299
 722850
 910277
 481892
 485204
 380986
 374986
 519392
 550529
 778060
 522797
 291623
 699319
 77903
 7376
 920131
 723939
 269202
 873252
 267109
 617312
 1067219
 806060
 407265
 745056
 668322
 873379
 513973
 407981
 866822
 1056364
 773781
 163273
 61714
 189467
 796
 265508
 287555
 41850
 630444
 727783
 50199
 416480
 1070227
 535626
 824860
 256911
 101188
 379304
 217695
 643234
 349051
 790164
 884357
 1073138
 987344
 448747
 440296
 929262
 298112
 786319
 795041
 63314
 882227
 27669
 1088536
 81622
 607505
 129285
 315615
 560061
 637503
 1015636
 398227
 272589
 1092968
 758016
 710501
 200104
 850058
 421923
 688937
 533741
 709678
 493990
 777038
 797605
 1094753
 1092597
 634410
 73074
 224632
 254075
 355826
 193007
 513326
 544474
 170177
 981116
 291620
 108485
 892487
 406669
 314377
 822188
 524950
 387563
 978093
 607245
 757996
 744857
 999950
 595181
 363246
 257094
 924951
 843392
 28558
 153613
 295039
 999739
 318675
 127787
 1079935
 481048
 44659
 525937
 696393
 1040666
 441788
 472635
 594663
 1084697
 87359
 1067308
 96556
 456145
 214118
 442683
 1080399
 1098139
 1022896
 1026737
 276661
 591336
 631779
 1090726
 1016820
 1019986
 660521
 553817
 962769
 530765
 301968
 535358
 15699
 214399
 743370
 877442
 966366
 906955
 669689
 970403
 1012229
 866374
 925001
 1041567
 62848
 435956
 1003956
 741661
 84458
 836254
 803352
 51963
 545566
 511072
 212054
 594776
 201836
 947711
 928720
 154527
 231319
 636114
 263243
 143183
 391675
 715532
 584315
 407732
 276718
 523926
 381153
 638155
 246520
 340474
 94519
 995704
 132060
 537075
 521580
 392583
 175067
 872984
 407416
 95499
 814397
 566710
 975385
 399345
 353142
 704692
 839296
 652004
 300056
 717248
 785653
 970628
 478863
 280724
 883921
 713728
 789123
 686362
 321373
 1052817
 368797
 154611
