1014885
 970794
 870077
 1053973
 514039
 68242
 926556
 1083062
 762488
 124338
 419347
 977078
 1890
 327291
 785639
 256390
 175229
 367870
 917211
 281610
 428365
 190046
 164284
 366118
 713788
 788906
 890372
 579363
 24515
 401114
 853025
 785728
 487851
 166305
 673839
 1091583
 621437
 329373
 639470
 630888
 817932
 231423
 401719
 115845
 606668
 871492
 883436
 524187
 741565
 889530
 977190
 334841
 729189
 94589
 878093
 432985
 37200
 59472
 392420
 643132
 179180
 679732
 339631
 626876
 968555
 701019
 191458
 277599
 400087
 639739
 463340
 465236
 645668
 1026252
 587851
 199227
 1083455
 195627
 587072
 224148
 533892
 792371
 683733
 1085708
 83804
 331950
 740439
 987770
 981871
 127845
 806646
 542584
 441060
 87168
 383784
 167232
 949600
 1048426
 233392
 1058746
 863156
 455810
 1097087
 1012469
 611785
 1057457
 631534
 750292
 915845
 64288
 202538
 822554
 386483
 61120
 1019545
 189236
 617906
 942090
 944821
 148866
 1008447
 395560
 86650
 651797
 586813
 108633
 770861
 831420
 930521
 387796
 944650
 73816
 25075
 524488
 103975
 502085
 426699
 638239
 220317
 354881
 1064435
 189010
 945592
 122217
 683599
 290882
 709724
 78264
 939023
 515838
 200668
 440858
 192049
 515279
 869890
 1062220
 369999
 845458
 1077087
 942744
 889784
 732293
 578950
 924956
 708251
 615569
 1087151
 354406
 447623
 178745
 247773
 736551
 653262
 719091
 903666
 994649
 45859
 1040260
 56371
 398505
 79593
 639123
 1017408
 1006084
 432691
 1077203
 377281
 288904
 908446
 95410
 249287
 777599
 301877
 606786
 370411
 595480
 668318
 767387
 734535
 1093896
 977950
 886090
 767509
 318472
 488926
 478507
 687081
 510015
 860174
 207546
 630190
 931919
 507206
 361455
 111965
 588895
 837945
 200652
 842143
 391261
 868556
 1066626
 1005297
 996341
 1083752
 116435
 865832
 239620
 869651
 889797
 498649
 327223
 921375
 1019643
 496523
 830923
 456609
 284639
 63147
 14023
 499711
 273852
 449137
 660079
 358319
 911217
 768409
 37944
 740700
 155928
 372147
 85536
 767276
 212882
 719634
 123126
 916647
 999485
 265450
 31137
 130514
 616072
 343262
 410360
 850517
 968176
 1059508
 873791
 52260
 856625
 847023
 512862
 365017
 59470
 350521
 381378
 63385
 986626
 530131
 551293
 844149
 414912
 741191
 166054
 26854
 253311
 612029
 1061012
 285933
 830766
 237825
 194046
 71741
 893812
 361564
 905445
 957249
 721152
 19266
 172699
 686544
 483248
 180545
 144119
 440296
 635001
 93716
 604456
 363972
 304707
 1005514
 867224
 601151
 932363
 413359
 586300
 546263
 545430
 362689
 978332
 175381
 178308
 237172
 345532
 11175
 635595
 932553
 879411
 194071
 910934
 270989
 844863
 584031
 1024793
 361442
 227871
 437867
 802743
 509311
 774874
 364748
 601036
 740889
 643751
 398791
 554787
 794190
 123491
 30526
 354249
 504860
 221208
 390543
 724383
 234797
 995837
 786397
 35957
 1031217
 285291
 347430
 45362
 588440
 138760
 221999
 487853
 50643
 130966
 395415
 279364
 568345
 969463
 1016653
 547067
 797449
 389984
 134768
 635901
 9855
 704766
 238140
 223149
 508642
 398342
 306922
 422144
 316979
 515608
 106069
 916048
 138775
 115523
 1085607
 519225
 97293
 700490
 571128
 496056
 838124
 586208
 204583
 431130
 739199
 620710
 315949
 576510
 18078
 455832
 1006112
 721503
 436266
 233640
 729204
 62011
 265552
 388208
 1015558
 818395
 529292
 887608
 287323
 451087
 1007861
 486200
 703721
 678340
 822561
 258746
 499201
 745450
 1061174
 217895
 889267
 573925
 425018
 1054049
 737152
 229959
 772163
 436107
 222551
 306623
 1048407
 789568
 63108
 93789
 901605
 889264
 830853
 102440
 898795
 17049
 385906
 888732
 522021
 454785
 795235
 844814
 880501
 806856
 76285
 342031
 262664
 268869
 232996
 1055363
 454611
 818246
 984433
 73324
 907116
 1085890
 543280
 991064
 152428
 380401
 1091278
 256317
 549544
 944170
 617130
 986924
 588478
 860354
 87393
 954351
 272023
 667915
 945985
 712827
 232783
 395450
 253777
 338057
 930700
 1042557
 700073
 614254
 895677
 10175
 750759
 728634
 680856
 613583
 196242
 1092884
 427529
 244910
 485715
 813032
 190875
 962162
 1077379
 779394
 785882
 509000
 187985
 803946
 253586
 112615
 282882
 956923
 159104
 195449
 651433
 365564
 714053
 424651
 54990
 39398
 1073803
 915843
 791956
 470779
 466545
 588142
 303711
 1056316
 264537
 982923
 650961
 280286
 800622
 590721
 579987
 526773
 84941
 101653
 578203
 332979
 568146
 198284
 41815
 222370
 782448
 641434
 498523
 890762
 774119
 966957
 778515
 961564
 305039
 956795
 126570
 184510
 829151
 936434
 733977
 130125
 704595
 23610
 1083293
 1075908
 610414
 797830
 920014
 500063
 757834
 594153
 1010423
 857509
 955359
 877229
 1019286
 858337
 252910
 216038
 347111
 934890
 454709
 739201
 228275
 62569
 356242
 268089
 755246
 716351
 596866
 801780
 902361
 351095
 1006240
 294135
 671339
 1005660
 113792
 516277
 1023210
 556820
 939743
 1087777
 1015541
 587673
 1058438
 604832
 30912
 416898
 496616
 1066805
 116209
 1010614
 66999
 70028
 639707
 222927
 232291
 658248
 1008190
 692756
 787322
 949249
 1043315
 76592
 402445
 231170
 205991
 778132
 1040671
 579905
 114110
 764090
 239624
 126322
 1016122
 725430
 440562
 123228
 912403
 1033462
 6364
 226454
 285037
 227260
 793565
 19007
 971441
 576028
 286506
 974865
 117538
 1090809
 1050540
 737147
 1048996
 394062
 617869
 705228
 1089650
 43905
 589419
 243767
 231283
 716878
 386548
 378802
 822874
 277207
 956422
 606535
 1091478
 813632
 819509
 296540
 1070108
 417490
 1007533
 473203
 141743
 1035269
 873927
 1009978
 686918
 227222
 696818
 989890
 294244
 292397
 445877
 821632
 164265
 1098098
 178410
 291608
 852668
 608788
 790572
 255812
 353543
 897637
 663351
 977255
 130798
 140742
 363580
 743080
 369826
 1010515
 652314
 496885
 288018
 1043831
 184066
 112023
 367381
 846497
 32814
 664054
 935530
 320646
 1076738
 763107
 743499
 362707
 721695
 410842
 43574
 310092
 690374
 559630
 171331
 781486
 288842
 374482
 590524
 546889
 1704
 52327
 1090641
 1057755
 800096
 1016782
 1017508
 321622
 318444
 301282
 326904
 902170
 654112
 753922
 895218
 685683
 52362
 91213
 1040872
 97334
 213189
 104618
 787822
 1022115
 685282
 64570
 677269
 348551
 120245
 1068259
 583370
 485675
 31024
 727967
 57676
 309913
 684317
 812659
 804539
 38439
 501039
 663733
 322848
 867665
 300884
 779692
 720782
 495970
 805010
 267857
 967164
 496590
 17899
 99179
 1056565
 750035
 703260
 638940
 962535
 1084730
 733682
 1045527
 416314
 987416
 533236
 941654
 1030165
 512929
 996099
 51653
 397974
 1071692
 736811
 529827
 1053643
 965972
 845069
 951393
 1064818
 544825
 896173
 193659
 796716
 281163
 125409
 300505
 706926
 104463
 917631
 690547
 1036588
 69260
 129842
 770094
 339030
 634839
 735895
 594199
 88810
 755500
 40597
 848853
 503346
 62575
 177077
 430430
 613735
 897623
 319333
 339351
 883767
 110746
 432787
 558780
 644277
 842179
 657397
 404868
 667427
 786630
 363803
 483409
 767551
 682385
 567767
 256568
 656556
 643501
 402111
 489103
 498884
 46353
 763350
 116470
 649806
 826215
 981940
 83145
 14303
 1016802
 459880
 539653
 933778
 586189
 77616
 236445
 842426
 300305
 711307
 242079
 100227
 366889
 14927
 387218
 752484
 656013
 192081
 445707
 563209
 918611
 533749
 297867
 31785
 231908
 670181
 677810
 1090827
 789440
 43913
 449365
 595508
 225274
 817158
 554947
 311538
 171791
 749611
 370807
 570121
 323309
 923220
 88341
 630370
 503414
 676965
 387549
 1022196
 45876
 687300
 540635
 267449
 870836
 1020069
 340139
 244154
 382903
 469200
 569966
 46374
 38413
 928771
 729340
 334838
 462432
 1088971
 403106
 796491
 47181
 959159
 684012
 35477
 207430
 78992
 221761
 607565
 426714
 346335
 18576
 649288
 790792
 138202
 623721
 154058
 594677
 996166
 1037281
 523211
 773740
 1045977
 907123
 333988
 758614
 153038
 311758
 626337
 1008755
 987925
 977294
 891097
 831383
 464776
 699997
 521235
 976664
 276203
 214699
 108677
 166339
 456671
 75212
 806353
 59923
 856645
 259050
 897191
 822719
 412737
 601527
 389020
 523694
 265502
 221505
 1027204
 951727
 616078
 796782
 10045
 652335
 186131
 934971
 158070
 447884
 789794
 205831
 315298
 1072243
 200114
 377687
 3359
 690263
 315410
 513655
 1012259
 992317
 693637
 213693
 800082
 812369
 471859
 768922
 504334
 107496
 273911
 612144
 155189
 759954
 577520
 607552
 1081777
 238
 357387
 300822
 312274
 484802
 658872
 17471
 1008797
 993704
 690262
 371886
 40689
 638870
 935037
 995690
 21242
 1014348
 947741
 959643
 1097941
 447610
 717951
 606720
 717885
 264088
 325801
 232289
 361058
 982052
 884819
 1006170
 382002
 981907
 145984
 377697
 875001
 819683
 428627
 143730
 614831
 713282
 1003556
 2440
 360786
 372536
 729284
 1008722
 1055940
 528928
 800703
 17438
 922045
 552767
 993322
 912115
 274912
 1001088
 676761
 387715
 333920
 899978
 17775
 141347
 685386
 200166
 243033
 539159
 545081
 284463
 35618
 262637
 478805
 778368
 265296
 359562
 353371
 642350
 886339
 871087
 282508
 486689
 843860
 555643
 910555
 913478
 1055762
 459350
 806455
 79615
 664395
 331396
 197913
 735694
 878423
 67773
 823357
 689957
 864077
 531678
 1083440
 232504
 736147
 446325
 132802
 834885
 22036
 911677
 793771
 315367
 195738
 549347
 763151
 225394
 999436
 1066191
 528945
 895913
 139853
 805390
 47232
 778718
 556788
 248430
 31455
 115565
 665376
 682581
 515780
 1050640
 291656
 32960
 1026985
 988964
 464635
 805786
 120657
 856298
 635815
 448160
 440985
 458883
 494913
 9794
 499541
 531752
 143158
 948830
 983972
 1016720
 218933
 1095440
 68796
 674223
 549361
 313111
 228285
 1046949
 80280
 977479
 657702
 94203
 612369
 936581
 807286
 927384
 283001
 143608
 698769
 266481
 80345
 76059
 585634
 499340
 948588
 728499
 377366
 592739
 379018
 427227
 950309
 492819
 949873
 561590
 390792
 615719
 51081
 556038
 916045
 999921
 586930
 747006
 613911
 493691
 524857
 842557
 397609
 258662
 580107
 452499
 1082774
 668868
 350235
 363577
 1011791
 258565
 805993
 228206
 299186
 293332
 1006574
 386308
 285159
 125421
 421296
 456302
 236726
 969208
 534996
 537477
 52937
 1071787
 301679
 467789
 533641
 352859
 89523
 794134
 907718
 812877
 720177
 164437
 121894
 867230
 757688
 927792
 30376
 831716
 534607
 784239
 57149
 1030016
 957272
 583326
 99549
 546859
 561755
 1068991
 166107
 385988
 716755
 354487
 102683
 216831
 384208
 203321
 1077418
 610320
 824360
 417542
 810974
 227745
 517275
 456457
 362259
 470969
 293841
 929704
 520197
 477987
 80869
 355481
 556242
 741871
 926542
 54199
 866745
 766990
 496768
 207401
 772491
 909119
 498490
 465343
 916310
 965433
 814499
 651298
 682189
 492909
 579116
 84381
 879344
 49188
 812599
 119911
 297983
 278615
 803467
 780996
 131508
 429561
 1099394
 934776
 663391
 349073
 311734
 520037
 43542
 894111
 922217
 811201
 1008755
 455241
 800442
 822159
 804071
 1031086
 658935
 1561
 677668
 200906
 23998
 139459
 407116
 865683
 655693
 417875
 549981
 396824
 73944
 416658
 524709
 980846
 211319
 61412
 777484
 761416
 824785
 413691
 848197
 1062459
 507244
 701524
 281018
 978314
 758554
 293625
 679903
 549496
 605807
 270764
 60843
 656366
 270479
 904952
 462460
 580539
 307545
 554987
 587917
 655011
 650038
 969272
 202850
 198660
 565243
 187184
 580557
 527017
 612200
 477136
 290812
 259893
 666044
 950465
 299929
 1078149
 706032
 729774
 168632
 363740
 740299
 354895
 50656
 102318
 1065591
 605027
 119400
 123572
 148790
 226600
 21354
 555946
 666673
 437676
 772642
 559167
 176440
 952316
 615769
 743897
 961253
 266042
 666433
 576461
 793809
 373802
 293081
 24183
 1030538
 171329
 154846
 57771
 497977
 693701
 484993
 87193
 1088310
 518890
 163084
 654988
 433771
 23205
 666693
 57487
 362501
 828930
 175478
 279013
 611784
 641600
 448157
 723855
 190064
 257392
 615316
 231032
 1000857
 445248
 556597
 238287
 1094643
 866674
 609211
 931549
 535507
 731092
 753770
 170922
 285297
 891964
 316733
 294638
 242222
 726304
 573584
 1086384
 269679
 1087519
 343309
 774869
 357073
 68821
 20516
 330291
 323625
 831386
 688960
 7376
 468425
 381206
 822826
 606109
 631391
 199461
 336798
 13448
 754251
 521156
 212686
 366866
 308937
 693869
 448821
 673947
 109240
 223256
 231423
 924207
 659185
 442942
 334855
 648970
 273734
 370321
 719661
 401937
 189188
 838494
 787580
 181433
 79950
 563217
 4238
 61322
 65843
 31866
 456336
 793664
 43838
 345389
 213806
 599197
 277390
 412785
 613956
 923455
 252824
 242300
 173716
 65663
 17013
 382156
 501885
 471867
 191425
 1000497
 31904
 275657
 694592
 753832
 1046915
 1051701
 557381
 989736
 284799
 761176
 393166
 874833
 242032
 716605
 918285
 406919
 750071
 272695
 695350
 932700
 350250
 58778
 643016
 607186
 1069013
 803008
 125311
 1026863
 508946
 98948
 864107
 354599
 421461
 171010
 519760
 719184
 604280
 125147
 943676
 287587
 508844
 14804
 241512
 366424
 230985
 472076
 929372
 254488
 460710
 150530
 216447
 477668
 642577
 282960
 664895
 748928
 1079768
 613191
 506815
 395980
 403077
 83286
 256189
 744382
 380230
 203194
 1052563
 162894
 1083877
 963439
 602607
 689783
 301149
 476836
 673373
 1056904
 428736
 310296
 102603
 629839
 794836
 814984
 314878
 1070665
 93816
 213856
 222311
 1004263
 204957
 156493
 769314
 894846
 764534
 743287
 522190
 1047547
 9713
 721416
 924087
 148043
 740134
 574197
 389715
 175734
 214145
 851640
 657567
 361924
 783875
 308441
 309458
 273810
 690373
 371568
 455813
 664772
 167361
 74041
 691988
 197951
 306617
 813350
 252555
 344825
 288981
 474912
 1013421
 934830
 457752
 445503
 1046046
 349089
 531642
 90428
 562475
 55622
 469400
 177042
 552750
 477625
 224835
 284521
 689871
 473016
 658564
 293156
 812912
 576923
 766116
 396296
 296407
 1015438
 156529
 961754
 437779
 234240
 35462
 686199
 467089
 335014
 441513
 303508
 834036
 301492
 47797
 600871
 349170
 1055118
 627877
 546437
 172583
 272341
 299645
 962145
 543814
 1018056
 802362
 317141
 819876
 172751
 1055094
 566619
 507352
 534732
 340562
 429724
 772238
 537251
 414729
 477727
 5332
 943907
 217415
 1073536
 958620
 311997
 177186
 590086
 398749
 538311
 411136
 740893
 917644
 474514
 61194
 66955
 324560
 421246
 883009
 782430
 518156
 423201
 143648
 513613
 1084643
 354924
 443487
 876368
 446962
 82677
 825196
 96953
 313165
 37745
 477913
 74468
 1051713
 433152
 879980
 594274
 429402
 929802
 895941
 1015515
 92574
 1035873
 887194
 217520
 736977
 1016294
 328815
 792027
 597643
 356372
 418833
 680723
 831937
 1053441
 319045
 905140
 762326
 88562
 883267
 374905
 182740
 715972
 270272
 61811
 548116
 246299
 1066958
 848678
 875565
 314234
 724743
 569185
 229224
 855640
 434694
 478743
 776500
 1018914
 1034698
 576515
 317170
 366662
 95906
 788803
 702820
 704173
 954933
 73756
 391393
 504117
 1372
 538311
 50038
 859868
 76111
 157725
 802755
 208234
 460390
 939499
 1065596
 156884
 682437
 221223
 884474
 914042
 292781
 62239
 749425
 499016
 382242
 691976
 888855
 1012436
 541103
 692569
 982376
 432707
 836413
 1036900
 854985
 151728
 418178
 494992
 319410
 464650
 261342
 195691
 386915
 1044611
 249377
 335596
 246740
 996789
 1097566
 1016294
 760963
 412663
 750849
 557649
 66824
 599085
 284647
 311433
 803778
 462944
 526805
 226188
 631117
 765424
 69737
 241661
 426595
 1005337
 67370
 709696
 961873
 300243
 693745
 611118
 16410
 301636
 919767
 752734
 32766
 224904
 633096
 836346
 603849
 242476
 336428
 1076213
 665304
 980356
 930039
 632076
 984301
 754202
 819514
 799084
 176675
 564779
 557882
 797361
 651102
 115070
 728515
 1018807
 149186
 105138
 444108
 628358
 413470
 225173
 725320
 882007
 109503
 812693
 353654
 393647
 255920
 747467
 683179
 753443
 427161
 144857
 469540
 293223
 856978
 282083
 88144
 595968
 451591
 688593
 789421
 834990
 1017160
 138815
 449373
 195584
 856864
 1064095
 119964
 955669
 1042868
 445036
 886702
 917954
 927854
 562942
 71595
 232996
 851149
 592893
 730654
 100816
 649803
 478147
 280597
 326693
 100608
 162326
 201382
 420808
 130240
 1056142
 125946
 389092
 363809
 577801
 710205
 825304
 353292
 171775
 69648
 437482
 754639
 214156
 851170
 222818
 376013
 476701
 38104
 867249
 651407
 1044283
 239693
 224969
 870061
 460789
 115522
 418206
 846292
 129141
 674556
 883757
 314718
 154497
 872331
 44543
 154688
 343942
