378306
 528363
 719494
 847934
 88540
 1038021
 286125
 34441
 1015096
 290408
 642254
 249505
 585496
 61674
 420067
 732050
 705301
 324751
 117261
 547295
 42563
 489232
 758720
 132084
 676521
 876437
 304324
 285273
 123783
 303648
 34964
 257148
 783844
 898949
 836676
 775497
 689219
 949608
 120322
 703709
 732479
 353513
 1076430
 681104
 1046810
 540155
 850528
 297128
 443453
 437592
 115723
 580833
 160500
 493586
 766652
 276952
 666710
 1067978
 272988
 21869
 468901
 204114
 491095
 603813
 93299
 386580
 454426
 21887
 1031167
 600447
 908836
 771113
 263427
 534718
 364566
 824857
 826210
 783016
 60633
 232648
 2111
 585450
 1064988
 517032
 966194
 402944
 672047
 506906
 772629
 493110
 548977
 369952
 192637
 406075
 432677
 732969
 751681
 827610
 103462
 1015942
 554866
 386373
 556082
 454370
 1050960
 965331
 418485
 283818
 622100
 169329
 495675
 860176
 21941
 682632
 349877
 960753
 537435
 1094668
 737528
 902822
 131186
 1036356
 32052
 789385
 83777
 306112
 639432
 29869
 661468
 727289
 195263
 678498
 23371
 277447
 397141
 894132
 994443
 924640
 780545
 355246
 425239
 402700
 413585
 317248
 962551
 656214
 395167
 992079
 683679
 411891
 689340
 375999
 791790
 231002
 1052316
 849698
 1041538
 763991
 27509
 4829
 18838
 65976
 984672
 989167
 457556
 701593
 218784
 151151
 956125
 632644
 692474
 958100
 17494
 1082515
 374494
 447501
 778434
 747348
 658686
 501322
 705797
 500948
 744646
 170029
 104795
 437060
 760807
 1021769
 70528
 781946
 645364
 594622
 865063
 147498
 1001673
 661863
 161881
 491641
 600477
 185042
 116467
 257380
 718473
 294345
 707940
 672240
 70770
 647213
 634733
 801383
 453668
 233512
 159938
 450417
 786562
 724644
 914949
 1041715
 135374
 463433
 643349
 438970
 1084521
 658795
 56333
 828717
 475700
 191732
 936685
 26330
 16988
 827963
 419579
 668146
 5081
 1011383
 908448
 280760
 1001873
 784318
 778719
 425376
 916601
 36543
 770914
 58098
 851434
 207418
 909060
 377698
 357953
 385525
 1057735
 516149
 375630
 838914
 271765
 925193
 913343
 579367
 235798
 225924
 158539
 524621
 111524
 537780
 95012
 958846
 658981
 1003021
 973505
 770529
 382652
 198440
 694385
 451393
 610119
 407025
 1080129
 893
 190889
 1057083
 1025348
 727351
 564617
 490348
 779230
 997843
 684645
 201458
 248860
 709326
 887676
 235757
 1060026
 25982
 735923
 101002
 16935
 182111
 813464
 782045
 684936
 162811
 963592
 1094663
 1081307
 295313
 1028701
 366409
 178695
 857782
 108569
 982818
 1006683
 713148
 1007806
 417150
 662489
 675250
 519396
 744706
 642453
 1071155
 872550
 990110
 757306
 280503
 782618
 868858
 293462
 1033476
 102543
 82248
 303676
 77008
 532119
 389274
 231907
 207683
 457865
 4990
 314028
 324923
 423302
 139010
 266074
 14856
 700737
 1025376
 840506
 1058758
 321898
 879667
 242300
 946331
 311001
 1088459
 339502
 327273
 118969
 97190
 751241
 944161
 520508
 143324
 311402
 40817
 469237
 552613
 823505
 731825
 356999
 638563
 599904
 48415
 1087497
 176661
 991958
 551197
 305586
 804724
 568083
 938531
 626176
 231588
 534011
 7433
 301672
 942639
 708898
 313867
 75887
 992877
 918204
 229464
 846991
 1063514
 36161
 284184
 318198
 330492
 353917
 854991
 505627
 289284
 611558
 365709
 2427
 493584
 19343
 463383
 836058
 40764
 643407
 8609
 836981
 305859
 1419
 535846
 688224
 869491
 609010
 828362
 182123
 616523
 986359
 379988
 327037
 1032157
 404394
 154078
 584182
 266675
 399048
 721235
 960771
 621765
 654785
 409443
 808996
 208679
 264389
 5534
 611344
 542110
 435621
 488638
 712532
 907548
 454142
 790116
 100840
 746170
 1025712
 374987
 1027604
 940433
 739693
 307635
 513677
 342448
 377184
 503299
 123135
 567099
 738133
 793075
 143480
 967016
 260303
 917649
 552417
 170582
 266431
 58967
 237244
 539117
 356600
 326977
 1046935
 1065674
 415046
 334114
 967380
 360612
 468166
 864332
 874243
 734036
 763532
 1009618
 987353
 24731
 95644
 687036
 318228
 882143
 239686
 237087
 548143
 669218
 49854
 758356
 169650
 173421
 911631
 455860
 562577
 607396
 334953
 383339
 42316
 465855
 915111
 549508
 1047706
 813755
 141252
 1031203
 138602
 672618
 170705
 894639
 677884
 80118
 949225
 494026
 194124
 11784
 29113
 586974
 504037
 364135
 490329
 935317
 179628
 3581
 250041
 843977
 782226
 1085567
 569949
 1000724
 5270
 1043735
 154130
 778246
 700263
 86363
 1086441
 1096243
 1037575
 183570
 869948
 25876
 78797
 841817
 283904
 1015613
 706075
 258207
 800227
 816476
 352129
 344470
 630245
 397051
 419588
 772589
 569953
 614726
 574212
 379681
 502721
 856694
 70454
 913260
 899069
 82172
 620166
 1071044
 1086703
 120487
 1018969
 497841
 905708
 957347
 418038
 959059
 208382
 500350
 641401
 200812
 443448
 721429
 860014
 493996
 38696
 170620
 753144
 713210
 1002436
 633851
 1043109
 177936
 474948
 126242
 365066
 116078
 232876
 757052
 763758
 552208
 765217
 615002
 213396
 537348
 209664
 322008
 860125
 941600
 647906
 60155
 237036
 296643
 841131
 1013921
 333806
 574852
 537386
 565005
 554186
 716277
 309875
 935683
 798164
 460613
 605116
 309733
 507151
 291202
 857664
 1040004
 1063516
 424100
 159227
 594370
 919874
 897567
 35135
 472054
 1016773
 332611
 180029
 432733
 644124
 535018
 871577
 163682
 919024
 296114
 285007
 73713
 566153
 1057793
 842675
 581056
 786798
 631757
 1012748
 847082
 668893
 486458
 48148
 79401
 1024387
 748082
 149169
 165648
 526614
 794561
 103484
 556082
 779943
 529208
 824809
 232553
 126578
 1085311
 588963
 614595
 953551
 755579
 81201
 393438
 179161
 1066189
 499709
 874941
 1089758
 312168
 134531
 882632
 376360
 885091
 180848
 1022723
 305758
 263015
 596839
 176077
 495620
 855809
 775515
 419209
 393892
 948505
 637786
 495632
 820773
 927644
 800434
 157347
 626997
 28516
 355869
 644110
 857927
 1052844
 938271
 703916
 261159
 872242
 717833
 1083753
 553602
 721637
 952747
 850444
 558946
 507878
 607603
 340735
 405348
 96057
 917122
 114142
 371354
 365279
 321315
 539562
 370119
 1093407
 213510
 171315
 822598
 344833
 953171
 854518
 733818
 304039
 400827
 389245
 463308
 778266
 341534
 773172
 84306
 330754
 589815
 17193
 525339
 884292
 657483
 830720
 202765
 566125
 569753
 180919
 1070223
 1079378
 380337
 106370
 291993
 199815
 767089
 912871
 157826
 603298
 769123
 208694
 114890
 1003375
 882995
 718
 958558
 916607
 104674
 719356
 37224
 479203
 785961
 143134
 791121
 275585
 545442
 707382
 463136
 135302
 786714
 1331
 186546
 113671
 264125
 790274
 868403
 260919
 817935
 989295
 952397
 340545
 845214
 218350
 579542
 1058144
 692911
 786105
 1023515
 985915
 322815
 181264
 283180
 965665
 1001653
 137287
 841236
 1021810
 129131
 104954
 173497
 179696
 348500
 279354
 1077509
 409325
 262342
 509577
 354673
 652437
 919621
 551681
 258141
 543878
 68163
 672524
 129784
 941670
 869469
 64841
 994373
 216281
 580194
 576196
 281250
 153939
 67033
 755423
 268489
 169226
 272506
 692448
 1086346
 117552
 352662
 570570
 70483
 317905
 1074756
 1076060
 123024
 147819
 1080737
 759873
 394436
 524724
 1024090
 182074
 260982
 260796
 515551
 238922
 722737
 335533
 593894
 327911
 642096
 87986
 378609
 190124
 1044873
 857303
 541617
 121710
 233056
 506884
 303251
 654717
 987634
 457653
 379068
 123407
 913147
 167772
 1471
 336998
 334543
 273555
 597275
 892102
 685863
 889271
 780470
 564813
 154722
 544679
 418179
 296802
 850701
 383311
 959755
 982989
 604488
 454754
 1023134
 1054908
 386171
 653792
 72401
 520028
 286011
 1011310
 203869
 54060
 41501
 156367
 499403
 723406
 702027
 1069826
 66969
 213367
 710832
 127226
 728089
 924360
 472528
 327109
 165373
 1070790
 989199
 743058
 743244
 598629
 994577
 637602
 1030203
 450499
 465605
 58635
 831633
 1061241
 374102
 409848
 848644
 553865
 541534
 300420
 1098980
 835852
 698925
 232230
 49517
 125537
 32000
 924924
 14301
 971101
 1038040
 117488
 12414
 328947
 215648
 41480
 962118
 752732
 515454
 699258
 469028
 521175
 202679
 1086882
 487820
 701914
 1033692
 297951
 951213
 846920
 970217
 1049347
 500602
 513808
 920666
 409578
 555995
 51240
 1005848
 162852
 60132
 996964
 577416
 259494
 730540
 993883
