909364
 467227
 386312
 215194
 578445
 848592
 517316
 282866
 443878
 1031884
 583521
 278864
 308274
 582403
 672580
 417013
 272918
 123952
 835048
 481596
 68040
 361466
 284644
 203082
 68629
 909856
 959147
 341629
 1068966
 637278
 771785
 73197
 570722
 960221
 493645
 580726
 840469
 339206
 819780
 1013601
 1076989
 255477
 237918
 316953
 904430
 422887
 594654
 107876
 947113
 565483
 474525
 490265
 74298
 750788
 1073790
 1091997
 356090
 300515
 227441
 281350
 1039010
 157406
 619603
 453039
 21115
 531202
 950431
 583233
 688377
 493408
 467422
 597586
 994158
 853624
 173586
 31349
 135304
 291919
 326271
 861002
 249654
 129631
 363204
 973155
 350220
 209196
 80430
 508309
 300933
 419609
 418568
 80118
 527437
 858073
 68813
 191084
 265097
 354972
 741283
 530937
 1016859
 1032188
 921091
 616449
 421389
 313013
 89942
 111923
 614712
 936782
 708098
 308430
 865415
 231144
 205828
 502965
 1006909
 682327
 425594
 393971
 883553
 996716
 926450
 552167
 893518
 60341
 1069512
 520429
 983620
 806308
 1016302
 844498
 433949
 676784
 453898
 726391
 944827
 736061
 758442
 385933
 119621
 596107
 170968
 85712
 345389
 68451
 732479
 680840
 941825
 736075
 733088
 671357
 542023
 255551
 1084538
 972303
 179226
 934755
 655723
 252420
 248132
 860246
 128048
 628811
 764788
 169453
 210248
 564614
 759274
 1094271
 748265
 876815
 43979
 20369
 354984
 568836
 336920
 21532
 827603
 1031150
 527195
 532534
 723979
 284736
 53180
 318964
 679332
 161523
 847933
 31264
 637277
 700117
 986961
 159508
 1070356
 293888
 256360
 228207
 323791
 777441
 1076298
 691742
 121879
 225902
 52101
 541154
 521466
 795010
 319163
 714195
 1037807
 712620
 332596
 257668
 1029770
 839738
 1080972
 254759
 253329
 728360
 197942
 167281
 525311
 736046
 450317
 563596
 891068
 664074
 401860
 1044700
 460443
 609167
 1064943
 596604
 333218
 144627
 77696
 880353
 536934
 1067184
 66267
 754630
 951046
 137508
 626982
 132308
 925152
 338119
 338963
 292271
 400335
 469933
 892502
 474006
 931239
 592869
 179826
 353212
 266549
 519526
 78826
 813743
 241822
 913611
 325096
 561778
 688869
 791137
 475623
 409537
 1080014
 587355
 11632
 203437
 848697
 883971
 704879
 1565
 490673
 673512
 506302
 311231
 62854
 671024
 1056591
 482539
 351871
 199362
 1018046
 718775
 820088
 889777
 396879
 396944
 213791
 556209
 838408
 113211
 545670
 122683
 732294
 275002
 1032859
 680097
 266097
 518943
 904975
 146534
 1070543
 1059276
 27636
 85146
 941189
 753883
 834935
 476173
 646692
 450021
 692359
 150395
 1019388
 306292
 842567
 947912
 852887
 839775
 286858
 1005992
 862280
 702541
 1069554
 360965
 881813
 191704
 900393
 1064894
 984209
 820845
 59360
 471386
 610340
 680126
 875797
 394356
 467426
 669604
 731581
 85727
 38012
 811255
 498081
 470969
 720129
 361843
 469913
 246053
 473718
 849737
 53763
 664920
 1013349
 656253
 809638
 644633
 121600
 695196
 603757
 717559
 674871
 560648
 545114
 676680
 807093
 1068119
 84071
 969143
 450631
 770151
 155694
 1041358
 544354
 436038
 350057
 282415
 928931
 508138
 461396
 934630
 1045915
 244863
 29756
 833112
 912387
 1088313
 992632
 1090793
 447389
 85167
 875614
 158154
 72922
 530393
 302416
 129262
 763222
 432488
 52722
 959593
 53858
 270690
 391698
 993932
 542829
 793700
 832147
 48415
 215451
 812189
 917704
 528496
 647229
 358803
 791973
 714247
 807790
 719849
 619720
 108388
 612234
 817424
 582226
 745304
 469855
 401477
 93109
 683455
 789978
 891549
 21493
 519928
 162473
 308737
 306960
 758959
 435508
 434446
 429175
 928770
 844439
 306642
 212007
 226576
 11642
 404376
 321307
 540484
 890818
 597364
 44570
 979805
 412995
 340106
 244649
 467362
 774518
 364724
 726101
 204067
 100903
 435612
 830809
 687818
 788381
 750603
 1002299
 984381
 701872
 158710
 680169
 954003
 70222
 728127
 243832
 979255
 279091
 276845
 415726
 695804
 562037
 851141
 75832
 557063
 297520
 628468
 619463
 768513
 938975
 457584
 960253
 863501
 687202
 659418
 716637
 794131
 219378
 601800
 182963
 537658
 846515
 68372
 362568
 333439
 699195
 311926
 762215
 684272
 419315
 257961
 1007662
 431194
 480279
 319014
 8779
 274255
 774156
 671302
 976197
 962433
 244872
 725863
 1044386
 494740
 283749
 1012313
 34632
 909975
 407405
 699702
 563273
 287663
 1026801
 767295
 600454
 132310
 669410
 1052561
 289381
 626881
 1033144
 371529
 200286
 290092
 939747
 785939
 144261
 1003564
 376684
 165024
 265644
 9034
 562336
 711148
 1026583
 523001
 892918
 962433
 175965
 1054019
 1068102
 260409
 407742
 166835
 366714
 653909
 131791
 880852
 414855
 527067
 735539
 373857
 331395
 442705
 198614
 108277
 496376
 909050
 461599
 993021
 701593
 693989
 190753
 651834
 196730
 485907
 43009
 94197
 448531
 1079310
 1043924
 991233
 474012
 317935
 80960
 642065
 462199
 153240
 235480
 1031048
 1026052
 700036
 355324
 840940
 583272
 726292
 1088332
 425638
 915652
 783498
 412271
 900990
 543786
 914915
 163065
 31212
 509156
 350212
 682319
 327115
 18322
 583684
 545662
 103493
 1020951
 175484
 64589
 158574
 1039241
 1000138
 842713
 988007
 575214
 264597
 477074
 548167
 628546
 327956
 294356
 57185
 657110
 758224
 233619
 53609
 344737
 740872
 50889
 49658
 819460
 996949
 462875
 98037
 314671
 951387
 733203
 919366
 266430
 432556
 582870
 811400
 90317
 664333
 129094
 473389
 773369
 758988
 754308
 877937
 575216
 1061490
 929322
 723910
 748788
 335273
 565512
 460913
 307522
 98678
 311195
 451318
 563615
 886531
 782447
 208448
 896569
 432133
 139235
 861933
 679835
 861085
 199440
 916746
 391953
 411390
 1096537
 844114
 96131
 947694
 628439
 506663
 454311
 75650
 248034
 1099225
 19470
 518044
 719385
 472891
 451766
 1013190
 497424
 475292
 404914
 890586
 447327
 719308
 319656
 173208
 129596
 470690
 153044
 706765
 65648
 664311
 277730
 853230
 183735
 263723
 660476
 981368
 367444
 488437
 714681
 884993
 277348
 248980
 926922
 108490
 512138
 236151
 832339
 202546
 933718
 748229
 1053334
 214399
 463731
 1073409
 1085378
 835551
 305327
 164737
 254610
 612576
 1051405
 264004
 592707
 416350
 967518
 627455
 207168
 508064
 928163
 952497
 988840
 756345
 606169
 1043459
 280672
 69018
 526009
 93340
 1044366
 177358
 410172
 212164
 380745
 738214
 1012936
 370365
 725435
 516664
 1045849
 737704
 306639
 743084
 149024
 383453
 981938
 437761
 1059601
 63839
 279394
 520954
 21588
 824861
 361117
 83067
 929652
 1030546
 1057638
 381623
 811799
 819367
 485869
 87922
 1017784
 556500
 993898
 493859
 894713
 968079
 825903
 655162
 1056391
 1041032
 1027408
 580473
 340543
 275315
 75234
 786236
 551379
 747450
 1078696
 1070693
 995182
 580025
 204830
 616025
 109888
 140539
 517222
 533561
 167791
 83893
 176306
 455348
 904350
 920975
 584184
 220726
 482573
 1076875
 928513
 126107
 1054391
 118005
 380385
 718470
 691906
 93363
 661589
 137685
 165828
 877240
 552210
 31412
 46107
 539121
 916294
 428424
 159545
 821533
 233733
 281134
 182460
 577627
 174703
 533727
 1000119
 559595
 608379
 1096916
 1083099
 988163
 970271
 898447
 391153
 612141
 401071
 388461
 487745
 461927
 1007276
 876362
 233374
 886039
 694054
 431381
 41177
 922766
 400004
 565273
 756946
 972322
 249674
 742015
 375420
 1075485
 253267
 1056894
 1014545
 972715
 15286
 122181
 651659
 397705
 983831
 1087745
 728802
 10431
 502960
 715187
 404381
 366883
 78632
 896584
 1050691
 254624
 999142
 854263
 938288
 899657
 885610
 280028
 967040
 348423
 991743
 122932
 357512
 529075
 262308
 561690
 136755
 307592
 418705
 272646
 390007
 216378
 1062636
 878114
 47838
 670775
 289196
 1076520
 758807
 889351
 218866
 321580
 689799
 1047339
 166138
 1067031
 823495
 313751
 1072238
 852483
 977946
 301004
 415661
 591886
 876740
 527836
 1068661
 876427
 705630
 402360
 469347
 785764
 604994
 313472
 346570
 514132
 689009
 497255
 670122
 263754
 512723
 587356
 139754
 1075407
 322657
 969264
 271483
 1033395
 34116
 228617
 1057660
 3849
 681649
 522454
 680325
 526837
 969576
 843815
 714035
 557635
 968742
 440761
 201278
 60594
 627042
 749617
 994798
 83781
 595023
 1039506
 691659
 974737
 51072
 341189
 105014
 665566
 808244
 981148
