877457
 1019035
 284963
 1068420
 841664
 684006
 241309
 647663
 95391
 374830
 1072184
 815253
 644721
 75601
 74463
 326852
 557928
 907596
 701303
 306014
 141692
 1013393
 1049793
 470101
 45382
 595298
 364232
 753977
 176823
 305035
 283736
 619533
 288380
 585644
 151993
 62525
 734429
 224523
 560386
 973279
 542866
 969967
 741170
 110650
 443214
 477660
 43896
 913844
 922936
 235058
 777361
 143829
 121152
 1059974
 393528
 145697
 255339
 691554
 330637
 1076545
 816841
 617618
 972767
 1041173
 573863
 142687
 307950
 820407
 179722
 57499
 930830
 830356
 418169
 81358
 977414
 928208
 71537
 961368
 1087649
 677014
 1020087
 93572
 240230
 854926
 297248
 855322
 299114
 834111
 656769
 913041
 493054
 424617
 806236
 782953
 285994
 130929
 566666
 902216
 417773
 371810
 393481
 14058
 622284
 537
 118314
 524801
 707341
 43570
 317314
 717322
 848304
 773258
 19878
 776448
 1063263
 967832
 916432
 745936
 866179
 674610
 13341
 375736
 1080429
 740245
 1020804
 830146
 446364
 563601
 605702
 197995
 733530
 998412
 797593
 1009650
 307257
 88177
 98754
 403016
 1001033
 341053
 185798
 947939
 1067531
 638428
 995731
 412527
 912746
 196757
 153250
 996488
 882944
 530410
 988366
 191113
 914457
 315305
 1059814
 487601
 568593
 360918
 896151
 354019
 741454
 266613
 38241
 779992
 178024
 132757
 339740
 367215
 93367
 529873
 852059
 84748
 899051
 469576
 150216
 823139
 279096
 52055
 291075
 238170
 450743
 442030
 33460
 393271
 166169
 1097762
 189636
 818552
 738945
 940125
 367141
 550786
 466901
 40022
 717858
 9040
 540320
 629627
 217729
 357919
 854142
 63896
 755473
 802060
 853064
 87749
 456027
 253155
 372360
 394847
 285045
 628876
 551578
 204592
 787912
 1099846
 1004969
 724267
 196168
 173899
 1069950
 1060234
 1050778
 379866
 334684
 508141
 743910
 537080
 1099229
 1036870
 220135
 935137
 644607
 463549
 750273
 972109
 308029
 541775
 23415
 207364
 1030318
 620671
 805460
 1079628
 740477
 883605
 794731
 719811
 959888
 546997
 780050
 309997
 413647
 968642
 91954
 313258
 560954
 446736
 246103
 247752
 471185
 65976
 94073
 657674
 773996
 1098984
 610757
 760791
 387087
 474059
 990637
 892295
 474427
 646861
 982499
 954842
 193010
 572011
 999579
 547855
 1087678
 1007646
 35362
 82482
 639173
 536536
 546938
 909652
 954609
 308556
 180830
 716050
 1066235
 236278
 1004125
 298048
 772637
 625101
 117225
 882645
 288119
 203988
 522991
 1018042
 481087
 764609
 587088
 328057
 116773
 682119
 600813
 966336
 265327
 480928
 587481
 574751
 11958
 157966
 392281
 756521
 189038
 961360
 857530
 1068377
 249651
 236878
 238502
 297400
 858830
 928687
 570640
 912617
 821448
 575402
 577493
 38013
 420092
 806420
 108068
 475706
 1069672
 1097267
 805299
 1099875
 8429
 446984
 718475
 254048
 958323
 868572
 944998
 823278
 917473
 203343
 552864
 35045
 253604
 765635
 839278
 205450
 30384
 296952
 1073304
 128929
 570527
 268083
 677402
 1031672
 899988
 1055331
 734643
 489099
 275628
 957476
 782735
 367045
 955141
 863811
 17030
 547470
 952928
 464710
 200605
 1053123
 831685
 233429
 928499
 740659
 213423
 417591
 158826
 774506
 62308
 695428
 998158
 918689
 72387
 498817
 663733
 1029789
 33241
 776730
 418209
 111925
 858113
 268654
 337023
 208855
 891817
 1040396
 41240
 47107
 286801
 271693
 263522
 386288
 868262
 1094291
 530843
 949813
 646860
 331475
 376063
 914413
 876387
 482352
 285345
 48740
 909325
 515931
 274171
 96508
 1046660
 751064
 746069
 647896
 1078886
 159742
 312498
 189324
 732020
 570759
 699698
 257205
 203168
 956108
 1026567
 871101
 735802
 376826
 699959
 486593
 582688
 873801
 115266
 259934
 172488
 599382
 116128
 864302
 991471
 816291
 763887
 32814
 519085
 61962
 517926
 1019267
 930645
 1069258
 968737
 986494
 126310
 503792
 596792
 454075
 296312
 1016762
 883665
 279231
 979248
 568669
 757494
 825087
 591460
 1091946
 804507
 573229
 810330
 1027794
 1071535
 311073
 990246
 96198
 468251
 326011
 978961
 396072
 655613
 251628
 956317
 710256
 509735
 942637
 850891
 92470
 868287
 432779
 836173
 542907
 14176
 747515
 395193
 689196
 481438
 199219
 90715
 1044266
 166513
 354913
 174243
 403119
 382332
 487914
 15595
 292802
 669015
 576828
 563716
 429102
 214665
 424085
 409372
 263925
 639796
 945080
 380033
 1005864
 584136
 657560
 782001
 817920
 299160
 820698
 398377
 873454
 501701
 260587
 865094
 127558
 523839
 222136
 913035
 519492
 554355
 816444
 987226
 697746
 1061169
 680014
 521327
 70406
 963260
 613001
 1069533
 657431
 38
 975466
 417503
 307173
 3248
 674107
 98753
 138177
 496021
 634969
 147474
 916331
 249311
 674810
 218608
 1071217
 171232
 587403
 213627
 430239
 556882
 1078823
 622660
 830228
 887364
 487233
 881344
 214615
 738636
 697137
 466115
 10268
 111494
 820334
 741293
 963516
 435834
 315481
 405906
 383318
 122855
 495406
 239846
 711626
 34951
 787500
 96572
 937684
 759825
 125666
 949555
 850337
 969876
 609921
 106889
 762251
 1067371
 243536
 1077926
 674615
 903116
 489228
 943678
 645950
 594338
 641836
 225482
 995062
 1084392
 982058
 113352
 536670
 289951
 946061
 948847
 710005
 119113
 663859
 446328
 108919
 364635
 377234
 1001165
 988644
 349630
 160767
 1091018
 426540
 401754
 795537
 237818
 960464
 740667
 273101
 946587
 214286
 822483
 532482
 237597
 825498
 120115
 120400
 767874
 555536
 834888
 208308
 762703
 1046031
 803142
 828683
 984486
 869656
 28576
 189819
 506998
 596301
 13074
 835142
 692757
 524137
 522629
 490494
 1058058
 420899
 604713
 8286
 60886
 669866
 975544
 978624
 360150
 135569
 1049774
 1039130
 944450
 570520
 26292
 877414
 1039414
 744947
 675076
 520759
 641388
 431311
 852491
 822511
 576718
 549623
 702495
 297067
 695012
 993214
 516913
 62969
 486428
 662499
 940905
 1083985
 175311
 757697
 530051
 834042
 501598
 313745
 217180
 410755
 163833
 857401
 680467
 332974
 622103
 253550
 969327
 147966
 637668
 210938
 517675
 265892
 696066
 405844
 126113
 768353
 12002
 369319
 573399
 864566
 601197
 64271
 1005175
 118378
 319438
 1072827
 998315
 154210
 1004905
 1084845
 743277
 269793
 815936
 779338
 229346
 688567
 989910
 137189
 1027785
 201921
 268138
 888900
 24952
 556874
 186596
 659488
 344972
 659588
 385278
 567761
 833952
 501019
 983362
 795454
 416127
 628804
 199627
 141795
 1091341
 1054853
 288700
 1080247
 968799
 647608
 564470
 136164
 686042
 368408
 818746
 176376
 315378
 762123
 338187
 671559
 385849
 547445
 352419
 710993
 950191
 57896
 5659
 12199
 935700
 417182
 216164
 854939
 918480
 584101
 912375
 594081
 978286
 812103
 677476
 867464
 39506
 486226
 296318
 797346
 64420
 1069649
 743063
 1029853
 831506
 95247
 613649
 281115
 1050826
 702911
 420258
 320807
 51431
 255603
 908425
 847287
 659685
 698443
 742116
 888981
 716584
 372737
 497761
 631137
 167879
 941460
 1085412
 805625
 544491
 855082
 167998
 250822
 935844
 657599
 767621
 3976
 723766
 667277
 273356
 26493
 898793
 1049531
 402409
 85202
 699020
 334916
 536372
 394721
 74258
 1064594
 687934
 896118
 689436
 846361
 733064
 1063264
 2952
 683680
 84114
 1013676
 343171
 666307
 1058288
 740767
 121677
 226150
 166688
 923543
 729380
 622259
 524454
 40279
 436552
 161779
 735381
 922444
 743949
 493929
 212290
 541467
 616480
 779172
 514530
 59548
 844759
 384035
 540081
 883413
 240198
 504743
 757102
 302927
 442734
 933120
 852248
 1086459
 335869
 953067
 923726
 603436
 36132
 876095
 133906
 37426
 262811
 402410
 499782
 314265
 903581
 264170
 463887
 384712
 679704
 447031
 597112
 866158
 126835
 35563
 365480
 542037
 818401
 112570
 473828
 208260
 468209
 999607
 211457
 101103
 249330
 367648
 902565
 590129
 152190
 152517
 1031256
 372903
 709521
 421487
 973983
 935309
 970266
 542246
 680323
 873471
 574128
 772902
 921985
 887647
 201576
 385042
 788500
 1075542
 640102
 28884
 663118
 569111
 644375
 710464
 1039172
 467707
 666147
 596127
 1064352
 347616
 911212
 580326
 851148
 979233
 483764
 870542
 240759
 104976
 50720
 153071
 87359
 881980
 406725
 212472
 1061261
 881087
 1025569
 911133
 276729
 1034773
 638473
 419462
 249250
 341545
 662819
 419979
 809166
 739302
