947734
 283981
 311769
 278272
 166843
 994353
 750265
 358445
 422349
 810963
 550466
 761355
 258961
 121375
 388266
 81196
 173211
 894129
 356925
 530001
 420337
 76444
 575556
 1081837
 102486
 983666
 859156
 869757
 413911
 16390
 750164
 222328
 650375
 1077268
 364734
 323247
 270604
 316976
 890551
 277163
 612680
 838537
 244640
 439251
 1073207
 219382
 299473
 180776
 1000386
 18482
 1053608
 1027485
 104949
 38559
 929749
 240843
 923902
 857828
 345056
 880402
 702528
 215623
 614721
 558855
 332025
 19882
 262802
 828403
 644713
 767912
 732826
 68634
 33466
 184943
 45038
 39278
 865936
 922897
 579173
 854392
 466435
 45116
 826055
 782711
 59112
 215732
 832192
 107744
 36821
 195957
 219372
 286078
 426430
 640749
 86205
 294106
 821362
 485159
 627777
 863235
 1067227
 17132
 594616
 301554
 30402
 708513
 80608
 984538
 449487
 766305
 203957
 23320
 788496
 372517
 600840
 386877
 419429
 913638
 556950
 950254
 1020644
 357645
 642146
 736347
 90511
 298013
 839748
 985773
 76866
 733238
 668376
 392522
 424848
 428382
 872591
 114185
 950964
 832027
 1049889
 403250
 819159
 749498
 997956
 438090
 1047108
 617725
 500679
 1022691
 880769
 56728
 375661
 657019
 453077
 924001
 212369
 798365
 607942
 559178
 257914
 255598
 247037
 937489
 182782
 521042
 348230
 877116
 6164
 1072483
 681815
 990906
 16285
 299505
 796901
 755851
 30108
 774975
 696926
 996611
 68977
 443345
 616500
 1070912
 695297
 703647
 786869
 583017
 361793
 503801
 636792
 719991
 413507
 646542
 636031
 956404
 476575
 251523
 1055730
 404212
 134904
 610388
 703846
 116317
 428816
 947309
 878444
 770610
 205309
 486057
 309088
 808000
 996447
 232917
 1458
 615476
 883623
 97755
 919488
 218518
 126023
 895991
 1088550
 877038
 117407
 1014441
 692241
 340036
 250476
 870351
 259812
 556031
 441332
 98659
 931961
 1087086
 629120
 36990
 177346
 472411
 733738
 461063
 685893
 1015582
 482621
 358390
 409461
 421403
 675327
 303478
 908782
 416524
 1007979
 821456
 375595
 1040986
 129001
 1072874
 1021862
 992514
 361728
 579982
 178635
 263341
 520261
 248226
 1078308
 942907
 5847
 21319
 221891
 348942
 926410
 313928
 91600
 566823
 554253
 548382
 51505
 197027
 48814
 378164
 228037
 696523
 711917
 492914
 660119
 986148
 183420
 911926
 1076436
 817328
 776185
 676219
 278374
 580114
 951879
 651915
 580552
 60951
 259757
 154148
 397956
 638733
 122854
 540917
 432920
 133045
 987482
 282575
 753618
 299781
 330491
 291737
 606641
 838098
 592699
 872617
 918771
 725460
 755681
 691607
 581592
 719326
 206015
 461548
 537494
 894966
 844132
 1057904
 500613
 578280
 49950
 163829
 191783
 458103
 928418
 953112
 982804
 916449
 327594
 481477
 785281
 560720
 360302
 566182
 484942
 792758
 313811
 610786
 597783
 955377
 446703
 33071
 810515
 926168
 473019
 864908
 490977
 989188
 620204
 570091
 71907
 281169
 389864
 863849
 544522
 785206
 205110
 707977
 951509
 705633
 833202
 948933
 725879
 136295
 806654
 50161
 390470
 53408
 321475
 779664
 296248
 1055671
 439929
 257416
 148601
 497525
 817769
 892228
 98552
 61122
 915692
 563834
 439909
 494063
 276176
 1006110
 282784
 613402
 148694
 707351
 614018
 415838
 707170
 55852
 170046
 819584
 41858
 452511
 185609
 494248
 699247
 120486
 171192
 534201
 642292
 541528
 240462
 217558
 811812
 525720
 835242
 398988
 136589
 100226
 880818
 507129
 589338
 82217
 154494
 800492
 559998
 138155
 972538
 854891
 331234
 476779
 69862
 172589
 430133
 1043925
 154740
 981556
 914542
 1031706
 744054
 509811
 990519
 759127
 874170
 516376
 987597
 234860
 685450
 435589
 132681
 244822
 999536
 1093139
 272437
 818012
 209744
 621735
 674224
 106242
 683933
 273137
 139098
 1028884
 75509
 140914
 413399
 349931
 78348
 602093
 883286
 898536
 567525
 546637
 64740
 115742
 86897
 553444
 1010341
 568857
 483329
 315028
 740663
 261522
 747854
 1022129
 448215
 24801
 427392
 566952
 204061
 288333
 537241
 656109
 982662
 1014105
 493883
 596729
 391487
 204034
 834065
 27094
 643768
 82362
 56311
 433186
 1093850
 66091
 178315
 963371
 169619
 630995
 588834
 734100
 1008374
 403793
 290645
 243424
 420194
 621581
 266876
 1067422
 1062483
 759252
 698351
 704629
 876480
 446417
 20433
 937768
 839828
 603689
 798754
 920017
 467976
 908586
 999842
 269884
 1059863
 591022
 529018
 879488
 1088293
 992935
 295748
 914141
 588925
 1012225
 1073424
 88044
 772974
 717579
 36873
 985600
 621907
 194430
 514373
 797743
 967700
 809616
 896390
 883879
 244605
 335759
 815231
 227635
 95280
 199406
 267389
 75781
 395148
 1047159
 72932
 655802
 75130
 1086972
 799193
 472703
 395626
 701729
 132342
 1074546
 870842
 814087
 240353
 130968
 214152
 346202
 698775
 727622
 1004099
 1039378
 606027
 235444
 1023460
 398583
 191843
 411816
 7220
 706160
 307935
 53493
 578396
 722353
 992284
 713451
 176807
 887765
 1038401
 620178
 96179
 635771
 147795
 653723
 866779
 514242
 1009110
 803501
 803247
 227695
 553763
 399854
 537675
 287154
 780972
 1000011
 678478
 201121
 668523
 587524
 839369
 1020093
 481292
 1021123
 962998
 400
 324103
 244517
 542041
 602043
 667887
 518972
 128750
 516599
 1008718
 321020
 510860
 735389
 287265
 974548
 285075
 143465
 910544
 997583
 299611
 1005898
 270848
 546296
 19906
 654713
 359981
 31185
 73139
 812726
 777908
 582897
 377409
 336579
 297439
 163888
 404179
 876137
 679180
 137980
 1017923
 818814
 1088018
 712245
 653675
 997707
 1087606
 893524
 868582
 86988
 462485
 961832
 494476
 149643
 160223
 136926
 203093
 608138
 427012
 471786
 348496
 367422
 68983
 562776
 358394
 863873
 299778
 53438
 7713
 225034
 508736
 696825
 498055
 832803
 333637
 192078
 54898
 639549
 307655
 462032
 971929
 704715
 946746
 903571
 343688
 1089219
 107935
 991902
 346793
 110734
 944446
 990469
 251987
 440628
 905931
 655740
 597802
 134005
 582354
 1008748
 592462
 386197
 1064441
 707256
 428051
 774247
 115658
 923511
 700406
 209490
 635983
 989773
 253431
 680962
 146653
 790780
 789333
 425656
 973746
 163838
 185653
 608344
 582613
 53153
 140518
 1020744
 913733
 512217
 607610
 150248
 12775
 289931
 708287
 695137
 938283
 68652
 916698
 905741
 794130
 586405
 698283
 595411
 786049
 706869
 905742
 549496
 490138
 752207
 757455
 509808
 796361
 777959
 964277
 661568
 539356
 1087186
 1012078
 77754
 355514
 135097
 79041
 788065
 693457
 961738
 930470
 681480
 223851
 661508
 843635
 567897
 1131
 434091
 48517
 1020780
 815956
 425592
 468486
 1030919
 64023
 883885
 892266
 165300
 127823
 781418
 822206
 509027
 185447
 235854
 235173
 959984
 782840
 33451
 65989
 1075293
 159865
 824992
 918488
 964946
 424473
 529646
 32518
 714022
 210560
 556069
 551247
 655991
 53443
 132370
 309743
 695354
 594511
 1043992
 840094
 480083
 534531
 1010723
 112868
 799256
 433438
 538595
 51713
 881089
 972891
 269311
 589598
 112452
 996021
 551230
 583380
 715028
 966362
 136045
 157076
 784973
 330041
 113105
 294924
 577309
 453380
 842080
 1088010
 1081193
 1052006
 622811
 995624
 778005
 1021459
 558712
 229589
 492446
 545055
 468330
 265583
 782062
 839480
 102235
 750745
 557884
 233511
 165331
 654106
 233298
 781525
 685212
 1083798
 259973
 283930
 503306
 1092387
 777154
 31780
 509606
 516486
 754880
 752379
 681163
 659738
 100609
 118159
 824624
 645929
 796367
 44115
 25965
 462460
 102330
 1013122
 902177
 976058
 175319
 1063259
 353529
 897587
 47737
 955321
 617581
 434077
 230661
 140855
 865336
 769973
 866113
 15645
 433716
 960049
 489473
 246101
 665549
 317000
 936163
 806934
 13643
 141600
 729445
 66998
 466345
 598418
 1013687
 634042
 918698
 933942
 1005090
 171580
 985014
 30024
 120561
 80531
 1014154
 791324
 781803
 720215
 882712
 200983
 144359
 253615
 967499
 793626
 596954
 262312
 637157
 391929
 665042
 89249
 395135
 733258
 929450
 396950
 154037
 493514
 399625
 520014
 553159
 869774
 700082
 1059204
 650168
 637945
 714897
 242296
 1068145
 531258
 841278
 34155
 970136
 620257
 404572
 911808
 840574
 666761
 566479
 801073
 98455
 877291
 355182
 725137
 638791
 332408
 339176
 126748
 852281
 919861
 415862
 511886
 226131
 625023
 727576
 559710
 84979
 296114
 496779
 748107
 773440
 749320
 261506
 782397
 924623
 382274
 319125
 698751
 994875
 990787
 250555
 127026
 82302
 908542
 301606
 581943
 433507
 978518
 325302
 852497
 279563
 157312
 576190
 861852
 848459
 746566
 823195
 358208
 428782
 208799
 576196
 903198
 813278
 304149
 311928
 2751
 565072
 437608
 180732
 62649
 611359
 905712
 536712
 679543
 694465
 57929
 61039
 878283
 248136
 872284
 227983
 897958
 918160
 471464
 543251
 939796
 563116
 1051151
 708599
 452889
 636225
 390833
 99628
 944086
 165178
 22989
 361199
 351894
 333237
 672750
 728647
 54191
 1018947
 637709
 304378
 778487
 1021188
 885435
 812952
 119128
 43885
 251275
 84136
 597830
 982825
 199113
 628592
 71454
 974578
 930282
 465981
 1021221
 206763
 388974
 773625
 298998
 838874
 551474
 861378
 997521
 224743
 276111
 233090
 818142
 468578
 675564
 892747
 208422
 884531
 894204
 774482
 122955
 357910
 697085
 582628
 823041
 935455
 189354
 557260
 876877
 177489
 614310
 130696
 558537
 731367
 402916
 1085771
 515416
 906043
 393541
 664344
 493152
 826056
 932893
 825306
 470364
 521846
 1021967
 526658
 946940
 678073
 434575
 529832
 144715
 1039885
 1023871
 466314
 529558
 220702
 528302
 632839
 343931
 826303
 711609
 607487
 1065033
 587633
 269620
 128669
 866915
 882738
 998278
 1024375
 436812
 1035270
 435427
 380124
 1048217
 63837
 482167
 378327
 420229
 982681
 888200
 325737
 575820
 1001654
 833126
 366438
 435207
 1047069
 94399
 70051
 643886
 303546
 734748
 1017046
 596028
 347703
 619717
 281754
 228432
 554510
 366054
 154220
 164830
 467644
 846856
 593341
 159111
 248920
 826503
 535881
 84569
 102414
 310237
 604292
 1046846
 417195
 662872
 7646
 506576
 726830
 229070
 266727
 763847
 271134
 868732
 168958
 91085
 1062906
 256140
 415664
 999699
 878517
 409284
 650721
 309983
 1029795
 663132
 1043212
 681785
 987274
 950811
 645686
 525311
 700255
 496549
 867236
 621814
 777375
 690020
 933506
 470199
 269214
 649791
 862619
 61975
 376588
 1057882
 527145
 504299
 280248
 417894
 894383
 137376
 384881
 554671
 604774
 636753
 806551
 867512
 824256
 533028
 133378
 198809
 415411
 32104
 412672
 946080
 190936
 27548
 314192
 505143
 744557
 791565
 429705
 69911
 679613
 944394
 738238
 415566
 663179
 1077179
 303760
 671907
 948918
 765652
 999739
 390342
 901631
 913756
 284245
 354171
 1027594
 648496
 284740
 56720
 4480
 423464
 658975
 323892
 111175
 713929
 136717
 181201
 512569
 824397
 805736
 899595
 275665
 1045428
 996916
 380830
 613983
 392133
 1079515
 80628
 1011876
 480143
 257853
 330003
 133006
 1087952
 852740
 668751
 505191
 75465
 849695
 260487
 891448
 792195
 291502
 890763
 210858
 85086
 426435
 31093
 538778
 533975
 879906
 47604
 896282
 958810
 580448
 405732
 20236
 891672
 524487
 97363
 308006
 815625
 250894
 157153
 395669
 833999
 999851
 970463
 279740
 1078241
 535707
 237693
 830367
 872121
 815558
 736656
 961791
 947721
 7605
 129291
 110257
 712388
 232350
 805316
 1012377
 370081
 346550
 1061749
 25090
 275592
 227811
 364926
 101607
 619465
 28664
 660588
 285981
 231470
 557979
 800198
 590262
 748815
 533859
 225282
 438299
 517269
 676519
 145866
 615258
 436633
 689287
 987916
 895379
 419622
 249007
 347760
 716444
 829416
 549547
 820851
 298039
 620059
 600791
 273299
 128496
 871240
 1096021
 544272
 953650
 492549
 58989
 241228
 795130
 624900
 520103
 1006766
 1007827
 43978
 192763
 57666
 1095845
 358638
 603316
 334209
 595849
 933089
 986148
 603693
 75393
 304228
 977241
 588391
 1031643
 760814
 310813
 387410
 328535
 1017739
 330223
 132457
 612323
 208027
 202613
 442499
 841647
 598142
 331592
 496608
 1096894
 686682
 506924
 863822
 994657
 841930
 745144
 674231
 490687
 912174
 825110
 864000
 506856
 498423
 862779
 379324
 557956
 95926
 230714
 662848
 900353
 79950
 817033
 179298
 1064048
 741781
 831910
 453807
 63383
 102637
 823372
 215540
 554561
 1098444
 676582
 760761
 807732
 1008985
 352151
 892999
 423343
 12122
 693763
 364634
 135488
 620541
 119069
 920140
 579512
 131609
 684467
 197069
 118498
 282671
 1029626
 1095313
 465744
 351206
 924157
 263021
 805751
 566457
 982736
 89602
 226050
 843547
 1075167
 745226
 679590
 800242
 11599
 969750
 162600
 850441
 108390
 427213
 7838
 1093245
 924517
 366723
 1057581
 388484
 533950
 780414
 16181
 537139
 256351
 787046
 228061
 764589
 1054211
 57230
 607302
 259436
 323697
 194379
 403255
 107190
 495949
 50467
 297477
 995895
 340676
 128393
 75072
 753050
 62411
 564585
 1043770
 565042
 1067248
 418520
 922941
 93208
 782018
 658227
 437876
 1029522
 498908
 603314
 392411
 408921
 82307
 834930
 696851
 397716
 1069492
 867888
 498043
 219344
 795158
 845347
 101720
 353224
 318910
 175313
 538785
 607265
 519382
 702206
 601619
 10805
 552776
 582657
 1099914
 831769
 1008036
 842750
 41695
 760361
 465163
 1008986
 712304
 739928
 661773
 532396
 1021211
 314340
 487943
 624915
 784056
 775817
 418113
 607307
 743083
 219504
 126669
 242979
 547762
 1054659
 782367
 558867
 26759
 23779
 874584
 714317
 997136
 246984
 286657
 1025603
 612043
 960823
 136939
 536329
 354913
 1099663
 1088389
 246791
 552440
 817120
 990882
 145763
 464473
 681226
 728951
 232749
 539737
 839233
 150262
 820227
 661572
 1061937
 487343
 902788
 169216
 696853
 689056
 269945
 424500
 501976
 369820
 386079
 589284
 241303
 808234
 724880
 630281
 491835
 122798
 208613
 872649
 782342
 239969
 252445
 86045
 906435
 95589
 379846
 734966
 655142
 301952
 382434
 617724
 567761
 168303
 284030
 1008174
 778219
 774939
 568257
 338459
 739564
 558887
 1026795
 712241
 1024691
 189481
 457036
 300400
 1002445
 441051
 899398
 174852
 24298
 915879
 1314
 1052960
 911186
 140640
 18408
 963936
 1098583
 8532
 962200
 966386
 240702
 642716
 11946
 452397
 952488
 342840
 1053240
 696469
 276348
 817649
 403431
 329629
 75451
 751151
 717130
 698443
 104273
 896560
 49754
 1046924
 518537
 1049215
 1037620
 317142
 952285
 1048674
 1019290
 17311
 169394
 442701
 27775
 2313
 496977
 65326
 31545
 818231
 47169
 495996
 678609
 792348
 981540
 487612
 132650
 534578
 663586
 358933
 871596
 196471
 811757
 132872
 468645
 550079
 969766
 446218
 1053212
 540259
 102662
 1008662
 650355
 822443
 314919
 204503
 371627
 774124
 809021
 11890
 1082430
 760327
 397704
 438517
 943817
 208794
 121811
 941925
 517519
 432541
 51124
 307373
 597879
 1011646
 324792
 119462
 621403
 381556
 162365
 608845
 644800
 665489
 475158
 511052
 405732
 496423
 290126
 361209
 576661
 928687
 195847
 606486
 1036898
 19933
 85529
 307920
 1016769
 811436
 944710
 190074
 124229
 284195
 572385
 596771
 403436
 620086
 635668
 1028663
 920055
 622351
 825311
 650845
 514447
 417314
 298017
 62645
 722327
 199871
 233342
 332183
 275281
 951030
 286184
 568312
 233686
 945896
 76752
 431842
 1017733
 557477
 214611
 43745
 258643
 709104
 174087
 367557
 5336
 235982
 1073342
 190639
 904810
 330452
 823647
 634851
 217190
 1008344
 616670
 658813
 159805
 912790
 447502
 836184
 1004216
 809289
 129449
 1011336
 582493
 295708
 480350
 746784
 735476
 282823
 1045912
 664927
 633260
 657567
 715661
 450975
 266534
 271311
 88590
 1059640
 535147
 1008969
 590767
 63616
 1092487
 423605
 662254
 155467
 584229
 1063960
 617088
 861604
 885128
 938149
 254313
 803237
 415538
 768014
 948580
 830765
 526727
 317916
 1061358
 1043182
 748019
 657372
 558256
 1096967
 949696
 919766
 287752
 120832
 42605
 1071437
 1094246
 433251
 469124
 412190
 299375
 975070
 25357
 200366
 572128
 946197
 1008208
 843685
 418889
 707307
 1089062
 84243
 203883
 141358
 667840
 891946
 179620
 480241
 1023800
 665594
 621280
 994273
 353400
 828575
 690696
 1011483
 1070759
 1044960
 983654
 747124
 545019
 971280
 175769
 1092902
 785417
 635952
 994381
 325731
 242882
 1090093
 105583
 916342
 422193
 134230
 959558
 159707
 562000
 908915
 919951
 841819
 103763
 307494
 159928
 950053
 1027859
 918893
 170334
 896160
 310821
 426721
 128302
 194813
 605766
 997869
 676318
 254218
 706524
 65176
 926365
 210107
 207683
 150237
 792421
 993622
 281074
 818787
 614690
 604646
 128274
 874050
