798409
 481190
 391795
 844452
 6835
 128345
 404324
 513748
 697897
 363105
 567052
 301195
 818709
 590559
 231425
 753991
 670552
 1079602
 752799
 626466
 252065
 837843
 1008357
 138245
 755225
 700876
 341019
 807121
 426292
 296363
 202502
 945263
 608702
 112176
 382310
 190530
 914415
 860262
 205360
 942797
 916948
 379587
 813981
 821036
 947949
 812838
 762714
 286433
 919923
 446715
 754460
 1004057
 789035
 1992
 265503
 550374
 74979
 968221
 401569
 206451
 784502
 782156
 395753
 696168
 913778
 340315
 276345
 397212
 377768
 767158
 857318
 322260
 215044
 885704
 484641
 817563
 10478
 705210
 1094824
 969171
 781045
 295734
 334780
 668053
 500494
 9210
 873302
 658256
 1016587
 206166
 640178
 977431
 714026
 853701
 500341
 1001385
 262182
 781214
 46298
 932860
 431755
 660380
 211732
 747586
 801052
 344777
 667820
 853260
 319813
 746828
 372511
 308803
 34825
 663865
 1080027
 600877
 901447
 411081
 467312
 1061051
 818899
 368308
 366617
 401462
 117652
 857280
 577189
 764202
 29624
 1043066
 746354
 288310
 323499
 650855
 29887
 881230
 276683
 873776
 44840
 828117
 387588
 359871
 950912
 705439
 608557
 543182
 971593
 928853
 1052113
 994625
 185198
 620107
 716297
 840691
 525305
 210995
 1018884
 104211
 585711
 601780
 642903
 168292
 903988
 883955
 229309
 921897
 396955
 494660
 530837
 366261
 394730
 489905
 728993
 280900
 1093873
 64714
 325686
 936523
 861551
 527338
 322606
 1029886
 464318
 703092
 567156
 366863
 497745
 913363
 149246
 411560
 1083523
 236301
 356174
 302269
 634470
 598418
 61860
 507778
 353376
 15442
 50268
 826067
 439731
 18591
 120108
 1000661
 663351
 975950
 277154
 1090070
 502485
 237199
 820256
 972342
 191201
 410724
 557094
 865345
 971469
 134923
 583500
 664551
 623314
 57902
 115443
 100269
 669257
 212238
 813479
 870544
 101157
 715382
 487487
 722269
 832286
 335070
 708869
 536725
 333681
 17094
 1053722
 325709
 129278
 973190
 415818
 68736
 771698
 988519
 236533
 4867
 311787
 34083
 497681
 434494
 554453
 602303
 335001
 657503
 357905
 692525
 854009
 498138
 954387
 106934
 936251
 177038
 535982
 999238
 349818
 492919
 675076
 165187
 403099
 638467
 65208
 551617
 338868
 950118
 672669
 903986
 143814
 639882
 811410
 369522
 553439
 215596
 410462
 694358
 865905
 761844
 277326
 253467
 547765
 235356
 376025
 83293
 883086
 162411
 498351
 1016004
 255255
 415479
 762382
 576863
 814067
 463680
 872794
 353567
 6831
 867108
 746205
 96158
 375935
 9269
 106143
 135079
 234703
 420261
 117682
 651017
 1053063
 826108
 823323
 669595
 912349
 920263
 476691
 516257
 1004252
 16575
 518171
 737967
 753159
 25180
 750667
 896063
 348795
 462173
 425296
 171933
 459798
 794872
 791913
 346927
 421405
 1067212
 663956
 17909
 431666
 269175
 518432
 1044084
 1049397
 43238
 963513
 905075
 934370
 152592
 1022434
 349419
 864995
 999300
 241757
 876514
 963826
 865104
 211943
 139749
 264671
 866591
 921646
 968440
 754372
 534715
 721344
 12464
 803247
 509268
 303544
 1071488
 243937
 810513
 159669
 78705
 818850
 84713
 996269
 79085
 633603
 980726
 1015535
 1093510
 1010904
 226455
 138741
 763980
 1014332
 384321
 91357
 409471
 605904
 889648
 792905
 878374
 529983
 612922
 781198
 142214
 883037
 94552
 1021285
 1018271
 137612
 29731
 1077283
 69659
 125228
 242445
 926614
 839095
 80461
 991495
 976385
 1068410
 550067
 851044
 549855
 392296
 859680
 70360
 549925
 710126
 74279
 383500
 208068
 451280
 162706
 1035497
 208235
 578651
 264733
 292356
 34956
 1056266
 422022
 834659
 951996
 1024225
 756604
 146116
 777265
 856456
 845934
 679038
 87550
 959943
 791163
 384135
 99057
 160375
 19765
 731075
 225771
 880024
 1065664
 734274
 323097
 897675
 816235
 15740
 617223
 1049494
 546293
 609063
 76158
 434080
 815920
 457256
 319844
 689556
 38816
 1041677
 544031
 829985
 278950
 813023
 42356
 499539
 641851
 123722
 991549
 582256
 274755
 154885
 457166
 153843
 465516
 607334
 627457
 948698
 579251
 482798
 843123
 800296
 929806
 458347
 69258
 988416
 514696
 256245
 415317
 477563
 504891
 758314
 190211
 349057
 496602
 1005060
 633162
 1022882
 381356
 791111
 795100
 363662
 254674
 55989
 809708
 12760
 427374
 412490
 6071
 628306
 15639
 512383
 811692
 985671
 312997
 660338
 679502
 1071009
 361274
 495235
 269290
 183976
 1076376
 79316
 193587
 867444
 707912
 146893
 624104
 133831
 9612
 114511
 731520
 1074965
 300093
 528733
 469914
 4863
 1068865
 638049
 295224
 89944
 572610
 989410
 187295
 675424
 980329
 312708
 637373
 856151
 804405
 18390
 15865
 925480
 759930
 830674
 1011661
 470463
 801676
 957787
 284075
 6818
 992494
 307141
 1040094
 152012
 613601
 282481
 1007368
 321323
 117005
 884994
 513945
 518652
 114040
 608525
 385191
 497411
 706956
 944478
 617232
 60932
 413692
 601761
 877943
 889309
 1043657
 86093
 304781
 662868
 475380
 18854
 644079
 379209
 577947
 176125
 528875
 684305
 780157
 214492
 420849
 663936
 872952
 747379
 97044
 1058149
 860803
 320483
 672245
 451602
 1018251
 963236
 621286
 328688
 1088406
 12266
 1096613
 631370
 230731
 850151
 101121
 979152
 3973
 1086375
 549407
 982720
 637332
 721634
 569831
 869559
 1098233
 802738
 53109
 962864
 717236
 582527
 767225
 389501
 803106
 1043160
 421686
 593142
 190516
 349166
 26124
 659958
 511048
 713005
 401156
 424818
 498941
 213675
 346082
 149267
 176687
 574257
 994877
 738302
 268747
 454164
 263957
 451852
 606975
 965243
 16575
 1037936
 492320
 357940
 798292
 1068402
 701322
 275898
 392600
 348268
 633808
 689305
 1089723
 412857
 730918
 45120
 443526
 670959
 1032727
 715563
 289792
 894140
 588734
 383811
 144180
 409689
 707631
 988394
 853852
 819794
 853236
 523654
 1010059
 436731
 131630
 511025
 543561
 794926
 1094464
 874210
 971295
 327394
 245498
 680153
 129654
 183326
 258400
 60958
 848593
 194909
 585170
 608127
 687081
 373918
 196067
 124123
 513195
 527733
 701847
 874255
 46871
 1003767
 174669
 493493
 840096
 7422
 591426
 689321
 793477
 973015
 822562
 153359
 784694
 366420
 120168
 274082
 163224
 187018
 96930
 654144
 528646
 851064
 310258
 334484
 578960
 632287
 115698
 691571
 322167
 478778
 428213
 682409
 514914
 550110
 1064390
 16767
 764758
 317015
 12470
 777344
 531177
 299628
 855378
 158632
 325134
 446285
 868775
 919740
 988864
 954728
 391421
 576018
 440403
 543322
 736534
 82763
 664433
 1084514
 728707
 1053199
 180484
 428259
 18558
 835069
 797502
 294554
 225647
 487725
 174511
 184161
 43566
 522614
 494278
 617612
 502453
 173572
 283228
 579438
 911535
 430848
 258942
 858245
 1099001
 901620
 192651
 811757
 329136
 41335
 557888
 988268
 333215
 1095399
 436130
 584811
 1047627
 880511
 205248
 928470
 204559
 820471
 868209
 199199
 26716
 793710
 839294
 653121
 670125
 561131
 118935
 185610
 427702
 1028268
 678838
 874905
 205021
 972015
 58801
 358289
 661036
 754399
 599909
 489731
 262917
 568746
 170491
 59149
 619369
 186930
 505918
 902570
 251336
 657452
 130090
 430541
 3512
 688924
 492551
 797774
 197497
 668792
 778701
 877294
 881840
 936359
 766561
 345984
 117182
 834930
 880820
 582645
 356668
 1077727
 270781
 101052
 705037
 312200
 60263
 948362
 1055434
 358367
 1073814
 401117
 341708
 955007
 216761
 210542
 18552
 208595
 304139
 828887
 791753
 916528
 501440
 839564
 105642
 601904
 182429
 652067
 1006874
 609097
 616477
 625633
 752124
 199838
 810194
 960915
 180030
 954367
 594620
 625300
 534720
 51387
 1077350
 1052167
 97653
 363989
 954941
 590388
 411823
 830206
 895800
 270523
 165778
 360176
 576361
 55723
 1096773
 141909
 1022724
 984619
 935711
 186268
 555496
 459439
 880655
 8723
 218518
 215675
 820639
 582914
 269012
 101748
 383295
 722427
 447421
 358198
 576487
 449833
 539257
 572654
 1085031
 98834
 950105
 737316
 996285
 943781
 887005
 771286
 227976
 888692
 1000632
 31953
 662879
 533968
 59847
 800733
 542220
 85711
 145667
 210055
 135662
 885547
 969732
 16935
 760901
 80540
 235801
 427614
 31335
 433884
 151870
 20486
 882554
 479329
 507804
 182820
 300872
 963705
 1026327
 1049561
 791155
 172595
 51652
 947526
 777446
 79484
 100166
 34363
 917649
 1000818
 55325
 292411
 435808
 591264
 629443
 241047
 556531
 23660
 369187
 695763
 581863
 7729
 874970
 361936
 381028
 8038
 539663
 464047
 75310
 864812
 210501
 350789
 799671
 1038463
 549318
 174111
 545007
 288590
 1082206
 83193
 634275
 498505
 296416
 1053348
 715959
 1006659
 835809
 90773
 366490
 361405
 884874
 343407
 218269
 54079
 69677
 577903
 571121
 763044
 240174
 279714
 809139
 1030577
 513378
 91598
 770647
 539642
 593200
 797216
 681419
 1096575
 737716
 140076
 157914
 355964
 54313
 600021
 716207
 148078
 856439
 73787
 694821
 449052
 735243
 311375
 502514
 1005697
 708369
 152368
 796078
 130840
 511282
 916672
 778008
 308362
 981347
 518843
 442202
 274167
 330713
 688848
 202382
 452784
 280156
 355537
 1009694
 158371
 271911
 922106
 259901
 242480
 1008428
 497015
 782010
 1089687
 325121
 254978
 646769
 339468
 381561
 791136
 254017
 666496
 166665
 357206
 197049
 69109
 536851
 414069
 598197
 389513
 269102
 107551
 434829
 774792
 797788
 684483
 573550
 424115
 663236
 67088
 1049937
 931087
 248464
 972186
 512507
 1043202
 591567
 1089157
 859621
 487652
 184367
 1077848
 804430
 995683
 889026
 1045656
 799195
 115053
 493327
 641456
 423597
 488353
 839357
 979161
 942299
 743024
 126945
 142131
 1045123
 173434
 1060675
 1097999
 486530
 1060428
 425190
 110339
 345186
 118138
 327345
 482153
 505160
 481840
 124738
 878550
 54362
 626243
 631660
 644575
 304775
 753937
 735436
 738069
 184034
 24411
 107978
 207833
 869393
 897135
 841270
 589888
 464185
 1086213
 101689
 2785
 1317
 336002
 144443
 796834
 544858
 31097
 806000
 619643
 491646
 222075
 29045
 35690
 543024
 375228
 612136
 580931
 405576
 943765
 431383
 40910
 484358
 469170
 876664
 35774
 931674
 1079389
 989163
 165687
 593936
 751269
 520399
 131527
 886041
 2126
 1018999
 458988
 1000217
 289623
 612831
 891875
 209595
 125458
 305847
 360939
 194869
 268800
 742143
 226945
 970960
 637305
 236977
 463236
 448584
 654758
 413073
 994389
 120198
 1097942
 75934
 1011709
 268824
 284632
 662505
 839641
 298195
 816566
 1012799
 899985
 1059839
 762547
 920249
 1047487
 794963
 678905
 138470
 849807
 1039552
 731088
 850865
 259969
 271837
 383840
 832019
 582979
 12914
 444445
 1046199
 455085
 506623
 391408
 568314
 57479
 765392
 452683
 369511
 1043882
 803745
 251935
 137423
 617813
 856440
 762441
 66330
 541882
 1027662
 337649
 576412
 471614
 718012
 809501
 568513
 349110
 430703
 1025265
 32292
 635328
 774508
 415334
 899785
 707026
 795890
 203861
 633784
 3037
 433996
 556897
 620280
 982667
 639055
 357910
 1020327
 603044
 868058
 644548
 243673
 406645
 510657
 714504
 256136
 387370
 830863
 787953
 19785
 569926
 323684
 180922
 1092011
 716733
 244181
 17430
 149246
 171457
 298679
 1012741
 81441
 639666
 275804
 1038807
 393146
 511748
 225278
 1060730
 268222
 1018407
 1050480
 480177
 463133
 788583
 721026
 704908
 1093613
 519987
 398941
 1098683
 886197
 841787
 45576
 1084382
 377174
 1042537
 408052
 663055
 266614
 586247
 423365
 5006
 771683
 617445
 1008216
 835032
 691202
 728757
 247233
 495981
 779477
 1034478
 987443
 929574
 430345
 455044
 922257
 106781
 550140
 260672
 1098171
 410603
 795072
 352200
 982166
 990995
 268646
 206787
 665444
 226932
 477597
 364166
 440501
 83062
 94704
 442759
 945052
 1087056
 81245
 510767
 745215
 406998
 208110
 425645
 571495
 59062
 916144
 207506
 117680
 540973
 774035
 153650
 360266
 419961
 770734
 199092
 966548
 841681
 118781
 788614
 99551
 496063
 5606
 490601
 338869
 579647
 1013927
 598554
 913867
 486219
 616372
 1043565
 483772
 674004
 484766
 367854
 704120
 602129
 167541
 937050
 332533
 963442
 683666
 480706
 941217
 316918
 1047928
 696585
 260347
 909501
 30613
 740222
 732363
 1065491
 433739
 498266
 32078
 794675
 592325
 663215
 257956
 707194
 932548
 29677
 720804
 364080
 561943
 538804
 287910
 658863
 1060480
 470071
 625066
 1004677
 219278
 865437
 648139
 625530
 233182
 978342
 799852
 203382
 484035
 99915
 784745
 281281
 377719
 288580
 446523
 729001
 720808
 767616
 933228
 673886
 361313
 1073616
 870175
 432191
 934828
 923832
 1021446
 411244
 1068891
 333456
 189822
 649216
 89724
 867445
 1050155
 637774
 945548
 97863
 368945
 167555
 1063805
 964723
 209411
 592774
 979696
 723405
 489028
 259145
 564562
 1088539
 50994
 720173
 1016154
 11349
 247566
 741052
 907984
 162448
 120135
 655686
 394771
 557225
 251125
 316749
 804002
 565552
 1089665
 97196
 947612
 545446
 1034332
 436631
 236775
 976509
 617095
 534429
 1075436
 297199
 188055
 236379
 168902
 346988
 605500
 896962
 556546
 356901
 163619
 599542
 153217
 829394
 747964
 731563
 750050
 1046024
 418317
 321336
 606166
 702115
 431849
 583275
 112633
 933995
 1023889
 884743
 125808
 240477
 1015005
 989455
 377534
 498613
 815224
 1082467
 216936
 798160
 791270
 257033
 369099
 432028
 847604
 737875
 69937
 824
 562994
 330317
 522815
 976188
 237809
 74016
 102444
 288736
 924748
 576863
 539385
 902129
 586842
 151120
 380505
 1007034
 171688
 107000
 780098
 922683
 493429
 377450
 633633
 159685
 1029271
 1078531
 821997
 260556
 90630
 202174
 477690
 631315
 916016
 254560
 441539
 1065846
 416288
 874341
 36550
 731386
 299540
 765022
 713753
 675893
 429777
 288052
 884316
 870845
 352635
 957017
 596340
 612515
 283929
 461739
 343672
 1094159
 873392
 180399
 430317
 559249
 121434
 730116
 1029531
 840191
 877292
 770954
 1095313
 217177
 763062
 860530
 376523
 183498
 900799
 1033905
 435288
 735052
 332647
 375844
 45588
 75053
 551935
 312914
 524544
 179494
 198230
 280314
 394152
 49773
 137768
 1046441
 580935
 203233
 122673
 732491
 517082
 378417
 681713
 7332
 34177
 794917
 257544
 497627
 221383
 482831
 419700
 43313
 1083713
 326562
 164017
 690982
 520052
 1059503
 124272
 453615
 938636
 1053569
 220144
 144897
 570310
 1073284
 520576
 931110
 144400
 250575
 694216
 911396
 516288
 905029
 684280
 1051869
 1009432
 51923
 7593
 674931
 714824
 845889
 327201
 579257
 124479
 1027013
 989328
 1001341
 437724
 389663
 474854
 406212
 697886
 662929
 190807
 149371
 1024307
 533600
 499744
 726967
 813927
 68898
 170219
 237298
 973488
 66345
 801852
 867676
 947790
 674762
 697237
 538972
 320212
 461208
 347766
 922113
 1002076
 968169
 1032337
 370674
 187649
 762834
 471224
 868613
 609450
 347219
 823046
 451348
 531631
 478120
 269048
 499829
 522346
 1047421
 304966
 819921
 542765
 235602
 754856
 593703
 599784
 65933
 753627
 375190
 983921
 360471
 1031905
 103497
 871605
 263614
 25374
 703796
 994300
 940298
 713407
 401930
 515982
 784193
 1048039
 737472
 849843
 1049803
 96585
 144516
 903056
 332428
 218405
 154921
 402601
 400068
 331582
 222877
 754074
 876076
 1098676
 95800
 1002336
 190453
 92293
 252321
 768700
 325899
 982547
 848879
 990267
 891571
 408284
 425200
 806041
 920255
 1070801
 1048370
 1010426
 446741
 71875
 976247
 52026
 37363
 303949
 338491
 262065
 309578
 117443
 391124
 681050
 1029360
 622722
 785219
 1000269
 404383
 152555
 371327
 758036
 394056
 19755
 525608
 575332
 6880
 582029
 569562
 907366
 237840
 67738
 896287
 214156
 775244
 232733
 941821
 976355
 921321
 222668
 771970
 355944
 467371
 19150
 1013286
 617933
 656053
 15463
 903140
 636555
 583165
 784180
 813360
 212956
 792838
 774635
 970249
 381975
 487795
 1013748
 628625
 943290
 426708
 151706
 848093
 1094360
 702061
 1028577
 838238
 558521
 755985
 640650
 554900
 485015
 51920
 739256
 390088
 310858
 1048984
 548622
 1082724
 59513
 893367
 75725
 622725
 674343
 514048
 540060
 128052
 299217
 942751
 981342
 590965
 1041029
 843806
 218116
 1098966
 383988
 788251
 1018880
 770319
 436441
 629894
 437498
 988253
 869684
 675022
 1031614
 554692
 2271
 192030
 497232
 654182
 932176
 1039274
 744924
 557269
 854141
 320048
 523702
 945963
 115772
 158338
 889239
 672118
 815971
 570218
 56704
 703230
 292090
 332786
 1060357
 807620
 541284
 861927
 343879
 662975
 15329
 653699
 24646
 271075
 777638
 214962
 996655
 158604
 267958
 421951
 891815
 578148
 375707
 493590
 729691
 354574
 419505
 512251
 365267
 264192
 1004112
 131192
 1052223
 700796
 949207
 10682
