339163
 365598
 23737
 194369
 292293
 1043433
 266586
 167909
 950374
 755396
 510328
 921879
 416693
 147031
 326438
 239679
 1066262
 277077
 207925
 965286
 1036822
 667874
 1055005
 829963
 870120
 279256
 515564
 184621
 888953
 86650
 274247
 1047765
 775794
 887480
 139969
 673415
 720658
 518219
 858224
 766507
 172604
 475643
 791568
 961874
 240957
 884095
 91810
 782468
 815001
 40783
 173568
 994072
 167537
 927615
 805559
 791863
 620244
 359898
 473581
 752202
 204535
 843273
 56614
 497119
 54443
 411064
 830143
 552765
 654218
 195234
 593306
 899803
 1033040
 282054
 809648
 939594
 86354
 1057659
 531882
 281273
 522445
 1091722
 811067
 330709
 238997
 2989
 338758
 181438
 256499
 163559
 1022061
 879779
 1010048
 888838
 67285
 355532
 58352
 829716
 391639
 196342
 245332
 144985
 344933
 338738
 69359
 1096123
 264380
 885086
 1064438
 933687
 371554
 957167
 998316
 901774
 419252
 357857
 466736
 364785
 1085624
 497277
 410937
 44756
 32885
 315648
 1042235
 826901
 769277
 45953
 1012063
 426718
 899888
 274663
 787672
 400639
 923703
 523758
 577064
 112326
 775604
 438976
 747137
 808888
 932968
 75499
 283842
 362458
 218486
 673093
 656852
 157168
 1069458
 343743
 311528
 729645
 281287
 770894
 1009689
 845860
 750491
 1016431
 753544
 262796
 491298
 855943
 625351
 199715
 614818
 910558
 522631
 339443
 173182
 710208
 865748
 1067110
 100862
 964859
 120471
 15757
 311011
 465001
 1091764
 963097
 391900
 448703
 115167
 326612
 923492
 319993
 1023385
 732577
 1005154
 179629
 214345
 542434
 555922
 411566
 32752
 683982
 787081
 743439
 286072
 618581
 444694
 512762
 95003
 1022429
 491267
 719909
 767305
 580767
 500286
 173454
 457583
 464547
 214663
 416655
 701682
 946972
 646680
 404220
 632934
 756481
 808985
 210430
 246638
 360524
 206733
 213920
 225531
 1019893
 519978
 392879
 280174
 35671
 721564
 813423
 627580
 731998
 591238
 883379
 424879
 927486
 681119
 570954
 443068
 3185
 819789
 954609
 784704
 214284
 524383
 629450
 291296
 1036789
 222405
 836036
 127865
 8458
 610219
 749823
 74200
 469741
 98165
 654792
 411847
 453746
 507332
 390913
 574089
 823577
 352372
 88442
 952075
 444966
 114967
 21457
 60541
 244805
 422900
 853337
 944410
 722844
 460173
 555421
 138232
 186896
 765176
 985253
 818513
 234066
 1009495
 485759
 96220
 448114
 79107
 52475
 984694
 262809
 635503
 833084
 872278
 154537
 399911
 410636
 735705
 592272
 406953
 1094626
 287137
 191001
 671046
 1031661
 813312
 1070254
 584827
 856026
 449576
 421120
 792343
 8248
 528371
 632772
 566158
 795988
 928447
 691024
 943301
 442712
 306557
 635321
 10828
 403763
 443729
 338467
 442003
 480124
 980620
 917186
 190346
 47403
 430848
 496308
 1072686
 1076391
 245839
 629058
 721372
 968376
 669136
 49611
 40826
 893754
 623422
 23976
 986843
 339643
 118650
 786346
 609828
 449848
 547162
 473183
 168468
 1054077
 191384
 218167
 326581
 1088261
 398030
 93502
 216023
 800470
 946347
 1061018
 1032892
 984190
 51373
 75743
 657087
 1018364
 1085390
 86071
 220775
 773725
 660472
 486173
 403314
 891889
 510852
 281204
 940676
 843460
 1012910
 42318
 24210
 852630
 837735
 961971
 485434
 696185
 779973
 1086146
 927396
 689293
 952305
 404045
 1074528
 294310
 84687
 1053524
 265068
 326372
 829853
 263453
 562139
 609504
 89199
 644611
 1021021
 171345
 726748
 82469
 285284
 794697
 378122
 578159
 1020137
 522559
 267083
 1089657
 254186
 726485
 451739
 305940
 770005
 423890
 656516
 651108
 523352
 63537
 1037808
 779780
 906409
 1021407
 168383
 147060
 425827
 1088830
 11748
 145016
 905627
 384109
 331702
 279123
 276541
 656216
 218262
 420062
 188382
 396352
 106384
 766806
 1088320
 676729
 212492
 61161
 201373
 334162
 1005009
 440141
 549331
 26978
 297082
 56740
 111038
 783294
 880796
 126280
 108537
 729809
 186986
 449410
 524622
 624060
 31045
 69526
 356197
 69526
 937432
 321047
 350888
 676402
 709375
 44630
 614515
 831289
 45618
 1068721
 730558
 567111
 862696
 372512
 389474
 748943
 484045
 335008
 637502
 627128
 390563
 366871
 997505
 882126
 206540
 442134
 550105
 1034668
 481250
 46132
 522037
 266512
 552178
 928611
 89608
 966275
 811706
 960364
 339830
 739681
 188968
 327372
 948953
 180513
 312279
 291284
 192256
 604615
 464270
 407330
 947604
 38002
 301983
 84268
 503168
 1048366
 481252
 1073383
 692732
 36163
 260108
 948094
 449401
 771395
 26790
 224828
 1042847
 369865
 834677
 733423
 82497
 495382
 321252
 840865
 815738
 515643
 21162
 207309
 231669
 890714
 217055
 133644
 844437
 788807
 314931
 188719
 931458
 700992
 771888
 116253
 1014890
 762491
 159837
 311543
 892094
 600339
 67711
 649783
 1087859
 26155
 719176
 558461
 93780
 314992
 94238
 964681
 1079296
 1007367
 730773
 282397
 756081
 837995
 671256
 16813
 685877
 699479
 478938
 230415
 201048
 375068
 633889
 1059546
 877308
 345464
 102398
 37492
 60807
 1025319
 669356
 940959
 759144
 88520
 321075
 920126
 592515
 551337
 742810
 726775
 797093
 78844
 767902
 1019243
 836193
 145087
 738507
 1052409
 531999
 134988
 784648
 1079946
 1015670
 130561
 906170
 388850
 433531
 807472
 345904
 251728
 1061605
 865541
 798918
 60498
 710061
 764011
 120758
 174642
 456258
 781443
 89246
 966450
 78395
 356881
 971290
 828633
 396274
 263389
 1008795
 1003359
 158686
 32810
 136941
 163327
 1026021
 795936
 991210
 875496
 95465
 265525
 375458
 177198
 237869
 1049733
 849638
 86971
 1075843
 204905
 900018
 830664
 546106
 704717
 644436
 943445
 986194
 96313
 606801
 1024704
 848125
 670696
 1014722
 691439
 209773
 635743
 244955
 464889
 382461
 290770
 424941
 590027
 1005765
 517606
 478512
 307320
 822649
 263901
 914456
 1038771
 979267
 561672
 717811
 420100
 1033509
 934362
 1043531
 515651
 384744
 705135
 973412
 363070
 475995
 730622
 375028
 684902
 1040653
 448374
 591927
 1010977
 3639
 334796
 507777
 619668
 19908
 776588
 358583
 93137
 910651
 681369
 1068119
 125618
 24080
 208310
 780585
 646356
 564264
 317315
 720098
 317974
 260423
 487725
 990590
 932495
 226354
 945772
 567734
 256211
 916992
 862577
 492976
 900673
 394946
 745499
 412636
 1027301
 77943
 290886
 536294
 798974
 349740
 221755
 162990
 818050
 461839
 108435
 931158
 662666
 1004173
 182575
 522539
 688460
 930655
 678162
 777991
 543034
 93184
 226188
 500225
 136641
 348969
 394112
 1077082
 212941
 547383
 834508
 719598
 310045
 686967
 282755
 574500
 578100
 572048
 362803
 46958
 827945
 166578
 350219
 225425
 119427
 307827
 81588
 667317
 923391
 651244
 578583
 380176
 790075
 350501
 740189
 481536
 804878
 755690
 1063401
 734359
 79649
 274362
 601164
 525348
 337719
 147876
 234854
 312896
 242138
 918235
 526720
 152169
 1088932
 726789
 878419
 187792
 467883
 603255
 437212
 552109
 479888
 430007
 738029
 1030625
 487891
 119792
 669737
 718403
 1053645
 885678
 855139
 227358
 1060831
 726247
 860533
 70368
 448500
 827185
 388013
 66569
 2840
 192556
 625506
 197525
 1093353
 460180
 183863
 296930
 548334
 586245
 1033275
 837359
 165051
 830937
 11480
 851888
 55192
 773625
 319626
 438087
 262505
 1094094
 27467
 668560
 958036
 184949
 10189
 311299
 894644
 521867
 165809
 944574
 1021808
 559128
 772372
 921003
 755507
 207532
 552377
 891316
 1054428
 449784
 676831
 914922
 748444
 905531
 900054
 1077182
 1055457
 416400
 324512
 499037
 460555
 94578
 793799
 117593
 752698
 680523
 682295
 704278
 980091
 980016
 107834
 450542
 203313
 25996
 167185
 292838
 152509
 778294
 786056
 880554
 689875
 1055681
 225008
 44473
 277086
 13416
 997552
 531081
 993541
 605270
 4818
 96571
 1017424
 1054025
 884675
 425855
 14383
 348931
 764200
 524250
 65030
 719472
 252073
 159333
 449239
 823866
 732008
 150435
 765752
 1036861
 516050
 467505
 732565
 1009656
 942681
 295100
 751874
 61658
 55452
 845963
 783972
 308776
 114284
 271583
 32479
 768202
 146537
 840863
 1049345
 869606
 257360
 949872
 273554
 96460
 1027956
 955571
 182592
 731668
 1099103
 915260
 372207
 1028344
 594259
 580797
 292257
 718378
 773129
 1075415
 1084525
 432635
 484304
 794865
 87634
 702607
 390548
 222087
 250197
 834698
 92585
 429662
 79241
 463167
 720592
 106253
 1060775
 639750
 318937
 854391
 220152
 948031
 425750
 410635
 188424
 1066429
 983239
 267012
 880326
 844476
 713549
 11909
 558571
 829254
 369924
 724288
 147823
 335753
 42600
 311885
 942688
 233901
 838553
 340508
 305028
 199169
 402579
 940555
 384908
 129361
 49156
 209122
 853856
 879701
 848349
 169194
 118096
 98499
 16110
 625661
 702078
 1015081
 119209
 381905
 761835
 998572
 665653
 800659
 849168
 303301
 620650
 463689
 19318
 704608
 351276
 101577
 321132
 744901
 280531
 572692
 87795
 571524
 564737
 386955
 511464
 941236
 554133
 135680
 1047457
 322631
 248219
 874946
 171172
 394519
 207317
 351294
 897945
 991482
 202440
 529119
 714614
 612310
 12567
 504256
 502891
 457905
 277099
 414033
 340630
 38862
 134106
 959650
 1054705
 861466
 227516
 1017562
 134896
 1019071
 445148
 793555
 885366
 105801
 5261
 1004797
 651569
 632446
 841229
 692929
 882740
 242044
 301056
 826150
 47995
 663200
 150697
 124196
 916129
 314752
 271407
 615011
 938743
 638239
 678845
 1089956
 567277
 835738
 27280
 605974
 735035
 755219
 29076
 321481
 815904
 880573
 612358
 213756
 667698
 388173
 80342
 435354
 770534
 278558
 1083279
 370315
 948437
 535547
 127106
 114697
 860094
 1073931
 842963
 908347
 823727
 326629
 145846
 794910
 979620
 722645
 541435
 739987
 1031465
 489388
 511068
 694345
 927782
 604311
 863446
 291752
 959798
 47465
 1069516
 808350
 609918
 848329
 1025187
 706236
 600198
 1084454
 1031940
 906911
 275344
 829547
 708305
 856352
 622038
 312892
 72999
 71662
 115803
 190563
 301841
 691182
 217518
 567920
 853528
 355497
 281816
 611727
 897504
 802576
 222546
 70007
 142116
 499896
 362776
 379846
 871231
 502662
 317450
 87864
 149503
 117143
 928162
 81168
 1016165
 342658
 66334
 725034
 221288
 620308
 330506
 885892
 435029
 1053893
 951524
 76737
 151628
 970620
 502848
 729829
 383162
 847265
 429105
 851479
 383890
 142861
 510778
 31261
 780243
 687934
 767829
 670862
 973940
 736079
 905342
 13003
 328919
 307267
 507703
 780579
 1020412
 750981
 992416
 310888
 271400
 547310
 450033
 707085
 117124
 613954
 127268
 735928
 345384
 195095
 573391
 316903
 134543
 392580
 18808
 915573
 499423
 550789
 1037986
 105537
 706794
 500744
 935613
 328819
 297628
 894031
 511686
 443995
 106493
 53115
 261334
 9233
 3690
 1007685
 1084426
 429603
 923711
 28854
 1068884
 415387
 759986
 630300
 340138
 640098
 554101
 215270
 992980
 417469
 591892
 480423
 88675
 948762
 456080
 594228
 570032
 771092
 955477
 356736
 742885
 145008
 799678
 714772
 209303
 127340
 136115
 583657
 62332
 1019938
 92035
 81395
 446685
 723629
 443003
 753109
 518168
 797534
 635534
 1095379
 452133
 394719
 848273
 668675
 426107
 948875
 4575
 56027
 947611
 420395
 278375
 568114
 736551
 278715
 315018
 663244
 718580
 353803
 99314
 575701
 463469
 542238
 128917
 440656
 295735
 598011
 561574
 76816
 146100
 185678
 646490
 925216
 308340
 8376
 609285
 845361
 583173
 1083323
 83418
 415465
 310348
 353209
 1022735
 181587
 84991
 970044
 699334
 676840
 377435
 396490
 872157
 278571
 855453
 161272
 198813
 650598
 909521
 550898
 468844
 798141
 326663
 467216
 341780
 872735
 541134
 260912
 41391
 364721
 715107
 519297
 508270
 141521
 924713
 679649
 508740
 532025
 732862
 763754
 631075
 908966
 619084
 755756
 413028
 508678
 484485
 523932
 730656
 943619
 757672
 722005
 558948
 246859
 574430
 440774
 908644
 291611
 488294
 899621
 434261
 1006565
 596379
 738912
 470029
 527291
 941192
 618109
 781769
 755761
 123495
 393420
 618033
 134816
 873585
 183631
 302474
 548139
 114029
 465024
 913989
 778259
 254766
 189753
 76459
 629939
 188751
 1086201
 510381
 476506
 908543
 14647
 289992
 51226
 734036
 353714
 901380
 686318
 37743
 1043571
 518427
 540842
 99694
 489462
 155054
 284919
 67844
 912651
 13502
 970597
 21042
 975296
 360325
 482081
 686961
 474073
 1020826
 1077888
 542958
 665996
 573988
 883526
 940142
 197765
 664472
 434364
 584834
 429115
 149790
 118566
 975373
 467992
 1033623
 297110
 269629
 823175
 497593
 303086
 109808
 1082704
 21772
 963073
 199572
 483299
 51768
 139678
 277173
 938345
 1076976
 760869
 922545
 901791
 860321
 343064
 555581
 407643
 252862
 91013
 14587
 941673
 382276
 87829
 305784
 689678
 761557
 949054
 838151
 581732
 748011
 199225
 973458
 1040351
 837942
 1083472
 916583
 783327
 154469
 524213
 665153
 913911
 1028636
 909461
 363711
 777973
 151352
 223723
 493376
 738109
 446781
 577348
 576848
 512296
 732027
 1078654
 491147
 785300
 1016462
 1052793
 377958
 157298
 105446
 15737
 650764
 911967
 281823
 895404
 181097
 284359
 568078
 807711
 861373
 709191
 420996
 977310
 734281
 707625
 802482
 275040
 992228
 530283
 2842
 804223
 815176
 657055
 838273
 737608
 196161
 542126
 685201
 1090088
 948801
 174431
 316345
 365052
 351522
 214262
 954833
 601200
 976796
 180077
 1048209
 518398
 395366
 133657
 74746
 874469
 852415
 96797
 246089
 737608
 834653
 723433
 143523
 507076
 170217
 745499
 712183
 293094
 259918
 471235
 329078
 798214
 198466
 708885
 653367
 526532
 1005468
 359210
 827318
 441558
 460273
 199106
 304264
 353717
 674067
 1048158
 208642
 71781
 249861
 1078900
 341628
 486999
 793099
 770045
 674553
 955690
 1070532
 451552
 249454
 776437
 171034
 572189
 591665
 41812
 382647
 457228
 899756
 79073
 428757
 666403
 657773
 793157
 315374
 452214
 802428
 977214
 140056
 831514
 346353
 238025
 649393
 694891
 1034576
 1046223
 307197
 172671
 267904
 198831
 1000905
 766872
 204293
 80801
 579595
 995001
 792435
 876188
 934074
 794245
 744882
 509646
 209835
 430897
 797939
 845126
 88751
 20272
 992551
 84358
 924256
 347266
 563651
 905663
 740704
 822351
 422661
 1057790
 1054500
 702374
 385118
 1023325
 1006965
 986061
 428694
 1019996
 236621
 821052
 970491
 401667
 157689
 166307
 188230
 291995
 594092
 909587
 412795
 923980
 756501
 516974
 223576
 936477
 487771
 659903
 373271
 500959
 164376
 107865
 999623
 135160
 1056099
 1005733
 1024874
 518230
 314769
 219252
 839343
 833797
 84362
 135609
 444741
 51444
 279849
 153150
 502643
 974388
 193253
 849003
 14431
 734685
 81632
 487590
 648943
 329724
 931532
 989200
 712371
 597728
 862179
 475908
 605492
 118148
 610673
 128454
 312769
 861232
 318780
 42926
 1064153
 402190
 1005720
 448222
 708378
 328593
 280483
 7597
 82100
 534949
 907570
 210755
 799393
 386309
 535905
 909923
 341869
 140313
 1012172
 177739
 524157
 975492
 436460
 770888
 567231
 61699
 196338
 274666
 755538
 786622
 378684
 289466
 143412
 1036945
 179153
 261476
 65827
 105992
 819589
 553675
 823439
 131749
 295823
 200991
 351424
 120085
 883761
 301170
 39940
 144096
 417458
 134956
 101790
 511950
 23016
 368261
 586616
 768188
 343789
 903412
 584098
 403856
 1047508
 753070
 234878
 860027
 528007
 848561
 744649
 828690
 1039387
 432449
 942700
 1008974
 695441
 547684
 573244
 532665
 991960
 281178
 719032
 259822
 820630
 140428
 69599
 248040
 523470
 692546
 986358
 157195
 272385
 127019
 508253
 764611
 389370
 142527
 344634
 914827
 319159
 877746
 270690
 155747
 14556
 383030
 142780
 506155
 494832
 817566
 248779
 889246
 344193
 840574
 665050
 773814
 427504
 982440
 1099115
 4154
 690398
 368412
 969394
 108956
 191663
 495650
 354590
 729121
 20121
 1016198
 735722
 292627
 201591
 809713
 295224
 813743
 811540
 779092
 901757
 30797
 472444
 911880
 883773
 902225
 922370
 80072
 36394
 379831
 391478
 90029
 831966
 966310
 899059
 539739
 560565
 750673
 158345
 202212
 946731
 43716
 607863
 267263
 929891
 75942
 901963
 421584
 950916
 285043
 956604
 479151
 288188
 654997
 397623
 975408
 684679
 257160
 962449
 109766
 22953
 528851
 58359
 523906
 176037
 853939
 817561
 176775
 776188
 244223
 510308
 11887
 444146
 797975
 154745
 1002612
 792292
 559703
 1097250
 43614
 1033535
 1079640
 704456
 245900
 916653
 565678
 934067
 238951
 576588
 265856
 922134
 77165
 984382
 136204
 872616
 308729
 906449
 640034
 795877
 51035
 884532
 796582
 918744
 182089
 414553
 668976
 442057
 983599
 755319
 527479
 1071101
 803909
 629122
 753317
 96814
 1060488
 582426
