971705
 553579
 220548
 765554
 650559
 357153
 129798
 811136
 217435
 216464
 232682
 702338
 154773
 710057
 173382
 874369
 525195
 441857
 731488
 344201
 486711
 686667
 953348
 961438
 108254
 457990
 683937
 1081553
 31753
 272340
 877035
 451968
 28887
 641721
 753432
 655516
 111247
 271824
 539954
 1045313
 1071398
 238830
 305489
 178564
 1064738
 960232
 592571
 248933
 435180
 311511
 162169
 59326
 15433
 233116
 238791
 408956
 831220
 492100
 426642
 186493
 700335
 194683
 32892
 476255
 721866
 77916
 479474
 457414
 17804
 75748
 863930
 164962
 136671
 774165
 91607
 852380
 66649
 713382
 578993
 187366
 474400
 455340
 602430
 488737
 249997
 117238
 537480
 138938
 647435
 579501
 852015
 349219
 453078
 174824
 212374
 403819
 37326
 848030
 382613
 60898
 106400
 457255
 767249
 801577
 661072
 241115
 378930
 814410
 141865
 309330
 673634
 435811
 888210
 450709
 1073033
 614759
 144810
 58648
 710783
 123689
 113144
 449103
 327409
 747228
 526348
 920340
 255394
 875440
 827919
 201633
 741542
 988503
 372408
 947749
 404382
 890485
 530545
 72157
 676102
 834529
 963909
 526916
 748461
 287878
 543658
 173743
 130942
 932318
 1050107
 1015726
 1032554
 350377
 137964
 158162
 478366
 7141
 1043735
 591904
 1083826
 639392
 713992
 511934
 228732
 43494
 386520
 7467
 877328
 67854
 175610
 387712
 24152
 756519
 117879
 342152
 846099
 926325
 1069318
 857393
 516121
 285142
 925868
 706408
 317324
 965062
 907427
 1075469
 395699
 534164
 500798
 493199
 544258
 1002996
 807948
 663339
 961616
 612649
 923492
 788052
 552205
 345190
 60912
 290194
 858551
 375025
 688267
 682362
 840927
 488813
 521350
 233125
 405415
 1020692
 291680
 62714
 273970
 440875
 571527
 207265
 602284
 251104
 394082
 618648
 942794
 832811
 532783
 175057
 605762
 382254
 378890
 1055358
 936492
 40204
 129686
 777212
 756598
 464942
 245417
 109027
 633339
 253829
 246039
 568738
 306192
 397470
 987495
 413580
 573417
 328108
 564371
 943135
 1099457
 1083485
 825625
 325415
 641850
 96570
 74238
 647036
 871114
 187664
 786769
 381516
 1097937
 23409
 537113
 305284
 84340
 206562
 375519
 508937
 211708
 943406
 153726
 730477
 633203
 1020890
 752938
 396815
 964089
 352132
 653132
 653258
 940680
 116049
 805037
 280396
 494144
 118965
 541757
 53993
 602629
 612249
 339119
 490701
 595525
 694667
 718041
 183788
 437243
 734612
 428349
 629412
 75093
 371137
 506461
 579496
 951008
 130176
 805490
 324060
 456646
 725304
 365297
 1046055
 15350
 613485
 622159
 469991
 557062
 409521
 549308
 408900
 384331
 516514
 180349
 123233
 808762
 579190
 205671
 472141
 316096
 733040
 525116
 560450
 53509
 647025
 48349
 582378
 22653
 52703
 891545
 864228
 985444
 652997
 794777
 816458
 51068
 1058245
 899406
 496384
 572028
 762436
 499946
 1009071
 452748
 809959
 178404
 542806
 278664
 936718
 129003
 202660
 564358
 646392
 307514
 482174
 967183
 1050636
 75508
 386508
 331900
 1091179
 346895
 955600
 739154
 885136
 1073001
 284780
 554776
 12238
 601345
 275278
 851109
 964027
 370253
 455554
 197529
 678793
 55928
 140142
 549251
 554187
 177084
 160021
 642478
 1046835
 937351
 511747
 622967
 13476
 566461
 426798
 903371
 339159
 393646
 784509
 53344
 498391
 774763
 157953
 117364
 344891
 15770
 270794
 328138
 379706
 724691
 151130
 899451
 356734
 808388
 662080
 359090
 781692
 594334
 416967
 302331
 293318
 640900
 211785
 740712
 1820
 399400
 629267
 687704
 1020075
 881066
 603915
 359875
 360299
 354263
 419595
 519900
 371052
 952571
 994689
 918757
 380235
 1070484
 846737
 1008012
 550595
 302660
 751920
 131951
 870919
 766629
 531941
 905645
 708970
 41749
 69977
 964999
 573379
 606701
 30810
 168817
 308508
 201491
 312948
 239532
 215578
 93732
 682461
 171126
 167745
 303973
 952543
 385271
 684197
 656493
 463241
 1008267
 102173
 501918
 461414
 257671
 208192
 983647
 631379
 1016691
 744373
 1099620
 86535
 654346
 1006639
 552735
 566061
 449247
 306611
 1098942
 340176
 924652
 167960
 781908
 332818
 1006606
 975008
 788467
 240569
 153027
 175713
 95672
 664735
 661015
 1066035
 920669
 812456
 1058937
 26631
 292012
 744882
 758573
 332454
 86454
 303330
 271442
 554621
 651792
 998172
 575435
 575301
 857464
 792129
 85907
 366833
 1099533
 762825
 137839
 936125
 778372
 1016934
 257451
 581736
 1030740
 400763
 289730
 14274
 225905
 102014
 697687
 359473
 1085376
 296150
 340326
 972799
 106722
 316805
 805446
 338659
 236210
 833319
 1099536
 252421
 41819
 288737
 803446
 748005
 958965
 1074035
 567188
 851021
 171933
 750705
 369422
 816865
 850732
 960363
 955601
 302761
 65905
 622147
 58064
 612043
 905415
 664368
 339472
 880101
 22565
 628521
 93558
 1052627
 148579
 781591
 325792
 287906
 895834
 1045741
 273619
 427666
 212541
 394529
 545043
 616623
 628847
 1027812
 819595
 50250
 375529
 145952
 309363
 143151
 125427
 551243
 900406
 659559
 985339
 201418
 135698
 590490
 554626
 1077398
 926375
 212520
 392142
 1002283
 190510
 82911
 106134
 392034
 784866
 136377
 279012
 225497
 226895
 390188
 7437
 805174
 673403
 345394
 265367
 813972
 358841
 344190
 455552
 594272
 266221
 101440
 1090009
 958398
 426142
 448166
 202963
 618343
 348596
 54526
 406855
 944209
 621746
 352167
 1061994
 411269
 240116
 958268
 286887
 558963
 992579
 184152
 161304
 90418
 260065
 997957
 641955
 416243
 1073788
 25129
 422390
 215088
 112742
 767078
 720162
 310043
 650211
 679534
 871228
 636423
 609091
 922837
 1000826
 221754
 214955
 234544
 349027
 1082623
 742154
 15481
 1040503
 751258
 165906
 184437
 630400
 537082
 1095253
 20111
 278815
 600823
 618179
 888399
 180575
 953699
 157638
 821720
 606140
 576060
 419368
 260666
 833889
 593634
 134364
 1360
 640375
 122793
 832242
 597944
 623563
 562693
 659426
 160082
 418086
 287279
 144685
 638681
 244806
 90973
 784610
 720657
 968717
 54251
 1046318
 599592
 924234
 152623
 239374
 644347
 898262
 67567
 1060847
 959235
 930798
 1003002
 421932
 1098839
 855433
 246512
 450489
 650026
 37251
 916539
 52780
 30619
 1002253
 1017230
 39482
 560848
 1010961
 332358
 219211
 801050
 147967
 740480
 868898
 841630
 308322
 142645
 238553
 191197
 516092
 301210
 82783
 610400
 44082
 544181
 418683
 723947
 733625
 538091
 768048
 305245
 534267
 357434
 273971
 742750
 322211
 28096
 21697
 688949
 299707
 167462
 385095
 42727
 447785
 440894
 73121
 794358
 381166
 568714
 840433
 105725
 373880
 190171
 237897
 574119
 1010859
 548511
 775956
 945278
 18
 640442
 832282
 716204
 216429
 449551
 970788
 931500
 288151
 718252
 44290
 247117
 629824
 722489
 954238
 862873
 287359
 769242
 579390
 1041726
 219275
 57028
 505653
 267932
 110908
 311582
 367397
 293864
 816312
 1050021
 707222
 1077358
 906471
 436393
 960737
 852270
 376750
 434947
 1043100
 755559
 311504
 133531
 90369
 194300
 273439
 553249
 681321
 168730
 871296
 213871
 878886
 19928
 985188
 1087789
 413038
 1065287
 229829
 464818
 114469
 860160
 766682
 646781
 549914
 104352
 293741
 1042215
 467674
 1093244
 298199
 844231
 216791
 234017
 232763
 196339
 672522
 1097187
 434007
 119572
 520571
 62099
 1058116
 101823
 353355
 466936
 869293
 54646
 313730
 862698
 646591
 49179
 1098696
 823532
 378588
 499562
 510061
 676753
 1012409
 560530
 140992
 734616
 335578
 422700
 898185
 191940
 147033
 110262
 568112
 280549
 422672
 966826
 52851
 70188
 190142
 439781
 564368
 298176
 316307
 602345
 496684
 426365
 154722
 1041143
 679683
 492553
 8550
 680453
 1033746
 471505
 552131
 40638
 129223
 945474
 459932
 375702
 726047
 817477
 976760
 893636
 1018930
 268700
 919505
 315628
 995588
 465765
 592320
 1059067
 699586
 260924
 521107
 852703
 1016469
 950231
 848746
 323621
 808210
 1082119
 275635
 588113
 675749
 648604
 752249
 616546
 707114
 339409
 837875
 548449
 806220
 196597
 337995
 749693
 428278
 489836
 801770
 948658
 474706
 677321
 590879
 334751
 21774
 69985
 252592
 394043
 220961
 6280
 985660
 789555
 250353
 759287
 691237
 253106
 708935
 965909
 668004
 162901
 825051
 58508
 647087
 230791
 515677
 848792
 645545
 500374
 821757
 1092513
 391316
 636300
 844940
 872496
 773181
 594536
 883855
 498583
 18481
 829480
 983901
 160029
 553587
 5359
 27616
 1031068
 342723
 165279
 239878
 741731
 9757
 1013101
 720931
 478548
 653706
 505849
 1025408
 316644
 156057
 861055
 920098
 475955
 671993
 651743
 450207
 900030
 70296
 93780
 358599
 531015
 713869
 423396
 784981
 761856
 1038054
 1026926
 644734
 121286
 1019880
 275745
 163487
 1012557
 419100
 476611
 357109
 322324
 55198
 243431
 779663
 524831
 403561
 693582
 245347
 254408
 681968
 805254
 823159
 160703
 750463
 1008554
 150357
 1057347
 67212
 747326
 192407
 762824
 175125
 529618
 696
 194357
 1014296
 171046
 66219
 306094
 986014
 720321
 527148
 617698
 520120
 71733
 628678
 480508
 695798
 1083400
 130360
 716814
 496408
 378055
 939929
 715171
 56575
 976505
 564423
 298269
 116085
 842984
 905940
 307196
 800021
 749323
 215666
 246978
 362600
 1008011
 394819
 738728
 334306
 695079
 838006
 474214
 1088935
 262406
 961940
 830681
 974156
 1080513
 139011
 23305
 417014
 296240
 867376
 295230
 859728
 179428
 222410
 92484
 979714
 263899
 89829
 827637
 551921
 43670
 1053965
 525183
 780615
 132546
 501395
 61949
 127566
 930576
 240824
 572526
 240000
 308414
 263276
 1027339
 668424
 905842
 415570
 55071
 907842
 208533
 38085
 782649
 872403
 562
 206697
 951805
 961057
 807517
 271051
 896759
 798932
 1028581
 269447
 873562
 357353
 1081443
 562352
 781436
 1091555
 139736
 214834
 1012270
 558018
 278968
 865770
 650088
 613733
 963673
 531156
 632499
 959255
 47122
 408453
 289639
 450224
 751278
 262946
 572068
 234691
 538573
 366648
 1017498
 1059741
 109663
 198923
 930196
 1051303
 788775
 441197
 732305
 230629
 797874
 84221
 167318
 949520
 33858
 580109
 1079747
 613216
 922521
 295475
 636419
 743025
 207818
 491836
 431455
 709431
 295972
 486037
 916079
 29718
 821909
 203073
 1048041
 1044
 656007
 752551
 912257
 88099
 502788
 140632
 241516
 295048
 1080312
 278866
 19702
 660765
 491120
 432016
 203723
 764175
 31044
 937922
 571230
 1072460
 1082218
 688652
 682441
 314637
 65106
 976953
 320420
 1084138
 858577
 867516
 974689
 711073
 745270
 951778
 97555
 420810
 257910
 516463
 790480
 172508
 371363
 857265
 779388
 727109
 1035747
 1094146
 130005
 663547
 884503
 137100
 244284
 623220
 273610
 691691
 950644
 451230
 320201
 617717
 972738
 157214
 177906
 1089331
 829745
 341274
 369254
 926108
 1082143
 1037335
 614498
 193280
 267409
 694237
 362689
 376986
 1046537
 15023
 310952
 887953
 545
 529372
 198269
 849628
 213484
 549415
 673687
 437210
 358924
 752195
 779566
 316254
 122072
 922815
 946536
 540697
 856700
 417621
 1093543
 10378
 735661
 300534
 129872
 93914
 818103
 872880
 769952
 498722
 162811
 594921
 52583
 595420
 345077
 778818
 753751
 821448
 386852
 1096469
 456199
 853769
 90400
 792756
 354264
 393930
 12908
 48964
 671510
 226346
 136052
 1079314
 808748
 864329
 20127
 843279
 138489
 187038
 425270
 539269
 140847
 434095
 773919
 872028
 968041
 816715
 87891
 601629
 706263
 939249
 896064
 8370
 882840
 862494
 125207
 540641
 449281
 154022
 293978
 108640
 1053154
 259114
 880505
 870151
 39465
 554155
 883211
 181702
 35081
 576055
 934415
 73931
 58283
 1016644
 423671
 99820
 472567
 841763
 386750
 882058
 267121
 620595
 336097
 774163
 1080964
 31808
 494837
 274422
 459331
 61193
 368568
 1098133
 1032827
 648592
 972038
 853341
 764411
 923521
 643162
 86531
 1012820
 882622
 567524
 1077586
 686411
 635213
 632165
 408561
 496640
 8716
 557292
 1028324
 671612
 561760
 747306
 633611
 91503
 933781
 142924
 350808
 526471
 682526
 787971
 855846
 777167
 286121
 764839
 882020
 529296
 28258
 880807
 24630
 342409
 547620
 636323
 569955
 991059
 1067107
 1085390
 699742
 612627
 860818
 862865
 316410
 42594
 240808
 558558
 82117
 739599
 8502
 168480
 545560
 407651
 722304
 232056
 42948
 889624
 487247
 706259
 477130
 926452
 614330
 578785
 868697
 1099437
 32382
 336365
 422386
 963871
 674164
 17277
 478146
 177302
 703116
 839792
 650941
 768023
 214130
 575621
 580853
 187034
 915284
 490471
 728196
 194960
 196504
 160322
 87557
 667816
 121331
 165390
 351366
 120180
 715640
 1026104
 509056
 634369
 285226
 1052063
 149950
 985061
 840624
 951508
 83926
 84511
 876170
 256361
 602641
 1086276
 914969
 37530
 875768
 938665
 36713
 318608
 1074518
 605719
 147096
 444131
 276041
 854485
 30222
 970319
 997125
 734441
 560935
 983596
 435461
 560639
 412119
 626594
 564279
 6698
 80675
 369163
 553833
 259654
 999540
 759956
 27963
 181671
 789331
 423045
 635452
 1014444
 581842
 852670
 89721
 1002455
 1054655
 623077
 839148
 19135
 213972
 799631
 592322
 971790
 963067
 875308
 934179
 851402
 170619
 1026090
 186887
 957197
 735581
 364910
 229030
 223877
 973582
 897733
 1041297
 941643
 20775
 28174
 535703
 20683
 497682
 438857
 146224
 473604
 560421
 978454
 204764
 640500
 535819
 1067781
 763016
 584783
 1058419
 468631
 519322
 253591
 144256
 289636
 924528
 236736
 583942
 358801
 74472
 635617
 955912
 414439
 976391
 250695
 548498
 969814
 658481
 726693
 924117
 949761
 961722
 33625
 50717
 143019
 1037069
 285654
 711478
 741905
 848330
 310431
 210939
 41043
 507097
 860479
 880307
 737613
 514575
 749996
 420612
 38306
 614881
 387914
 974428
 718879
 379684
 567154
 157605
 298027
 392914
 984798
 764732
 308245
 282472
 782470
 798723
 468744
 709348
 799045
 28693
 642716
 710506
 476801
 792071
 675224
 367062
 842728
 225439
 704571
 787973
 862867
 732795
 557208
 137311
 406776
 102053
 664571
 334704
 553321
 386951
 345044
 575823
 198965
 885318
 598306
 1014455
 854535
 414626
 799829
 168486
 940150
 64085
 379930
 287984
 339072
 89880
 678614
 113504
 110442
 763145
 611604
 892532
 672031
 337544
 675754
 73697
 426688
 998427
 134230
 400233
 548440
 607477
 839814
 578625
 450388
 707906
 621468
 104410
 701341
 95859
 1012412
 940999
 1009136
 93309
 990623
 942513
 945738
 803225
 821389
 141489
 328176
 1069548
 781390
 948515
 1013939
 800598
 937740
 242562
 465095
 180783
 91110
 483538
 929576
 734204
 300772
 1015584
 108259
 674871
 972487
 288165
 341395
 586104
 753711
 925242
 530640
 1032450
 291683
 176116
 1066537
 489982
 449121
 366651
 134706
 838634
 679334
 726274
 377547
 596838
 835333
 100131
 1015128
 593000
 665933
 35456
 1037353
 982152
 557311
 750750
 792987
 136819
 763140
 1098468
 61845
 461574
 609117
 467344
 965797
 945294
 673565
 618452
 557572
 759432
 565867
 460597
 599276
 631135
 538262
 843191
 880626
 436853
 788483
 723907
 306223
 871640
 50775
 240524
 595679
 1082719
 825309
 180626
 923580
 391109
 989460
 646335
 654878
 82012
 921730
 908340
 57078
 937959
 127104
 35621
 746331
 93280
 111523
 822411
 1090613
 208328
 192242
 814067
 141043
 1050398
 1067838
 214023
 307837
 557914
 713785
 439160
 439774
 71953
 809641
 1032933
 14410
 437275
 635070
 577966
 548812
 724137
 1034649
 582703
 880728
 427523
 560714
 736407
 532288
 342263
 472152
 771021
 391039
 555255
 873273
 287510
 763334
 182097
 855180
 709761
 247642
 727432
 991626
 709776
 969649
 296805
 597352
 583656
 961329
 1039031
 684022
 1074682
 309576
 561440
 804625
 895627
 341098
 926945
 758280
 916867
 1056604
 107701
 190735
 663415
 910889
 920178
 618662
 771875
 562102
 196813
 1064329
 83088
 1041958
 668776
 606528
 1077684
 909169
 269117
 347263
 711989
 396937
 131256
 940512
 827677
 441902
 43252
 940329
 107936
 621602
 463422
 942990
 296887
 447431
 790353
 442432
 469755
 845833
 891227
 309221
 273704
 307623
 188688
 908864
 1070883
 963622
 226566
 1034927
 444292
 2401
 783214
 428572
 1039134
 620091
 467285
 884686
 685817
 883054
 880661
 877071
 371068
 639214
 930210
 57431
 42644
 174962
 263065
 295991
 241302
 40618
 1065274
 203128
 743910
 890214
 365009
 190626
 109937
 675230
 612995
 389056
 1064796
 830456
 232491
 50341
 143458
 769336
 727037
 6033
 514469
 553259
 287940
 396015
 1088125
 600324
 78332
 711763
 1043988
 214684
 1045192
 1011903
 702924
 886227
 991136
 1083090
 985387
 640822
 328506
 618433
 8739
 827701
 208867
 1035242
 811849
 64036
 352919
 69304
 103551
 607136
 960933
 519362
 670984
 475287
 1001463
 185836
 362158
 720553
 664870
 70899
 690264
 107324
 574036
 217251
 119963
 262094
 670677
 1007066
 1015996
 931570
 34758
 622438
 712256
 99735
 909367
 126543
 352379
 751659
 20025
 556675
 767430
 113800
 779833
 571673
 463237
 1533
 331194
 522203
 785475
 325651
 374992
 413179
 963297
 248185
 656299
 405656
 556774
 200789
 167353
 105318
 384756
 429949
 826307
 1024243
 919060
 296973
 326486
 121429
 451508
 331627
 441078
 392992
 706913
 1068158
 776501
 478085
 379934
 788341
 318008
 203573
 646411
 222925
 995003
 703628
 728993
 381247
 829486
 714309
 891572
 49555
 109024
 171168
 931679
 249053
 600873
 972652
 574039
 306335
 471181
 661634
 327455
 469240
 908525
 793427
 411624
 428194
 712507
 319304
 754453
 392490
 723907
 154997
 85181
 855418
 294785
 858773
 669087
 957308
 653171
 685465
 665030
 99342
 211711
 81758
 871203
 621060
 912750
 524881
 171139
 696218
 745542
 265331
 1074291
 403762
 35050
 135772
 964759
 98743
 529515
 933192
 533425
 581310
 334983
 989744
 919205
 781251
 621923
 595556
 456592
 369539
 278513
 375966
 12420
 1091285
 1816
 550821
 816852
 456552
 935477
 349219
 188910
 1067385
 426930
 99701
 685847
 718314
 331799
 582953
 910938
 1029128
 90105
 581727
 766004
 788633
 985433
 130334
 428753
 61014
 400165
 878728
 490343
 1068471
 489545
 57364
 716881
 61024
 463038
 72712
 596083
 773359
 406867
 169831
 147824
 108942
 317830
 510652
 792824
 152360
 96109
 828900
 313215
 158310
 934382
 447763
 220415
 905914
 327727
 910575
 942377
 474912
 220289
 795007
 769858
 227894
 898762
 1012528
 342863
 131650
 646821
 602744
 261933
 75552
 61991
 587076
 835089
 541874
 486531
 1083341
 1013486
 950814
 298111
 970793
 970422
 956474
 287913
 200185
 807517
 408491
 56177
 182121
 51692
 904115
 1097987
 1088376
 445742
 59366
 619590
 353249
 971419
 162875
 468918
 331490
 38603
 156510
 362677
 707283
 275521
 374200
 944610
 904209
 1047927
 712619
 86530
 11961
 822035
 418553
 760002
 732230
 385383
 125526
 331711
 628639
 162223
 16515
 905461
 611700
 734853
 22671
 376804
 392634
 927802
 127867
 1054527
 576225
 665066
 109426
 945021
 244999
 281534
 168386
 1042023
 28007
 228506
 533740
 398297
 1099543
 414239
 755135
 247344
 586973
 135720
 708553
 882407
 306346
 715304
 798820
 673104
 897949
 385242
 922698
 311898
 61339
 1034982
 99326
 280542
 533622
 1048088
 620895
 760244
 1090970
 74972
 561771
 777166
 471688
 837297
 942192
 339178
 871277
 372745
 910750
 174868
 1010503
 986996
 832342
 847461
 740594
 300282
 331854
 969347
 612801
 90173
 55309
 525091
 330833
 122159
 1031068
 834818
 908115
 581360
 158529
 136867
 416517
 234819
 392029
 779163
 965426
 606850
 883806
 557577
 868572
 504111
 82107
 26264
 138785
 965374
 147676
 896996
 244737
 837726
 230790
 874505
 833023
 598436
 980159
 412840
 453723
 114079
 743225
 276561
 190154
 173165
 543159
 584200
 890780
 753307
 53139
 858945
 1045135
 707972
 89885
 735673
 76685
 631940
 940910
 1098838
 111062
 304288
 984860
 382049
 531368
 969319
 1018623
 383046
 788686
 80367
 843355
 804220
 742424
 182474
 203129
 125595
 1040689
 1087892
 124125
 65003
 744221
 15279
 923650
 190898
 752880
 81265
 633452
 455279
 110340
 420844
 639992
 525296
 614624
 930683
 549838
 327674
 746211
 249205
 1026672
 90853
 699544
 527508
 1084142
 257977
 669486
 1079046
 544772
 518134
 777440
 156107
 633635
 957806
 251639
 519127
 456149
 301264
 85418
 211856
 492279
 300014
 216846
 561307
 1023291
 287740
 772887
 728970
 718200
 320500
 343694
 741105
 620166
 694256
 91004
 1070144
 124585
 258770
 243613
 404519
 1054829
 380211
 1041220
 316489
 851568
 110660
 699183
 575127
 856098
 413550
 992017
 322680
 871374
 438556
 59508
 466412
 126020
 412468
 471216
 934697
 778900
 50947
 416516
 357995
 154551
 1033965
 264653
 660592
 419231
 214594
 45055
 95522
 158279
 742493
 734919
 24946
 511054
 945724
 515687
 1002165
 353791
 1028294
 418099
 215922
 1080718
 1067744
 67451
 139947
 199892
 465325
 384589
 379101
 381975
 942729
 429633
 9336
 87912
 682164
 965626
 287646
 94606
 509626
 351329
 29164
 371437
 557173
 148901
 947389
 338278
 80157
 1086059
 950604
 524442
 132693
 103798
 995815
 1066120
 299815
 566808
 1014930
 940336
 790597
 273497
 547512
 504206
 456094
 766702
 229910
 758773
 946005
 187067
 247556
 275197
 1050902
 338065
 273072
 908825
 753399
 336198
 785406
 571679
 828687
 592547
 568836
 476776
 222384
 583596
 1093572
 1015908
 564220
 986126
 540401
 21570
 107903
 712905
 603408
 176626
 524608
 147051
 965144
 78188
 306326
 278208
 276305
 821437
 202803
 49378
 684085
 329484
 296084
 664645
 689175
 461237
 850935
 549631
 237393
 1020646
 538689
 78980
 583996
 797407
 340925
 1045190
 451252
 133414
 334784
 284659
 704042
 442747
 750923
 103966
 822185
 70000
 1024099
 709733
 166808
 785258
 801077
 709176
 133439
 913995
 753047
 366166
 712102
 138550
 871853
 994588
 1044594
 398292
 1070381
 678658
 713334
 599908
 945892
 434807
 601844
 36963
 529899
 948840
 111439
 402279
 116895
 736694
 788679
 823483
 1031222
 1030074
 521168
 92465
 42428
 971142
 1097588
 994507
 956245
 561351
 89330
 1070633
 1045205
 436209
 925606
 341311
 173097
 733940
 280151
 294883
 164167
 269993
 189808
 531798
 947224
 933245
 326514
 1040830
 270925
 189174
 118151
 738634
 469596
 264452
 458047
 268174
 1032182
 673397
 757338
 974810
 521103
 561813
 299803
 30340
 623820
 282748
 809466
 36595
 875483
 187267
 902815
 603772
 768372
 1014594
 945268
 147032
 1087341
 764723
 268107
 997509
 117272
 269420
 226256
 489406
 483295
 112127
 1058352
 131326
 243306
 522964
 805868
 551856
 896567
 638039
 816673
 1025575
 835656
 444200
 731691
 502668
 863329
 926978
 564597
 723037
 241062
 691974
 474635
 565457
 28783
 522288
 978613
 959756
 363712
 951718
 477419
 1060251
 479494
 237624
 615099
 853905
 823743
 142707
 235732
 212305
 121842
 981369
 622092
 938907
 1009814
 851104
 270517
 412202
 1082627
 447160
 305134
 676269
 943826
 455705
 920030
 573942
 911669
 28913
 479940
 759155
 252632
 419403
 344337
 673456
 54645
 308888
 199387
 1097363
 589923
 268980
 97637
 469340
 798365
 452065
 494156
 368621
 538418
 727806
 148687
 840676
 704875
 977536
 385657
 972168
 847113
 508474
 875545
 13598
 107789
 946773
 612997
 366073
 185305
 252159
 635563
 859348
 461223
 244799
 693764
 771396
 364034
 620119
 626341
 98988
 992673
 40971
 744348
 316305
 739550
 561791
 710835
 541489
 810966
 376495
 197784
 997131
 463191
 421253
 939949
 249123
 407233
 854886
 1056015
 603457
 114904
 619951
 774246
 398012
 102755
 798205
 21088
 168291
 384959
 1031195
 807210
 580255
 6956
 189659
 739074
 348856
 899205
 648117
 1022931
 1022438
 662091
 150461
 653998
 864977
 715665
 728208
 855467
 396895
 844589
 342124
 734030
 295523
 871608
 478042
 1021317
 319516
 857802
 1065257
 154821
 1035520
 769001
 1042934
 644255
 574455
 900923
 1068247
 180848
 501445
 889812
 54465
 401865
 93374
 697678
 221626
 679728
 963116
 169198
 354129
 412709
 522409
 29785
 781628
 3281
 773665
 664482
 690910
 1038125
 102512
 234909
 500998
 237363
 259797
 718695
 555831
 568992
 99337
 770224
 283641
 1055334
 492027
 188012
 776608
 73653
 947102
 1097973
 943582
 283379
 309592
 839949
 176159
 1098583
 98108
 701210
 859446
 374499
 643877
 139220
 919060
 350427
 731209
 826931
 605687
 708054
 368542
 1084086
 875707
 516891
 866247
 846195
 177368
 637498
 72520
 437204
 542978
 323859
 320720
 359876
 640747
 621041
 459806
 288576
 331773
 200776
 1084252
 297767
 854013
 198049
 1036892
 431823
 801364
 1075541
 935383
 549843
 805856
 778523
 810480
 132345
 132914
 780517
 151096
 90110
 907630
 856277
 463882
 758305
 402713
 761952
 186237
 1064432
 1081731
 212456
 780348
 216212
 248799
 978351
 491182
 583512
 559765
 379512
 87983
 499101
 368262
 359523
 1078746
 597576
 752774
 778365
 393730
 125475
 276545
 121573
 549104
 541646
 62710
 470528
 631504
 365114
 44243
 1012861
 307785
 368544
 299004
 663161
 598411
 743475
 287245
 956543
 459681
 484670
 28223
 79328
 290572
 734185
 431666
 616981
 722861
 1076632
 118673
 189068
 922697
 134196
 409348
 766054
 206106
 196907
 229137
 1013052
 1098456
 474871
 987073
 1030529
 369513
 331096
 103632
 253643
 310617
 67420
 821394
 942023
 812165
 61173
 633379
 636119
 634718
 223947
 690561
 840381
 106560
 602780
 460947
 764094
 13630
 544122
 836157
 793031
 219653
 32418
 272481
 912693
 580520
 173854
 222850
 1065767
 194178
 715559
 755153
 880546
 676500
 552728
 261870
 394888
 656817
 978300
 1065011
 695747
 601492
 389207
 642062
 786185
 190550
 710652
 1023850
 632812
 255376
 902315
 179000
 1056138
 257778
 211436
 406098
 875739
 92634
 422502
 610682
 71045
 991456
 721660
 1091716
 742323
 961807
 1041147
 310067
 335562
 593623
 590074
 458522
 820287
 62460
 1076464
 804225
 131451
 201592
 543941
 23205
 220640
 307276
 26423
 503059
 703987
 1058003
 933749
 342159
 1081092
 261663
 612260
 366898
 910799
 376489
 416145
 701106
 217839
 738387
 861986
 957851
 36430
 534882
 704420
 35339
 647109
 454731
 757018
 613019
 597152
 171936
 256365
 669716
 325827
 804090
 1025540
 250096
 353279
 1047051
 583571
 361048
 215298
 949343
 769337
 842124
 883596
 522063
 502965
 577279
 1333
 25685
 442119
 513237
 613312
 912882
 504545
 481551
 452585
 20141
 714945
 522831
 19278
 715417
 804196
 30032
 700266
 94731
 893223
 78205
 440318
 979544
 64314
 582035
 323712
 907872
 20832
 70422
 739335
 595024
 1034790
 1066230
 25818
 256429
 441252
 507709
 660344
 616984
 1039784
 1043353
 451812
 1078064
 67482
 364070
 697193
 932901
 968143
 1062862
 915441
 506530
 365550
 289206
 440938
 303402
 338177
 389032
 654200
 921272
 512259
 172816
 902579
 752200
 464675
 838111
 1091483
 515535
 362402
 753007
 1051343
 990974
 852342
 160607
 491432
 656662
 927051
 827462
 594459
 964163
 248421
 168626
 725167
 1086427
 407564
 658384
 48839
 647164
 268958
 419738
 815597
 1066758
 397598
 897764
 690281
 606604
 655689
 691725
 939206
 342684
 294608
 268275
 1048849
 54364
 847128
 204173
 229097
 60700
 766177
 14015
 275469
 160196
 1064881
 284601
 80141
 314008
 70864
 615840
 731055
 587858
 581198
 977894
 986777
 282795
 61069
 420656
 235752
 319170
 688584
 524233
 103266
 612992
 30584
 1026104
 69730
 643777
 384421
 783228
 439991
 1056415
 720556
 692805
 181613
 474922
 209873
 1099735
 534943
 1672
 834323
 528483
 230105
 436622
 345484
 345592
 552008
 591667
 1006329
 117294
 519078
 958178
 777839
 210696
 410830
 541824
 657662
 748514
 734669
 98098
 474879
 371368
 26155
 874606
 1071364
 729266
 890997
 118510
 604135
 714460
 610915
 226173
 290504
 885353
 859107
 877852
 1086729
 676614
 570041
 922927
 897362
 300850
 766284
 1024811
 936075
 153341
 388043
 202670
 407339
 244491
 740603
 1077878
 538074
 409855
 998046
 1034306
 480761
 760187
 869624
 21280
 865456
 832839
 833670
 304575
 243276
 731836
 139501
 29738
 1091993
 407216
 493468
 1034917
 567884
 306636
 490328
 96003
 192828
 439691
 765341
 184585
 822785
 119529
 704371
 450816
 954606
 584065
 1045126
 1050297
 272580
 906890
 711194
 269521
 38299
 737450
 114688
 322595
 1094608
 402701
 1024278
 94922
 166520
 525459
 1065842
 194934
 239372
 448370
 871922
 56223
 396101
 433829
 891070
 882881
 817679
 752506
 701282
 1019038
 245319
 3046
 1086205
 1076554
 722012
 341819
 184299
 1083548
 686989
 308365
 196016
 1050776
 865767
 357700
 783353
 43376
 157267
 395501
 624389
 820390
 405586
 452522
 763978
 837320
 585227
 778551
 1052097
 807781
 570764
 638637
 1083690
 48781
 27271
 101901
 447516
 1007999
 354603
 399511
 506998
 224155
 426195
 1012538
 377721
 538187
 305384
 152513
 192765
 127726
 843724
 591143
 881160
 1005288
 54566
 366925
 777856
 528198
 742222
 781139
 546509
 41020
 13799
 379654
 497497
 34338
 991851
 8881
 734716
 837230
 538194
 405704
 292908
 763978
 659787
 487559
 268020
 1013095
 392310
 120386
 817405
 987152
 537248
 790213
 329930
 1054070
 162698
 68998
 576241
 1055194
 171855
 207450
 79656
 1034565
 928982
 375428
 645026
 120067
 984478
 228075
 669724
 408475
 376245
 558389
 1081080
 156770
 995418
 587550
 11946
 738522
 1052831
 275171
 1011853
 611206
 173720
 113489
 614926
 778955
 69340
 682651
 834380
 1097726
 459300
 542388
 1039200
 863014
 52939
 670359
 270687
 33124
 856889
 342476
 506688
 63341
 22591
 301190
 272495
 595582
 152297
 772330
 508695
 343224
 665958
 825015
 104027
 200125
 760436
 933760
 1093543
 276726
 130989
 496033
 308934
 794123
 607296
 931457
 431320
 135889
 819411
 838355
 463245
 728412
 509843
 84643
 779974
 849927
 265067
 859304
 938045
 134086
 9599
 122635
 635187
 223635
 329781
 952696
 492972
 96445
 835137
 1096219
 229842
 444985
 988469
 802181
 15496
 7316
 41704
 306168
 680009
 725342
 271267
 782746
 1037522
 1033231
 855295
 422184
 599282
 25464
 661881
 828303
 208502
 600780
 69987
 1098833
 637902
 624162
 713298
 418969
 1067975
 652280
 335426
 1023029
 224269
 968575
 628271
 330923
 966034
 518185
 67138
 855183
 146899
 76538
 552555
 734693
 623314
 937845
 448959
 972432
 904979
 887427
 873210
 64544
 1022800
 626298
 933379
 965384
 737670
 329861
 799304
 255335
 587460
 655796
 1079703
 562942
 229142
 57132
 763845
 877423
 398978
 419324
 183584
 595800
 761429
 1074479
 782209
 420141
 37603
 1079309
 531718
 516101
 996338
 235873
 623542
 303174
 806125
 443251
 618816
 597733
 234361
 254024
 646774
 18535
 497531
 688242
 857587
 399977
 101656
 560169
 392081
 982176
 30578
 283532
 609642
 932440
 1014362
 23736
 504312
 77313
 313043
 752889
 830031
 529346
 26222
 835774
 197795
 466490
 316532
 538153
 357075
 9255
 714255
 739475
 886423
 959885
 519193
 1010233
 664394
 367216
 659694
 1081859
 66940
 141051
 954483
 978721
 682348
 253989
 618262
 159552
 1071327
 471966
 1016377
 659200
 583244
 721657
 439256
 596631
 658674
 236673
 600316
 474896
 25359
 502725
 48216
 176303
 286021
 928288
 1054820
 630498
 87207
 744914
 110510
 838955
 268899
 989488
 1000088
 108773
 1054470
 647112
 623268
 617244
 938300
 688762
 96665
 752745
 421972
 470183
 904746
 1051576
 838819
 146685
 421445
 247711
 329742
 255752
 258944
 177225
 455051
 425951
 1078625
 247597
 456293
 904744
 571388
 507333
 184317
 1000476
 43992
 524206
 351555
 476559
 991859
 879291
 79071
 834544
 354201
 331594
 980210
 297123
 266922
 1064246
 569186
 324803
 1020378
 665645
 715960
 649578
 137456
 164433
 109043
 805740
 28388
 577778
 637879
 554218
 133148
 680657
 627568
 483781
 71613
 589991
 825928
 725597
 738305
 455944
 724481
 1082540
 738086
 174229
 781137
 561620
 870701
 698795
 661384
 824619
 850996
 966244
 51343
 1092188
 1078962
 1029641
 967579
 188322
 498613
 30139
 1080709
 204244
 605697
 401382
 962546
 629319
 603918
 287322
 468822
 780097
 552559
 869779
 322268
 612102
 56384
 940110
 549688
 1012317
 251497
 528944
 1060998
 437990
 372517
 608925
 568835
 75139
 748811
 679807
 986348
 409212
 811116
 105602
 694086
 1097371
 993415
 706006
 1076830
 317920
 492069
 947448
 216648
 942848
 177156
 475398
 572399
 339826
 36971
 727479
 918274
 416215
 553799
 562256
 381108
 321401
 948359
 665891
 743855
 395523
 378070
 746989
 1090801
 735014
 161643
 1055305
 1086904
 328712
 504210
 767449
 982265
 287579
 659822
 184841
 753855
 1080502
 587196
 510663
 103457
 137616
 370068
 538395
 308967
 692572
 385887
 830318
 605025
 246919
 9247
 85863
 347933
 597505
 870433
 307852
 374187
 710602
 25182
 129613
 1029523
 25334
 115511
 712947
 236235
 228290
 373233
 231544
 433401
 962929
 797937
 11257
 976147
 794476
 201039
 408440
 717862
 552359
 673999
 1016422
 720307
 735905
 874892
 753981
 507641
 236495
 515638
 516100
 157674
 88748
 704364
 392868
 244356
 430892
 165430
 1022612
 647514
 875830
 522490
 963721
 397782
 549740
 725039
 503217
 385999
 454761
 906090
 144153
 441193
 31457
 633631
 46159
 995325
 86252
 325857
 1004724
 302787
 93823
 681454
 163858
 854882
 470724
 729172
 24874
 883235
 128564
 429517
 472210
 812849
 780984
 946714
 548791
 190554
 561264
 590090
 1050774
 829894
 281075
 930076
 555181
 691492
 879084
 742504
 36296
 1071656
 291421
 884316
 239593
 96563
 1090014
 520425
 749852
 792985
 574917
 882943
 1008298
 933883
 422880
 352177
 613784
 725379
 141970
 219781
 640471
 96410
 1083606
 262304
 336295
 1088333
 22792
 69458
 469184
 381810
 1095933
 262163
 993828
 476329
 99279
 335042
 198312
 973873
 791238
 158784
 17472
 336342
 715437
 699956
 522680
 747091
 877569
 499570
 813042
 988284
 188694
 298186
 984912
 14482
 204417
 948315
 194751
 967268
 1016007
 443248
 850507
 503242
 245230
 293715
 517438
 1006190
 569082
 705855
 184301
 276814
 206102
 1071697
 478925
 479323
 282552
 986388
 1082441
 136798
 1021894
 192470
 18548
 978794
 61554
 320451
 835533
 627235
 644008
 901788
 870418
 195060
 326550
 914910
 134559
 983804
 739026
 222478
 312668
 511550
 995685
 816590
 276535
 348702
 279254
 915501
 1087449
 459558
 396161
 58183
 881907
 197354
 585641
 341816
 259185
 533773
 321555
 772015
 599911
 1004254
 376356
 295500
 474223
 424403
 32644
 225285
 480897
 107230
 829520
 69307
 382624
 884029
 626150
 1045944
 131447
 137362
 567439
 651523
 848750
 383343
 408696
 1002357
 244419
 38855
 170883
 458997
 992046
 842750
 841142
 951737
 420895
 409437
 1086483
 1051196
 788804
 197389
 82472
 552495
 17856
 917530
 657991
 974139
 1040831
 461227
 362903
 786584
 930076
 1014333
 945935
 648760
 724759
 987021
 1059800
 942074
 366633
 808332
 138039
 886017
 800932
 226352
 911590
 658150
 877745
 858603
 335126
 465153
 197295
 819123
 373624
 939834
 844790
 49283
 501494
 807981
 1066477
 585534
 518258
 646638
 1008598
 284954
 186091
 635153
 39044
 678421
 644144
 495563
 277021
 1033118
 769219
 725780
 212918
 25438
 405913
 837408
 954388
 610393
 22394
 135084
 509904
 717043
 630951
 438413
 573465
 658516
 680686
 176827
 1040003
 485211
 979178
 431557
 779590
 1058505
 694112
 519061
 944685
 268596
 502427
 756141
 8018
 763186
 783619
 872208
 864693
 80092
 399295
 219025
 1017841
 102530
 613064
 396308
 738333
 445907
 848886
 139523
 605190
 490449
 80254
 310110
 456373
 526425
 295765
 704331
 320528
 194869
 573868
 812957
 124325
 491384
 997724
 651107
 745441
 65406
 1057385
 808546
 114593
 608190
 32515
 1070919
 1046944
 375560
 585139
 724010
 343058
 4638
 778121
 1071079
 30382
 795877
 678566
 155034
 419622
 676328
 837543
 451607
 1079656
 169052
 480319
 797562
 300004
 997203
 303751
 879861
 671930
 713739
 917530
 923630
 1097633
 577821
 200537
 1021593
 776788
 239751
 869324
 896728
 82888
 442625
 725963
 658309
 754435
 469652
 981249
 510333
 930938
 985733
 979949
 11992
 205429
 46996
 56412
 809900
 664350
 789402
 42564
 611705
 1087663
 635607
 584999
 696256
 161121
 1054178
 240626
 103033
 438524
 450026
 444280
 11690
 230515
 170253
 74377
 1060129
 827301
 183378
 611762
 290566
 1062562
 238329
 576542
 973207
 450975
 156299
 232156
 734046
 80838
 853626
 678230
 69756
 21765
 822508
 407097
 945673
 466051
 146973
 30279
 123067
 687538
 215272
 634411
 467224
 508071
 183960
 609408
 921197
 914911
 537200
 992432
 397663
 830065
 1016291
 546670
 645
 413164
 610345
 547514
 574174
 394963
 1028607
 471670
 898174
 730213
 227113
 1087491
 309936
 102304
 295931
 700789
 542091
 772746
 1079193
 620890
 647916
 6324
 556708
 771547
 244956
 183737
 630550
 680793
 64254
 125495
 791451
 777782
 239357
 371301
 1058082
 503159
 1032924
 210975
 38331
 416875
 11273
 1086590
 442289
 472978
 979944
 926736
 72149
 368858
 717727
 116676
 491094
 1028430
 946493
 868206
 238746
 215141
 105705
 855195
 593705
 663635
 427658
 571103
 757582
 1051886
 61482
 494095
 635535
 480830
 587807
 453868
 459869
 867841
 619959
 282594
 8516
 505672
 265512
 716092
 324487
 917241
 695766
 149306
 442035
 235984
 404260
 371506
 256378
 404328
 722838
 594346
 521418
 981815
 1076167
 700979
 189361
 474927
 314946
 155761
 242262
 283787
 624902
 437617
 633239
 923266
 114695
 1050182
 55097
 262730
 304971
 417119
 483681
 566496
 938926
 141658
 192259
 352975
 681998
 616430
 401621
 302768
 355530
 955071
 291543
 8369
 145573
 646992
 38193
 11803
 985738
 1061684
 672821
 93862
 246173
 772936
 729569
 1009202
 321025
 767625
 552003
 455359
 903584
 1099988
 556975
 845174
 19125
 348033
 900596
 443782
 975465
 145888
 307026
 640182
 396219
 146324
 404468
 461366
 91572
 952558
 846729
 867414
 377504
 633783
 358804
 71664
 1085784
 713214
 905516
 150246
 1093057
 361210
 98539
 846593
 184603
 994970
 180352
 907652
 355517
 848823
 786772
 712728
 696130
 556255
 1083976
 20909
 1000783
 324675
 155216
 435886
 449800
 117619
 189451
 1070160
 595583
 485041
 177713
 202521
 940743
 303087
 470026
 1006961
 698046
 894442
 585670
 689598
 127590
 679835
 900866
 894764
 694153
 736529
 153049
 988593
 213721
 943039
 848536
 309044
 381925
 368048
 499468
 1079361
 472744
 794542
 798065
 208918
 567223
 925542
 1058467
 990803
 890000
 750937
 511630
 430907
 239341
 501661
 701521
 437758
 83964
 505405
 849224
 412806
 847703
 198454
 722295
 566098
 1065008
 985349
 762731
 182987
 1003729
 144183
 869015
 95810
 790115
 596369
 729036
 469414
 225215
 752648
 943473
 257454
 859954
 868395
 788487
 586976
 11901
 663416
 155757
 164724
 757674
 911843
 561441
 806381
 853051
 323567
 957429
 155711
 912754
 919096
 394459
 130331
 1074416
 1003858
 933193
 77688
 520868
 560099
 117229
 964226
 145049
 11948
 601118
 270427
 194831
 535658
 95390
 518186
 253727
 310350
 571409
 720744
 358715
 527804
 232026
 530664
 511947
 232179
 357061
 1070375
 941333
 6910
 908497
 430000
 700573
 457794
 990913
 198506
 688941
 600837
 775360
 708289
 418479
 163032
 687569
 353213
 962124
 607520
 138388
 589237
 568049
 226528
 182080
 562506
 896994
 780583
 368496
 867983
 351719
 628050
 325173
 1099355
 306634
 52329
 43274
 701514
 132372
 641017
 732551
 349155
 507006
 471064
 905181
 391463
 955626
 577383
 440790
 268558
 598335
 777760
 1086683
 362305
 696339
 551561
 884423
 1084885
 966349
 301116
 648759
 231578
 837069
 196602
 866141
 1059890
 603931
 591538
 913189
 943065
 304581
 239058
 674428
 317763
 853602
 959695
 659053
 999921
 886028
 402166
 708969
 562634
 927212
 3950
 955408
 834726
 420233
 324437
 1041247
 390232
 847535
 326515
 361554
 1013356
 709568
 210352
 332117
 727326
 236393
 552435
 202278
 482140
 196276
 412405
 526124
 481303
 1043795
 400462
 1039145
 586499
 29359
 1002116
 511094
 609848
 789382
 365458
 971178
 542311
 89514
 488171
 72254
 572167
 461457
 278107
 351727
 296797
 721329
 923871
 858563
 68366
 511432
 457782
 651624
 41456
 891135
 548936
 706491
 612424
 821801
 942439
 571245
 821180
 655443
 669689
 209939
 387249
 824457
 458156
 288311
 102675
 200545
 474230
 452372
 318339
 527489
 487433
 619056
 528781
 164874
 677115
 991018
 393504
 617335
 667427
 418266
 195701
 672362
 823257
 31222
 317587
 241686
 541732
 341417
 620713
 881009
 70724
 14959
 126506
 158834
 79765
 62508
 204621
 21078
 219482
 998043
 959319
 194333
 135825
 1070647
 791493
 633179
 1011297
 1028069
 223192
 294175
 293956
 707606
 531590
 459374
 458752
 259949
 405949
 674860
 98208
 530282
 983770
 711427
 302507
 770149
 222138
 514795
 78960
 1015501
 708559
 1098851
 242430
 82155
 820255
 789855
 486984
 989932
 1056148
 594815
 389139
 812419
 986291
 1025146
 692239
 120643
 574256
 605567
 457776
 856764
 228786
 301038
 908614
 316763
 654384
 194727
 886923
 243019
 812880
 946857
 617910
 456507
 232762
 663484
 745892
 762769
 964758
 790671
 900277
 933994
 787256
 61580
 755685
 1027664
 992838
 656865
 172887
 662652
 161978
 928615
 963992
 856643
 41653
 80210
 320636
 489243
 38957
 798931
 629220
 400513
 771838
 949168
 884279
 1009819
 74537
 1096100
 1043625
 195181
 1004862
 382953
 454961
 945426
 414796
 934841
 750324
 733455
 836540
 1091105
 826267
 393365
 976678
 782683
 576309
 200310
 139898
 380410
 476206
 362882
 882194
 465879
 832507
 551017
 648309
 304339
 886293
 983016
 165627
 484322
 638348
 285291
 229383
 616533
 298793
 740820
 242077
 939925
 911284
 793872
 863964
 236399
 291939
 853771
 96361
 464349
 255802
 279180
 565110
 479180
 521152
 177229
 159436
 708070
 670317
 498348
 279637
 277183
 282207
 815659
 429334
 888179
 57476
 440857
 1002664
 222760
 41027
 824064
 663651
 609249
 14506
 431831
 248254
 922121
 1077437
 630427
 112124
 909953
 273111
 758185
 653835
 655857
 765179
 264812
 1054190
 85149
 981580
 1015674
 494900
 96087
 996597
 553707
 1015086
 933311
 735742
 633774
 767879
 211140
 126023
 385668
 971845
 922141
 8446
 322117
 97675
 200105
 973112
 163420
 10649
 220511
 723839
 939306
 238110
 253612
 201554
 53612
 78666
 1050769
 299426
 820387
 413866
 142423
 172767
 1081770
 775539
 512729
 341994
 1050180
 563715
 446629
 983128
 205827
 908002
 275217
 853921
 1022597
 947839
 752856
 1006660
 644671
 219839
 208948
 746415
 1085950
 510794
 917652
 27956
 1094882
 741303
 656339
 892919
 55103
 144018
 394006
 728945
 211940
 130565
 799585
 860498
 1047246
 969037
 103983
 926769
 535154
 1086589
 280968
 422437
 568031
 129168
 129117
 6431
 384461
 978405
 704571
 803766
 185717
 991243
 491022
 322765
 72104
 349061
 114413
 611753
 82004
 528385
 901090
 910948
 244322
 269172
 1064489
 789948
 1046659
 544512
 259843
 390884
 954100
 1083108
 116228
 363549
 721144
 796493
 262732
 556555
 391322
 581749
 986162
 346602
 557981
 694524
 744547
 1005473
 399148
 366827
 517336
 778753
 115815
 969037
 227057
 646859
 811359
 938468
 691929
 477995
 994064
 965101
 830681
 705683
 453985
 893134
 678795
 326670
 671392
 88188
 178961
 189107
 896478
 608299
 116699
 1080506
 402482
 347300
 682397
 621620
 723371
 480427
 611007
 744949
 369752
 683243
 509643
 918229
 139635
 957113
 398142
 969258
 755377
 951426
 150690
 354883
 832101
 108302
 869978
 757529
 796007
 447587
 905604
 593315
 219696
 1024828
 459215
 952978
 416534
 235082
 403991
 1055211
 368220
 609174
 620385
 546367
 723040
 48348
 407005
 970787
 678055
 397663
 837310
 378955
 886385
 927730
 460387
 729396
 163848
 293054
 792464
 528734
 146113
 599106
 1024012
 933128
 406656
 204827
 94168
 970802
 302308
 142415
 402977
 684342
 1060623
 629164
 324674
 436140
 495950
 939248
 1069492
 715936
 63374
 405732
 827751
 778340
 634109
 422848
 671348
 157263
 855981
 701216
 490735
 332101
 916234
 1066437
 668578
 573358
 535875
 605730
 1030921
 238774
 238375
 632586
 134614
 98187
 749943
 764737
 676012
 795863
 379819
 183388
 346799
 513389
 937248
 938805
 137813
 1071055
 644775
 706242
 338290
 548736
 826222
 536215
 348368
 786242
 895583
 447355
 370300
 776126
 956073
 914866
 107868
 396776
 681337
 22820
 2521
 854876
 88816
 288774
 352943
 986290
 779847
 291362
 187733
 406248
 555857
 525567
 555030
 733296
 1007905
 93313
 442350
 782160
 89466
 516276
 485118
 634226
 130622
 943122
 6190
 1014464
 558853
 5764
 911044
 938611
 1013322
 742938
 772388
 1026742
 53130
 769985
 685672
 875139
 391464
 52173
 122743
 766926
 561031
 759070
 261643
 371762
 394310
 944028
 160826
 102818
 1006195
 37635
 330069
 493932
 331156
 375217
 562870
 665005
 94542
 48303
 688359
 872208
 318010
 851207
 312275
 595881
 836687
 704424
 211174
 1090235
 293364
 402377
 29572
 704084
 187694
 916446
 362489
 464265
 204666
 72532
 36313
 133835
 534340
 93631
 557997
 267895
 952382
 369745
 338273
 313420
 1007953
 769748
 696637
 1020568
 38030
 752127
 3066
 780816
 353485
 813062
 186362
 49506
 978461
 856352
 577803
 713605
 542351
 703000
 477310
 194503
 507751
 338205
 87749
 91860
 1026104
 637083
 189357
 867823
 575327
 804810
 96706
 700642
 184444
 997562
 872957
 354015
 862279
 182587
 134711
 226644
 642315
 573757
 1035020
 207822
 539659
 1010437
 726777
 101184
 593218
 419942
 853505
 523106
 324284
 458007
 948527
 813617
 888581
 851858
 401885
 1051240
 729104
 646241
 715605
 1004253
 455203
 321682
 813718
 514370
 603963
 574004
 199579
 544611
 684964
 15533
 973847
 792442
 55286
 534145
 973975
 411393
 957691
 4930
 737840
 433262
 1058181
 590187
 101998
 509231
 292999
 1013145
 694932
 58269
 278702
 388756
 433231
 489203
 217550
 149105
 692262
 1090521
 143395
 169985
 1043698
 37833
 965258
 232379
 180558
 631530
 64910
 404139
 713787
 924628
 680502
 781750
 454392
 830125
 529395
 533617
 736945
 673986
 488302
 1082542
 387887
 253589
 75625
 237107
 433593
 768612
 603605
 565777
 1046748
 33665
 14420
 354316
 71272
 613058
 260816
 139920
 997330
 23669
 27433
 52578
 274958
 229726
 49765
 570029
 169848
 783189
 1088235
 863050
 389885
 1035605
 1073479
 488435
 1020967
 90664
 226221
 130774
 40702
 609158
 69651
 586492
 958102
 212153
 123054
 996460
 214735
 682869
 168171
 907791
 620755
 525794
 1086250
 337236
 476937
 277476
 68353
 2857
 1036237
 334514
 470529
 898527
 214794
 467354
 540546
 605829
 606832
 567379
 457087
 466894
 682126
 502292
 679509
 495185
 513609
 281252
 155169
 207506
 716264
 203133
 864713
 776621
 143788
 491832
 502149
 530210
 231083
 648895
 382436
 532669
 715787
 459852
 344666
 255556
 450988
 117413
 1030888
 417665
 107903
 724066
 442854
 660876
 916654
 477733
 1041889
 397250
 802696
 311866
 841958
 408285
 794983
 89968
 394116
 1003103
 386004
 317808
 269028
 959340
 756001
 1031875
 962761
 263357
 296224
 110572
 640372
 496104
 331938
 627973
 308029
 878259
 767096
 53656
 171196
 346826
 248245
 686607
 959232
 764959
 1048774
 54437
 86757
 81804
 156623
 246978
 445861
 595508
 396464
 796449
 132319
 78981
 615960
 789417
 214900
 913384
 100182
 532709
 81612
 110143
 449808
 788770
 727739
 661199
 192230
 829669
 819664
 27897
 70894
 723004
 970231
 1011446
 144255
 642525
 925971
 859894
 710320
 866699
 79701
 925237
 347054
 549930
 325517
 397879
 870830
 947980
 613947
 554275
 1050763
 11043
 785610
 518745
 548037
 264804
 425112
 1051539
 330158
 163312
 315050
 975134
 501659
 464130
 43703
 196145
 417751
 317244
 165290
 639806
 442092
 536874
 296746
 367047
 65116
 168593
 1091470
 829876
 489895
 1024184
 361113
 558577
 572324
 699033
 28285
 819899
 169803
 247920
 667666
 91059
 434725
 45504
 197862
 236213
 784379
 610697
 438059
 136276
 781523
 258985
 914782
 445838
 271980
 811467
 651066
 729373
 40205
 198025
 212223
 837586
 1059401
 1084163
 364550
 420766
 10127
 665352
 871870
 796446
 581756
 233682
 1012395
 1016856
 794100
 869568
 587550
 912581
 990540
 21428
 516332
 1090431
 606356
 86342
 297034
 709060
 296255
 265274
 10853
 1024483
 389468
 898755
 747590
 467697
 693259
 403271
 236281
 379856
 480662
 630627
 1040441
 770540
 240074
 261531
 295045
 436488
 658776
 947563
 374361
 1096753
 429066
 772108
 263694
 839341
 165742
 548908
 883499
 663705
 727285
 292032
 502580
 309885
 320563
 629719
 121028
 619492
 139812
 738797
 858282
 126780
 413307
 1044407
 200133
 792054
 442464
 398200
 630877
 62760
 981447
 304769
 511172
 167282
 713219
 632584
 628657
 342272
 817124
 818472
 433939
 150032
 314285
 1012079
 280369
 694060
 923998
 501917
 1053193
 189126
 768411
 661490
 434059
 929397
 779515
 90048
 10884
 742950
 462220
 468729
 434722
 434850
 924056
 891310
 761638
 460712
 152360
 728175
 659806
 1016258
 655577
 200496
 553500
 359929
 208848
 605613
 143643
 584909
 820401
 880925
 379266
 970251
 98153
 352171
 349485
 1052610
 901538
 194371
 363456
 917879
 311798
 1000943
 413920
 529856
 1059227
 633743
 358988
 77560
 579905
 209895
 561529
 611874
 711760
 49432
 231797
 423274
 911
 325188
 607695
 1089575
 960848
 397639
 819411
 70594
 468257
 860029
 199633
 315663
 785134
 254277
 412354
 100437
 555882
 1031086
 856751
 589843
 481977
 666616
 1035969
 227823
 70678
 273743
 623971
 871785
 76535
 138678
 1059910
 646847
 940422
 595922
 443940
 528626
 1006863
 124795
 610537
 467712
 888442
 486000
 478341
 943822
 86148
 346122
 970729
 42908
 1048470
 771094
 256086
 807796
 991563
 952695
 95056
 382331
 465654
 104971
 94481
 495257
 484436
 401502
 4355
 535278
 696710
 213184
 312260
 915558
 687415
 784158
 40289
 947069
 747054
 824532
 1065423
 363242
 842015
 484619
 142351
 91686
 4942
 1075997
 231257
 574497
 174084
 1005650
 780704
 425085
 83233
 598450
 980619
 336265
 515400
 515986
 607482
 280803
 356732
 377684
 31891
 22733
 104690
 224012
 668125
 358738
 1038045
 178894
 240459
 247114
 758718
 286374
 619742
 786625
 649767
 366525
 655397
 383770
 18671
 684456
 321561
 510295
 805739
 1031276
 390459
 275830
 432063
 207675
 679055
 201867
 14466
 262397
 22649
 357678
 41128
 1002643
 270026
 183675
 274860
 414525
 635647
 73770
 224169
 78257
 417285
 383179
 337403
 511796
 1033553
 576180
 352469
 502971
 1001565
 778849
 297568
 846200
 721465
 460170
 897939
 534653
 399035
 400465
 892150
 487185
 1046739
 128159
 91791
 743913
 535921
 744685
 455846
 311185
 804397
 482681
 563743
 133205
 395546
 392535
 852777
 465565
 689048
 441995
 535553
 687245
 139093
 21201
 283873
 14089
 66206
 1014179
 30113
 868102
 1096902
 564778
 364500
 634127
 1016169
 471591
 57808
 397496
 737449
 428626
 250976
 618345
 1077937
 523152
 602768
 268788
 794423
 854614
 807896
 84970
 518924
 321692
 1088575
 446364
 593994
 76371
 682099
 62389
 946143
 1011863
 836668
 129355
 789461
 34508
 367433
 130098
 331207
 255656
 94090
 157371
 870951
 100642
 579989
 472950
 397296
 510560
 971662
 1049838
 393154
 483507
 45735
 697932
 441069
 97849
 87681
 352337
 582174
 718206
 593365
 186358
 857870
 404033
 875340
 551979
 67891
 819151
 1054359
 439747
 1073552
 504592
 163211
 895286
 179380
 321596
 220565
 664773
 162993
 877461
 777325
 856585
 445427
 147690
 147378
 640773
 1093739
 84764
 217772
 253416
 531959
 1087558
 570913
 420212
 78245
 264234
 258664
 224624
 221835
 692514
 267591
 808276
 159938
 524872
 239603
 3990
 1083922
 259701
 591591
 504840
 813347
 32828
 1086940
 334148
 578577
 514552
 770822
 345807
 649360
 528842
 480556
 1092809
 983930
 841138
 102301
 780226
 295956
 413541
 523599
 245338
 630449
 978088
 987331
 143669
 391707
 1096995
 509059
 360037
 937260
 1003237
 849651
 370825
 408935
 410814
 930846
 876708
 681986
 475779
 749205
 1075862
 775241
 679974
 317466
 621526
 983733
 364663
 70552
 1053659
 960690
 456454
 865150
 55061
 872819
 827836
 985503
 206939
 291944
 144929
 420925
 265591
 844198
 935411
 1041269
 275270
 384867
 524273
 475426
 535612
 158744
 498481
 158779
 916993
 769584
 884935
 97878
 549195
 812419
 559370
 235377
 887602
 480718
 446619
 1076540
 24999
 384988
 377271
 638748
 355391
 752971
 772591
 895625
 877699
 883408
 153616
 206266
 248376
 693158
 233700
 464937
 990292
 1002710
 848623
 776413
 1005614
 88751
 915158
 346926
 725644
 741231
 361430
 712946
 100699
 714679
 186703
 1047840
 412947
 297442
 22288
 363786
 680826
 647282
 590902
 666122
 959434
 937918
 415169
 374178
 977769
 291143
 684937
 311520
 284502
 642882
 497811
 674428
 359894
 742245
 733187
 374354
 251083
 876505
 426115
 1079112
 715086
 68405
 574343
 545212
 892263
 1063518
 622827
 752972
 766909
 944092
 509639
 979456
 446142
 627175
 400943
 369601
 737569
 415596
 408514
 891147
 790057
 673051
 675854
 1084384
 130643
 273961
 304330
 360221
 760241
 314034
 1016049
 692387
 1018081
 118257
 618217
 291586
 881591
 904075
 904400
 637974
 987043
 472229
 863918
 677629
 593057
 959889
 1065614
 965273
 789870
 650285
 548827
 943900
 843577
 686673
 259339
 974736
 237232
 803820
 560390
 722163
 1076368
 152947
 500256
 172933
 23749
 334019
 422078
 997488
 430491
 155916
 749489
 950957
 767374
 1057021
 1057527
 1036240
 384851
 960008
 1068483
 402249
 877323
 101580
 128709
 774585
 854946
 994135
 528112
 617240
 993903
 9035
 562879
 693910
 227890
 324763
 572368
 156333
 1092366
 893952
 997521
 250670
 648627
 568713
 918133
 67768
 710960
 610835
 649864
 902904
 1066849
 41821
 365537
 382814
 1055495
 39682
 488354
 249199
 509577
 269497
 942550
 690360
 708322
 861264
 839374
 435758
 889158
 265251
 1050728
 131229
 53276
 853332
 832737
 601869
 722597
 361873
 178851
 741363
 1075983
 1055069
 642426
 683681
 1037776
 362224
 108550
 435133
 7910
 199761
 868038
 864655
 260680
 444319
 971201
 96260
 766747
 993031
 881459
 713141
 154928
 178568
 595237
 226074
 5190
 621899
 543260
 105830
 400977
 435210
 627545
 742870
 618328
 342921
 968630
 963784
 905465
 220156
 1096780
 405050
 1001026
 453598
 691452
 134653
 483414
 192558
 527412
 508134
 71037
 1025555
 693417
 284072
 121542
 439093
 642249
 639135
 1012617
 613964
 59589
 1017314
 242018
 162527
 239221
 247699
 10017
 894532
 95141
 947933
 190783
 828305
 239877
 321593
 541686
 829874
 33562
 912412
 202460
 1072344
 611615
 289040
 767189
 976618
 996222
 184431
 955845
 1097441
 709826
 514292
 868241
 299711
 913852
 548017
 607045
 720594
 129879
 1024540
 117889
 666633
 666948
 1098057
 105364
 1072356
 1029967
 816283
 826449
 111840
 921489
 173433
 431866
 613788
 569372
 418149
 767519
 390434
 294590
 542830
 226787
 815351
 192145
 1035099
 457967
 575571
 485954
 937316
 225243
 1092883
 411730
 897084
 432418
 996292
 844002
 642123
 543254
 210040
 712271
 820294
 318878
 121980
 351294
 1045041
 909560
 835507
 1025204
 472757
 964210
 202271
 967501
 358490
 773880
 959132
 43351
 918005
 425077
 188772
 864299
 855034
 742528
 875037
 161517
 385873
 696499
 593634
 788198
 928071
 99990
 287829
 195533
 561467
 1004730
 379873
 743072
 809717
 1032432
 58056
 181745
 714557
 201922
 870699
 1034433
 247587
 903695
 109847
 932933
 569452
 716482
 208983
 397908
 558449
 669779
 639409
 977595
 638317
 940591
 87994
 998568
 903965
 224914
 238803
 851872
 18796
 131035
 227569
 880361
 314362
 927424
 726920
 54872
 26844
 879626
 60255
 397399
 877361
 682411
 317158
 89190
 799365
 1069159
 729724
 480251
 910201
 380886
 1064895
 1027858
 75966
 230679
 303838
 1472
 858789
 908626
 923553
 142975
 685940
 816002
 901925
 978277
 442676
 222014
 337961
 637096
 282036
 534246
 100166
 168453
 698733
 1010608
 1085411
 1093125
 921905
 936222
 473919
 935212
 173210
 1991
 956823
 313957
 60104
 526662
 479004
 625723
 269403
 644046
 436428
 138407
 663113
 396637
 77201
 933018
 55372
 1095384
 485331
 967740
 1660
 502616
 304185
 794676
 250142
 480513
 783863
 662719
 1008139
 384285
 13143
 302197
 285715
 783491
 749253
 265211
 1045221
 952421
 939268
 889621
 393962
 1003174
 152324
 277976
 762740
 1030761
 735296
 528487
 204435
 209981
 1070545
 304420
 858
 716598
 241223
 994691
 112784
 110167
 205686
 961756
 732016
 878286
 516376
 89290
 378648
 205923
 1091934
 757041
 673511
 216569
 432663
 320964
 31660
 225468
 85334
 551532
 837363
 1086609
 192248
 72447
 328603
 888098
 320828
 923903
 261532
 1090178
 107627
 835599
 591189
 1012751
 253357
 557192
 958323
 349183
 753376
 301911
 539971
 690488
 282909
 690352
 1066271
 907235
 371233
 61621
 562098
 435860
 1070259
 384121
 612564
 979910
 799281
 1053388
 790769
 1033632
 980713
 932963
 657240
 134944
 561250
 1012442
 858006
 597752
 1052035
 534741
 799248
 1042617
 465811
 682515
 285483
 122235
 175220
 706006
 1312
 399510
 95932
 610071
 611799
 169142
 968206
 370757
 381824
 1003227
 694496
 430311
 86966
 954403
 926089
 1046802
 428250
 86142
 488097
 813736
 140299
 834971
 351953
 332776
 359658
 435253
 945157
 834761
 292957
 740754
 728564
 490361
 217328
 1028149
 372419
 947859
 515634
 150016
 762502
 448821
 591655
 541595
 326023
 321554
 591802
 581446
 537160
 278703
 809077
 381747
 553161
 804675
 1054828
 235366
 69485
 233857
 335879
 932297
 1058464
 255361
 383467
 381221
 204954
 267721
 929267
 386160
 875931
 824988
 237915
 541883
 518373
 42089
 657290
 520380
 513456
 163005
 650787
 806154
 79257
 488381
 138428
 716591
 370122
 582278
 664888
 143840
 311018
 173237
 191996
 335495
 470321
 862890
 106659
 1094844
 1078421
 303716
 346337
 862685
 653362
 925281
 275528
 567825
 248967
 799125
 209977
 856419
 774040
 947968
 737499
 848257
 457499
 76104
 848880
 1010278
 377497
 263133
 12696
 956221
 293687
 197506
 535488
 1010276
 738512
 904744
 961030
 321501
 904694
 43838
 1038541
 239528
 19158
 575009
 91946
 363168
 478992
 347044
 1063062
 83191
 98509
 307055
 240924
 223653
 537103
 163597
 54993
 1063896
 534848
 744225
 40802
 858948
 512739
 1052884
 486603
 409040
 969374
 934382
 943847
 252249
 496182
 131319
 216566
 151857
 165808
 776986
 602083
 928334
 346219
 20232
 230976
 937194
 559360
 385672
 651938
 232518
 852813
 601343
 1003497
 1015579
 113308
 599879
 576415
 1097974
 1032355
 373318
 478626
 698387
 864383
 104220
 916591
 738489
 3034
 1019965
 800768
 664111
 701791
 464587
 833305
 546636
 859283
 816467
 697677
 1004237
 652830
 849285
 113505
 44181
 33027
 263648
 136053
 1037278
 761273
 200841
 374024
 231322
 929633
 124437
 847073
 143500
 711413
 957618
 879471
 935726
 556464
 950283
 102446
 633348
 632564
 408096
 662245
 992839
 549426
 531247
 372242
 835469
 837592
 391375
 689593
 755997
 116076
 519527
 381884
 246308
 223545
 315237
 346523
 1091816
 780268
 491318
 23008
 974323
 178851
 544995
 607305
 577554
 873986
 84185
 134403
 617661
 128161
 573027
 712262
 67849
 891930
 847832
 520997
 409031
 265778
 842232
 261841
 940874
 499412
 60393
 461317
 437749
 928583
 508610
 116731
 494646
 207860
 646489
 187065
 352073
 952721
 397247
 731886
 877220
 696584
 421357
 143136
 482914
 145979
 513868
 1090674
 466178
 551531
 868951
 116322
 283460
 246505
 806737
 951050
 30654
 199480
 702268
 257617
 606318
 76548
 1026196
 198094
 608657
 224585
 825459
 113145
 370530
 694471
 470753
 480225
 984272
 909973
 775532
 406894
 711285
 317777
 298609
 724216
 293105
 365833
 697144
 582515
 597434
 531182
 949061
 253882
 641080
 50166
 266301
 48699
 618749
 892672
 871366
 63616
 929915
 1076618
 149766
 989402
 887385
 90685
 1094512
 1075794
 437124
 262237
 703152
 554330
 482808
 499510
 604585
 111144
 496990
 442921
 465514
 382529
 407249
 221705
 910394
 507643
 1048710
 613739
 411300
 308043
 405369
 439855
 353543
 940419
 200166
 976975
 206884
 247911
 341173
 387908
 235815
 809301
 1024563
 538159
 279134
 664129
 475164
 8286
 535438
 865746
 825160
 666040
 97540
 724298
 147498
 1080958
 475037
 656356
 536341
 253919
 673221
 339422
 62354
 358879
 78938
 621966
 354490
 45866
 25532
 905512
 800524
 729567
 232402
 100978
 148746
 339160
 983402
 1068585
 105199
 246622
 526118
 637238
 1075998
 821012
 549671
 522993
 43492
 774600
 508138
 982174
 792955
 913029
 541422
 827806
 900381
 130752
 909326
 460176
 31233
 289124
 200345
 77540
 821899
 875779
 242424
 552072
 901288
 978375
 802528
 1094016
 893791
 453432
 373235
 921378
 1088200
 897283
 1092789
 259378
 153463
 393334
 34596
 468372
 161300
 1031351
 962785
 758924
 854978
 980234
 757331
 661184
 250334
 744187
 98965
 67365
 385938
 379036
 605476
 1029904
 429218
 453937
 452743
 968681
 8377
 549401
 509089
 158165
 63282
 755646
 113402
 45675
 515418
 753067
 164629
 335568
 814679
 399285
 178861
 308673
 556691
 720239
 932856
 1054704
 471273
 224478
 599308
 718091
 910042
 799340
 503534
 961692
 654631
 664997
 712413
 495052
 746570
 380113
 975869
 64900
 641585
 1029657
 74977
 188433
 171618
 143064
 253050
 611439
 531535
 569391
 750459
 248533
 208486
 83667
 1017114
 920904
 1089988
 549128
 318174
 965804
 161204
 1042619
 889541
 686151
 773372
 1083119
 354328
 420999
 987505
 837762
 10663
 92702
 491579
 755173
 1070474
 232038
 231399
 373292
 205061
 748315
 474355
 794337
 45536
 1048195
 325826
 988884
 550292
 885694
 857467
 225145
 391563
 805145
 923602
 845638
 491024
 756929
 744138
 202529
 484248
 731151
 7503
 118577
 927809
 199977
 821836
 106525
 1047366
 11405
 181739
 702324
 98452
 811869
 167452
 874620
 823426
 915883
 96213
 496809
 99759
 949225
 706240
 25574
 1023088
 1032964
 120438
 113056
 281951
 1010968
 38345
 290810
 476058
 497648
 644497
 660105
 599949
 405775
 585196
 12979
 537330
 852908
 434494
 656751
 976798
 619681
 19589
 204743
 172549
 254817
 732662
 877126
 955591
 831014
 725477
 1082356
 864837
 569892
 104752
 1061054
 290328
 513058
 564013
 424326
 191903
 662963
 324341
 891441
 597372
 331621
 605630
 143347
 708818
 830842
 758866
 593003
 1000220
 206093
 887741
 798145
 110578
 808982
 367472
 418877
 320943
 776016
 450613
 931666
 326494
 1026643
 645420
 328929
 717927
 53616
 206917
 994442
 1025858
 1044708
 1071240
 288341
 786260
 1014380
 363165
 884064
 577704
 801709
 717461
 528057
 237174
 448688
 483342
 453580
 232379
 1056105
 199004
 704469
 488219
 879664
 469512
 342364
 80099
 807974
 634621
 87364
 581439
 970963
 1033769
 619811
 519181
 1059756
 773132
 814771
 699515
 295685
 343661
 668935
 351783
 137579
 26648
 609491
 205924
 979909
 589577
 155658
 965984
 340615
 247226
 398141
 545288
 440802
 132060
 116050
 853871
 1054490
 720736
 33854
 1004452
 25819
 974074
 209677
 448740
 343934
 964609
 555307
 37943
 438737
 906156
 88659
 1058468
 1059800
 7852
 121679
 170024
 52831
 976104
 731694
 873412
 545394
 858888
 987235
 447630
 700244
 423186
 824055
 1072635
 199476
 313506
 1075067
 875191
 550062
 496255
 902979
 993896
 444840
 155006
 782932
 203140
 280480
 439479
 824699
 262313
 530101
 1044350
 437593
 689924
 323670
 477352
 88206
 29747
 609241
 906766
 72355
 584786
 746401
 30464
 919983
 158095
 833311
 276612
 636704
 1059208
 872119
 460733
 661598
 961773
 128308
 1006082
 741821
 167905
 308289
 1035947
 783885
 396523
 337024
 259326
 626753
 573202
 778405
 720699
 436645
 453122
 138963
 725326
 107650
 383439
 396181
 1019350
 278383
 980165
 607105
 793543
 500991
 545019
 306057
 584733
 544387
 213271
 121468
 448949
 861451
 183797
 939247
 441339
 430023
 43182
 176107
 949146
 1064509
 30372
 223535
 217960
 160030
 993263
 1052812
 296858
 555386
 537521
 631497
 33471
 920261
 636971
 204433
 98061
 205881
 751686
 437172
 580238
 609611
 117499
 500710
 326200
 896675
 86120
 153045
 666554
 1072281
 344473
 496002
 640802
 1048641
 290672
 831754
 640344
 604634
 396419
 542560
 743312
 169259
 185121
 524716
 934698
 913556
 969606
 911310
 1054505
 5388
 642642
 359317
 612031
 284418
 824184
 169809
 870052
 96916
 168292
 639224
 409138
 606253
 16009
 905705
 129832
 746501
 1050113
 778981
 961616
 626031
 556253
 1019967
 210796
 640572
 494270
 1017493
 824563
 614471
 1075281
 626818
 961905
 755138
 916861
 426994
 460319
 599740
 640494
 169987
 48571
 517471
 239398
 1026512
 42562
 816541
 771900
 711703
 763671
 426488
 308595
 912381
 862304
 609881
 433996
 965891
 877523
 587295
 823875
 153275
 342557
 38648
 148885
 1032148
 166002
 472456
 1068921
 444778
 117387
 339244
 436703
 349049
 358856
 200299
 1026713
 1040048
 439203
 414157
 420558
 848668
 892766
 1046573
 183497
 904763
 610703
 438697
 243751
 735208
 779864
 474039
 645910
 777627
 705994
 1072248
 1091472
 84279
 399277
 70713
 136274
 240175
 446261
 596073
 445782
 1035280
 734424
 928786
 974934
 530713
 526347
 945617
 525296
 177972
 591408
 148312
 652736
 789274
 106323
 664134
 383344
 20157
 672142
 607051
 590155
 837590
 241448
 188216
 607202
 532315
 1013581
 425793
 1085673
 23329
 103951
 820918
 229045
 725030
 332706
 618016
 503774
 184364
 784788
 551025
 523067
 288450
 993424
 897749
 634922
 132165
 847004
 936353
 325327
 920426
 428923
 611341
 62464
 584180
 969457
 576391
 206616
 130842
 1049344
 764748
 181023
 132806
 27675
 955516
 1081889
 411446
 595606
 528229
 283749
 668292
 141227
 367904
 852231
 170057
 417060
 993064
 457057
 499459
 789323
 1015719
 1037673
 452179
 733701
 663358
 789057
 170651
 455081
 15766
 842312
 1076341
 101073
 277933
 675664
 763860
 534703
 485011
 57760
 220790
 151240
 622594
 58456
 418461
 564075
 61306
 254770
 322111
 490075
 224243
 399252
 919330
 1012655
 25055
 315723
 677387
 799057
 588845
 405045
 281435
 836702
 822915
 462193
 443887
 372770
 454266
 335662
 174947
 689784
 1002247
 276338
 315081
 594767
 492956
 774043
 245532
 207664
 401065
 788298
 731206
 1043548
 912714
 567629
 391150
 709128
 518191
 498530
 1936
 42354
 37347
 804903
 884512
 602157
 875591
 768828
 768554
 759815
 922296
 194759
 734105
 272520
 584762
 351136
 337986
 949135
 639654
 164536
 991018
 1014042
 839880
 191272
 442444
 835618
 160172
 755312
 651614
 1034776
 548221
 1082635
 827558
 77586
 116886
 777918
 578736
 99980
 1074636
 625725
 814160
 560163
 479760
 633776
 437357
 625781
 232713
 110917
