877469
 985509
 312985
 54907
 208372
 1039199
 1050460
 932284
 167060
 26574
 432941
 772330
 306588
 865611
 543684
 528186
 871465
 303566
 368011
 154578
 1088558
 436228
 1099474
 516001
 733974
 478153
 291209
 185854
 702827
 864690
 1001925
 496571
 251084
 965876
 985581
 191992
 860581
 343018
 276721
 292131
 1057027
 236216
 164323
 711986
 282488
 790921
 123843
 657165
 470778
 375432
 111116
 425165
 570543
 643338
 716126
 435424
 898151
 743996
 462208
 216381
 905472
 882469
 940141
 181368
 572390
 201687
 235614
 699876
 485592
 514148
 255115
 898779
 179577
 46071
 998886
 334892
 551641
 305415
 381387
 559939
 462879
 690289
 548206
 804561
 1078372
 283238
 739338
 1053557
 621805
 967908
 852984
 1046189
 469790
 171674
 180163
 113304
 377483
 86657
 566552
 1093569
 199778
 826604
 268494
 289562
 151809
 820436
 785351
 390775
 282897
 262623
 797998
 68626
 239659
 961214
 380415
 431091
 572346
 303425
 530503
 688290
 558457
 1051295
 624155
 436836
 840142
 961386
 605104
 354322
 778701
 849560
 844285
 84241
 419436
 159203
 824833
 953471
 1087482
 439869
 337727
 966965
 218085
 741962
 1077023
 405346
 353741
 155083
 588398
 721188
 221899
 784414
 656552
 161308
 572986
 494589
 566294
 737392
 846453
 15681
 86797
 303645
 585941
 1046472
 928559
 443886
 919678
 438473
 1033892
 1008595
 718637
 963041
 876142
 502739
 148567
 359597
 286744
 31664
 655466
 1002763
 836505
 267972
 267598
 145620
 996913
 902282
 502759
 138546
 875739
 260123
 839076
 972923
 751807
 149770
 317998
 297287
 267223
 321469
 173251
 94901
 524026
 851971
 226227
 217032
 239820
 224302
 398798
 223233
 681574
 922115
 156072
 833404
 184686
 960536
 404931
 517938
 479312
 156366
 793069
 649789
 341869
 875099
 554732
 7233
 587468
 243761
 989152
 418881
 1057603
 423622
 514106
 180439
 775304
 292966
 751740
 108086
 604943
 896238
 495125
 235307
 1077680
 391882
 216810
 874155
 718225
 972790
 150960
 942001
 850757
 702017
 50951
 958213
 978488
 830604
 607427
 73108
 1081486
 372187
 12165
 573194
 1048524
 629969
 688388
 987495
 271036
 359467
 73567
 363196
 50679
 1082472
 211496
 1027857
 560696
 186471
 585864
 760712
 112917
 952581
 883390
 984304
 239599
 934435
 144347
 257704
 651827
 522005
 693044
 1094982
 212646
 250131
 1046591
 995625
 691012
 44002
 303709
 17359
 459106
 816319
 858654
 769001
 345587
 758447
 312599
 794105
 846515
 1050614
 925493
 986010
 64985
 825491
 997314
 299127
 522939
 513571
 1098535
 648235
 477147
 356316
 826684
 132397
 251365
 62433
 573834
 118479
 337768
 796228
 282447
 676061
 330244
 1083351
 152405
 275616
 440441
 114373
 304819
 77868
 942003
 643262
 147240
 1098536
 756537
 144694
 280982
 673421
 863597
 1064119
 399372
 420285
 280616
 976277
 27737
 692308
 793675
 301527
 925649
 290120
 717483
 475353
 403941
 1030779
 578454
 946535
 249845
 725410
 554315
 1069762
 141286
 40212
 894948
 744361
 838574
 285297
 16487
 256348
 601766
 887091
 391052
 338340
 914144
 351159
 571721
 763788
 709190
 790136
 935108
 456679
 7681
 608160
 505866
 558039
 208835
 230594
 982521
 278053
 600558
 655728
 1080210
 819140
 846857
 750483
 857848
 282424
 296998
 562940
 376878
 686421
 293101
 271939
 874674
 1098900
 213129
 998919
 929387
 614995
 477447
 354205
 589640
 854957
 1067849
 633088
 820657
 166773
 952681
 662881
 795518
 921523
 1091391
 113337
 179456
 397225
 165066
 839350
 1011640
 1044431
 1072097
 177644
 884915
 529927
 28340
 218028
 223662
 677336
 759235
 581337
 356721
 501618
 354641
 246854
 178004
 929981
 108477
 595330
 530864
 434385
 368669
 818333
 973373
 317550
 398054
 29332
 759420
 89030
 870193
 491845
 844444
 1011954
 643098
 288911
 876816
 839027
 241328
 94128
 164483
 1092899
 897314
 248509
 657949
 566629
 237103
 555645
 295014
 897168
 1045657
 435201
 116091
 443885
 945827
 490658
 926359
 759800
 138084
 965699
 864093
 829775
 362305
 999950
 996234
 901214
 446484
 160922
 161230
 821679
 344638
 651808
 954646
 575331
 686112
 755181
 386054
 545037
 566702
 310687
 493008
 803517
 208500
 69623
 20548
 761004
 942367
 1016275
 361002
 833189
 72471
 203918
 640173
 953812
 1030952
 305401
 28050
 209123
 375428
 1064603
 780810
 468954
 62044
 557096
 20089
 821008
 836179
 397543
 558501
 465223
 483414
 649383
 677867
 213221
 258959
 312758
 718733
 797393
 650386
 106885
 118345
 680342
 20401
 505923
 417118
 223259
 615595
 854101
 530617
 570050
 33050
 355774
 998091
 47488
 913273
 694002
 377066
 347316
 287858
 544843
 725218
 916203
 689442
 448294
 768980
 117917
 561695
 1022796
 210358
 1036068
 622804
 414668
 226995
 366015
 179917
 780167
 855211
 255383
 149383
 1008437
 416184
 551787
 1041825
 225368
 521828
 856373
 303493
 531713
 723021
 264031
 1011610
 385466
 635800
 227559
 257454
 34496
 611359
 741966
 344586
 1001824
 727795
 799311
 289275
 1026425
 288576
 763709
 542763
 911193
 535404
 1007145
 1026125
 928164
 1004595
 76574
 50877
 605260
 118891
 732490
 688216
 612470
 892316
 118440
 1057998
 582965
 103172
 537401
 830741
 999661
 2644
 750254
 1033744
 506630
 689181
 917181
 547321
 687905
 639669
 251257
 506649
 208463
 34785
 870031
 577038
 580632
 1036943
 728401
 927818
 321958
 258750
 932200
 304602
 50240
 78852
 1015796
 1032369
 107920
 163237
 463033
 487569
 732930
 397704
 939223
 922491
 776745
 215370
 976329
 333955
 986796
 235091
 610599
 168746
 633727
 795234
 1004711
 1006539
 481096
 188168
 466905
 209062
 2483
 737313
 715284
 694964
 492403
 200926
 399430
 415989
 685712
 67321
 952726
 351928
 532349
 452856
 926691
 456753
 723365
 123932
 335396
 134147
 192751
 785305
 149396
 308470
 262503
 6889
 647257
 723653
 1082740
 502165
 49496
 444583
 982993
 687790
 128477
 869816
 470449
 1070318
 886102
 83835
 1042833
 334529
 313173
 179665
 809662
 615637
 168954
 165174
 451518
 149899
 666108
 243810
 589562
 71771
 105948
 448715
 419367
 486137
 299386
 923493
 429964
 544170
 942233
 771710
 832773
 878914
 1081621
 801788
 319358
 136156
 948832
 116000
 737909
 334264
 1047886
 141644
 1082148
 662371
 396495
 834341
 163493
 497277
 1092259
 937388
 361853
 620762
 449259
 424294
 354559
 650881
 239113
 480542
 89880
 352867
 504012
 144777
 410527
 947143
 957786
 234859
 563981
 153918
 817621
 442431
 85014
 730468
 1069894
 211802
 276829
 888716
 661954
 377851
 262717
 470167
 167234
 450319
 492836
 555948
 290695
 293303
 564339
 686797
 551574
 864344
 731671
 775290
 358345
 805889
 603986
 837668
 815882
 816734
 624325
 864355
 360354
 636811
 158690
 923367
 583436
 547723
 258581
 977742
 471348
 212208
 364917
 703344
 359118
 413732
 797415
 30637
 789792
 716
 697002
 303797
 851049
 128671
 640001
 641820
 228862
 331741
 40299
 54946
 981194
 28627
 85506
 910926
 32921
 864104
 206465
 646557
 30112
 991028
 433263
 465472
 698006
 167979
 555173
 342477
 451036
 354752
 496242
 377416
 953577
 92792
 763649
 545265
 211817
 310229
 934845
 574215
 77960
 866748
 685490
 673680
 37244
 1050473
 48160
 916469
 76706
 775073
 274323
 63536
 1046321
 823715
 1009747
 998340
 160664
 121505
 173346
 498768
 464763
 1950
 18787
 43526
 962226
 1083161
 459912
 575534
 125531
 1025952
 732226
 704475
 74268
 510804
 868269
 577818
 722427
 42558
 33666
 445475
 928138
 932520
 962580
 657246
 786430
 616534
 424662
 598332
 874271
 434291
 886432
 201401
 767459
 69506
 291066
 726945
 446010
 979233
 93756
 139011
 467877
 796753
 76156
 281500
 418764
 306758
 1080576
 244767
 513005
 409262
 1027038
 984100
 50460
 675418
 936610
 982827
 194422
 937322
 186995
 205914
 151189
 713016
 547075
 541475
 145070
 268667
 1075838
 915724
 907124
 1032881
 984036
 245416
 937354
 461387
 780026
 703795
 776650
 501179
 792993
 850013
 756376
 258458
 504888
 774903
 18605
 204451
 923287
 976407
 1012445
 778058
 1095779
 667949
 136648
 1006311
 129644
 1018779
 245278
 179786
 989929
 791003
 201156
 656724
 17252
 331479
 602702
 281455
 56632
 802736
 49337
 624767
 822035
 764708
 799336
 458426
 867071
 178638
 76685
 885808
 1031690
 838542
 654127
 1084458
 134367
 638481
 354183
 916419
 698701
 989562
 649063
 1062911
 846111
 234315
 1036668
 935504
 571739
 927265
 957946
 505798
 216719
 265569
 674766
 824380
 433019
 753054
 767334
 1094202
 950511
 398309
 218087
 116672
 386399
 931358
 292836
 162751
 443448
 235961
 509999
 164425
 99281
 495002
 674193
 637438
 225826
 873980
 456233
 879728
 265552
 1057621
 1052605
 1067330
 541986
 487725
 851656
 1018011
 717429
 326813
 853040
 535629
 623824
 171454
 513259
 156397
 406309
 1063471
 20416
 595460
 539177
 1082047
 276664
 1063258
 373787
 978261
 831067
 497196
 142765
 824930
 794458
 941034
 489733
 842157
 866061
 191354
 279403
 964541
 840394
 121489
 913087
 746234
 240087
 929749
 865084
 107531
 754930
 746098
 793297
 13002
 166992
 483513
 843243
 234239
 954532
 421124
 804106
 763799
 237860
 194766
 332684
 29648
 613405
 77032
 519455
 1044647
 796100
 657333
 960301
 921781
 473551
 228641
 551234
 87770
 37716
 679727
 1076897
 20823
 777826
 485555
 430497
 434099
 873604
 513164
 1062023
 201090
 135052
 899703
 245784
 460467
 896749
 706498
 641623
 341352
 1017144
 367309
 426854
 453870
 25054
 810929
 930674
 110927
 604581
 676626
 964130
 951503
 739595
 287171
 863780
 545990
 757231
 1022532
 822118
 684728
 767014
 877576
 12355
 128626
 783150
 349109
 483744
 219941
 368055
 609330
 457023
 353139
 244443
 899863
 553520
 168550
 816337
 916981
 428135
 978414
 665667
 1093842
 836259
 934590
 39984
 179629
 835437
 965482
 556256
 405641
 928011
 96493
 593747
 205487
 319123
 519521
 1088
 555351
 119083
 517029
 1000652
 1055378
 547331
 684788
 641523
 6077
 173867
 41153
 971294
 435775
 760662
 160980
 603847
 966329
 585157
 597900
 961990
 445156
 705861
 54260
 909518
 69312
 767077
 379034
 333662
 641637
 744553
 476623
 989637
 823367
 1081529
 375853
 348942
 910750
 839839
 470125
 436527
 411733
 853310
 509618
 503205
 298475
 945035
 434182
 258919
 269914
 484023
 376674
 423391
 983925
 969847
 252759
 760530
 1085114
 312354
 322977
 868891
 974021
 1073081
 724320
 823058
 284083
 27856
 221347
 61337
 228282
 109847
 665536
 924869
 1018506
 279317
 437228
 778048
 540162
 677046
 97669
 440905
 822027
 603263
 885621
 109597
 270112
 224866
 1067018
 31191
 336611
 913284
 153738
 103574
 1041254
 91186
 116355
 583220
 35300
 708374
 866470
 556529
 800541
 824012
 824417
 731132
 228248
 298783
 14546
 26738
 400339
 512909
 14148
 355117
 273839
 857581
 505883
 605629
 237698
 12625
 660105
 160186
 659589
 196410
 864095
 151406
 482259
 691689
 692911
 540821
 1084687
 109135
 1057358
 343822
 515658
 476755
 12980
 976259
 731311
 867104
 1063268
 756435
 255079
 946024
 334126
 933737
 61892
 810741
 1062928
 386296
 54080
 267652
 963289
 255793
 380453
 154236
 917241
 268754
 1064264
 179015
 740615
 194909
 989434
 986199
 1005190
 527288
 830331
 840139
 596061
 449870
 1052809
 635564
 977998
 32777
 434656
 793689
 344855
 1061988
 405740
 981383
 971172
 310266
 361138
 913742
 211307
 208288
 916347
 866926
 743815
 238245
 826319
 118504
 787963
 823067
 87530
 810513
 442879
 344378
 803303
 342714
 324357
 665588
 596369
 817613
 415399
 926883
 12164
 741365
 596633
 561181
 698945
 929120
 300878
 404112
 534456
 321362
 921629
 169419
 753658
 71402
 431820
 724030
 787999
 1052938
 696868
 128031
 534170
 892103
 227433
 665133
 484830
 984827
 1031584
 370163
 156775
 13368
 956418
 143354
 962675
 310191
 1071007
 703132
 851327
 673616
 563062
 936042
 625581
 1002827
 362469
 1020748
 750441
 1049468
 46163
 265044
 964759
 565135
 1086946
 302428
 173603
 210508
 475706
 781700
 650699
 993354
 441398
 906423
 109311
 1089560
 260399
 1088363
 1083375
 331310
 345876
 624748
 1068927
 899444
 977764
 880843
 609083
 570452
 314660
 1055150
 125628
 458899
 725217
 514143
 975222
 688664
 105377
 944305
 1012831
 533843
 189735
 652595
 1019061
 916236
 462265
 361884
 830744
 370159
 581404
 442323
 509640
 659891
 44032
 953362
 689155
 595786
 779153
 702780
 141203
 231408
 369234
 1014061
 525857
 658002
 376086
 1092190
 913431
 110439
 489737
 337234
 864059
 581180
 987278
 131034
 915178
 620256
 694426
 548192
 357277
 624395
 738781
 514046
 915409
 465559
 364474
 1033650
 167558
 633718
 253502
 3337
 1042214
 1024069
 247989
 882865
 205697
 1056331
 679455
 1082116
 72558
 809838
 414517
 503003
 853648
 425604
 253360
 726345
 494865
 658265
 405576
 1040774
 996611
 784464
 75883
 20191
 484119
 566628
 389475
 279864
 588118
 867882
 896061
 942975
 402604
 180127
 347934
 639433
 574393
 1090606
 176602
 41026
 258237
 879055
 1049718
 267179
 565009
 834876
 778833
 810610
 34112
 303216
 1074830
 97719
 177483
 205493
 261083
 337879
 980909
 186634
 132933
 254695
 155137
 382932
 519248
 661099
 202856
 333324
 172704
 391509
 750695
 356525
 882847
 585362
 672976
 34738
 537590
 174348
 728890
 279917
 354272
 974173
 817319
 546085
 779882
 260110
 822020
 410942
 461976
 287326
 120280
 57144
 330834
 71262
 632528
 942555
 18363
 635215
 90191
 502455
 438607
 560293
 383547
 81051
 238599
 994239
 411083
 75613
 80166
 131790
 38490
 264657
 26881
 48411
 1071285
 409679
 632955
 641931
 889567
 361820
 771373
 550483
 1020098
 512233
 857552
 362283
 91475
 198401
 877613
 75554
 161319
 670922
 487458
 37747
 485298
 808334
 346812
 605443
 744426
 935449
 9270
 907970
 1019002
 230128
 1011938
 1019399
 382951
 1048403
 811459
 405327
 9704
 836724
 366200
 978624
 258043
 557119
 83910
 1024390
 102011
 812274
 206066
 603737
 418243
 592801
 1049011
 581487
 1054428
 102793
 452030
 547413
 929031
 684368
 224000
 7960
 350185
 763197
 585327
 883223
 38089
 79608
 354599
 622066
 171378
 880338
 65358
 326112
 1030664
 98668
 259943
 864362
 107641
 154694
 232619
 31325
 925973
 1068370
 802519
 848715
 896621
 472441
 68936
 735949
 1016411
 961681
 295170
 970670
 572707
 430573
 686446
 199051
 572251
 951247
 892107
 302023
 776077
 983577
 139714
 345121
 833301
 1021537
 741462
 186079
 1001284
 989445
 346238
 13363
 1007995
 452481
 620467
 428069
 320337
 1050347
 489381
 1055904
 204374
 1069547
 789133
 768204
 407679
 1023068
 9029
 225928
 10861
 586289
 49533
 1000385
 147216
 856643
 503068
 507226
 612905
 986973
 617057
 612934
 485689
 169445
 1028402
 666387
 455724
 103788
 550833
 92411
 330292
 201038
 389485
 773589
 513772
 625608
 1002263
 1063921
 792659
 474221
 510349
 1052738
 105517
 1006290
 597966
 434285
 150822
 856529
 565215
 1000884
 428544
 44906
 42490
 510648
 602041
 465523
 811497
 467374
 216380
 612566
 110927
 748610
 527750
 271991
 215130
 1093481
 836402
 1036244
 779023
 282768
 11782
 244241
 453253
 1053109
 260279
 841199
 204568
 199351
 731897
 1055733
 854822
 496644
 500426
 469995
 191249
 636270
 364318
 420802
 625447
 137030
 836345
 256878
 158939
 396313
 385454
 239571
 218875
 845120
 230897
 1096462
 183533
 548335
 544383
 899641
 1043395
 784516
 795364
 91956
 361975
 645417
 365926
 4569
 423536
 791823
 566902
 728877
 479234
 754370
 119497
 616734
 494340
 622019
 870289
 539903
 66845
 679687
 277477
 559077
 246270
 738344
 663370
 1001395
 988232
 1092309
 424209
 421753
 536987
 645463
 1089983
 1004881
 268318
 597917
 975834
 313301
 204299
 953027
 911512
 170954
 1094213
 312572
 836133
 331792
 304734
 682842
 206382
 652649
 703255
 815365
 1052879
 615261
 188769
 914109
 1080172
 78422
 771141
 36469
 167541
 561348
 67182
 363901
 283118
 916566
 148250
 939025
 864313
 1654
 755553
 764988
 313289
 133387
 347229
 719050
 415119
 510073
 622339
 650785
 864266
 235313
 550029
 889913
 66852
 746432
 408646
 356763
 1027462
 220206
 1052441
 840203
 1096851
 527444
 504431
 296075
 466238
 898820
 730008
 108667
 362879
 818857
 559124
 749767
 282685
 266817
 183369
 375879
 147056
 532973
 471198
 478341
 1018956
 445287
 193975
 279322
 552827
 604437
 70693
 780184
 172749
 777994
 281039
 995966
 318283
 40827
 711885
 893743
 545869
 724225
 122622
 570133
 1068091
 1023167
 998044
 462955
 440328
 723351
 1087637
 263193
 379680
 658673
 902798
 261301
 649552
 129605
 231899
 640900
 1005030
 331574
 535666
 1027130
 567183
 236776
 780958
 1082843
 295325
 578074
 123728
 77080
 69886
 714627
 1034908
 611157
 840072
 57553
 584261
 268956
 1076844
 476039
 233653
 463507
 694929
 43893
 553092
 261209
 108683
 295397
 348872
 335858
 325812
 223039
 184423
 309971
 153380
 558944
 475521
 986065
 664083
 1041013
 197171
 141545
 975524
 330496
 693712
 563828
 52258
 919386
 947770
 262029
 203689
 274196
 551964
 950212
 437661
 41324
 678854
 303265
 731533
 625092
 805139
 598371
 147434
 255386
 300381
 844829
 33007
 36212
 362669
 381987
 442067
 716804
 443545
 787023
 573731
 1034921
 974378
 498786
 955684
 903971
 167191
 1051314
 523553
 876441
 423636
 493411
 845136
 836810
 114827
 334709
 567110
 1027579
 587646
 826776
 503392
 194400
 252602
 83820
 564023
 53577
 850748
 207640
 465977
 337094
 557135
 996587
 113600
 347722
 207351
 848555
 1009307
 412387
 249828
 411286
 118736
 685105
 438261
 100909
 329806
 52270
 455528
 109996
 131152
 844189
 609763
 1081192
 395658
 486800
 250922
 558495
 1053284
 279734
 910843
 830946
 377896
 656781
 122847
 586730
 1068312
 166012
 672886
 1018981
 169011
 961835
 714809
 937555
 19477
 752149
 115243
 882858
 842680
 723797
 9734
 381661
 781885
 339474
 392222
 846018
 815955
 761891
 429072
 745333
 891362
 32588
 517440
 76143
 237274
 405902
 23226
 1077923
 463559
 755569
 1059647
 137571
 394109
 530038
 972652
 741694
 464735
 934727
 39583
 266408
 996533
 909387
 1069537
 440958
 773461
 577234
 743272
 971151
 74304
 1007438
 1017393
 527797
 606298
 799349
 551750
 14347
 209785
 74254
 613414
 160270
 756781
 276488
 961542
 468668
 467500
 207680
 920858
 953225
 407120
 682092
 661596
 344905
 696788
 170742
 1077936
 283502
 484212
 25604
 493748
 566996
 534912
 916400
 458686
 566072
 348401
 645824
 94172
 234854
 26979
 608893
 389217
 172473
 661131
 191504
 4892
 270597
 784364
 266842
 518234
 421627
 104050
 918912
 6000
 991201
 396097
 671895
 531159
 833715
 553728
 418971
 792220
 181283
 367924
 1046778
 934892
 1098825
 813364
 1000173
 523863
 884254
 231144
 655581
 308305
 448614
 140404
 163033
 875135
 791818
 824028
 331777
 817089
 382057
 944804
 768907
 1074342
 330204
 682148
 287891
 402283
 17543
 1020243
 757033
 357535
 158621
 316605
 347
 132093
 243270
 827235
 927163
 764278
 533852
 613727
 460162
 939234
 589493
 1060583
 799326
 929115
 58282
 1031747
 398758
 770527
 539009
 934978
 256895
 667520
 630447
 604699
 261388
 274919
 873989
 665535
 74378
 331818
 1067684
 1043836
 230182
 164507
 941775
 827410
 37162
 971889
 564759
 474477
 923210
 177126
 727879
 975732
 348715
 908080
 1074316
 1084602
 763857
 220622
 102285
 608375
 813681
 974582
 651312
 846397
 16494
 163445
 687152
 169651
 39838
 538018
 264981
 22878
 663587
 1079815
 37182
 960557
 585701
 166526
 284097
 865048
 386815
 1022493
 433495
 2969
 572878
 655858
 77666
 490392
 185412
 497311
 880796
 429841
 617787
 1096855
 98128
 458476
 855359
 582061
 949783
 507869
 583014
 330077
 357717
 299100
 699896
 463230
 844422
 167239
 149835
 675354
 500916
 868230
 458538
 461739
 1037279
 259956
 1060534
 654838
 469060
 76247
 728990
 916829
 359166
 996035
 283337
 840140
 605798
 293199
 1028895
 735351
 39173
 1095113
 424692
 153937
 18602
 773783
 1029586
 474200
 506168
 570621
 403345
 336092
 989328
 286920
 708665
 221736
 995043
 210729
 1056121
 68829
 290738
 956944
 8011
 820617
 400957
 954764
 600362
 980151
 582286
 313385
 647759
 907946
 475916
 341501
 437015
 27519
 273355
 317507
 916047
 397879
 1006324
 1045961
 495194
 637087
 1068229
 382042
 703036
 494106
 661229
 227642
 118508
 964591
 592825
 792015
 889302
 906329
 333043
 1083259
 94906
 695450
 219822
 412815
 1070547
 852715
 197413
 1009888
 482198
 715012
 788632
 147560
 428945
 982456
 427266
 259820
 1077356
 594359
 189005
 1019320
 598450
 877407
 738069
 784473
 917125
 462293
 824283
 934365
 906825
 807336
 731614
 787145
 1063583
 268443
 701446
 573172
 1036747
 159526
 385223
 846535
 798882
 404652
 741000
 305521
 1033162
 536805
 597904
 1089265
 751094
 567267
 252375
 222086
 798233
 438211
 851425
 237846
 836372
 298609
 452994
 478094
 819968
 839567
 133485
 814172
 249927
 663096
 563515
 272362
 855311
 779699
 665856
 561123
 352376
 109561
 186827
 768793
 149566
 897228
 465968
 84896
 664041
 583057
 469707
 1052940
 346474
 977980
 788833
 358179
 811566
 401458
 1034701
 819322
 1028172
 390057
 434050
 396177
 1093706
 1046125
 1053805
 784287
 1098888
 188671
 103846
 674884
 466079
 157358
 414370
 430507
 896311
 286913
 627398
 761102
 207057
 533429
 574485
 89244
 35412
 1080590
 87906
 694938
 738169
 212361
 218715
 189628
 149783
 12067
 325682
 259168
 277184
 410370
 845249
 204395
 1047076
 632939
 596884
 946463
 787395
 635851
 415285
 458716
 28281
 941236
 510525
 537971
 333260
 272995
 117527
 347090
 72723
 903169
 1080219
 36020
 851847
 209396
 859299
 819255
 565040
 689628
 234108
 389069
 57864
 759281
 381771
 298470
 982970
 280396
 185356
 1086355
 63156
 443951
 1026163
 245916
 455870
 895732
 937216
 281835
 443816
 726710
 998858
 401190
 825731
 509506
 845489
 271932
 590388
 244777
 582340
 394496
 190401
 847716
 822416
 645818
 118250
 173178
 234609
 194806
 370681
 694645
 441841
 350209
 855393
 467299
 63310
 29189
 501333
 857993
 766744
 798164
 554085
 365607
 183694
 940700
 584671
 186571
 476435
 60360
 53071
 896128
 649111
 303766
 208516
 111972
 83859
 324311
 1119
 954651
 1062643
 11618
 248322
 486681
 155723
 379734
 563346
 917125
 947580
 319198
 1068896
 854260
 590960
 577970
 751378
 59154
 475647
 1010444
 126580
 589142
 668270
 430471
 205921
 77060
 746860
 60078
 120626
 206651
 760495
 123072
 464315
 16870
 955907
 430855
 664851
 539669
 298172
 392849
 732625
 1058893
 870846
 64453
 174318
 1010232
 121276
 783824
 900205
 239400
 426769
 326607
 1073952
 1029506
 199591
 909397
 68472
 919642
 956386
 1073410
 849988
 936733
 851554
 1005919
 109607
 466721
 256403
 592752
 564012
 811302
 951220
 503060
 531239
 503141
 924789
 888760
 1002548
 702908
 523354
 592086
 1015155
 848234
 65354
 803738
 299842
 929783
 605548
 129791
 597872
 500233
 715042
 415188
 192892
 115924
 549761
 913374
 473249
 1058970
 401187
 828642
 851499
 35983
 768478
 332823
 13298
 94338
 666328
 132866
 512314
 561293
 939124
 138007
 239800
 396977
 13276
 746921
 830997
 298486
 117793
 683424
 776004
 481738
 633876
 140141
 653456
 867702
 923483
 692087
 638806
 34586
 846910
 365343
 787511
 733823
 17060
 430819
 504230
 496137
 1032224
 385292
 601767
 119834
 882821
 386897
 43640
 636672
 837920
 1070622
 970966
 717410
 118662
 1058247
 558267
 1010279
 605720
 940590
 998402
 857815
 589801
 760860
 625618
 481663
 554825
 1037037
 902653
 643029
 372876
 739863
 853188
 895170
 319517
 794806
 500011
 92644
 152426
 571350
 766932
 327775
 540044
 235367
 403362
 92235
 811545
 606343
 852197
 392379
 17267
 1032560
 799272
 390697
 88475
 338197
 568992
 734662
 344540
 339447
 1065340
 199918
 43955
 929693
 25971
 587972
 237672
 706515
 714139
 1030418
 957737
 162341
 703875
 91971
 299369
 990424
 609877
 356848
 452231
 1061088
 988952
 168470
 205309
 382450
 750833
 1000516
 740486
 522808
 990916
 399367
 639465
 1096245
 759961
 97158
 458751
 873219
 836411
 1094605
 627704
 410844
 1053738
 1087708
 573092
 795113
 370820
 385108
 1033432
 245773
 322179
 248097
 32273
 1045358
 81338
 731262
 731665
 205009
 890559
 336718
 800942
 330469
 116886
 797430
 615036
 882962
 971533
 217960
 141176
 787719
 326622
 829452
 608079
 254035
 185125
 349451
 670333
 248176
 318131
 401929
 195827
 1070027
 759158
 111256
 480980
 435739
 478480
 346208
 962442
 432377
 329573
 379335
 48977
 898733
 525597
 157917
 745582
 372230
 315717
 529761
 73716
 549319
 41902
 112387
 19782
 69941
 851819
 797436
 781414
 666214
 1053572
 304634
 749432
 711687
 374317
 51898
 594275
 722625
 185562
 423183
 193105
 675566
 480113
 1007334
 830783
 313213
 331760
 756162
 608814
 13673
 413197
 442476
 931593
 114457
 542554
 148352
 248285
 493962
 407102
 951321
 121714
 615936
 63645
 647392
 824208
 509656
 581983
 548916
 384519
 681298
 856837
 379465
 693529
 264769
 14710
 249099
 771712
 313985
 624955
 780166
 1081629
 900182
 616062
 549726
 326506
 1064012
 1076699
 733205
 313330
 701349
 766542
 169176
 332256
 1050098
 310748
 510637
 1024056
 149554
 291758
 776955
 724210
 746043
 150735
 899060
 498203
 580546
 105716
 997276
 434230
 368578
 320271
 754835
 417139
 72785
 700183
 988063
 471077
 759004
 777847
 598946
 1071135
 1049464
 988553
 397478
 458251
 741506
 760867
 51097
 460112
 1001133
 569670
 769817
 889390
 339065
 368504
 672235
 403763
 996390
 188706
 514883
 546598
 444588
 770064
 73338
 843664
 812771
 693287
 593471
 774007
 26748
 287267
 968538
 908452
 970853
 923933
 1046503
 455295
 417408
 546901
 470
 195746
 305895
 908671
 758117
 311337
 520347
 147643
 478532
 819074
 421302
 394313
 642171
 941696
 583690
 646416
 302672
 780428
 1095266
 267310
 589987
 648002
 907740
 270947
 685850
 85179
 152835
 236196
 394460
 1007262
 863999
 111397
 479471
 344663
 507765
 307035
 893484
 3937
 660937
 1090830
 728869
 26888
 170171
 34083
 380717
 831733
 322212
 67250
 634187
 642757
 283590
 235776
 972049
 889767
 973475
 757517
 293929
 263339
 1016611
 547178
 710131
 370855
 739777
 254301
 428537
 791799
 983419
 111633
 136464
 23229
 212788
 127451
 836259
 417310
 866294
 523827
 639188
 602987
 285740
 973494
 272733
 976596
 125965
 227731
 233482
 289129
 258903
 940569
 728209
 720525
 911469
 695404
 779610
 115466
 912871
 1048694
 762911
 276138
 461779
 713079
 391843
 861488
 848789
 454370
 294486
 1074428
 477961
 164393
 287150
 532072
 97107
 484881
 1054563
 290544
 659552
 824034
 78835
 341273
 1042575
 460778
 769335
 870450
 334689
 145670
 33492
 1018097
 731814
 361938
 892745
 199886
 735288
 136044
 721329
 963972
 137486
 569692
 896576
 927602
 585162
 397331
 313493
 852013
 118449
 504126
 643651
 946167
 532182
 556947
 929816
 461166
 1022140
 998054
 963576
 640637
 194221
 238374
 954077
 692155
 10858
 376148
 570301
 735601
 325761
 1048348
 741112
 724756
 686146
 14727
 339582
 480880
 126806
 737562
 519008
 1093094
 392995
 913243
 719778
 899782
 842447
 459422
 670797
 415105
 8127
 851764
 286906
 886120
 498099
 380060
 704579
 732485
 1084967
 188341
 527491
 778947
 632129
 865252
 87956
 583368
 210028
 87662
 328507
 539736
 646885
 271973
 943715
 900103
 170671
 1033364
 170483
 875162
 11652
 830855
 320596
 245153
 1039352
 323716
 719494
 952960
 372319
 422788
 658912
 161344
 763244
 168152
 630393
 582085
 594698
 838565
 849822
 330697
 993966
 523615
 1068720
 578968
 734383
 55314
 371019
 101166
 850803
 1054304
 252054
 32471
 547530
 954230
 1089854
 238386
 789095
 804533
 700239
 1089564
 1081598
 137775
 314236
 1009180
 753021
 925230
 841360
 577239
 541650
 553526
 680952
 493419
 534652
 132145
 941022
 118052
 947610
 536402
 621547
 917336
 15501
 298484
 621527
 490383
 181539
 955161
 695247
 386700
 485055
 1090901
 525554
 917450
 472405
 242153
 530759
 497350
 31503
 423008
 235694
 450471
 659587
 546555
 484179
 907196
 15061
 208779
 793922
 393708
 883485
 71465
 808535
 511421
 542085
 165332
 308201
 153776
 726612
 498542
 1079851
 248605
 903256
 1044740
 863089
 155617
 1064271
 396014
 1079429
 1082787
 329489
 778186
 767499
 916687
 117596
 335071
 705799
 1047886
 988534
 440153
 981236
 424469
 135825
 60374
 272378
 767819
 769552
 671371
 879446
 510057
 7787
 540929
 35194
 976630
 391645
 831504
 568164
 273660
 599754
 657510
 416130
 259554
 152548
 1047066
 192332
 415220
 261231
 632575
 345433
 362198
 246460
 395910
 564127
 995278
 590998
 230233
 335851
 307867
 792992
 1076457
 761659
 713885
 1071692
 496169
 498640
 362102
 464060
 715273
 437738
 1067822
 234460
 1018498
 944531
 447422
 685112
 1054795
 881705
 433020
 828493
 612484
 72340
 581563
 477596
 3634
 1089363
 703135
 157081
 234176
 129969
 532652
 864000
 362497
 353342
 578019
 389806
 582239
 369829
 245737
 442332
 421641
 693332
 167470
 203169
 646755
 1045960
 322732
 612071
 662226
 23043
 45092
 811143
 149599
 656359
 245995
 902221
 252247
 25654
 385228
 780184
 936844
 207209
 209908
 299831
 407634
 918079
 737762
 1083156
 939277
 633207
 213633
 934717
 591329
 184151
 96881
 812213
 578051
 940652
 717335
 850194
 18407
 407608
 743855
 5282
 226564
 62336
 778689
 43626
 173424
 126160
 71672
 128526
 353137
 403326
 699021
 611354
 906688
 552370
 361208
 21680
 278560
 940297
 498915
 692001
 720091
 797333
 1084863
 1056064
 412501
 540137
 1042413
 449713
 944827
 551500
 571457
 899732
 579693
 490557
 521075
 965836
 612524
 425292
 706903
 847894
 564169
 389661
 833808
 789581
 580139
 795452
 870644
 234243
 321731
 469484
 749501
 220658
 253558
 1008406
 996495
 36387
 693676
 570149
 884227
 289543
 871103
 213999
 705525
 270734
 239427
 866256
 586263
 985476
 393477
 11263
 329949
 987196
 957936
 994520
 300042
 41388
 929942
 602
 353106
 533015
 84995
 226899
 731605
 433971
 789637
 648639
 959199
 1031924
 319652
 49047
 234029
 911587
 272411
 34457
 200808
 95967
 224430
 265202
 733195
 586942
 1064711
 1051698
 458366
 764130
 475110
 645825
 618576
 962873
 8505
 802883
 281633
 525516
 46735
 149703
 731944
 535466
 187384
 935452
 601247
 831366
 403883
 307173
 443421
 569391
 1011945
 942228
 691608
 303908
 779454
 258462
 14960
 1034626
 698582
 164685
 455610
 1088312
 260051
 18556
 653359
 991982
 85289
 285426
 79336
 1055642
 567570
 744998
 316873
 488576
 583673
 445674
 206513
 185118
 163133
 249592
 474011
 36458
 463999
 609811
 988791
 469976
 418489
 578890
 167814
 93662
 588735
 979766
 441398
 527061
 514144
 492702
 392857
 1022639
 670257
 638373
 180997
 270093
 230161
 373448
 571278
 898065
 956211
 875231
 458492
 903740
 933694
 104778
 836400
 745300
 896935
 182120
 279116
 295015
 87247
 412354
 834802
 1074339
 425864
 164432
 1064880
 512181
 799518
 317158
 609105
 30305
 494148
 578826
 225563
 93536
 357548
 1070529
 688496
 894875
 972236
 162413
 83834
 231066
 453055
 46656
 735792
 534634
 173225
 978890
 220864
 1067932
 253178
 151187
 442392
 602855
 918155
 37383
 431759
 777322
 264480
 12700
 337851
 486356
 123898
 920731
 521043
 789136
 782767
 230574
 764549
 203983
 399233
 7767
 43902
 357597
 320337
 809548
 389474
 912612
 812497
 369076
 588928
 75942
 31806
 353300
 783313
 102975
 538675
 159728
 423291
 623802
 52657
 1087920
 942352
 36162
 952610
 1013362
 240743
 887076
 235679
 307744
 397810
 645149
 839363
 378209
 1027668
 254020
 953961
 875700
 886405
 461876
 455311
 702090
 323275
 363499
 738843
 307218
 404578
 876959
 805123
 56135
 910482
 391625
 117730
 977205
 929227
 1099821
 435419
 1056125
 967782
 97713
 9459
 33452
 733779
 536492
 1062789
 882729
 348333
 432884
 845988
 823647
 44794
 335179
 604725
 254934
 443933
 693758
 1061371
 188828
 19307
 1086547
 488090
 646745
 100303
 956435
 955251
 866123
 588047
 861962
 243890
 996909
 556354
 262990
 943084
 851315
 952084
 655682
 752025
 723417
 544920
 1052225
 531212
 354530
 18385
 167463
 777174
 679842
 484380
 316891
 1003221
 566730
 116011
 143224
 863078
 326706
 828406
 713414
 81227
 486645
 527081
 622070
 163676
 627089
 798636
 425096
 355375
 604498
 5781
 752462
 759660
 796209
 414362
 862900
 586410
 756888
 717071
 5259
 436363
 221535
 1068905
 205454
 337475
 514931
 400048
 303676
 341093
 58082
 773741
 1015013
 370291
 1030367
 335156
 669456
 518203
 412062
 39307
 845149
 715991
 65829
 723388
 611528
 156979
 477484
 551387
 658463
 1085834
 262450
 1053382
 434114
 52506
 956667
 94328
 607493
 603423
 272628
 8695
 611283
 231555
 805090
 162647
 975712
 626443
 50995
 677176
 579571
 1097773
 818789
 210409
 176557
 514867
 82997
 201606
 994177
 420663
 565083
 735516
 742570
 718274
 701384
 50500
 839580
 216468
 248630
 243703
 547857
 664077
 421441
 392394
 1006230
 863263
 51860
 57328
 1024832
 618182
 872299
 812668
 1028185
 1090606
 900126
 314638
 2915
 806894
 61345
 724298
 38049
 131767
 165081
 143413
 821686
 956815
 250873
 884940
 698165
 161849
 477132
 684763
