131880
 740041
 424190
 398912
 345909
 91839
 98558
 424278
 594128
 1050891
 948445
 446777
 1047699
 388629
 601130
 260168
 317815
 132116
 481635
 357915
 427987
 381423
 56785
 606464
 97214
 233037
 190718
 894147
 825679
 409841
 596968
 953369
 906112
 1095152
 337647
 164057
 986926
 132115
 780410
 409154
 887987
 756120
 569818
 257227
 362594
 984609
 477886
 328032
 173882
 112733
 370183
 536408
 544969
 386953
 14441
 321759
 185457
 261570
 1077697
 259752
 952342
 13018
 94207
 247489
 248469
 121723
 344653
 1008153
 932413
 905488
 46923
 21614
 665610
 138456
 289602
 419950
 386498
 31188
 17623
 32226
 150110
 852716
 815754
 52191
 381655
 379081
 339200
 717110
 727483
 357751
 921902
 735848
 74559
 962352
 809978
 667979
 896596
 815443
 501816
 592731
 923962
 630975
 418040
 83988
 102010
 104616
 1063665
 659770
 746470
 986810
 429162
 348938
 114720
 21663
 1075961
 1030013
 574008
 670536
 98444
 298729
 703071
 244479
 1036674
 20398
 322122
 419377
 1062610
 457979
 894193
 101827
 631591
 796156
 202140
 163838
 336349
 797912
 1088272
 752327
 1078925
 481863
 1047117
 812288
 219599
 845509
 848016
 711463
 751949
 216188
 1014457
 149929
 183293
 1030979
 516780
 322608
 445142
 1042096
 910153
 216813
 654470
 968290
 1025943
 576654
 983185
 552060
 382657
 474436
 130581
 942041
 379397
 900589
 903063
 713035
 974682
 1032632
 543187
 1083109
 648115
 39215
 929877
 812478
 459484
 283462
 922788
 349564
 74942
 476302
 1000860
 513713
 563673
 868558
 731302
 340333
 499724
 767751
 986564
 887166
 1095527
 1024616
 598353
 1094086
 1091887
 310362
 1088270
 1002393
 1029681
 726705
 921968
 226121
 12429
 319040
 103176
 338604
 53213
 362077
 628370
 544875
 405547
 406335
 547552
 300308
 718393
 923312
 757053
 262369
 406695
 1006904
 668916
 255715
 194510
 973165
 166096
 558531
 1019063
 1055867
 1043134
 365113
 424025
 25048
 328924
 948634
 515779
 668696
 967618
 438795
 899008
 733913
 815932
 390620
 1084635
 5628
 410834
 144723
 525133
 1098409
 437440
 895039
 244925
 1002684
 528250
 996452
 531319
 415659
 304561
 182188
 459603
 611696
 457441
 279574
 572668
 423028
 284055
 1037239
 525035
 498350
 354347
 100040
 689966
 909335
 681190
 497537
 868546
 281809
 457949
 791781
 960711
 209508
 957495
 730541
 463503
 570400
 804822
 80660
 679989
 810323
 793213
 23026
 683079
 278153
 537835
 182508
 580758
 524371
 510295
 198653
 606255
 770350
 239967
 574716
 587678
 5252
 536441
 484734
 775572
 595000
 853408
 489884
 1041535
 296382
 96547
 827702
 496430
 804339
 290557
 938920
 41469
 588585
 656385
 727894
 630787
 1065914
 131943
 112482
 418077
 488519
 145045
 36803
 811807
 618653
 114254
 825845
 402727
 880188
 825035
 533469
 725945
 38697
 411309
 812003
 577982
 546188
 222765
 456565
 542215
 309915
 987882
 808224
 169033
 258180
 930443
 443570
 435769
 457153
 756262
 799150
 450511
 76174
 84287
 258334
 860790
 1002225
 954407
 915196
 942773
 585898
 961452
 494464
 656683
 715315
 603621
 979195
 705715
 369440
 85667
 163405
 744923
 932687
 181738
 400921
 632472
 114607
 1064404
 530301
 361784
 707242
 25839
 219865
 852811
 788869
 1093089
 272664
 1057725
 159123
 949475
 973138
 456143
 705518
 353156
 893053
 853196
 504241
 250817
 462880
 193630
 562067
 799814
 389239
 1080759
 258176
 80232
 897087
 856543
 999485
 963572
 135195
 310721
 672945
 813599
 406361
 253656
 870838
 932919
 355595
 449891
 929231
 228067
 665863
 300665
 566806
 863106
 701185
 1081692
 1073175
 564275
 867854
 641151
 52571
 729345
 588369
 1005116
 387562
 695127
 848253
 690186
 992094
 418246
 530740
 358172
 19571
 566877
 599995
 334663
 743387
 839512
 767821
 166871
 680500
 42160
 561234
 702694
 545921
 1072868
 931273
 445775
 151524
 367832
 449438
 673932
 646172
 981612
 154282
 257778
 502215
 114678
 123180
 569441
 794552
 439248
 38192
 226583
 1041727
 175606
 905040
 51770
 1019885
 335996
 463742
 449756
 1020675
 483730
 906046
 1079877
 1045562
 680806
 637237
 690366
 389592
 346900
 388659
 957337
 364208
 44491
 113665
 405447
 789504
 694099
 178667
 986818
 276826
 921054
 491376
 956934
 467757
 748322
 1042012
 551368
 872172
 760928
 645805
 450298
 434496
 872862
 375477
 68544
 155407
 372048
 336148
 24014
 813964
 707793
 243194
 1065492
 357776
 339998
 236623
 516098
 992818
 143282
 470116
 426040
 825663
 2323
 148619
 877354
 986555
 799274
 607376
 488989
 831523
 732090
 383624
 123751
 869072
 109768
 514810
 397683
 471607
 988608
 195888
 997190
 1014667
 629406
 1034661
 37889
 800282
 271015
 242015
 1027730
 822297
 908481
 80963
 999767
 821837
 259744
 604454
 1005034
 774051
 459348
 757830
 529970
 1028146
 247423
 869817
 163836
 579113
 498890
 424067
 104922
 357376
 516271
 135848
 293016
 659327
 1010766
 17744
 920164
 755739
 436446
 438368
 202398
 682133
 790081
 647246
 797412
 601913
 662408
 596638
 364412
 486585
 436077
 61321
 1083245
 763549
 741386
 153809
 2192
 1046637
 623692
 49181
 231532
 934749
 294868
 112961
 757721
 2844
 16101
 64788
 716550
 521101
 761239
 112616
 936096
 1038172
 512040
 687990
 542044
 710704
 102980
 927819
 1096805
 1090847
 692032
 489638
 833457
 239761
 158749
 1045853
 935036
 447053
 961612
 13775
 923079
 779136
 1094093
 740805
 45714
 409270
 1000146
 857183
 84088
 765409
 531878
 508333
 950584
 187262
 1069021
 526899
 672951
 236160
 567925
 542758
 659564
 105373
 857468
 972091
 525109
 104017
 287831
 1067881
 47733
 727135
 473697
 911198
 966231
 848384
 988709
 767350
 478036
 526015
 413706
 771136
 649532
 296435
 663307
 636376
 884963
 733863
 630537
 587975
 33675
 198605
 399054
 421243
 153894
 782342
 699848
 431515
 498990
 142054
 194882
 139309
 306318
 954225
 881892
 267407
 695001
 114667
 566975
 56533
 419019
 1040344
 527431
 453549
 817231
 393351
 36967
 687075
 277581
 234571
 1001926
 471316
 549356
 253377
 343892
 28576
 770636
 563318
 811435
 423004
 617146
 1092235
 462579
 184688
 819284
 466591
 15818
 228808
 780578
 69689
 564940
 442579
 692015
 138050
 308700
 850660
 416773
 513552
 455328
 440578
 518843
 132426
 495781
 64348
 1031183
 919257
 639275
 462687
 645919
 4772
 560465
 931884
 191473
 311431
 587135
 509601
 422609
 999006
 696769
 306779
 1065556
 861362
 184130
 409944
 594334
 108543
 658453
 1086736
 929190
 963750
 895889
 562368
 276270
 543696
 970342
 705327
 401789
 374688
 1091676
 650396
 480749
 255646
 352878
 790960
 528831
 629654
 123253
 494024
 491399
 331565
 848332
 719605
 903901
 935961
 822225
 1041665
 392163
 329381
 1002882
 132076
 852757
 879912
 648954
 985913
 281979
 407567
 557541
 81037
 525509
 804399
 1084591
 613878
 440087
 606589
 458800
 515226
 78139
 196958
 128007
 956332
 408354
 46793
 1099396
 740249
 978662
 918420
 747178
 1012422
 840723
 237846
 702499
 4792
 1049264
 1020567
 163687
 1025450
 904748
 717498
 1035216
 534231
 812200
 295973
 369904
 419858
 46126
 747029
 692475
 1038114
 807274
 417030
 668901
 1022526
 762015
 417553
 515116
 1024564
 475250
 727703
 794114
 157034
 479532
 529782
 324582
 131989
 80723
 138358
 633250
 229467
 788017
 228368
 641216
 730337
 377694
 396366
 242294
 633953
 856120
 569343
 1064849
 935953
 847674
 917950
 561810
 226101
 574199
 50372
 810793
 619989
 16472
 222195
 292903
 1098944
 979584
 46451
 996875
 187847
 149527
 893822
 501282
 937981
 508513
 352519
 258915
 652860
 166420
 45996
 242264
 854009
 745438
 396811
 1003364
 103165
 944795
 760971
 873335
 948483
 321770
 140240
 943005
 360570
 823218
 954877
 877932
 247381
 336381
 170457
 165990
 815278
 578085
 244088
 953161
 1020256
 372791
 655584
 30915
 433024
 589253
 458550
 636755
 81364
 103232
 109680
 840989
 125355
 216617
 232477
 223350
 1036655
 942065
 518302
 754914
 772180
 755736
 816403
 820697
 476367
 319055
 285228
 896523
 426817
 218258
 298335
 997312
 53697
 156128
 509685
 269903
 834601
 263731
 376152
 369864
 343027
 513172
 141769
 1060491
 142893
 30806
 1095324
 885917
 528307
 341793
 186441
 894801
 615702
 575063
 268235
 158228
 652831
 575681
 279968
 739991
 624967
 291140
 248596
 990363
 583873
