747090
 188312
 990986
 939694
 614085
 770914
 667666
 945132
 512469
 658069
 1054611
 1012220
 762591
 1030645
 548284
 221571
 995652
 631337
 210940
 959889
 866210
 687890
 364723
 89674
 218304
 689225
 607684
 157098
 159866
 300141
 402987
 808113
 414716
 486672
 21075
 612827
 280889
 812395
 714118
 994419
 862110
 377834
 732554
 503776
 128393
 421840
 215276
 470236
 450127
 55414
 197462
 656813
 986197
 908637
 965593
 626107
 399773
 608417
 436811
 786200
 78047
 568426
 403562
 84801
 759666
 342027
 353737
 800746
 876180
 89420
 125291
 172335
 686887
 498454
 588201
 583544
 744402
 675814
 164180
 562746
 535517
 682949
 246138
 1047172
 772349
 746415
 775990
 59650
 484394
 729879
 324395
 359481
 956141
 284140
 384101
 1092715
 401173
 705105
 32271
 431948
 48479
 342698
 666572
 849102
 318120
 21763
 78853
 314501
 48401
 94756
 752011
 989096
 932580
 551469
 317599
 402278
 718653
 511721
 143374
 637268
 718001
 994932
 942569
 431056
 1034851
 125942
 12663
 486343
 662117
 997860
 862997
 493999
 1067828
 296412
 539955
 773967
 114985
 656345
 605001
 853007
 793509
 640393
 467846
 760005
 796735
 57908
 263635
 995912
 641969
 221445
 1062437
 683979
 456024
 95859
 410087
 426432
 1014885
 791845
 867107
 207613
 1000686
 544746
 296285
 673082
 420549
 60575
 1084249
 1095000
 840323
 828623
 1024426
 403924
 85323
 800930
 308959
 1008722
 715583
 862421
 77978
 148517
 1071409
 1049107
 824137
 129814
 962467
 100528
 732412
 574612
 598127
 700060
 944488
 495627
 747209
 755512
 108533
 826861
 396419
 430985
 640290
 972082
 163367
 743351
 841763
 619674
 908974
 944635
 611973
 455408
 707383
 999460
 358592
 916058
 122206
 731582
 178788
 871554
 65672
 69183
 602669
 954492
 489079
 533345
 159109
 1063296
 255105
 120740
 204243
 745909
 728405
 720919
 573859
 294131
 899707
 538334
 664316
 1061973
 874329
 437786
 511799
 255174
 1043736
 407931
 338481
 543034
 1089973
 342401
 632994
 799239
 324831
 570871
 169631
 694996
 772754
 384876
 331678
 808498
 515111
 540194
 908663
 83129
 584719
 1095309
 389426
 477256
 491046
 915761
 57860
 650244
 495121
 778229
 484134
 774026
 672325
 797124
 543626
 944601
 1015120
 356354
 37543
 134806
 600986
 659232
 196169
 324048
 512621
 122410
 1033314
 557030
 581859
 50642
 348150
 487557
 699127
 647436
 967454
 35317
 131419
 636420
 854542
 745846
 459789
 114867
 849443
 286438
 446452
 6825
 925762
 75992
 750600
 183696
 872412
 451172
 171608
 640381
 428772
 135384
 200444
 407357
 799321
 789941
 707356
 875633
 753285
 613013
 27911
 665945
 299126
 970517
 238246
 112947
 471005
 44954
 49003
 1039156
 524922
 403831
 217093
 628018
 1087552
 584032
 101158
 714064
 888310
 940706
 999751
 911757
 679647
 932827
 178564
 530036
 155384
 899892
 823811
 541438
 653406
 446937
 374056
 945063
 167251
 763044
 217730
 985325
 610590
 226314
 64410
 245149
 1006418
 418034
 692298
 239403
 771913
 385111
 300076
 995052
 879489
 365083
 696403
 614455
 492736
 281373
 991892
 71650
 511484
 537949
 212181
 743199
 1018365
 295304
 1068847
 113962
 983839
 614250
 167537
 47461
 1081162
 712478
 296260
 502720
 1050974
 952592
 780387
 421910
 981145
 402322
 1006158
 762123
 821385
 615696
 118592
 867780
 472052
 685149
 875387
 894825
 368044
 1011316
 99507
 76434
 458780
 458636
 771068
 554985
 890401
 450444
 778892
 943963
 118786
 1002217
 188599
 288115
 95162
 932746
 288928
 59543
 586691
 94106
 962654
 944787
 48664
 370264
 205984
 628219
 698257
 427581
 308612
 572357
 577351
 912157
 518924
 94797
 30657
 259651
 514701
 93829
 541452
 1074906
 333266
 207466
 1073604
 666427
 641160
 727398
 860086
 1088417
 879703
 1048000
 570184
 96449
 832426
 858087
 964707
 576417
 296165
 561414
 547429
 758648
 552724
 487005
 584368
 772639
 444851
 799217
 91126
 120416
 199012
 124816
 979499
 948184
 254239
 469538
 115682
 53236
 50751
 228050
 1070718
 32547
 172168
 363004
 572694
 148551
 398619
 825906
 396555
 879726
 108483
 788233
 805498
 480980
 52647
 986906
 56297
 242926
 951290
 346852
 55691
 426809
 420968
 425088
 245820
 447984
 1039412
 933042
 713085
 116370
 1036855
 656102
 196910
 200612
 29864
 930462
 983573
 406727
 830466
 816013
 821910
 831283
 456023
 352677
 917074
 603847
 24801
 392870
 495166
 581172
 182811
 570698
 933408
 708717
 75913
 15402
 598157
 785105
 1022230
 1006646
 720069
 190914
 517706
 458247
 722015
 67840
 753870
 889994
 586223
 1068184
 513345
 694160
 513963
 351566
 1030723
 1077675
 631268
 806369
 177360
 748080
 207286
 69106
 583755
 239390
 303762
 683364
 1077281
 779125
 829578
 1057566
 517712
 651603
 518267
 605621
 263216
 761402
 701024
 92474
 287188
 187189
 67045
 191718
 133317
 807518
 466284
 977152
 567814
 6007
 778164
 1073542
 273311
 192081
 213097
 107391
 451347
 66856
 871952
 952872
 255223
 380764
 601852
 184656
 503922
 372988
 1019309
 457203
 642365
 205726
 126026
 165829
 2316
 888438
 1010718
 986179
 678070
 769273
 489303
 710440
 169148
 333075
 511432
 424020
 577923
 482098
 276901
 309940
 370620
 732962
 136686
 1073169
 1094655
 271392
 1064640
 956366
 158864
 922723
 854836
 412639
 357598
 994083
 164722
 68020
 1099603
 296440
 351402
 363729
 145119
 256191
 1012937
 333083
 284686
 701116
 569361
 964037
 362556
 931321
 646294
 789292
 693376
 850132
 52567
 760497
 748437
 954328
 1073129
 771196
 140521
 180351
 290899
 319598
 861084
 269387
 15551
 499938
 73670
 234175
 286195
 332553
 897537
 313956
 742584
 896584
 386654
 82193
 177659
 720830
 812230
 1054599
 168006
 824979
 617985
 86385
 882960
 587123
 407443
 488465
 950204
 281059
 501363
 511954
 1042044
 538952
 192481
 729370
 991452
 1006712
 33843
 1016541
 109387
 822851
 588284
 650123
 1050037
 52898
 324477
 881549
 1001538
 498423
 1034027
 8215
 517428
 58802
 893719
 952591
 538009
 1027037
 980609
 172031
 1087621
 50322
 718934
 1059162
 93582
 1091968
 6896
 1076850
 1016247
 162242
 611388
 996991
 461826
 685408
 373261
 10436
 174929
 180194
 647211
 1007970
 914325
 219314
 1035128
 998138
 868286
 313038
 59062
 39313
 44129
 113993
 258683
 198256
 797064
 394767
 947026
 959981
 1017828
 334130
 514817
 307541
 163733
 458292
 975582
 1076748
 191646
 486031
 795161
 595572
 595889
 918432
 1018222
 759913
 558397
 545813
 1055642
 1010704
 109894
 790666
 574039
 749058
 679293
 881115
 879857
 756444
 611502
 227003
 659180
 951589
 297588
 422067
 1046898
 168766
 880207
 653705
 87454
 560748
 607479
 290434
 1069028
 663708
 749724
 730066
 561366
 748965
 1489
 550766
 27182
 96055
 1049829
 57017
 760421
 529869
 571615
 132565
 904445
 66866
 723574
 817153
 322961
 349018
 196680
 880224
 661959
 49068
 555244
 67478
 189818
 339374
 252897
 892691
 1005409
 489360
 619042
 288390
 681837
 93561
 671262
 801707
 352531
 261948
 786440
 46697
 624159
 67499
 313590
 849159
 771713
 493418
 1013456
 235106
 244312
 455343
 1047458
 922772
 1078560
 578368
 515645
 68129
 229585
 968057
 982204
 921882
 472723
 681140
 847769
 992323
 741287
 652438
 914933
 743070
 842018
 856153
 1013560
 1012297
 924841
 563619
 394944
 28809
 933216
 856666
 209855
 805107
 490998
 541133
 994023
 66056
 533570
 248547
 952594
 790257
 855606
 324465
 1047891
 21233
 279805
 402264
 494059
 931625
 502304
 55151
 568076
 318286
 917653
 654169
 1010267
 988553
 796154
 288025
 65543
 47254
 663594
 489944
 864915
 363559
 914753
 759119
 894666
 989161
 958666
 328013
 191695
 1792
 792841
 670894
 253115
 860368
 34284
 343580
 111185
 46205
 714321
 1093463
 1052532
 1070541
 920216
 133131
 625558
 313300
 818348
 444023
 205592
 995619
 117743
 67096
 314680
 709231
 872789
 1078160
 687463
 83302
 706264
 150828
 114918
 151283
 120425
 397798
 805473
 589181
 37016
 1055591
 820909
 326368
 322320
 168832
 1034398
 442032
 1016939
 793037
 915957
 446127
 645890
 965556
 965565
 756523
 541419
 772634
 661212
 548439
 669437
 181811
 447836
 860773
 687017
 390568
 146886
 933565
 889834
 753871
 1012328
 479720
 597814
 1018270
 714399
 849977
 208712
 1037108
 586414
 829165
 216739
 884671
 602533
 435386
