276730
 154739
 424033
 963158
 120246
 917261
 615459
 736811
 656481
 86172
 474416
 93057
 658991
 23432
 761047
 762041
 507177
 27247
 662553
 308471
 209510
 447867
 1086270
 248875
 669420
 619046
 775678
 96410
 771157
 1008746
 541863
 1007084
 125110
 493171
 831318
 963716
 291698
 563771
 330355
 799890
 817832
 243959
 593320
 940717
 305055
 405004
 867551
 419860
 452582
 209695
 718615
 43622
 418036
 876809
 107626
 4318
 964357
 952971
 388126
 34877
 493844
 193221
 545297
 55770
 918034
 631080
 581202
 270469
 635577
 751944
 463996
 693332
 637028
 460766
 394439
 440460
 305407
 19461
 8297
 779294
 700415
 702491
 307157
 1030012
 677986
 45031
 282763
 694036
 811592
 378553
 579019
 945230
 624895
 669323
 142987
 209958
 854525
 944758
 990507
 590154
 678952
 599401
 91410
 90697
 996124
 841022
 682852
 68092
 908674
 936492
 282248
 293952
 870802
 119723
 183636
 146555
 865341
 332488
 831386
 261680
 1033843
 419036
 768717
 249601
 832955
 966694
 649266
 840841
 418276
 278344
 842031
 456488
 675506
 912443
 777021
 37289
 733793
 1095337
 443800
 486814
 1008683
 707219
 76924
 12726
 597067
 1073888
 320666
 1083087
 812188
 1085900
 401992
 559538
 169039
 460803
 790340
 369367
 241640
 900861
 343042
 181922
 511346
 1061050
 762760
 530507
 944712
 465439
 453465
 957908
 686195
 307141
 751479
 317265
 962169
 864384
 636372
 83344
 896009
 875462
 222522
 485772
 148007
 1028347
 279774
 167894
 205722
 596933
 960098
 516999
 638025
 140585
 28631
 641796
 919334
 650313
 1070377
 209654
 432620
 377116
 86506
 410764
 432408
 30261
 115262
 638400
 1062067
 135356
 649737
 952212
 1033424
 43982
 242569
 309864
 295396
 131050
 768937
 778423
 727844
 46160
 557311
 742142
 725631
 679938
 754626
 776841
 711029
 615771
 601917
 18076
 893789
 106769
 820573
 486393
 700973
 1022599
 561963
 407336
 1238
 745971
 1041935
 1050561
 749243
 563820
 647765
 199478
 275643
 954271
 43598
 802730
 1053777
 969566
 287406
 286861
 308147
 300264
 150718
 394593
 870752
 192431
 133583
 1023931
 40406
 516945
 555267
 400536
 1027352
 534309
 445120
 515461
 633740
 126785
 1008730
 767889
 671561
 664108
 748986
 846729
 623852
 21053
 180994
 544921
 590490
 580144
 1086672
 429111
 358307
 920491
 668769
 176871
 434562
 375779
 303876
 530955
 23828
 522749
 396549
 750437
 355767
 201303
 663725
 843466
 249297
 703292
 187946
 903224
 999180
 284007
 934013
 320993
 6738
 857849
 1039116
 807374
 243334
 1065394
 470914
 2407
 165239
 994360
 902215
 717116
 527212
 40543
 390666
 729164
 165794
 816631
 454898
 78169
 395919
 344931
 54049
 298177
 798278
 633486
 18298
 741055
 466469
 20964
 927004
 498463
 423055
 150878
 832525
 634288
 376471
 1078740
 760416
 753704
 91533
 377384
 1019499
 400196
 147149
 707780
 599805
 502451
 538692
 225959
 246789
 5956
 600968
 332587
 1007157
 230882
 151625
 220372
 150832
 1029278
 138017
 557317
 792504
 1062281
 487991
 60551
 178727
 146551
 907480
 623788
 320425
 947702
 883178
 118398
 334053
 871939
 592309
 364372
 96217
 582433
 487558
 3545
 845787
 226179
 911957
 988697
 947003
 664633
 600833
 510261
 938726
 200999
 204011
 440502
 308583
 739526
 263382
 235772
 390315
 629994
 481377
 103755
 470310
 301316
 515025
 642819
 639042
 910990
 445240
 557976
 931463
 1049677
 996354
 37595
 260640
 877492
 29014
 993648
 841516
 810886
 392358
 184554
 450201
 1000322
 610810
 672998
 863701
 942898
 1021564
 1030173
 211671
 918003
 359109
 471236
 581143
 498115
 487097
 374295
 147994
 78778
 605680
 850499
 937781
 874233
 905922
 982261
 121329
 387247
 1016169
 874167
 1003612
 1018079
 723927
 176018
 962969
 786352
 476996
 915630
 624287
 124154
 130666
 540426
 894343
 891031
 331452
 773292
 734377
 938108
 137461
 703882
 965570
 1001891
 848840
 316888
 903341
 455771
 211423
 806648
 1010073
 123388
 448047
 151813
 775191
 81619
 850467
 757827
 240886
 1014586
 572662
 671434
 350626
 750232
 881721
 440317
 973598
 572829
 351634
 492861
 363545
 577105
 862195
 864238
 744574
 920847
 658233
 734650
 607764
 744185
 684069
 619452
 746524
 753988
 336031
 912406
 374167
 935547
 547852
 807190
 727693
 1027713
 472192
 545248
 372070
 778452
 918691
 875954
 505574
 978462
 168952
 488259
 161715
 598533
 966078
 394072
 760269
 525140
 425030
 605177
 545476
 684397
 369885
 286123
 165307
 182652
 766968
 370455
 850357
 115963
 842851
 725755
 702471
 956416
 338660
 1009729
 896173
 412650
 544550
 784141
 143912
 105802
 65171
 1081816
 1049120
 1050143
 897198
 724794
 233894
 423433
 803992
 751061
 922357
 825543
 987771
 561866
 274094
 499412
 60572
 28264
 527986
 840295
 234576
 409401
 193113
 1019920
 291313
 924687
 159681
 483733
 1199
 408192
 903301
 861414
 485080
 454410
 1084769
 775971
 271726
 240533
 713049
 580041
 680859
 271738
 999082
 649659
 1019728
 516010
 340806
 174370
 453418
 338930
 1085546
 1018882
 811719
 604161
 1097180
 258370
 903108
 72498
 389607
 652400
 81467
 485420
 464380
 983969
 714767
 253320
 396401
 828666
 463038
 324197
 154965
 779794
 261279
 547681
 402579
 138099
 741171
 725234
 1011899
 1028146
 902197
 403532
 520886
 603690
 623559
 89893
 438785
 572773
 360147
 253522
 868806
 206645
 184877
 228547
 377453
 573833
 92978
 912194
 354561
 718004
 168252
 80349
 207632
 747195
 1086448
 310013
 987114
 676721
 946995
 1048598
 979587
 777944
 10549
 937165
 693643
 229374
 926004
 274791
 346212
 394219
 929114
 954913
 591192
 827206
 629234
 950990
 26734
 343251
 1073382
 595730
 86380
 245959
 210418
 681620
 227463
 637687
 919272
 597359
 993715
 589090
 638780
 796105
 1060966
 415172
 246767
 37478
 715642
 629796
 360562
 198362
 183435
 242165
 753730
 937810
 255819
 9819
 582408
 355761
 744522
 526742
 73591
 44309
 556921
 766392
 176177
 198734
 344626
 331187
 853650
 837618
 38218
 837055
 892975
 327111
 837779
 753015
 511815
 235897
 599703
 1096248
 8215
 959748
 642252
 784309
 31762
 244588
 538622
 1082198
 117066
 867696
 351816
 1063102
 623497
 342038
 1060711
 24864
 548632
 1091966
 223632
 422063
 821056
 888349
 1040796
 186831
 1029106
 264173
 1086183
 776046
 677458
 374545
 986206
 625587
 919046
 56770
 490746
 994762
 540959
 441127
 251027
 310733
 497957
 794614
 911531
 581700
 900302
 42790
 322378
 694951
 528078
 1081953
 102208
 126926
 325556
 647319
 655364
 272643
 1008290
 498512
 284789
 923820
 1087020
 170035
 744429
 137489
 69107
 1007317
 217300
 999046
 1006454
 933888
 439357
 33292
 691551
 337000
 993871
 1075021
 24828
 188459
 7858
 232689
 796547
 554203
 319479
 7099
 1073421
 614632
 448150
 569253
 83298
 690978
 134149
 649400
 565653
 488362
 1036389
 1020376
 903635
 881289
 555615
 995884
 984136
 48981
 380653
 215466
 320721
 458364
 659120
 159928
 122655
 274619
 226313
 944133
 828524
 790609
 468022
 907426
 68652
 841161
 506195
 1033196
 159730
 425653
 38401
 523151
 829943
 698995
 584860
 892914
 171944
 633415
 26083
 281330
 969024
 411082
 82591
 933880
 567022
 119222
 414623
 540445
 349639
 242303
 918786
 1015466
 269501
 1071367
 156229
 235862
 5205
 719807
 195139
 812713
 313657
 189984
 976591
 843324
 970035
 199583
 1069366
 978755
 933671
 781990
 701329
 1095024
 54700
 1078140
 177507
 919668
 157306
 449761
 314279
 549586
 890773
 454667
 960408
 996866
 699886
 970919
 447630
 277383
 917595
 688294
 279823
 793559
 957975
 319033
 836452
 55171
 160329
 206286
 568058
 690188
 142543
 196017
 913154
 999965
 292371
 385252
 50545
 600724
 454440
 1064774
 130812
 1057341
 931826
 75295
 852531
 415160
 969051
 1015592
 531812
 422742
 933147
 1068354
 129525
 202643
 823031
 312112
 677402
 413330
 411586
 378444
 73900
 850161
 16529
 1092386
 792749
 635007
 478102
 669847
 523343
 1085580
 166517
 1077881
 67430
 361599
 231392
 739907
 310540
 676658
 534592
 647175
 495732
 647435
 225775
 491387
 229962
 154328
 269922
 623742
 995945
 1043880
 612636
 959042
 875149
 78594
 316012
 514016
 596648
 637235
 141543
 463296
 114620
 911761
 1052771
 776741
 534286
 701565
 384636
 1087565
 467161
 350644
 336628
 73930
 589966
 891123
 696265
 304420
 415135
 765915
 878994
 824647
 336319
 409412
 377343
 855051
 716138
 869809
 998363
 735520
 96373
 428896
 955315
 627118
 188925
 803392
 64454
 571149
 934532
 195644
 124120
 280541
 1071919
 1083238
 355644
 477760
 1079371
 228947
 382803
 305312
 983117
 359394
 837182
 570869
 905922
 438470
 786720
 683371
 71522
 59154
 745594
 712242
 213890
 151970
 836345
 894469
 985399
 679471
 638898
 1077367
 813006
 825381
 842487
 1017632
 822119
 843506
 325917
 229040
 254377
 997733
 374807
 1074323
 326530
 744443
 717935
 40178
 49258
 326727
 782925
 909774
 829855
 503915
 271938
 759683
 856182
 304932
 453108
 259640
 383188
 657504
 1078714
 367313
 960678
 71918
 282334
 536891
 378807
 69517
 501605
 111281
 701614
 539903
 380714
 287875
 31009
 411619
 1025563
 849688
 55300
 464231
 435276
 170409
 702256
 818207
 553493
 987634
 586926
 812440
 554103
 69986
 356103
 952718
 230948
 1082446
 966174
 873986
 190156
 842144
 842992
 511368
 450927
 446846
 221326
 389680
 116410
 465298
 49197
 3551
 157429
 889471
 529461
 1075528
 437856
 701743
 249819
 76826
 1076987
 96771
 868393
 1004045
 383992
 103105
 555578
 472538
 644828
 608128
 926638
 291920
 127650
 964502
 333491
 357225
 304942
 690640
 256181
 148805
 382755
 576466
 446599
 444840
 706601
 700875
 924323
 636563
 33697
 913698
 886978
 874608
 507694
 947992
 339636
 252651
 925487
 81221
 437740
 58541
 22715
 801511
 1019393
 436040
 133566
 668168
 814753
 856830
 1013610
 378793
 477190
 819012
 815550
 248672
 31795
 788764
 664782
 809810
 726759
 668841
 626495
 66887
 275662
 391198
 391718
 208996
 273713
 950667
 340840
 405868
 891426
 169265
 598022
 615475
 909055
 989961
 1053716
 902520
 586277
 507576
 80686
 370890
 81208
 935171
 387754
 274288
 628228
 59134
 608455
 518601
 510675
 821063
 724393
 886687
 826058
 346679
 473786
 252764
 229189
 695456
 639832
 85410
 712990
 20488
 159058
 441673
 300945
 951723
 1053611
 825939
 301356
 973997
 218362
 191713
 57987
 273430
 840970
 312189
 360142
 903701
 840056
 691142
 872876
 1059422
 525831
 51101
 632823
 745986
 1086442
 596789
 92356
 216367
 121138
 885672
 262286
 788182
 898826
 96827
 691042
 826390
 702591
 59048
 851568
 565818
 716656
 156834
 345827
 822447
 1011274
 650780
 779254
 80275
 824948
 910171
 792569
 725115
 489565
 595598
 755703
 523557
 197306
 235803
 586603
 131692
 267437
 527908
 271880
 987867
 482222
 1011885
 379359
 323894
 724599
 181929
 289464
 724873
 1034146
 643549
 405130
 834437
 142436
 447160
 473642
 54541
 668252
 245259
 1002186
 808655
 349478
 1008748
 970129
 963179
 888662
 175498
 1062563
 1073612
 868082
 407675
 833864
 793449
 88473
 74435
 1014269
 891386
 934445
 817035
 484949
 217188
 66317
 301310
 724888
 252845
 329954
 1096121
 158110
 119433
 434559
 1010587
 309377
 543064
 1071455
 836294
 178034
 835089
 256
 553258
 786094
 772145
 1075502
 371981
 585122
 866941
 296124
 344832
 596234
 48290
 21597
 109580
 1059983
 611153
 746007
 646207
 356558
 677540
 466810
 246504
 622126
 716973
 214407
 713337
 647673
 774322
 1001505
 1029902
 814983
 951912
 816511
 427286
 106529
 322119
 242100
 469303
 791652
 161116
 559268
 1002472
 898204
 1035332
 1026527
 882961
 150558
 813323
 232823
 606904
 374309
 719954
 905273
 884209
 710814
 22957
 297965
 22289
 391586
 28262
 797953
 434211
 387957
 759573
 119062
 994687
 174281
 1014892
 658332
 803403
 1024446
 1007459
 1090586
 1061212
 914791
 424451
 1087229
 688076
 108541
 592944
 861126
 1072303
 880595
 391838
 919035
 523796
 44559
 239439
 572661
 126095
 789448
 887294
 1056821
 967612
 796340
 29108
 636118
 565167
 270673
 622352
 892463
 797001
 984731
 371634
 168131
 981490
 238319
 1016542
 943689
 921939
 509558
 98422
 247765
 826057
 969290
 129140
 771391
 333051
 22148
 24647
 136832
 149336
 929317
 327108
 603892
 904240
 932653
 770202
 1086967
 1065715
 868030
 1022308
 668257
 130521
 353252
 88706
 446619
 562075
 286441
 952050
 507619
 383925
 979131
 791697
 14656
 380108
 836838
 351517
 340363
 551562
 872766
 862069
 1069131
 79373
 231851
 247420
 730335
 256298
 703698
 635248
 1056258
 500364
 1032958
 1099121
 998287
 79514
 372721
 38645
 466777
 370112
 131857
 396120
 332973
 73869
 306283
 243794
 656704
 79736
 676138
 582773
 641048
 313404
 275023
 728305
 746081
 910196
 556572
 608133
 54446
 436579
 970243
 630498
 1085920
 562983
 857173
 785947
 19877
 971816
 1042159
 678159
 376143
 476366
 621967
 194646
 778344
 922115
 526909
 1021185
 418669
 461998
 660044
 197575
 831075
 275904
 1094275
 409560
 768999
 817823
 104054
 612566
 979652
 443225
 66603
 552356
 821957
 1097834
 877793
 184839
 1070273
 594075
 462246
 388192
 496621
 319426
 496856
 759855
 454372
 375048
 790844
 498959
 872188
 350164
 976527
 635175
 65939
 1052369
 777861
 844185
 418111
 691214
 980344
 772186
 683057
 217769
 703044
 243151
 634312
 1042432
 310372
 106001
 902196
 707956
 609846
 522613
 742871
 450641
 661840
 331873
 983667
 723935
 912875
 319284
 153699
 294293
 535574
 780835
 134202
 983762
 88785
 543219
 31359
 546158
 946019
 387924
 931299
 690959
 845596
 554624
 638277
 847790
 327984
 758604
 779425
 471785
 27023
 436611
 779243
 816320
 1097145
 1051001
 824285
 111334
 974544
 541266
 804059
 167770
 86426
 708543
 732481
 629011
 836929
 33962
 83900
 447494
 341202
 579646
 372302
 895592
 695458
 60956
 1058170
 562190
 770610
 64243
 732655
 891958
 973051
 510759
 799916
 167505
 594574
 7463
 676821
 249601
 532776
 937857
 338012
 256747
 150849
 169629
 905753
 331505
 507809
 1079695
 392134
 893396
 65387
 1034052
 46523
 527493
 503437
 559220
 408717
 637306
 278199
 5763
 141800
 49080
 113231
 172706
 338356
 38160
 756069
 361810
 579819
 699507
 1062632
 1009587
 961701
 296945
 582879
 527625
 210098
 889142
 985734
 287139
 978625
 582947
 152547
 148139
 509109
 718662
 155161
 251210
 46202
 944750
 888593
 273578
 7077
 758877
 639456
 870536
 985629
 787959
 473214
 198801
 879178
 876455
 835207
 1083882
 588066
 385588
 1050311
 623644
 284747
 990125
 668554
 649023
 315115
 266705
 1093559
 540184
 1015565
 542377
 778130
 253690
 1031
 81872
 640535
 7735
 1076207
 416069
 73361
 473349
 902856
 25293
 1087766
 692532
 215433
 381627
 692657
 643187
 93571
 861647
 350617
 559363
 571425
 701623
 706372
 719604
 568023
 69560
 880038
 830944
 171906
 561262
 3631
 290624
 814564
 583962
 631145
 754435
 435100
 826754
 871101
 373932
 609832
 241201
 706
 168755
 39515
 281475
 1009355
 639040
 531137
 770226
 796267
 755513
 573081
 76307
 538267
 411009
 322486
 139793
 635032
 341018
 647637
 729147
 692850
 142024
 916452
 492086
 1003807
 218919
 206700
 812735
 474305
 837426
 181526
 108516
 892174
 562242
 516107
 500506
 39322
 407768
 1041315
 413801
 1059296
 315846
 640330
 72634
 452404
 692614
 926182
 965711
 453731
 310644
 258436
 274481
 892381
 720830
 326389
 634819
 957632
 956668
 170570
 906097
 1058991
 40675
 397188
 614278
 971147
 525185
 877327
 575598
 916492
 887310
 781782
 1012613
 905638
 966265
 126653
 844533
 774397
 904583
 690619
 66677
 781724
 424727
 625624
 682467
 6154
 119281
 438266
 1024716
 618361
 877245
 834924
 1023573
 571688
 18971
 1005355
 480319
 22319
 854736
 65312
 507609
 684439
 958649
 290232
 782807
 360597
 140335
 109345
 884512
 243418
 1010680
 291914
 1007464
 51626
 276379
 571352
 667199
 331177
 566391
 419536
 132533
 341057
 353278
 785300
 531276
 699502
 1018900
 769306
 629549
 524419
 769513
 939441
 201574
 69500
 205761
 1066023
 639403
 965906
 273334
 527031
 102248
 642999
 80655
 819383
 183942
 586245
 357778
 464562
 1099936
 331311
 79956
 50156
 207734
 1030117
 32855
 821343
 645833
 1072300
 495604
 972430
 626539
 564031
 708088
 423907
 416444
 21613
 997986
 493864
 709414
 915749
 641696
 682870
 639051
 931570
 1090415
 826611
 322391
 166349
 433402
 415129
 347059
 609258
 182712
 596266
 389323
 580269
 7217
 493974
 235216
 276918
 163142
 601224
 673891
 1027948
 565668
 1174
 1081253
 774489
 187586
 531928
 332061
 695757
 468584
 1031557
 541732
 48552
 1044806
 719772
 433040
 703903
 190428
 1735
 401134
 282339
 97202
 689468
 993252
 1009060
 494897
 946847
 325915
 941971
 414785
 998855
 842743
 571593
 418998
 252335
 960908
 137368
 819376
 664334
 154078
 892728
 766468
 391374
 863888
 202407
 756480
 172918
 743037
 826273
 906427
 354987
 1081551
 108871
 412840
 456956
 654662
 1082286
 491566
 643322
 515460
 784666
 1047960
 882384
 938300
 1040831
 749967
 978335
 524444
 765785
 1016185
 1023693
 293919
 644093
 25868
 1082649
 324707
 620331
 187361
 742930
 1019839
 473054
 596020
 853725
 682227
 1064303
 650092
 672612
 969445
 746607
 603528
 492094
 515641
 518769
 995879
 702948
 920946
 629536
 805077
 449876
 691489
 647298
 255373
 743446
 1000588
 76279
 391518
 1096479
 789310
 460985
 64993
 13580
 919763
 841973
 806880
 772147
 752039
 927714
 203845
 1087433
 543652
 1099762
 995790
 523106
 785196
 174596
 671807
 445239
 392697
 674196
 802022
 939108
 453233
 972204
 824848
 1092196
 74461
 770641
 387332
 994403
 41867
 231432
 536270
 548629
 1026453
 1090947
 437442
 918606
 86498
 657900
 59900
 502382
 136524
 609491
 714625
 269617
 1010709
 399715
 661
 927968
 610152
 483636
 525523
 951623
 296408
 1013744
 1067708
 573007
 718305
 127902
 864258
 979941
 747855
 465905
 876225
 1039404
 686390
 356234
 1097454
 140931
 1034907
 655775
 272978
 524323
 1035371
 905116
 372354
 104512
 86746
 137264
 778095
 278539
 883646
 541414
 697261
 188638
 619897
 432802
 1064583
 126121
 10630
 319798
 196613
 391588
 778109
 967811
 147762
 741878
 85202
 811861
 380682
 388767
 665754
 321669
 528722
 163166
 256533
 272919
 346948
 1006747
 613954
 98387
 174635
 709566
 559405
 750133
 821511
 156371
 401406
 87406
 468764
 240800
 406000
 1069035
 333946
 902602
 309428
 711335
 665822
 841516
 528900
 559016
 1073673
 45860
 534033
 520875
 547098
 85142
 636775
 912304
 1003925
 41752
 282309
 892440
 478022
 232795
 922730
 557007
 1012312
 606594
 116187
 234711
 431300
 1010905
 1097397
 99400
 906752
 52565
 37714
 674881
 454895
 824787
 823047
 919033
 232587
 491296
 264335
 792087
 816100
 161080
 287345
 367298
 300944
 773604
 952654
 127832
 1080929
 173109
 422062
 1001328
 393066
 327061
 935414
 466133
 51397
 721427
 112672
 713891
 554919
 526396
 616900
 759542
 39597
 4343
 133394
 803684
 58309
 780310
 824365
 270397
 920811
 420206
 1084058
 800178
 226140
 35622
 188856
 54415
 1073819
 551723
 136508
 112924
 867893
 464724
 525116
 720368
 1072976
 699822
 849127
 694292
 305565
 558322
 773737
 261971
 758375
 529468
 1067878
 171806
 675170
 987946
 236796
 856560
 1027949
 329168
 1004922
 1037129
 402199
 375015
 1040192
 932195
 502082
 22090
 36009
 91222
 1090170
 620041
 247226
 967262
 235950
 769739
 586327
 170873
 944295
 1091046
 211094
 1036568
 1062634
 755764
 587765
 532292
 39841
 256188
 49230
 890733
 701017
 1011019
 481111
 731118
 574652
 945303
 845426
 1058289
 339883
 593483
 726930
 922909
 941298
 469331
 487637
 708066
 915218
 574943
 58391
 1078782
 636213
 794485
 379618
 764068
 887878
 87563
 376173
 979089
 683608
 164477
 597117
 798296
 744059
 1037513
 337334
 669611
 145636
 335280
 736936
 898891
 38451
 873409
 1067939
 239528
 756191
 453679
 517446
 1073330
 671897
 279102
 143387
 277575
 346921
 767258
 226250
 302485
 289163
 279356
 438120
 63928
 688979
 474432
 476605
 553039
 294951
 525268
 661229
 140092
 161848
 536633
 783859
 294301
 417410
 1096755
 488109
 998869
 569212
 342709
 302941
 813224
 63718
 873787
 237532
 965345
 545469
 116127
 930503
 360781
 311465
 671423
 1075610
 330807
 1061333
 944782
 997766
 173655
 969437
 771977
 821259
 549947
 786868
 204909
 979568
 1062663
 765202
 564748
 580625
 148101
 491134
 89891
 246028
 772898
 854327
 774702
 1013697
 531096
 373763
 1037357
 283681
 645122
 352420
 20180
 340063
 151345
 1033733
 564727
 149602
 117259
 946442
 365426
 178603
 1072789
 1038487
 990853
 858401
 382931
 1034602
 495401
 1058883
 9875
 948777
 952384
 604249
 698638
 929288
 282344
 782663
 936812
 582719
 1051322
 1042115
 1041740
 212829
 356021
 332061
 948009
 8730
 779379
 995198
 854809
 649305
 201896
 703164
 828187
 540624
 1067055
 5254
 147911
 146779
 373181
 195396
 991369
 440638
 944031
 817576
 138684
 709379
 545113
 435733
 327218
 45818
 303830
 875738
 994078
 100828
 124075
 337321
 695342
 720815
 784206
 858519
 277295
 590963
 153746
 60046
 37116
 220078
 146247
 727982
 123364
 478737
 1000128
 274719
 310407
 897595
 17953
 617365
 375440
 1094839
 42873
 693
 212040
 22322
 1085079
 245827
 160601
 392901
 70768
 377219
 863331
 748673
 233369
 892262
 46978
 394810
 300853
 850089
 324107
 943657
 297070
 722
 585981
 935652
 154307
 425333
 151620
 962548
 809339
 728152
 630207
 883883
 919604
 138895
 390154
 7788
 454418
 238243
 804974
 427451
 344042
 690354
 372084
 480106
 523132
 785566
 155710
 237231
 887257
 61972
 347
 609469
 230280
 709054
 300688
 410306
 299272
 1092600
 238421
 144885
 1039223
 687508
 521464
 709396
 285202
 891172
 901046
 715975
 593451
 843436
 144530
 214583
 760336
 235551
 35183
 425614
 61969
 1013228
 312691
 1027402
 21461
 1090495
 995357
 859414
 151827
 775289
 205150
 922675
 318537
 774070
 670622
 382793
 478473
 668323
 48239
 494344
 107422
 473192
 921927
 814655
 626558
 1032755
 545795
 1030502
 1002223
 285861
 456127
 401068
 1034365
 177047
 856498
 328148
 1009614
 108332
 461637
 876394
 1049417
 309720
 220777
 699544
 111004
 626348
 887781
 368246
 349529
 816875
 688966
 831385
 1055376
 643165
 530049
 905339
 206545
 1065121
 516405
 174557
 554889
 650538
 621505
 1089308
 188365
 33592
 516232
 580637
 152
 604928
 400233
 890765
 771332
 448183
 233781
 968251
 298395
 1007614
 248819
 771477
 792344
 308487
 480408
 472153
 641826
 1026192
 865561
 349240
 775625
 951006
 811718
 677597
 137012
 406224
 434213
 1041980
 173636
 918128
 453581
 307893
 914309
 958312
 966423
 624221
 30934
 820572
 1012078
 878957
 280054
 296518
 518567
 627401
 676401
 540626
 777327
 866915
 463631
 621153
 247628
 261990
 800745
 423672
 199075
 300104
 321731
 332118
 708690
 228983
 952524
 865358
 424076
 432321
 27760
 380613
 514085
 587965
 879739
 103938
 1082074
 476444
 896207
 454440
 389966
 9503
 643894
 348309
 706738
 421853
 170676
 311125
 105621
 512358
 602437
 251888
 358568
 885883
 211669
 129163
 483556
 670871
 1020686
 619400
 1023574
 457973
 474439
 498977
 53223
 729309
 528943
 607310
 766012
 1018300
 251660
 828283
 231922
 144683
 370897
 556382
 944120
 315346
 682914
 64241
 770925
 25936
 882670
 169703
 80432
 291387
 10994
 590099
 977836
 290424
 412591
 1093845
 173279
 1568
 302785
 774690
 221338
 299989
 729018
 196360
 642092
 366006
 521501
 879565
 592709
 605812
 190745
 356764
 825686
 501109
 170449
 1014198
 795974
 68941
 629319
 272337
 651358
 817251
 933125
 577346
 692507
 539519
 581293
 707384
 875768
 829641
 218937
 170868
 958108
 767221
 566419
 604844
 122031
 201829
 351292
 774974
 47213
 632329
 138179
 515467
 994093
 375494
 1076878
 929736
 118658
 146178
 338099
 135116
 253877
 149292
 640394
 798626
 518514
 394322
 877383
 430937
 331682
 938825
 619725
 602095
 160848
 21085
 99927
 349847
 680549
 678654
 883489
 243120
 934966
 314727
 1019977
 922532
 838674
 837690
 779013
 956813
 60083
 987493
 816273
 976142
 305701
 11123
 966910
 560773
 889907
 1035008
 272885
 345624
 838415
 3502
 347816
 199417
 185951
 220073
 595766
 579189
 591264
 188275
 712922
 250661
 1003927
 398076
 1054766
 879982
 696168
 754597
 58460
 656814
 822098
 252914
 168119
 485835
 425041
 18918
 904628
 10307
 705569
 254831
 5632
 877863
 548073
 854339
 75505
 456553
 663260
 1018850
 821523
 344720
 446660
 1053576
 525755
 298935
 1039878
 597312
 948490
 560076
 579003
 860778
 89172
 549235
 217791
 562066
 638189
 977391
 709762
 790587
 899245
 914216
 632424
 296200
 35301
 331817
 752037
 71883
 1040353
 81344
 1025424
 227046
 901391
 186894
 797479
 380102
 596720
 806521
 1062783
 515023
 355867
 667692
 580026
 981138
 72202
 385457
 483438
 158544
 264115
 466556
 1049622
 211247
 899647
 109676
 468822
 432475
 24935
 123417
 684141
 842322
 900724
 256955
 559564
 151237
 219635
 58623
 481921
 475667
 1033370
 78414
 535890
 1010594
 682697
 956636
 1082459
 247514
 77804
 304969
 390887
 659956
 999183
 1050811
 907930
 250709
 1075951
 685743
 727394
 246937
 577895
 320617
 225001
 467518
 592864
 435520
 303954
 161820
 69513
 386209
 153475
 991808
 123571
 688839
 435097
 739630
 257944
 959081
 970390
 486872
 518639
 111977
 593159
 296147
 363084
 1098167
 335959
 760759
 902914
 744233
 195145
 181593
 961710
 845116
 182735
 120011
 592411
 72050
 837615
 187507
 189879
 1066443
 993504
 976958
 584981
 963658
 489050
 251639
 480168
 248374
 68890
 533478
 583303
 817500
 102596
 1016438
 972631
 811932
 611881
 525651
 559518
 122023
 221187
 416207
 702363
 768291
 317082
 953611
 764093
 24236
 975693
 175736
 916608
 1061883
 1065746
 609796
 277024
 928542
 1054113
 219662
 603153
 331901
 471977
 828557
 14704
 175583
 591028
 813114
 114236
 808324
 18703
 728925
 456874
 574987
 1007629
 964315
 203830
 958730
 873505
 941404
 154414
 634709
 992858
 416904
 958632
 1064372
 188620
 278116
 400959
 9675
 316151
 451574
 371756
 431544
 259306
 987313
 484117
 953043
 171547
 543995
 549639
 181256
 463901
 920455
 915937
 155418
 871385
 636230
 779099
 894985
 106041
 57918
 188612
 1013793
 881162
 308992
 121163
 1080708
 1013599
 287744
 76998
 448164
 244348
 731578
 30537
 201843
 212521
 342325
 862695
 807254
 337915
 69409
 784875
 1067057
 376820
 501232
 99069
 98737
 723697
 986133
 229891
 136875
 952446
 226958
 733020
 662164
 178299
 406389
 289500
 311497
 517411
 1004909
 881617
 137664
 182352
 959934
 381510
 441058
 566888
 283957
 588479
 23778
 289059
 153565
 778115
 813247
 751325
 1075196
 48058
 254410
 887054
 241618
 217433
 478786
 776539
 269089
 402895
 697749
 312258
 418641
 376035
 653790
 649395
 1031963
 938909
 975775
 228568
 211774
 1037847
 215875
 899376
 190940
 437090
 847848
 529172
 34151
 637507
 246426
 865118
 814893
 897190
 719988
 399127
 933266
 960373
 84534
 906074
 357391
 1048541
 563477
 226241
 957780
 1041888
 962489
 558584
 56169
 1067492
 357399
 74155
 4090
 390202
 303956
 757780
 332844
 4473
 50800
 572653
 99443
 434054
 1010794
 256778
 651017
 793966
 699858
 1089325
 425189
 626953
 664398
 714879
 819407
 490381
 257973
 31014
 620125
 184259
 337220
 154747
 59954
 995993
 40375
 49383
 418451
 858152
 545366
 1053769
 315097
 120655
 335149
 505327
 980402
 566741
 779540
 292849
 384034
 640432
 251953
 405997
 842617
 436701
 1018777
 773251
 776603
 466664
 98320
 437691
 967623
 947480
 108347
 828488
 857331
 637258
 697457
 841782
 996627
 170883
 678459
 610325
 117938
 553103
 414224
 283134
 714275
 166319
 20549
 876071
 199676
 14421
 431507
 325448
 235898
 575328
 1021062
 264392
 408688
 917584
 302089
 41
 709471
 495510
 975722
 927021
 615055
 602414
 388330
 572947
 606909
 1003998
 868653
 689278
 208294
 617862
 119893
 383924
 351865
 3554
 564742
 833509
 98338
 541924
 903912
 910734
 67056
 291887
 671492
 971461
 874973
 171289
 300527
 879674
 197718
 651274
 858866
 441438
 794571
 51621
 478183
 290351
 542625
 225733
 570613
 182894
 815406
 369663
 1017753
 497938
 491563
 623188
 639489
 167572
 502758
 681604
 50256
 496533
 799957
 194735
 404918
 584336
 1035358
 86768
 20459
 284984
 509823
 868571
 833757
 866713
 428626
 900384
 74142
 1061801
 474714
 270031
 810112
 111418
 1009660
 874288
 266007
 690067
 765176
 950557
 585094
 1057128
 589907
 196341
 783404
 345906
 450702
 358200
 245030
 321772
 682779
 776728
 840026
 180944
 773481
 654166
 865392
 818889
 99113
 752194
 634968
 113491
 208778
 576199
 517423
 324156
 558655
 742608
 573229
 198262
 500475
 468381
 117709
 646894
 99988
 176162
 1030826
 604714
 991280
 579337
 978381
 843338
 357936
 553196
 806156
 131867
 521471
 256746
 804452
 170638
 122203
 1062074
 453698
 937189
 201509
 448784
 666609
 886112
 36314
 509600
 267189
 462333
 600237
 903684
 267232
 140919
 96546
 1023503
 866284
 304563
 637400
 557194
 431506
 310588
 862784
 646344
 131947
 1021003
 1013204
 222827
 300319
 269427
 1058733
 1081738
 529214
 137839
 520066
 457914
 491112
 999905
 760274
 533821
 513700
 968129
 702170
 929297
 621673
 440307
 743778
 949270
 307088
 686768
 503049
 270213
 127851
 663041
 257019
 194343
 217502
 404586
 1069460
 615147
 485039
 609652
 1064771
 794511
 637135
 23509
 99792
 23191
 747485
 1087077
 1027480
 745283
 440326
 1054875
 227121
 911211
 221846
 1042310
 391443
 900888
 605699
 455505
 461672
 411688
 903644
 341142
 751314
 143059
 385575
 303997
 645773
 689371
 284758
 744379
 610116
 1015203
 737889
 818563
 135658
 96868
 437193
 878639
 81665
 735344
 850842
 792495
 1070243
 412959
 884053
 110544
 786126
 982647
 1046367
 745387
 800517
 673252
 983126
 346300
 436327
 846853
 815190
 657542
 873883
 476579
 1087446
 923747
 190971
 233950
 333747
 237812
 817403
 468239
 744981
 995992
 841121
 910501
 768883
 739362
 862304
 831294
 426309
 352785
 166477
 720677
 693682
 258386
 294117
 735947
 266384
 336308
 735954
 245392
 899311
 473267
 1046219
 276942
 360451
 698564
 236829
 804748
 1075045
 623444
 494831
 808332
 122922
 568556
 471608
 882115
 870022
 171779
 362781
 899221
 396604
 589603
 565350
 39573
 248084
 414993
 423877
 817739
 606576
 491160
 334709
 635900
 843700
 736234
 437372
 437757
 385118
 304987
 416966
 26533
 181684
 85663
 502967
 231238
 590022
 1099881
 418660
 529950
 253932
 706239
 210436
 140892
 1060679
 661415
 755898
 130467
 401168
 1028254
 688934
 906249
 124117
 738286
 748909
 23184
 868104
 274991
 985858
 597287
 692779
 1011538
 1091507
 101225
 41381
 1024298
 136419
 411320
 912265
 195608
 327725
 416978
 256946
 212943
 210743
 841856
 525361
 253347
 897063
 283817
 412623
 661845
 850151
 943934
 632217
 346109
 410960
 389103
 13158
 1025471
 128211
 1066590
 228010
 250959
 771839
 927147
 111496
 732846
 895865
 841611
 1098652
 27681
 900734
 825547
 757571
 410949
 635216
 881898
 1094606
 345482
 741166
 669508
 25561
 280305
 177588
 933279
 866158
 232516
 532861
 989497
 294937
 533414
 148634
 591573
 647797
 21955
 638603
 61304
 1042294
 485288
 575827
 109434
 496092
 373519
 205434
 355450
 149710
 980578
 686253
 1019399
 592342
 259017
 904752
 400028
 94051
 534316
 384487
 217340
 684549
 14959
 681015
 715628
 182039
 847811
 611297
 447644
 611759
 405653
 170731
 673603
 902061
 1028882
 373949
 221817
 872956
 267398
 910187
 420907
 409714
 654053
 288505
 42978
 937155
 797667
 106331
 1080980
 663423
 411298
 1015730
 875422
 881474
 185183
 685608
 390668
 636701
 928383
 729198
 386864
 920368
 1021841
 646755
 378786
 147760
 40634
 691083
 388838
 151067
 357586
 682801
 121038
 967434
 417413
 1081006
 891103
 798585
 504168
 946390
 832155
 546247
 371272
 303681
 929210
 656486
 160008
 197159
 455728
 50738
 177893
 557381
 747455
 379205
 720686
 133398
 314269
 294908
 480094
 250798
 730234
 926295
 922759
 780902
 79453
 153424
 523434
 994787
 1083868
 656914
 100204
 285738
 129738
 889508
 604971
 619834
 618839
 1011529
 548989
 943226
 1026603
 689567
 217241
 617784
 325418
 167788
 239683
 414019
 298181
 464985
 229448
 328464
 1002316
 847510
 1071266
 1002583
 534773
 421490
 824992
 64328
 846823
 503058
 1000562
 1026162
 499475
 503947
 132445
 345162
 915023
 710771
 273848
 33295
 561485
 840420
 86195
 444957
 232900
 40826
 691153
 909753
 1007274
 837866
 53160
 70620
 110022
 657478
 30673
 583790
 251329
 507532
 935771
 646417
 212502
 608491
 310142
 160449
 484777
 1028597
 282471
 1082013
 639659
 1023293
 892460
 556095
 574008
 463733
 599854
 200993
 550785
 739603
 336617
 833620
 419408
 502015
 72450
 408354
 993450
 860929
 857594
 323064
 916508
 715141
 100277
 105461
 687112
 651762
 1083870
 507275
 573034
 449768
 617184
 474688
 103516
 421491
 361826
 389088
 22356
 794506
 662280
 9120
 681574
 269685
 685872
 714448
 569299
 941565
 180152
 355644
 928977
 326134
 149019
 768286
 724042
 170267
 859046
 704050
