856471
 1074131
 275737
 779786
 400850
 547662
 228421
 688835
 233961
 901446
 840788
 1039868
 625481
 494875
 969388
 167849
 872076
 777821
 89962
 533102
 56362
 1044847
 746449
 488310
 863293
 707946
 19043
 750351
 420826
 1013371
 792541
 713431
 279774
 463561
 63270
 71412
 756219
 163938
 639615
 935612
 665282
 218512
 991777
 733634
 602544
 790122
 771642
 188229
 688861
 12036
 548607
 247852
 414389
 102744
 900624
 34832
 496534
 312418
 909519
 544479
 502937
 359194
 735161
 905294
 246140
 282063
 162244
 1044882
 851769
 539156
 308611
 427117
 557621
 371542
 754407
 370953
 716232
 635411
 342105
 665783
 699738
 622390
 95372
 1077225
 581674
 456752
 1021558
 558748
 373953
 5513
 891501
 671292
 767972
 294539
 22302
 1026115
 390335
 70060
 669575
 1039631
 199088
 623302
 942686
 508598
 804395
 500299
 653270
 412050
 419390
 550555
 789656
 1010759
 904366
 229432
 849932
 945178
 653691
 331875
 600659
 568434
 891806
 473764
 617048
 1000989
 95066
 808308
 560018
 190958
 530834
 915981
 904630
 288087
 854716
 862506
 1004887
 765787
 388464
 715140
 1067640
 677109
 266858
 951524
 355245
 325044
 830394
 760368
 874895
 60092
 296442
 510725
 695634
 291795
 284857
 554667
 674234
 349741
 535436
 500910
 1085780
 257647
 990705
 883351
 366681
 833343
 778625
 401396
 464049
 573289
 656541
 373816
 153030
 398874
 675802
 1028378
 706680
 76272
 1075233
 921193
 768674
 276938
 744722
 675907
 230081
 351807
 607767
 959939
 291814
 283318
 727009
 1019167
 403889
 87394
 1088165
 308215
 702018
 892768
 84913
 743655
 524850
 744623
 928912
 94539
 176209
 914610
 1012592
 808020
 329819
 460355
 418991
 410733
 198240
 821410
 356126
 638213
 498994
 1083487
 475120
 62230
 532446
 1021596
 837767
 882792
 357769
 168968
 35791
 911163
 5464
 155480
 221092
 299376
 147056
 401355
 963951
 281230
 520652
 629110
 236762
 248063
 1095609
 927731
 613645
 779802
 632740
 468991
 68357
 683916
 7607
 203875
 529799
 664807
 629315
 522022
 1054421
 346146
 1017034
 117837
 233637
 893983
 850286
 145164
 834684
 356484
 843041
 242029
 71935
 868154
 29792
 913153
 931579
 591082
 308909
 672352
 146151
 670189
 385617
 1060623
 474861
 687193
 463546
 496369
 546578
 531515
 319105
 455618
 976828
 444327
 585436
 57515
 106418
 828904
 698713
 588666
 285680
 404552
 382496
 276780
 557641
 360040
 740176
 912147
 749320
 1004542
 117559
 940439
 370077
 708148
 656232
 929844
 331409
 512560
 513887
 913184
 394766
 123362
 656539
 235317
 161346
 918143
 75077
 783019
 477063
 560413
 518353
 410022
 1060536
 689850
 610882
 443169
 21237
 113026
 599930
 618313
 448814
 1094310
 47896
 302519
 508158
 325622
 332237
 610702
 100683
 997593
 798471
 194458
 934828
 1018673
 429573
 1083733
 221825
 394235
 207151
 209853
 226967
 507021
 170257
 736330
 281901
 748083
 416689
 967386
 772458
 615617
 839794
 987883
 554971
 1030555
 830960
 269141
 1005543
 13249
 645444
 552558
 860323
 362665
 889324
 455520
 963716
 380599
 258399
 988238
 895889
 143953
 175969
 325160
 523793
 209278
 134566
 725954
 735859
 745097
 950747
 680854
 601608
 1022023
 528908
 947140
 185927
 88134
 393225
 809403
 34613
 291022
 899843
 58296
 1015726
 562743
 44904
 181972
 653432
 986296
 426030
 469326
 482886
 847152
 839267
 796523
 320134
 51679
 607945
 557047
 745179
 1009707
 992799
 186070
 1012615
 525678
 862640
 549943
 223161
 688360
 792301
 1097745
 115806
 447592
 633495
 366959
 767602
 250720
 386634
 900714
 823767
 213142
 504375
 54572
 943965
 39132
 420812
 792390
 100752
 330656
 952539
 497210
 560390
 918724
 320395
 578733
 990044
 15079
 629669
 937292
 626190
 426333
 966935
 7784
 656664
 964265
 670758
 176759
 17342
 785285
 218976
 855060
 559555
 79857
 734434
 13405
 736811
 668188
 353666
 702596
 307422
 747041
 857260
 942528
 977471
 457194
 1050921
 337627
 236058
 409689
 830217
 492314
 761018
 376715
 109796
 823111
 743723
 913348
 135645
 339286
 532610
 920445
 586213
 858949
 875747
 683106
 235171
 31976
 1000155
 619733
 216260
 252432
 412473
 559371
 1047924
 828570
 732350
 33116
 109346
 349755
 31385
 764236
 928043
 1051558
 133513
 807947
 253000
 328608
 702988
 187216
 1038322
 882167
 240991
 352123
 134787
 267885
 975636
 901167
 332546
 604902
 640188
 609498
 49767
 118142
 394251
 869730
 277892
 615392
 1035285
 735225
 802575
 571417
 402616
 493962
 150316
 318204
 772332
 557785
 694210
 840396
 930872
 295172
 890871
 371512
 775306
 705936
 797567
 912822
 82442
 717795
 994652
 107773
 1080395
 281553
 862662
 1072957
 846694
 117142
 72304
 12780
 572973
 740008
 293008
 753990
 351532
 11859
 52123
 297190
 55653
 193488
 1086551
 540531
 265956
 656746
 204617
 1045248
 622628
 16702
 193821
 604872
 726279
 527508
 873864
 801932
 536940
 932325
 830280
 9994
 449090
 1072347
 202142
 757517
 414500
 261720
 914345
 1070875
 854079
 13448
 133397
 1103
 689879
 201063
 576024
 755892
 363153
 1077288
 497640
 765069
 139463
 603074
 948541
 799351
 545898
 87308
 677104
 480133
 822089
 467769
 206573
 270400
 175170
 472210
 712779
 404832
 440212
 383742
 74407
 1019680
 793981
 56239
 451437
 998966
 675260
 411291
 14150
 474879
 439428
 698181
 580251
 354668
 329825
 1072703
 202435
 668400
 82528
 639424
 620414
 542695
 48986
 1077731
 739583
 101416
 306621
 465443
 1039137
 85102
 201060
 144074
 756130
 210872
 320772
 997190
 846655
 399753
 677859
 1001007
 1038887
 84021
 21257
 1020441
 754126
 994982
 160597
 951802
 292669
 373035
 170227
 789705
 990507
 239046
 375691
 372476
 1030645
 539047
 419860
 461332
 660231
 755419
 482854
 618078
 678605
 392951
 816166
 6145
 750104
 918525
 615310
 120381
 491679
 466360
 592756
 562183
 449639
 282536
 493593
 288850
 123739
 690494
 782933
 810312
 647467
 1078630
 173879
 478309
 717725
 962794
 472394
 306862
 409616
 986804
 937970
 612231
 43482
 248167
 969417
 444896
 2365
 541195
 329250
 1059838
 1001528
 606082
 812446
 589645
 531949
 994256
 363793
 912968
 145106
 979411
 793234
 208600
 693272
 598527
 684664
 773542
 612090
 45427
 545404
 330210
 647632
 276978
 894433
 663215
 270564
 761230
 597671
 194998
 458729
 688516
 1059651
 843972
 54794
 98528
 484009
 997484
 500348
 375006
 306960
 939575
 1040121
 884917
 1084864
 713091
 943696
 1071790
 1042426
 778498
 536182
 777148
 620668
 404553
 959587
 185844
 165444
 470796
 841026
 371803
 304766
 220748
 870708
 56052
 822226
 566463
 1027147
 616949
 233687
 464110
 547334
 50627
 327541
 815302
 639474
 443725
 169884
 840320
 560105
 753776
 477161
 911636
 817026
 999140
 421327
 15256
 430278
 954795
 905841
 112953
 283493
 872036
 574871
 551042
 530196
 699855
 528315
 346486
 537506
 652417
 722188
 64452
 1036507
 769841
 843714
 247271
 857221
 893363
 931389
 673749
 273606
 809153
 268669
 223155
 455974
 991241
 407248
 603930
 166316
 33787
 419088
 402740
 588725
 1075214
 822612
 177435
 143173
 516038
 487163
 244647
 348538
 498883
 736674
 321373
 221754
 931392
 866126
 814918
 1031331
 659614
 429402
 508177
 465066
 404249
 86205
 532345
 232603
 501100
 804095
 1078696
 78506
 101871
 1037998
 1096345
 246222
 276019
 71518
 1011232
 211493
 22215
 605852
 531385
 716205
 651493
 658746
 727840
 574249
 907054
 53284
 549741
 18532
 902561
 256549
 94535
 536264
 311239
 951025
 742441
 526200
 280152
 172834
 514441
 272921
 103902
 403735
 598425
 194038
 153292
 792915
 174401
 869282
 750817
 750974
 694670
 327642
 457702
 38893
 674706
 224674
 598306
 644409
 1075347
 258800
 917966
 253266
 338672
 633168
 887526
 1061326
 797942
 957888
 324548
 475772
 710327
 501258
 1021923
 915768
 219442
 852497
 602979
 195204
 153534
 665270
 22781
 341836
 66477
 424192
 516019
 471882
 368863
 322260
 258113
 880285
 1033342
 401430
 136567
 1069001
 954103
 683999
 98321
 288213
 459356
 114984
 223657
 315676
 279981
 992529
 355685
 724891
 297832
 550866
 641997
 919873
 179519
 324851
 483645
 594555
 1091723
 285612
 37436
 107235
 792414
 307729
 733715
 915171
 310350
 920310
 693571
 1031780
 798129
 664213
 972407
 732859
 891245
 762571
 570461
 295503
 342387
 811945
 64013
 336119
 349851
 930795
 141048
 575553
 145538
 724212
 713290
 181930
 229160
 13359
 772213
 158523
 373693
 905221
 298406
 930598
 1048980
 198827
 160512
 928553
 374601
 550750
 966155
 395121
 869485
 965489
 38197
 560873
 58482
 363599
 269785
 604942
 124615
 197786
 126601
 472054
 195585
 179835
 384574
 195
 395809
 502771
 654762
 525280
 799919
 595073
 981661
 393270
 706866
 501531
 993273
 240104
 6912
 508289
 1047508
 1079467
 211951
 69966
 120084
 634221
 131396
 834665
 109037
 680948
 274185
 453859
 247236
 1066673
 202999
 356619
 824134
 433843
 30283
 644427
 586432
 305699
 998004
 86216
 248408
 248264
 1044714
 36411
 533260
 1066135
 709872
 472213
 719055
 311776
 864322
 111770
 411429
 552676
 350134
 924869
 165707
 657709
 331308
 723232
 882972
 418637
 15234
 609891
 877942
 176333
 98051
 1088905
 740071
 780527
 2421
 247924
 558861
 366121
 534244
 186745
 442774
 212754
 998244
 917665
 256113
 23850
 83914
 1006103
 1065170
 284564
 717028
 993864
 601413
 531728
 423512
 867092
 755625
 1024627
 884157
 738361
 246928
 415481
 117173
 506815
 1017656
 133805
 231725
 128926
 389183
 424551
 224677
 283514
 997693
 324057
 1049860
 420210
 202099
 920842
 890414
 804030
 445965
 1004486
 467431
 972097
 85483
 637335
 265657
 1021114
 164797
 15012
 236745
 926854
 297646
 506650
 824663
 743097
 316947
 951056
 925575
 255822
 1035994
 393569
 103952
 777122
 495073
 296539
 905523
 136765
 238653
 932446
 1048256
 11417
 856524
 106561
 576900
 746895
 941862
 418482
 781286
 212316
 605336
 723337
 719904
 187550
 815836
 109442
 663357
 737664
 352903
 25596
 407199
 1074314
 754217
 450388
 263765
 368852
 153213
 215705
 617747
 933380
 771992
 1070314
 1093285
 963765
 938659
 919071
 1085982
 464673
 1037578
 595410
 1012762
 543322
 579513
 200147
 946326
 872750
 904966
 543412
 409544
 848245
 519179
 943354
 16306
 614185
 468837
 91904
 717919
 1045369
 180255
 674665
 236035
 792784
 847896
 685887
 705650
 260798
 910996
 588677
 449781
 942090
 256221
 398605
 968823
 638324
 635311
 53411
 12311
 132184
 363193
 1004131
 794432
 928708
 624006
 474759
 423773
 781248
 77440
 988457
 307104
 352223
 330107
 250839
 154035
 405409
 844651
 610973
 163104
 1057053
 828154
 503967
 472962
 572946
 238376
 42185
 1054408
 253060
 988811
 79661
 706294
 503574
 425480
 986496
 162902
 405540
 709497
 989257
 743539
 285399
 577107
 209659
 327244
 2301
 613533
 604297
 929898
 544728
 823567
 179821
 318400
 353664
 976591
 37880
 859978
 929352
 499475
 373452
 585801
 978243
 624371
 709735
 63480
 774172
 141631
 242554
 599864
 580289
 878839
 740913
 944202
 1066677
 854300
 66414
 608031
 813412
 714463
 8069
 910540
 480913
 1053552
 1054745
 1093603
 548602
 284382
 195018
 1068862
 135692
 237139
 356581
 621055
 140400
 1038795
 1021941
 388958
 999276
 726840
 11276
 558610
 434519
 211403
 631064
 693020
 417757
 943811
 412387
 197298
 741367
 91083
 540636
 282217
 54014
 170449
 658750
 146494
 349648
 652720
 190742
 1081969
 774546
 322792
 275262
 320203
 312007
 186740
 39333
 821226
 560069
 812927
 983973
 219391
 242084
 1044569
 5354
 1829
 796454
 858855
 35860
 219792
 77012
 223182
 637817
 755548
 127527
 769680
 491847
 1040757
 255581
 992928
 749640
 908845
 466334
 448263
 570633
 690161
 71556
 713488
 723462
 537578
 352311
 19555
 122619
 886843
 544035
 1002911
 874562
 975187
 926059
 84504
 272234
 344754
 370052
 363917
 409722
 25979
 929448
 902469
 320951
 855407
 679701
 196552
 1015129
 344578
 244654
 971412
 1076755
 170471
 409392
 581962
 1042903
 359263
 609083
 454607
 81580
 243945
 154423
 145113
 399855
 668368
 662081
 278504
 788391
 59900
 961506
 178368
 683089
 249151
 482089
 1050678
 212166
 98740
 949704
 49692
 161843
 44965
 165140
 429415
 517455
 515123
 1063701
 708134
 189835
 346222
 919530
 1086078
 896782
 336688
 16614
 628412
 427590
 756116
 922565
 627466
 400318
 233137
 1026455
 421181
 540207
 846551
 80700
 752187
 883653
 1053832
 956551
 155556
 733186
 653610
 389276
 725151
 612133
 486191
 663578
 783767
 149000
 355485
 727882
 885055
 1026956
 393961
 1094039
 716407
 644352
 1032100
 230880
 633678
 718260
 439562
 775735
 733242
 67148
 691800
 586516
 546574
 1055501
 187058
 146529
 571284
 426661
 1082404
 707046
 1056702
 644383
 939931
 1035438
 321883
 528624
 92321
 606616
 566507
 607348
 859831
 181713
 916007
 927306
 1003778
 293779
 1068818
 596488
 1047328
 1073545
 1092867
 694981
 632037
 902547
 250617
 1075503
 487450
 884318
 144944
 647325
 407749
 907398
 1085562
 92509
 336272
 956032
 677845
 750696
 15466
 192613
 152157
 623484
 510249
 500374
 31447
 971098
 331873
 661409
 183885
 263755
 1021748
 492242
 198120
 350220
 104247
 364742
 824071
 1080542
 553382
 339978
 693581
 258082
 730263
 669898
 1095333
 209009
 422822
 722670
 152118
 58875
 526751
 563448
 79172
 526
 152572
 680031
 62006
 865294
 508129
 958974
 11628
 318257
 402243
 866256
 944909
 620058
 820508
 957834
 300283
 728025
 157950
 1017624
 1097900
 284253
 189404
 40734
 475171
 799788
 437385
 196894
 917884
 921765
 589962
 690493
 29724
 375379
 150981
 417565
 445589
 714805
 610626
 620168
 997354
 526391
 573727
 838134
 562038
 793679
 37085
 979164
 617705
 70032
 208708
 584436
 330918
 1076169
 910728
 833121
 706096
 61726
 492586
 1095964
 17375
 767272
 323901
 747631
 584375
 132210
 955696
 900329
 174232
 961334
 572120
 247544
 838015
 264442
 824861
 1069563
 36427
 1057909
 884074
 360150
 989689
 1055022
 246240
 136676
 458865
 181679
 71326
 875527
 102833
 240078
 592784
 798052
 670506
 82802
 861281
 532152
 375775
 696747
 447174
 1067169
 257987
 224405
 918589
 873386
 804092
 141106
 367733
 206807
 674218
 553824
 337174
 48030
 633523
 745792
 1038561
 46293
 1047887
 49676
 222240
 425365
 324139
 303561
 1055326
 680307
 831932
 110901
 3317
 984223
 263209
 1006970
 619560
 660786
 148834
 667593
 1052270
 225780
 336117
 1081327
 199240
 888207
 750926
 853709
 781727
 434221
 951810
 382158
 877776
 370411
 1073819
 810615
 676476
 928263
 1088202
 1454
 605106
 675058
 322116
 974337
 42029
 1013117
 336683
 759251
 925077
 214923
 448547
 148927
 370899
 230759
 810622
 294670
 400184
 846229
 146553
 884273
 352660
 550435
 858649
 256966
 985938
 337683
 791013
 916828
 907709
 1013751
 189556
 204204
 733856
 584921
 13407
 1060915
 742386
 348972
 841990
 773891
 1002853
 383652
 938507
 852505
 441111
 125747
 111553
 270658
 734808
 586273
 122709
 215200
 381632
 844318
 393398
 462548
 625640
 793451
 954999
 669779
 783940
 822672
 989956
 415587
 153572
 862735
 686548
 920222
 150444
 515789
 954878
 889397
 785784
 34216
 962898
 855146
 719524
 134804
 44312
 70032
 622118
 338313
 862391
 285307
 46936
 619157
 642141
 1024325
 727660
 134494
 693253
 72084
 884422
 924950
 714756
 809271
 745852
 691097
 509864
 522364
 451816
 965880
 212498
 570054
 341820
 28882
 232463
 70858
 773626
 716428
 810303
 102973
 738593
 1078532
 1020146
 12969
 516955
 469353
 296732
 137758
 981196
 56129
 401978
 160644
 91403
 688573
 874938
 874698
 164132
 325899
 80708
 894920
 914442
 128825
 223368
 536433
 483318
 1011515
 1028889
 490587
 880664
 657923
 175165
 603266
 919113
 631184
 559257
 147611
 634942
 110673
 49861
 482451
 314617
 809659
 563182
 474880
 870804
 130522
 641098
 403376
 270579
 145330
 341953
 248784
 885101
 576651
 769853
 454024
 466766
 852126
 703046
 1098881
 620117
 924459
 370647
 566041
 501785
 755759
 884658
 205940
 74509
 778874
 22872
 243673
 211052
 918856
 902490
 714591
 614245
 281285
 158465
 489484
 140894
 523682
 608671
 905598
 82310
 7025
 341645
 36911
 1003726
 446682
 767894
 306727
 432150
 298591
 721782
 770203
 1029923
 481077
 113799
 104599
 615734
 1069370
 986593
 827330
 928241
 626847
 970670
 842435
 579552
 953189
 571828
 1080483
 486887
 392916
 370874
 917905
 1034926
 187416
 706536
 216276
 574675
 710149
 894426
 637574
 998641
 567360
 734615
 495447
 553398
 860599
 652476
 764715
 790850
 991791
 784253
 59671
 894711
 187511
 830808
 1058342
 269320
 122461
 1023105
 959461
 789414
 269581
 1014363
 336520
 829253
 978573
 1033721
 825503
 794643
 390170
 227245
 1081880
 955859
 139981
 436232
 895275
 738949
 121498
 836362
 1069564
 453734
 428228
 712008
 532391
 578304
 51284
 564796
 724696
 282463
 743221
 543974
 59493
 832759
 287438
 286898
 343771
 463842
 201996
 881896
 616417
 307350
 489629
 791051
 267612
 85926
 700896
 96962
 868171
 375394
 359749
 386552
 981359
 1096097
 993585
 89676
 499836
 703790
 901982
 730863
 983005
 827896
 253435
 302432
 501339
 423943
 351258
 86326
 605982
 874978
 816257
 428916
 163844
 728085
 746085
 380404
 421108
 1096018
 87889
 1015745
 362819
 542626
 495878
 837844
 67008
 826631
 159268
 812258
 1051038
 501022
 880888
 609496
 9256
 996120
 413020
 466483
 247058
 119421
 588998
 548139
 124156
 840983
 571561
 79819
 795281
 898603
 1070496
 249655
 300375
 551360
 271786
 1015469
 70539
 800552
 104855
 90787
 1052016
 715679
 140563
 20383
 591164
 396876
 491052
 373583
 328071
 647025
 243087
 812767
 425036
 129330
 835373
 492698
 790736
 879877
 871015
 1013051
 684578
 141426
 248648
 1021523
 442884
 319132
 943149
 399846
 987539
 551365
 877580
 199069
 642182
 529828
 157048
 687668
 157469
 503162
 188560
 282940
 723284
 914853
 521335
 267998
 486375
 429589
 213866
 901500
 227195
 366164
 363849
 46858
 609303
 86485
 798034
 256517
 352494
 922375
 997884
 233739
 114458
 626880
 83610
 263584
 185225
 110454
 800875
 100971
 249489
 111622
 178078
 467233
 796173
 654246
 521220
 222221
 1076501
 880961
 909757
 807141
 1062389
 244323
 478151
 36768
 528370
 291907
 651142
 460242
 792984
 895355
 928042
 636664
 890273
 780519
 125793
 146130
 193948
 776175
 463935
 223207
 241129
 683928
 827529
 163146
 79089
 873949
 366700
 452832
 61615
 387809
 25677
 767661
 345011
 214638
 794675
 762930
 776454
 405284
 724126
 537193
 521077
 245460
 468063
 98458
 778343
 129368
 584101
 679243
 990713
 660890
 479547
 624518
 401832
 501462
 628186
 1098323
 960353
 128830
 532843
 456565
 257084
 661756
 371932
 937527
 944282
 1034625
 538441
 141780
 816893
 829113
 1062187
 222840
 1016830
 149729
 615502
 820094
 1070910
 442773
 220568
 941643
 722652
 956846
 254628
 810606
 727146
 860218
 118496
 1083475
 691531
 111383
 369915
 561778
 840619
 344296
 583627
 406709
 816742
 261564
 263306
 1035598
 452365
 761854
 508687
 960661
 1024258
 172875
 50701
 47622
 291024
 472516
 485090
 825974
 809728
 621759
 1080184
 124204
 424241
 130746
 41703
 513816
 384446
 40344
 173946
 887031
 889464
 236127
 344618
 88752
 438246
 810482
 491409
 471655
 137993
 688327
 1054168
 426796
 156814
 228204
 739591
 1098814
 117081
 133456
 510036
 180642
 275047
 280997
 178390
 468754
 623387
 1079213
 1080800
 985529
 92951
 331312
 535646
 654807
 596310
 36487
 984065
 572943
 342959
 118603
 494251
 808229
 730457
 85773
 812157
 198252
 699256
 449976
 1014512
 339222
 433191
 799540
 568455
 826088
 42486
 101827
 793364
 409126
 180249
 816154
 953802
 806651
 149166
 30352
 236963
 1069678
 356806
 814909
 969724
 737052
 978925
 276151
 685027
 243505
 241951
 406636
 495912
 389826
 767962
 384385
 669023
 1037782
 826125
 292342
 176044
 551441
 784035
 244306
 889525
 804149
 537641
 967383
 1079395
 655953
 360822
 161004
 615630
 806509
 710948
 244863
 872340
 219506
 112376
 406577
 340428
 988418
 936780
 413817
 627712
 75558
 553184
 809092
 808626
 472499
 801691
 22405
 449579
 957796
 27118
 311036
 202080
 1076034
 655033
 899502
 851129
 126669
 66894
 118419
 205963
 245301
 626416
 661442
 790462
 973677
 123877
 293283
 503978
 836732
 679923
 666554
 600351
 432313
 851651
 880146
 33575
 168270
 181284
 328378
 509115
 887417
 1098838
 386055
 347831
 164834
 293862
 729196
 162501
 1070062
 515176
 616488
 996742
 991037
 1073845
 195639
 792272
 1067402
 253954
 647316
 454965
 937894
 223690
 8292
 1041340
 156210
 394629
 587423
 1096346
 411397
 1006560
 538602
 582442
 915239
 1093215
 187119
 134322
 1036092
 506649
 265156
 779147
 743472
 326636
 1058176
 1041828
 741456
 202557
 596226
 921760
 667350
 903175
 1069477
 321926
 673553
 201544
 57418
 495399
 237978
 719223
 32207
 609165
 416893
 1074234
 359704
 512620
 758982
 1084703
 301007
 388096
 521635
 172396
 105043
 684219
 865653
 97496
 55635
 544713
 253651
 127286
 524658
 693185
 501583
 537391
 224817
 832369
 377528
 855820
 401724
 931786
 700707
 453002
 76805
 222960
 449017
 450517
 76123
 167751
 92231
 363730
 121103
 519553
 512649
 142469
 274342
 687660
 679015
 891176
 1236
 747581
 520252
 24570
 529326
 129063
 611245
 1028618
 318404
 956567
 850285
 816630
 920388
 559512
 447219
 405565
 938565
 316225
 312099
 510225
 774576
 294357
 585089
 964238
 566713
 134822
 302109
 81880
 371290
 820155
 276706
 209829
 840583
 905154
 1014174
 806858
 922807
 593988
 149192
 157073
 736924
 62269
 1007376
 1073291
 1046041
 348042
 527034
 1081437
 737144
 951256
 864429
 991571
 735947
 1039419
 1030902
 677789
 791965
 59035
 229665
 681998
 648700
 472796
 336518
 810468
 684033
 835289
 554156
 557716
 578945
 585307
 500769
 122094
 269814
 224836
 333104
 892636
 967197
 314984
 785545
 170674
 235782
 484387
 389256
 366512
 248544
 388985
 351799
 801009
 22604
 258238
 745872
 611399
 680218
 155824
 396352
 496774
 1035578
 436975
 885975
 117793
 474422
 1078187
 553518
 112875
 687541
 945234
 615404
 623794
 1040707
 855772
 127843
 654569
 1086380
 5917
 416927
 823534
 727607
 583048
 576022
 675047
 223971
 195229
 962457
 894364
 102606
 651755
 637930
 840921
 652252
 150068
 73312
 120616
 848081
 220759
 579716
 619084
 65826
 983491
 546803
 918647
 886688
 1078502
 1042995
 603184
 1006033
 1078338
 728223
 626470
 894991
 627360
 954540
 161698
 864268
 160672
 709919
 917192
 785291
 417394
 713670
 877352
 543413
 248550
 506416
 817334
 905095
 396332
 150234
 175428
 819311
 506882
 678311
 1000426
 349663
 777461
 903217
 49188
 438282
 641504
 729643
 678980
 299041
 162252
 221056
 926252
 217321
 806529
 429025
 798703
 1008954
 53369
 475225
 524653
 536461
 445021
 942858
 133466
 1001967
 663488
 83056
 717670
 668370
 266495
 486911
 228347
 932200
 355299
 802050
 205862
 326392
 1014131
 771013
 498545
 1054604
 46718
 501419
 1081145
 32571
 1072109
 856203
 485290
 591840
 674060
 201156
 743990
 89967
 222102
 775484
 309301
 435578
 542201
 629749
 815753
 343533
 789534
 212582
 996708
 1043027
 3531
 965857
 725432
 515040
 209816
 304714
 673992
 729687
 845940
 888375
 715041
 997432
 257655
 164522
 810903
 139623
 550686
 1036757
 431175
 727434
 755265
 864467
 342277
 581521
 344613
 23153
 342543
 992832
 679937
 744402
 1083211
 909729
 988557
 1041429
 748811
 177275
 1011027
 610226
 951178
 1068757
 399186
 496125
 198003
 27020
 183180
 105311
 971448
 519282
 354941
 356943
 943751
 556601
 864829
 615603
 571265
 4074
 385772
 122180
 506553
 963217
 132839
 7276
 898270
 222487
 913782
 771827
 602372
 874603
 442085
 142453
 827562
 779820
 258747
 1028271
 485996
 740571
 175921
 902540
 68329
 784451
 147564
 811636
 872942
 705438
 916569
 577976
 462265
 862486
 298396
 368271
 1042160
 801349
 1053370
 525491
 902319
 837516
 814713
 279992
 379801
 904819
 569218
 283322
 379420
 194529
 952746
 430466
 702992
 500956
 99353
 646803
 1074316
 31314
 285149
 720920
 863226
 1035477
 487007
 856956
 27038
 1072636
 247451
 962484
 608506
 948994
 181443
 520878
 404366
 368528
 510068
 924423
 133351
 992178
 260595
 386990
 402584
 28419
 564604
 738990
 230940
 930108
 290153
 906078
 791991
 1039185
 335751
 219242
 423340
 349741
 882744
 500451
 488009
 1051116
 111209
 65376
 937076
 826328
 232685
 450706
 277942
 1035143
 705695
 380258
 779965
 903205
 1073652
 367887
 726641
 1040302
 224547
 858861
 152095
 213446
 616614
 82553
 870954
 74121
 609842
 434688
 318781
 161717
 183594
 395626
 252970
 507298
 734656
 1094609
 924508
 500423
 64996
 31731
 1086549
 963666
 126459
 611282
 382276
 186776
 294508
 440529
 918704
 982521
 1073404
 57473
 1059864
 214340
 372159
 215481
 720846
 448952
 265616
 676861
 373495
 184908
 943808
 293576
 152221
 361218
 847632
 677472
 440587
 342433
 886174
 453934
 495632
 1027082
 44622
 1049915
 409207
 168311
 2396
 676201
 544866
 940393
 293389
 956694
 86507
 544356
 608410
 579139
 25533
 573524
 294931
 198738
 246994
 321232
 864452
 688031
 535448
 633990
 556761
 538935
 189771
 461039
 739271
 253039
 227208
 333310
 1060505
 253332
 613739
 363722
 389619
 289275
 674301
 1001275
 732145
 178917
 717484
 548000
 556890
 461676
 134586
 296711
 785506
 892739
 652
 884958
 511294
 528859
 937117
 598064
 714736
 952463
 189223
 128889
 491493
 686109
 898273
 659823
 852915
 381108
 249568
 855818
 154155
 693012
 112563
 734666
 1058017
 676676
 70573
 1085301
 857009
 680061
 308171
 749461
 183469
 138151
 707337
 568895
 260542
 772543
 438922
 29658
 512281
 739422
 694981
 982663
 1056167
 545044
 534424
 872755
 681953
 971362
 1020460
 384222
 691964
 266035
 112211
 127368
 266604
 955881
 793277
 864721
 116464
 619464
 23200
 757998
 753155
 861581
 435438
 382714
 495966
 133219
 961586
 933498
 178107
 551206
 299189
 637357
 596902
 220424
 552837
 1021748
 538586
 1066436
 37428
 913040
 1083815
 1093172
 478119
 973545
 89429
 636258
 40422
 586425
 1021068
 512329
 282684
 741852
 27790
 890115
 307850
 131979
 734627
 641110
 863266
 511652
 132186
 981028
 920812
 972500
 874909
 351695
 1000821
 272602
 1044881
 29156
 798164
 417626
 488040
 704489
 341605
 467464
 464495
 968428
 178411
 305732
 479358
 757695
 34912
 183091
 384104
 748406
 153270
 560579
 223694
 844441
 946983
 1006820
 707956
 579307
 347189
 1031014
 879532
 147642
 16682
 688024
 1073485
 263680
 759795
 500663
 52293
 990993
 415461
 425770
 631221
 877650
 1077258
 978491
 573685
 1002665
 266117
 287649
 807435
 338272
 783039
 99742
 213603
 720219
 746212
 333231
 2433
 542549
 795219
 149460
 428542
 997729
 490142
 594814
 245560
 1021918
 209527
 204414
 770612
 728856
 652409
 39619
 258908
 265244
 793182
 1016320
 423653
 122359
 638017
 351886
 1091035
 594682
 914681
 959000
 207476
 849025
 601339
 712849
 49017
 301369
 594936
 55042
 854275
 828080
 292947
 298934
 236760
 870030
 386791
 948468
 109533
 104881
 86887
 2545
 204477
 441700
 937154
 97182
 830769
 722116
 549707
 116329
 1014655
 302107
 160214
 251430
 555101
 388879
 157195
 964056
 669830
 311315
 559801
 351387
 292879
 107890
 974027
 365198
 157148
 986063
 514846
 883525
 429951
 746311
 228063
 599726
 836450
 501540
 31585
 864449
 450517
 707954
 684659
 271995
 533378
 415070
 429091
 493441
 916889
 365174
 546849
 507072
 796645
 1096534
 547191
 288451
 1000788
 209728
 1012886
 826230
 655110
 29633
 972040
 46492
 425662
 462159
 482467
 828345
 646771
 53110
 1000010
 349793
 1097537
 937861
 197327
 1008443
 430733
 329466
 952708
 528591
 878135
 204096
 158219
 179065
 930254
 1034842
 475488
 420311
 634570
 1053000
 746221
 577219
 649722
 971708
 808176
 216552
 329277
 209162
 1060526
 791870
 8927
 742500
 307815
 114111
 794581
 231147
 397499
 1098255
 344347
 909534
 172608
 1019711
 973545
 622694
 736800
 381682
 123571
 871466
 949530
 385731
 886290
 586062
 411742
 754659
 1093464
 239224
 867514
 457426
 40274
 489895
 642680
 799447
 321819
 782535
 796094
 441798
 683262
 500858
 370948
 186484
 810543
 452612
 163934
 996573
 369986
 67927
 517408
 877176
 457756
 613508
 925369
 560970
 420872
 356797
 702746
 1005541
 7288
 110759
 1000117
 23180
 384848
 616830
 971972
 615525
 131631
 198281
 351198
 401782
 87408
 468675
 239923
 835456
 1029483
 336637
 124188
 581529
 992189
 354121
 815133
 151618
 800186
 927100
 345013
 874908
 795654
 712154
 860649
 605598
 27928
 753742
 966211
 545366
 335989
 1039658
 881559
 994159
 133995
 108232
 1021198
 281635
 495720
 2993
 170899
 558105
 8786
 606057
 229107
 543596
 963692
 836264
 230105
 1069013
 107819
 946186
 423306
 455932
 44593
 834188
 292289
 163394
 289092
 573160
 803523
 29624
 610797
 53801
 147518
 1043691
 524292
 68971
 414256
 557538
 328447
 775980
 147027
 1093008
 717663
 800915
 785121
 382301
 1019703
 280517
 302447
 264997
 320141
 86756
 965334
 486392
 408246
 207444
 138665
 911781
 992087
 125761
 519814
 592564
 458120
 740036
 995477
 756139
 940101
 615386
 821982
 430444
 332733
 347180
 1063323
 738557
 943450
 379173
 967010
 1039054
 158185
 718797
 850986
 876958
 459176
 262818
 267239
 278647
 225413
 210541
 618705
 738648
 683553
 608414
 670509
 463148
 589123
 638768
 725746
 941623
 350760
 776579
 108226
 112542
 408529
 725465
 203388
 274076
 646284
 150101
 1066431
 669653
 691508
 650985
 979759
 164850
 970496
 21549
 1048810
 933231
 281638
 1001282
 116124
 8983
 481633
 260852
 610995
 132434
 770553
 1050310
 105223
 116948
 329090
 1026632
 1088249
 180639
 878144
 308465
 312507
 586842
 387050
 680801
 333873
 606706
 1082203
 167690
 696876
 991773
 518932
 927081
 384952
 970025
 512107
 168632
 804992
 203400
 923827
 774418
 389921
 2166
 281776
 825175
 149220
 571495
 671291
 34065
 996175
 538683
 784230
 619946
 785183
 714064
 508034
 699754
 1054
 259221
 224304
 498198
 1077011
 640287
 714404
 871864
 493096
 131691
 387898
 589863
 711193
 595851
 978740
 843232
 33205
 138198
 1023219
 483905
 645944
 161765
 994019
 1088684
 429281
 640123
 55551
 568066
 499776
 1057423
 1091332
 715349
 337503
 626099
 505799
 154989
 712357
 87960
 183303
 903322
 571072
 322900
 700200
 685363
 274469
 365919
 316765
 156984
 609193
 382968
 875450
 1088414
 807009
 105130
 869080
 656180
 153577
 201519
 186584
 258567
 699546
 1047731
 511088
 604465
 812392
 944868
 297027
 622945
 704299
 284233
 409700
 11232
 1988
 756599
 259643
 304664
 364737
 877776
 819468
 574062
 1035706
 1023448
 550986
 549986
 789374
 41864
 1041104
 285723
 808103
 578642
 440578
 161168
 784058
 791241
 736225
 2200
 334374
 575935
 742250
 232774
 913894
 191512
 495455
 224239
 322715
 894649
 969728
 679580
 57844
 803704
 853309
 113785
 268984
 958285
 607089
 378268
 778823
 408121
 428097
 580785
 62782
 421197
 80610
 729880
 914864
 325063
 455735
 106428
 73918
 1027656
 1020491
 548800
 444253
 850286
 544613
 618813
 706
 920543
 1075925
 385012
 955107
 503708
 995692
 348243
 13470
 743611
 931493
 302083
 605052
 638228
 494139
 533308
 784346
 443118
 890220
 993046
 837633
 916571
 553225
 824443
 797971
 399392
 774438
 894193
 428017
 1015354
 433857
 728333
 592777
 675054
 441010
 208222
 841176
 854802
 141584
 962149
 715989
 404304
 937780
 657787
 979985
 39017
 103123
 413583
 850597
 599794
 1051659
 118240
 788179
 1071797
 867700
 1011031
 457149
 253216
 633475
 1037345
 644790
 465907
 760691
 250869
 925771
 1083384
 679541
 581677
 499317
 360795
 830714
 320443
 2533
 975748
 352835
 838633
 511263
 428977
 824495
 151397
 862570
 342276
 1071688
 294852
 799646
 306611
 694639
 284621
 898544
 346261
 329392
 915040
 81914
 189654
 402675
 693707
 772400
 726402
 543816
 832731
 830185
 634338
 373307
 763231
 799122
 633519
 568360
 854092
 846770
 624501
 794814
 548679
 201561
 650658
 875560
 939287
 828933
 1034417
 398927
 354577
 508832
 913349
 8352
 978478
 379285
 137482
 145531
 71555
 800241
 786509
 341566
 456654
 571134
 765471
 392438
 280182
 53287
 468151
 1088073
 1015758
 143377
 354982
 315979
 1049746
 1093054
 554682
 297302
 355417
 183350
 598624
 628906
 442069
 613205
 363076
 612711
 690816
 167435
 434520
 136557
 668180
 801049
 649402
 603080
 1041830
 494612
 38157
 687258
 160368
 162309
 706197
 761172
 264033
 661015
 977132
 185085
 47653
 167607
 672287
 118794
 117292
 623635
 853268
 544908
 950394
 172099
 348841
 796498
 249538
 706848
 489346
 29673
 864898
 502168
 1003768
 1058072
 360728
 235970
 917837
 904127
 260923
 290982
 28840
 614938
 94831
 743427
 139666
 345020
 609521
 473760
 280179
 981114
 764730
 39271
 1045558
 736820
 745566
 895922
 945272
 382989
 884587
 62158
 1060423
 879323
 619061
 348825
 325140
 651894
 1014595
 225641
 183424
 296907
 1022335
 123330
 912656
 880965
 670625
 815288
 514458
 387038
 137794
 467461
 972948
 12498
 946086
 214931
 392916
 804041
 173837
 1028597
 642217
 898660
 666356
 972085
 745924
 735168
 160672
 189216
 613458
 137859
 607831
 434979
 1042803
 1049013
 738177
 256888
 914971
 148205
 695819
 190384
 617455
 247712
 3020
 441698
 165297
 367656
 590387
 421736
 842793
 578587
 760201
 752515
 695558
 257201
 549933
 99000
 206085
 123508
 647040
 492783
 320256
 405704
 273682
 1051245
 676402
 308093
 423167
 734790
 871240
 136238
 19200
 475421
 720856
 495541
 511965
 388082
 369251
 764350
 937944
 82744
 457374
 145532
 344487
 59920
 48123
 295697
 777404
 440909
 852150
 681407
 795043
 879487
 765784
 495609
 56021
 364364
 455841
 822089
 112367
 305142
 949962
 343856
 286822
 740912
 542889
 832525
 110653
 611644
 1087353
 9415
 43103
 405502
 173002
 47761
 954433
 858579
 28364
 912350
 362539
 627594
 155059
 992148
 583564
 21677
 899825
 82305
 902218
 106722
 718462
 413058
 847387
 165913
 978942
 449037
 158870
 960628
 107143
 16353
 48314
 746536
 197783
 564984
 482955
 322874
 1018368
 539990
 646156
 708478
 309209
 37903
 15192
 365441
 421037
 672289
 829175
 478720
 777400
 439028
 609435
 610399
 589310
 1066241
 447240
 307897
 973492
 112254
 139545
 786915
 244697
 390504
 310471
 1097932
 126562
 562016
 779643
 293367
 89204
 957284
 611622
 567438
 5778
 870593
 865801
 310310
 688151
 623076
 341939
 226506
 1002915
 304516
 575017
 327247
 585291
 113377
 314234
 48531
 536072
 870179
 689787
 898786
 401171
 953926
 1058877
 316586
 778725
 958074
 826827
 153102
 978428
 51512
 90165
 991479
 906325
 480820
 394676
 163493
 871021
 98057
 1034663
 457015
 130421
 436119
 955786
 937029
 32354
 421226
 802240
 819145
 686461
 119288
 166085
 855321
 829894
 625516
 793283
 947016
 145412
 372852
 600116
 1018275
 944046
 638878
 881025
 1038223
 598436
 577944
 1099881
 70630
 512630
 507356
 512642
 140568
 376227
 501879
 881197
 597364
 880247
 636188
 1073318
 950982
 548415
 809981
 669213
 85819
 658648
 419748
 830680
 363324
 154232
 105401
 1040999
 930957
 734480
 552742
 129938
 789404
 76469
 922635
 147076
 270359
 863966
 421821
 769242
 426301
 110705
 423069
 320747
 325141
 844894
 1081411
 860549
 1045517
 922209
 497698
 121334
 701583
 37238
 462231
 12402
 1034876
 158225
 813825
 225551
 563147
 521614
 688625
 659065
 689818
 262634
 1066071
 758257
 13915
 480974
 492724
 843028
 614380
 795187
 84220
 198734
 255615
 1072801
 7376
 643843
 481114
 637501
 305469
 309545
 354342
 251074
 1032545
 445130
 1056036
 357203
 571438
 167699
 387800
 390042
 247054
 1055128
 802945
 711979
 704987
 841929
 1051468
 569671
 305580
 310070
 412762
 396734
 1077875
 123997
 713034
 274568
 506281
 229429
 806228
 921699
 336645
 486658
 883784
 219579
 242048
 980371
 796853
 671420
 1076983
 1031966
 200319
 232289
 43807
 13760
 332950
 243339
 122999
 61564
 399996
 20500
 749802
 784662
 235360
 413929
 968337
 1000403
 544935
 787460
 955236
 185115
 803178
 330262
 503966
 902475
 944708
 368427
 357946
 423710
 904278
 640198
 78454
 169057
 941996
 634875
 298356
 378636
 116474
 449197
 1007957
 835401
 237491
 175554
 1007155
 18606
 166731
 809253
 79955
 1068880
 681284
 767883
 594489
 818576
 449947
 920870
 450574
 447744
 665569
 379456
 442091
 357644
 748820
 553932
 784020
 693879
 67573
 1067948
 903438
 113894
 904606
 362366
 652044
 548302
 474387
 621384
 662636
 524233
 748385
 9093
 514699
 844309
 1083298
 719402
 607038
 305315
 622779
 1058958
 1049473
 324572
 275926
 512887
 528671
 206748
 545807
 680728
 623370
 543704
 486410
 885353
 323678
 969066
 896923
 891985
 46286
 1694
 414738
 213617
 411836
 909875
 9991
 936826
 277301
 454216
 866057
 497182
 419500
 40148
 417953
 43120
 923766
 451327
 436666
 20484
 194400
 159240
 396311
 292743
 376284
 13447
 80789
 204873
 255650
 456733
 60474
 465327
 13135
 574637
 1016627
 206416
 396979
 163965
 456338
 838543
 501170
 894921
 911794
 31970
 361628
 118954
 1032204
 294459
 866153
 418813
 889233
 580231
 341164
 598948
 427124
 817472
 431838
 773633
 560781
 455849
 247187
 442486
 811967
 369984
 827146
 21439
 133246
 932819
 1048559
 1039870
 686623
 716692
 565741
 331454
 867970
 471389
 53173
 287136
 173833
 1086405
 880542
 467719
 245894
 898711
 755480
 618811
 265381
 714096
 960496
 947680
 102912
 446559
 729004
 742247
 120557
 1053621
 221127
 425597
 329291
 661734
 779890
 408843
 1043241
 909014
 739106
 764250
 566236
 585923
 849012
 228481
 366057
 788499
 230295
 541037
 322006
 959311
 186266
 867596
 400992
 164800
 608796
 686195
 690152
 134270
 180824
 1085337
 633766
 1065034
 413078
 370792
 475565
 948083
 656357
 692505
 268002
 476491
 859416
 581090
 913829
 772448
 399371
 883053
 279869
 726247
 740417
 127189
 754283
 960434
 484150
 896632
 673062
 960195
 177672
 429029
 383200
 856680
 622232
 853812
 632698
 239013
 890034
 338277
 300132
 966950
 1096097
 863921
 488901
 146113
 644744
 166256
 499374
 12656
 892756
 416475
 155724
 367070
 299100
 299490
 1007696
 459725
 73810
 148807
 364540
 89582
 851970
 782019
 787028
 607535
 122925
 791581
 698263
 367925
 951814
 44712
 417757
 563228
 733887
 526682
 78509
 363654
 393921
 327115
 389947
 493652
 546461
 509437
 766275
 870710
 23558
 1058119
 420092
 912960
 273954
 860154
 458692
 812687
 697700
 950990
 64789
 24375
 853207
 477717
 33649
 120000
 110713
 249223
 1074850
 701293
 620278
 915545
 390164
 994052
 167273
 129819
 810604
 323071
 1072934
 565853
 1020259
 27227
 866600
 785697
 209029
 24055
 104266
 778741
 510490
 361160
 26942
 368820
 278330
 1093610
 773206
 224429
 4912
 642452
 645864
 840690
 769782
 544976
 101018
 890784
 902302
 235773
 88540
 269850
 546050
 1082671
 132035
 497840
 1052629
 771274
 937051
 175293
 519680
 632642
 904149
 73432
 116221
 995564
 141143
 90484
 928256
 530780
 573111
 476967
 712891
 335946
 515105
 616542
 907915
 776966
 1072812
 1054141
 794255
 71658
 184087
 750900
 279736
 682371
 488736
 256424
 362613
 395637
 533383
 1073027
 93372
 690061
 293716
 753473
 709973
 593736
 335004
 134219
 976056
 1016966
 895800
 139633
 11395
 52185
 797816
 530883
 1047174
 159952
 664577
 594307
 85976
 831076
 27854
 94571
 30483
 1089375
 445460
 170800
 443381
 313670
 67502
 221574
 283389
 917779
 618237
 494904
 1012881
 980102
 532587
 469773
 782748
 695360
 404054
 211470
 445511
 770972
 941145
 35154
 548551
 691227
 664072
 618252
 601271
 69568
 1068691
 606152
 886419
 390815
 135304
 813975
 251288
 545912
 840138
 291297
 630936
 53929
 387145
 1068959
 10455
 314068
 793291
 899520
 333459
 273036
 608157
 738602
 659089
 1029930
 625592
 478800
 369929
 213448
 161355
 941993
 718009
 1029311
 282994
 868114
 214159
 345985
 44965
 283236
 98097
 679984
 833128
 557321
 559321
 348871
 387421
 694454
 934634
 20446
 32446
 329146
 669410
 871622
 307530
 1001905
 416993
 333397
 515857
 796656
 871801
 315835
 814281
 52884
 530903
 1058128
 115764
 761489
 386234
 111435
 466761
 357772
 892936
 823348
 145050
 904232
 69433
 177427
 257781
 362984
 195137
 112355
 318435
 412557
 756120
 754025
 591041
 536168
 710123
 205067
 398465
 788393
 195080
 849946
 275396
 281465
 853493
 435254
 768360
 282838
 1010107
 677956
 22342
 335882
 729204
 863690
 570512
 122661
 613281
 1091788
 709995
 443123
 609465
 1077249
 177009
 1022358
 195749
 492669
 859223
 956356
 1001332
 3771
 798772
 469597
 41099
 166275
 118537
 480666
 480862
 515084
 560370
 992594
 371932
 827357
 1046696
 999760
 863133
 150850
 60067
 902107
 835661
 1022716
 731877
 938775
 572554
 359336
 311150
 737652
 392578
 1001348
 896697
 341024
 490694
 764292
 541905
 742987
 20976
 943584
 514076
 512287
 184679
 424754
 64522
 834655
 1063156
 764974
 816681
 868416
 753370
 844801
 384496
 1037915
 833381
 600025
 27565
 55481
 904270
 598399
 634976
 1015996
 116084
 364944
 588746
 419085
 995863
 624295
 387533
 815753
 566179
 857968
 76728
 650844
 682978
 646931
 1008255
 443895
 806268
 469668
 773451
 479342
 223372
 1001952
 758649
 38951
 386178
 863694
 799065
 353295
 347787
 70371
 359495
 626036
 565069
 382902
 298381
 676877
 991593
 23357
 238122
 336784
 530931
 560626
 596417
 1072642
 730196
 260563
 857113
 155495
 502342
 679372
 257299
 693157
 282869
 362513
 501470
 436780
 320554
 114694
 953217
 966131
 754678
 142564
 695697
 584061
 116324
 787293
 786522
 977987
 92074
 969083
 641061
 782238
 361864
 271698
 945419
 736135
 1002305
 221854
 857372
 1018342
 852605
 459442
 713938
 536206
 248519
 27379
 697371
 481930
 436898
 916213
 717408
 971197
 761248
 544881
 721408
 232758
 640021
 920721
 986642
 967105
 592280
 847859
 228975
 555394
 937771
 1094193
 924159
 981228
 612727
 385150
 328796
 107663
 1099660
 213016
 246221
 1076202
 361844
 487132
 816522
 949062
 95651
 760954
 157506
 431062
 997978
 157520
 381193
 68691
 752143
 376312
 469734
 532462
 276904
 1051472
 160236
 816683
 521298
 1030907
 913735
 89352
 355923
 2254
 871852
 849324
 335869
 306018
 670894
 713961
 911264
 784564
 208423
 727990
 1038241
 22190
 326201
 280279
 70143
 20288
 99902
 147056
 517971
 135117
 53489
 907967
 206318
 797344
 791913
 326493
 226450
 500569
 539399
 514730
 202265
 608589
 439227
 304108
 158528
 563983
 667953
 475687
 631337
 39138
 709717
 133335
 389032
 228220
 65430
 1074885
 860964
 661333
 628530
 889012
 603724
 45672
 968640
 659602
 279939
 309442
 720338
 204545
 696777
 1085217
 593559
 254879
 277045
 406907
 425898
 382537
 863281
 404388
 273222
 369152
 599365
 822887
 316248
 978618
 128510
 820783
 130199
 35902
 136729
 334301
 17034
 326948
 930562
 38139
 557416
 872859
 927054
 70397
 336145
 625292
 301251
 251394
 1038940
 389096
 689924
 874890
 785379
 222493
 1064406
 309068
 670733
 317294
 1064442
 51994
 747069
 789157
 828406
 1025830
 444087
 774958
 600830
 694978
 570658
 1019695
 1049704
 1015229
 335199
 770650
 121786
 744352
 9069
 480602
 518796
 961950
 243326
 96883
 334504
 197708
 1045921
 682088
 863058
 516149
 672195
 813983
 237891
 768430
 618916
 886199
 402914
 1070602
 649177
 394565
 502890
 586289
 294390
 261827
 1020937
 254384
 609270
 608737
 1093601
 149954
 118055
 556049
 123792
 233511
 733022
 744301
 506304
 533794
 610469
 306953
 41699
 739236
 932287
 112850
 938339
 478104
 573180
 987188
 765316
 909851
 1019133
 862701
 689608
 541058
 838159
 1029382
 155828
 468618
 1064912
 65386
 248441
 450806
 330174
 713867
 857139
 513187
 19373
 370546
 1009732
 701322
 154594
 648543
 946247
 974105
 461614
 1097281
 851426
 337484
 388740
 148446
 645976
 308889
 189691
 149588
 464883
 896898
 815329
 503946
 1056062
 701257
 942312
 748797
 653441
 640364
 20112
 42035
 713544
 1075843
 656210
 170412
 530533
 815558
 754677
 825967
 926035
 630224
 140704
 816958
 423922
 297663
 748543
 569811
 245658
 410552
 350619
 341058
 523020
 444749
 1018346
 133346
 1005868
 141958
 393761
 764846
 997294
 543671
 173706
 379204
 858038
 915917
 1081100
 357546
 9356
 238238
 879553
 683882
 223862
 397719
 385278
 189895
 183513
 640122
 950166
 1092172
 689515
 674817
 241800
 785560
 243166
 454880
 221039
 10560
 495872
 285853
 66659
 576011
 351021
 585044
 574305
 735620
 1002014
 800058
 828853
 1036113
 948877
 506813
 736847
 691902
 159116
 979683
 351456
 632298
 264886
 549825
 533236
 185177
 825241
 463125
 142948
 224139
 738832
 658454
 243045
 457991
 945630
 905348
 533149
 582204
 160984
 697893
 883408
 812075
 1009954
 928851
 1028664
 658901
 836168
 750812
 639835
 1065230
 943485
 334449
 504211
 904160
 523743
 576181
 615200
 901101
 676696
 298694
 585080
 335015
 332878
 121764
 587166
 826602
 333985
 288324
 199615
 726631
 597553
 755491
 897103
 12261
 167242
 410117
 474283
 893810
 902751
 716485
 482111
 432145
 769470
 984107
 406815
 1065182
 678743
 578438
 722228
 354191
 278263
 363378
 147128
 541868
 524832
 84666
 974882
 511792
 813552
 158354
 387628
 625198
 635505
 152434
 493929
 772160
 921468
 981316
 603241
 574209
 750280
 498039
 1001347
 526875
 132452
 937184
 874373
 270533
 812249
 901318
 720615
 1053778
 534454
 891727
 341204
 594445
 953496
 697985
 848687
 771424
 390408
 333830
 859119
 1000511
 1007217
 290421
 462573
 1019110
 286008
 76214
 681555
 635486
 859007
 482622
 761998
 299282
 80396
 446730
 621759
 874453
 807429
 987085
 71286
 623125
 675493
 808553
 563642
 861642
 109038
 518533
 32293
 489142
 595804
 162243
 85980
 816040
 719527
 327072
 26514
 565950
 454335
 55462
 803993
 466291
 499432
 488924
 573446
 540097
 159515
 1065080
 277385
 217706
 1079220
 859454
 810592
 169226
 361183
 590286
 140780
 144861
 135606
 168120
 81615
 1073902
 246089
 75689
 696925
 808275
 153533
 912005
 783550
 356303
 58579
 916775
 109227
 391811
 342004
 259022
 566770
 598673
 322454
 434376
 575062
 61781
 356345
 161857
 1007577
 509427
 122977
 372641
 832738
 839625
 148854
 100692
 72311
 512806
 880064
 159845
 724335
 691263
 419409
 1027529
 51972
 460727
 450307
 907076
 893284
 597260
 98316
 785733
 851902
 714976
 457827
 979451
 144522
 468169
 374998
 516124
 830812
 779896
 15533
 588612
 689927
 1059161
 874104
 844095
 679101
 871046
 907683
 777251
 314717
 381480
 692847
 990810
 725205
 301668
 252157
 853198
 379406
 55858
 125823
 636545
 302412
 434097
 761646
 755187
 11250
 555739
 336948
 598735
 972678
 524863
 749504
 515759
 770892
 194785
 853583
 176948
 927524
 172199
 623474
 890828
 984219
 947649
 990682
 717347
 1099055
 995933
 119399
 549634
 99014
 1010690
 682230
 505920
 1090622
 32162
 156860
 393601
 453575
 482625
 75846
 882552
 249240
 781694
 570694
 509856
 619594
 195771
 5064
 481258
 313180
 1022616
 122893
 374172
 403734
 1086688
 432945
 581572
 788934
 764587
 481688
 579009
 809791
 980875
 1056812
 1057672
 1049380
 956672
 937161
 554022
 1068847
 469336
 131509
 746617
 485176
 665556
 247561
 1021135
 418108
 511950
 585104
 36903
 602109
 891346
 536867
 845543
 158582
 9956
 25316
 50389
 889889
 1087693
 926228
 177832
 30157
 873702
 224026
 913289
 922729
 515617
 1085489
 340125
 156054
 374555
 740780
 377037
 891170
 363564
 381857
 110426
 919299
 685662
 194173
 195282
 149176
 950909
 359953
 277707
 802764
 960859
 649316
 989151
 1093007
 977896
 668554
 936437
 413558
 1098371
 486896
 331849
 301933
 315419
 583888
 1007294
 703136
 357321
 845616
 250080
 23798
 1092224
 1047601
 146069
 341476
 657575
 363809
 378729
 633954
 283008
 1088140
 1049508
 537410
 592672
 388025
 25242
 256373
 278993
 637842
 710012
 234010
 309804
 676979
 351781
 275873
 470222
 961172
 379264
 67100
 567790
 1023443
 351785
 401153
 13342
 501860
 873736
 43858
 595834
 528805
 818936
 2041
 108186
 609713
 604292
 820570
 1042410
 442398
 63516
 481253
 766920
 775604
 451628
 458525
 893123
 676551
 746223
 994019
 268469
 905731
 999756
 345175
 667759
 781583
 673485
 423711
 1083650
 884614
 316072
 310653
 642009
 868338
 531855
 70351
 1057461
 545556
 1053168
 258356
 652265
 657364
 757587
 420329
 224277
 567583
 830614
 944317
 583889
 238069
 494737
 673770
 1053373
 145693
 811780
 612042
 869525
 451474
 1006053
 1059627
 687532
 682973
 207463
 1014346
 500757
 898658
 828130
 777942
 363125
 975737
 108540
 411737
 404766
 653147
 581730
 222351
 762781
 606283
 902068
 665317
 788268
 615663
 993481
 213219
 481129
 757337
 616464
 688621
 1052165
 775552
 203377
 819523
 479555
 933547
 506278
 1054820
 931473
 887671
 461251
 375981
 89832
 942921
 515662
 367240
 529148
 864527
 775335
 521791
 349698
 698878
 1080635
 481889
 856379
 1096975
 43964
 360074
 926295
 471303
 584913
 510062
 510598
 226427
 396933
 518311
 30867
 62217
 927216
 627743
 766883
 432933
 625729
 1028626
 904595
 264873
 809022
 795744
 778043
 400823
 991532
 353539
 145534
 575935
 723503
 939733
 586067
 856419
 359920
 960209
 543239
 224891
 558906
 432462
 976311
 891389
 627742
 334748
 382178
 986450
 953822
 54004
 777678
 436653
 420585
 506252
 37884
 678876
 570118
 773738
 1040768
 10599
 134559
 284772
 799424
 184077
 121972
 928266
 67074
 305633
 314320
 374445
 1034575
 231925
 933782
 640905
 36442
 97017
 977963
 387961
 527629
 627427
 189110
 870560
 1026320
 378634
 509606
 1020127
 500254
 654037
 28520
 481408
 767914
 981764
 284944
 55271
 23726
 257298
 845960
 52277
 634846
 911128
 522984
 1033713
 732783
 77869
 575464
 917363
 443897
 119059
 281480
 44096
 515066
 294722
 224623
 256565
 1004715
 771745
 986204
 792231
 90413
 73307
 960481
 277899
 624066
 408445
 592261
 173878
 127159
 624005
 412300
 473532
 964898
 387774
 658250
 792053
 585565
 327259
 893488
 572677
 545362
 241640
 944179
 201546
 118861
 730424
 735847
 611763
 218700
 266638
 459137
 2449
 1099459
 567571
 686178
 305327
 798801
 500599
 903781
 675732
 409563
 1000767
 576660
 831556
 593416
 244555
 549317
 448107
 37431
 65372
 450592
 437545
 846818
 543675
 909001
 827297
 108261
 873748
 528690
 409606
 431364
 16506
 481931
 672873
 945638
 637648
 528245
 856137
 1082588
 793534
 770023
 781690
 235257
 865226
 566632
 667371
 647320
 817787
 372848
 279970
 45265
 219700
 691815
 818376
 45908
 217147
 933532
 14662
 171294
 548284
 828325
 881148
 1009084
 818919
 863762
 476165
 462006
 828060
 272546
 812808
 561463
 609004
 228257
 491662
 411287
 398384
 166088
 579467
 736912
 956845
 158639
 39278
 1061375
 571264
 935730
 145552
 930537
 303305
 10713
 868431
 213229
 537377
 978320
 499019
 875608
 218216
 655789
 988372
 920679
 50357
 121273
 906151
 590510
 60648
 699093
 162877
 125058
 344687
 633390
 408238
 557423
 750745
 448721
 785058
 699559
 312086
 268824
 769018
 879649
 158772
 799527
 850929
 474322
 240457
 223154
 496825
 206684
 1065050
 307393
 857482
 1087475
 319305
 341616
 595763
 431300
 1044113
 498578
 375054
 744366
 582479
 830013
 962836
 997553
 664991
 140782
 765365
 730827
 873093
 739839
 1011759
 651872
 986462
 2147
 756956
 611297
 159448
 58959
 609036
 421130
 353042
 1008569
 857921
 24115
 638258
 633219
 735961
 742835
 287866
 194084
 649315
 1010348
 1073994
 993255
 394108
 22134
 344115
 867137
 821196
 867055
 1007466
 29922
 172051
 210443
 452000
 552401
 304781
 383695
 106667
 495519
 285342
 715123
 113044
 599667
 49278
 1064283
 947044
 72157
 854699
 756565
 385163
 333318
 76202
 9314
 1055565
 358909
 500611
 374962
 1088183
 344449
 209604
 901546
 63627
 369413
 746758
 430685
 572598
 972671
 384711
 295192
 613247
 358847
 4701
 1004004
 662577
 269229
 248448
 882575
 662532
 682200
 835315
 990227
 251258
 944923
 946324
 846657
 679658
 594149
 812417
 806062
 961133
 161442
 647255
 355929
 514660
 863329
 1049135
 974796
 998370
 833255
 538461
 618592
 582624
 355956
 302919
 965986
 556362
 413701
 724585
 769397
 129655
 703442
 824375
 239168
 587156
 284006
 637551
 620069
 1083229
 628083
 342327
 682485
 191235
 28659
 64328
 964123
 46587
 195243
 37837
 599753
 83805
 1025895
 973738
 659964
 559743
 486016
 347966
 818985
 689785
 938424
 436145
 376912
 302
 1000275
 313847
 590289
 829625
 387117
 632014
 522471
 191186
 29739
 392781
 956096
 974962
 877946
 613436
 589661
 854138
 170095
 162478
 355247
 710593
 1029719
 544692
 682095
 977435
 1009596
 210908
 898958
 84158
 97374
 892521
 262952
 522042
 95370
 401018
 762675
 874180
 996898
 1016081
 1017735
 781140
 31385
 425824
 898259
 186998
 9943
 906721
 348406
 170590
 1053117
 293357
 166261
 1004327
 751880
 539410
 250752
 910629
 479212
 1086423
 988180
 276488
 69976
 403053
 524137
 336538
 1089848
 493342
 582774
 1087765
 851996
 1024609
 501616
 212172
 918243
 486776
 217545
 1097433
 1097081
 487082
 42971
 615218
 833324
 412075
 550518
 85900
 690544
 321949
 291103
 539526
 271258
 1088263
 654638
 314803
 1092328
 362979
 371145
 512605
 350670
 33341
 160712
 820868
 461028
 799331
 631106
 581094
 288924
 857499
 1098693
 20186
 599341
 564791
 241944
 290313
 275658
 648566
 181604
 762010
 478065
 78732
 414584
 543771
 480102
 192430
 795850
 507366
 343186
 360033
 270775
 741688
 1066457
 189015
 368772
 429865
 829859
 464046
 860928
 790686
 526200
 342972
 649241
 418060
 547303
 104308
 607625
 932790
 880316
 361014
 802513
 491574
 606734
 798025
 760204
 511655
 189316
 125324
 360881
 88511
 1016211
 187586
 674055
 627700
 217695
 324824
 923731
 917138
 121409
 540540
 931576
 192156
 638595
 1033220
 143009
 844589
 217195
 344562
 502460
 1066718
 225422
 390575
 998338
 1058574
 160589
 896042
 476173
 726985
 611211
 545009
 175455
 755839
 143690
 71972
 288463
 808882
 771185
 622927
 258861
 1071305
 341374
 333127
 115805
 15459
 375193
 104521
 319873
 895813
 218199
 23238
 104945
 1049806
 900522
 941215
 792650
 306068
 262826
 973218
 907228
 145820
 782415
 710494
 1064635
 268819
 548064
 678968
 571991
 1076319
 699808
 375830
 254041
 757652
 518347
 283891
 72844
 16199
 316731
 46158
 1056072
 245326
 400000
 554294
 986827
 255177
 738609
 1025112
 289746
 827491
 185006
 329548
 585657
 86120
 645793
 181940
 990975
 112881
 6849
 551319
 695035
 1083649
 1016872
 414230
 131369
 87711
 70215
 903261
 902091
 11523
 419103
 275166
 177728
 792278
 882519
 552691
 641806
 124086
 390488
 626038
 1083147
 914333
 651437
 1063978
 740783
 103486
 772695
 512521
 353526
 319682
 990674
 352182
 445506
 480139
 938509
 502845
 1087850
 598332
 616837
 1072589
 257890
 808179
 931833
 669471
 984845
 91433
 739239
 797519
 243834
 776729
 169095
 605648
 193296
 935151
 729193
 289118
 797180
 678651
 116080
 888041
 191336
 1022629
 945857
 26181
 303132
 753029
 601732
 689288
 541511
 934934
 397716
 340020
 1025501
 1042580
 583773
 307015
 575247
 37373
 713922
 462511
 895158
 455989
 692694
 558338
 437193
 319306
 223260
 728088
 41994
 919757
 297619
 966214
 736226
 232904
 855860
 796242
 1042096
 165101
 550041
 854380
 550705
 27131
 681020
 1021696
 421059
 703712
 229275
 942971
 419830
 310860
 255845
 936573
 781181
 958678
 503170
 981610
 760702
 335239
 6711
 426141
 597296
 858585
 315298
 513185
 151163
 1014713
 1025119
 13097
 74319
 212040
 264128
 852700
 952851
 906951
 519791
 255974
 365183
 468642
 716978
 74247
 605658
 180685
 31787
 953960
 653651
 1018181
 84421
 112754
 557222
 174343
 570928
 91341
 562959
 42959
 258538
 225716
 845223
 669666
 307225
 216957
 418497
 1045064
 762106
 27956
 747588
 956752
 266745
 132000
 605358
 153038
 822918
 781729
 118640
 753847
 34943
 872286
 556745
 956274
 442330
 1036203
 83427
 128449
 201515
 124597
 921786
 236550
 329839
 110065
 834756
 962877
 218492
 112833
 1092645
 727196
 652979
 1064364
 698624
 536152
 39430
 858684
 389552
 147573
 1020741
 808430
 317620
 383758
 975506
 23318
 266475
 310528
 1015197
 104633
 843235
 709137
 132309
 1056165
 275868
 898554
 59031
 955821
 789900
 464233
 524766
 927498
 1094875
 640355
 322663
 255065
 109086
 598236
 595275
 743967
 472296
 29190
 74485
 899164
 1032444
 169424
 271507
 981239
 529807
 103543
 441883
 953377
 54104
 717080
 310825
 963321
 171887
 755375
 592185
 264724
 312336
 1051403
 1059226
 414728
 861795
 129354
 47526
 1094487
 244482
 764502
 227331
 972483
 394290
 967294
 877040
 152874
 197450
 177661
 233843
 557946
 774149
 98979
 277267
 553100
 611117
 306865
 145657
 243696
 1093660
 913209
 322188
 440392
 367475
 169023
 555457
 315408
 230816
 639753
 274349
 598725
 40886
 838590
 506885
 454348
 639256
 112061
 900129
 1013022
 160085
 275262
 788177
 26886
 190934
 797988
 22875
 763571
 569952
 209496
 425121
 191388
 734280
 143919
 381279
 776617
 885120
 171680
 34880
 66202
 122949
 720151
 463156
 511944
 1050741
 871971
 935070
 351592
 237637
 528546
 49230
 656038
 1094138
 1009435
 590112
 221713
 725616
 855399
 829558
 543369
 346424
 482054
 31996
 535655
 868638
 715862
 807610
 185087
 431409
 665922
 378555
 963052
 230899
 10918
 871265
 713553
 126513
 413377
 1003377
 1039622
 25562
 405927
 582585
 903428
 582104
 622288
 797046
 989249
 72439
 685651
 251153
 344219
 108787
 622975
 695797
 1095428
 336304
 52809
 1057750
 518262
 69980
 998033
 348624
 696119
 718192
 114422
 739357
 928385
 809159
 964302
 975323
 19979
 738591
 680802
 38275
 942357
 624713
 224847
 712322
 723748
 920736
 280206
 931770
 162606
 45728
 763786
 948313
 508654
 680791
 858687
 395230
 890734
 936898
 162145
 907907
 763075
 410756
 973434
 551324
 597862
 814479
 436911
 874429
 297567
 231141
 274931
 144079
 195736
 440911
 926871
 935618
 373852
 360599
 618179
 452029
 440279
 686174
 434804
 824774
 891924
 529269
 594462
 457040
 530640
 918479
 1045255
 197240
 549344
 544930
 115190
 237914
 172782
 1064982
 836609
 674111
 653291
 102133
 603244
 933394
 169217
 476898
 485787
 743769
 205576
 213561
 317919
 464874
 243262
 741351
 97017
 581407
 616826
 706069
 156116
 1069344
 766103
 1011840
 596839
 692402
 833050
 183043
 528009
 717170
 71258
 735999
 625845
 1025969
 549411
 348912
 252297
 464263
 1065574
 700636
 337719
 240928
 418235
 722122
 900028
 428900
 450145
 1050595
 666265
 341846
 352906
 636696
 121049
 439094
 135007
 915405
 318171
 400792
 885910
 646032
 744626
 601786
 695784
 120474
 182351
 1076466
 1064950
 940563
 417512
 564749
 364312
 280537
 238678
 551656
 23618
 1002472
 1010803
 605520
 747884
 843147
 382321
 744743
 108858
 225248
 167829
 115677
 802570
 1098
 108266
 913511
 509894
 323043
 424055
 118252
 251386
 956728
 573840
 108964
 467920
 374120
 1071393
 215940
 114936
 1003109
 438234
 767306
 110270
 987479
 880541
 514710
 1019683
 309322
 738090
 1049114
 371688
 935228
 378166
 988205
 351398
 368633
 220569
 740147
 815838
 1013352
 1097518
 619020
 451735
 556788
 114875
 266671
 221042
 147097
 344226
 674338
 74092
 857305
 153188
 690808
 901204
 990427
 907535
 732883
 21474
 382699
 169105
 526355
 746129
 229420
 907259
 692753
 645963
 124023
 366097
 415948
 536350
 989100
 276537
 37017
 365866
 276574
 910243
 752601
 455279
 1046181
 711215
 119089
 419764
 740627
 767791
 603477
 525287
 779790
 717102
 874224
 599315
 248616
 780375
 799602
 311605
 997377
 193220
 960519
 108508
 769791
 158203
 539857
 1091274
 351713
 376429
 99758
 704902
 641787
 427441
 182744
 218029
 100408
 858138
 786082
 775874
 993766
 735218
 448310
 809062
 820222
 958413
 432938
 138453
 646371
 657218
 822832
 820744
 561446
 843170
 966481
 567713
 62723
 473380
 208313
 829171
 514649
 511874
 826582
 481661
 288856
 389295
 493390
 550254
 709583
 874132
 455455
 120772
 627224
 971747
 516347
 460241
 382535
 932355
 1060714
 777724
 20223
 371848
 1022288
 867129
 801724
 736409
 536217
 300146
 629948
 442924
 602555
 517994
 504597
 1034519
 531941
 768263
 662090
 913706
 926621
 466389
 951319
 215455
 316429
 1049803
 794932
 941002
 39232
 451362
 674681
 946904
 79587
 752077
 375121
 861072
 315737
 419612
 671499
 140459
 262830
 98361
 315410
 683002
 1000120
 396254
 651990
 600704
 574601
 607983
 1047884
 429323
 481461
 295064
 99446
 288692
 34317
 376978
 363570
 64213
 401594
 55451
 940467
 998796
 1079972
 95057
 659349
 760635
 704814
 286274
 615090
 253244
 9115
 256288
 183125
 571721
 364709
 59853
 996891
 539718
 184587
 527686
 299541
 750335
 570530
 74929
 184677
 695074
 270194
 452785
 491214
 1056920
 965626
 209300
 174328
 633810
 14452
 1067410
 820599
 1001944
 1034380
 856940
 454048
 915003
 102405
 321355
 673002
 290607
 812211
 22333
 506735
 57912
 31927
 516449
 704508
 723060
 372021
 1035807
 96051
 1042454
 222406
 290105
 406543
 938259
 41865
 581199
 717269
 588169
 356518
 425595
 821502
 801449
 1029978
 843136
 686109
 80649
 365695
 872598
 547149
 929998
 796955
 1066883
 789059
 651183
 626589
 448760
 132334
 955435
 573407
 752214
 274273
 669768
 19162
 410302
 1083275
 628867
 1082806
 888874
 425971
 366889
 402795
 12968
 366544
 794148
 362072
 769756
 1028008
 220695
 775833
 295116
 552965
 1038273
 662221
 895856
 456285
 535485
 1631
 334812
 728542
 1068972
 943803
 674100
 997090
 145332
 840444
 424915
 593179
 491749
 593388
 577133
 416982
 321714
 142893
 76955
 843893
 899323
 986819
 218294
 520494
 32025
 843644
 220096
 176559
 252752
 124005
 662626
 168786
 544564
 696915
 235363
 661963
 436765
 197019
 591845
 550362
 38802
 923025
 393987
 1051039
 1012337
 307801
 369913
 39692
 258414
 388539
 226318
 766236
 1071369
 36153
 1088568
 741591
 481339
 907924
 389507
 634614
 28026
 693896
 1081244
 667905
 77503
 547895
 736789
 246862
 318001
 110533
 787811
 389872
 170268
 359418
 14704
 379681
 552297
 791262
 450176
 139058
 593800
 715706
 1094682
 861274
 1084848
 1071762
 74646
 516704
 1057895
 599468
 606116
 310965
 407809
 498888
 537214
 732928
 30230
 969464
 888464
 736615
 21787
 171210
 918081
 974057
 989411
 952344
 241701
 45143
 515841
 1055030
 314662
 610184
 386583
 480677
 468638
 304959
 922363
 134921
 357441
 159109
 989819
 445312
 856959
 29766
 596759
 709658
 811328
 612109
 1078592
 316289
 723385
 659611
 43349
 1081497
 420275
 767499
 901248
 538262
 88429
 282122
 122605
 522828
 771557
 320130
 123787
 836825
 389276
 765022
 507628
 395896
 141925
 733830
 924594
 716935
 533573
 61010
 923961
 105807
 96751
 822881
 395641
 1004087
 8512
 1008005
 498789
 1054817
 481382
 155218
 349813
 949230
 952524
 962039
 595221
 344154
 1024625
 92418
 726948
 697058
 293669
 3048
 699910
 818317
 325691
 466004
 993206
 584429
 790364
 14589
 487500
 335303
 133706
 389730
 524092
 177104
 1089073
 645137
 797328
 437209
 452656
 874319
 931053
 75253
 727723
 1013972
 444096
 339037
 574352
 118072
 617793
 685679
 602922
 917275
 567876
 335330
 540333
 504639
 1088955
 423331
 71944
 480316
 9516
 563482
 668389
 653851
 1081208
 722572
 285982
 261390
 9661
 684878
 540461
 328905
 799542
 54002
 802506
 406747
 32557
 932940
 1004009
 748274
 1056818
 526938
 90626
 833432
 156059
 674960
 520967
 553030
 811570
 429438
 574450
 542326
 818785
 844181
 582396
 142179
 659388
 581227
 733462
 347797
 765478
 723860
 1008722
 246438
 519609
 140115
 576215
 839198
 749565
 49787
 450307
 1617
 84388
 1039007
 441496
 1010417
 799245
 1070890
 440228
 580723
 456658
 545245
 297633
 17302
 184016
 281542
 1071761
 307238
 378344
 807864
 898911
 59525
 48732
 715672
 321830
 984857
 828041
 484752
 335129
 1092675
 451328
 671344
 146541
 133541
 935347
 344555
 681110
 896676
 994695
 727031
 125742
 827904
 250144
 994683
 279968
 889543
 403367
 373154
 359055
 837063
 289231
 135274
 214135
 237779
 364226
 921459
 630416
 113545
 33333
 918896
 381224
 992886
 1023469
 862346
 882005
 236204
 484991
 886547
 504913
 856093
 1005925
 327096
 193040
 995593
 254028
 296917
 979971
 69599
 862634
 671940
 818979
 512996
 962108
 775400
 644449
 312329
 207616
 988208
 811029
 679413
 120559
 827834
 672609
 504391
 1035461
 949339
 980150
 252976
 549371
 1073312
 407838
 475168
 160866
 861892
 1081152
 249847
 8695
 13839
 330487
 697063
 307772
 603528
 314578
 486249
 791574
 35713
 1004215
 550497
 985391
 840661
 814771
 392893
 770385
 226334
 1076214
 1039195
 55134
 894151
 979974
 1021016
 934909
 278016
 254496
 577024
 122476
 229647
 251053
 290615
 166402
 598443
 231783
 184257
 837697
 38583
 726244
 149251
 688851
 273932
 1089374
 90806
 992646
 721906
 1086154
 1067463
 748116
 747554
 477967
 741126
 1031065
 1091542
 99642
 807771
 134753
 1026446
 1081903
 551489
 146195
 964391
 1057637
 215020
 62593
 735028
 324557
 793075
 716620
 400457
 1066480
 340286
 11647
 1091870
 727687
 224601
 646522
 805223
 570742
 22238
 1082000
 35552
 280794
 330813
 854715
 1078780
 390330
 966348
 191150
 595073
 775870
 60721
 1086314
 202435
 827324
 940434
 906486
 876591
 918246
 485086
 21325
 614378
 689197
 962104
 610279
 62291
 1035612
 40130
 459916
 676341
 199321
 453218
 53076
 440628
 273176
 886479
 186860
 115349
 420988
 801702
 762103
 140393
 833087
 290188
 342447
 274426
 448004
 121006
 716367
 921396
 787757
 784863
 325786
 508667
 517421
 271493
 489689
 818197
 874915
 624140
 1073597
 38568
 104797
 974869
 1027353
 212410
 316165
 743860
 31076
 861880
 533495
 555639
 823292
 848714
 151284
 903415
 320359
 415029
 577026
 122903
 619919
 23667
 929167
 984982
 453777
 599862
 1063680
 9206
 108558
 320303
 1097561
 429933
 1006054
 720397
 170132
 399395
 145088
 814375
 697278
 1047725
 1070456
 250950
 1040449
 825659
 853684
 192304
 179088
 993514
 690778
 762455
 165755
 31893
 638157
 886460
 1068889
 246807
 640881
 165716
 145703
 512505
 735750
 851172
 85088
 217154
