916136
 1023326
 191597
 833283
 6265
 735989
 554355
 674253
 649722
 572494
 198056
 953016
 144645
 1005538
 921204
 129175
 831693
 929784
 172031
 337305
 845936
 173893
 668994
 423425
 158665
 471165
 192600
 901859
 911219
 458399
 259958
 163108
 464352
 362854
 1007479
 771356
 156199
 519452
 849240
 416192
 144941
 301200
 1078143
 964382
 689623
 487618
 107850
 755346
 111189
 295298
 592160
 914034
 423927
 719630
 470159
 602788
 231560
 34269
 158061
 261245
 649728
 482620
 719298
 622901
 1097852
 174645
 659923
 1082105
 144879
 605298
 107616
 239038
 219402
 885737
 1059930
 73775
 882032
 460358
 414100
 312361
 980695
 442321
 893047
 697546
 336508
 948626
 769007
 348088
 509799
 417345
 943924
 6310
 128811
 159351
 222963
 754527
 803536
 100837
 921157
 127679
 496634
 498809
 894870
 980992
 66724
 940875
 34149
 402735
 139993
 68098
 328871
 163441
 1028563
 302637
 964565
 914278
 370629
 304536
 143504
 676267
 900929
 1003512
 814257
 1094216
 233047
 24532
 590035
 186829
 95213
 987919
 356397
 238165
 1023576
 12177
 464282
 1087110
 996195
 741304
 529853
 361499
 1076210
 398482
 497975
 207773
 1058737
 949520
 868795
 402198
 1092371
 585422
 628786
 11175
 327845
 785789
 1050103
 104869
 985564
 657097
 416453
 245949
 826463
 955824
 684507
 729930
 588618
 1028279
 798200
 186697
 654426
 746450
 99758
 478972
 356251
 848756
 174942
 486971
 127662
 668407
 98294
 277625
 895797
 921184
 453126
 304817
 1049038
 894063
 782860
 794689
 280439
 266945
 83082
 959154
 127435
 176729
 298773
 230713
 925431
 240304
 15188
 32132
 12286
 382905
 52014
 732540
 694935
 920776
 85040
 713248
 528791
 767318
 867673
 367801
 649816
 53814
 1080865
 725733
 855839
 652078
 973539
 491325
 191515
 571301
 867729
 424992
 96488
 991772
 356304
 522943
 1016385
 394640
 266612
 556219
 775753
 815822
 751683
 508111
 163222
 320483
 667414
 1056197
 110378
 791045
 588905
 158219
 688347
 89229
 536079
 516138
 374169
 355713
 587017
 476930
 871197
 32660
 755769
 898227
 792665
 936896
 574042
 978533
 1009075
 724632
 217208
 913496
 512140
 764284
 426976
 553484
 172056
 62319
 886295
 223125
 114046
 737034
 351914
 185323
 1070381
 524341
 284513
 761623
 443451
 262883
 57411
 1006487
 1035830
 620506
 399463
 766240
 336303
 179150
 759369
 309277
 574869
 347934
 962145
 418219
 191149
 276688
 9114
 145389
 1066230
 718908
 750480
 738903
 492854
 123465
 905266
 141003
 712471
 25938
 1044857
 420435
 937734
 10889
 291611
 1060932
 1097575
 805754
 900613
 577571
 240547
 1017171
 817075
 62653
 85878
 290654
 476679
 1072261
 457861
 471226
 263674
 792925
 706027
 410161
 447018
 267771
 1087318
 805468
 978356
 95175
 115137
 484190
 458493
 410057
 8301
 1017767
 672326
 27505
 950022
 638541
 42304
 980698
 636005
 392799
 363780
 945354
 13328
 393186
 596760
 931566
 280583
 1010264
 428673
 1083762
 417071
 456870
 289840
 691445
 480111
 195927
 820033
 1054762
 727786
 519541
 785159
 580834
 865867
 714213
 884280
 150557
 849590
 667435
 909785
 493546
 838252
 549094
 488395
 16495
 155184
 760582
 274413
 227099
 651510
 579834
 83641
 848314
 754523
 484384
 926339
 466110
 890490
 491770
 600140
 663001
 481115
 1005441
 231825
 884243
 402966
 170220
 555824
 264311
 194759
 96934
 525771
 1014880
 1028544
 531110
 597264
 142325
 192402
 20662
 955955
 914837
 142560
 169063
 358491
 427390
 84202
 89555
 989794
 1043384
 661156
 769872
 398357
 1059135
 1014367
 41981
 975057
 569098
 689839
 316620
 39292
 746787
 811522
 409425
 852219
 224236
 388459
 671456
 737067
 1060354
 1099272
 589383
 539779
 988536
 331148
 996268
 26708
 630526
 315509
 15658
 631677
 289937
 701483
 937768
 692133
 245694
 754966
 24207
 267629
 686804
 555942
 386439
 5692
 482705
 1022064
 324907
 551914
 956363
 978609
 169249
 413570
 642215
 604339
 395575
 813950
 1051420
 831933
 1099366
 414425
 473942
 987961
 385980
 469950
 238203
 724736
 231470
 648058
 15651
 866785
 455943
 891366
 111673
 986303
 263325
 566290
 512724
 964753
 1036883
 233071
 667919
 521224
 499738
 705834
 317092
 760608
 502400
 996094
 736649
 690433
 840104
 165369
 787838
 579510
 326800
 324865
 881000
 536731
 308926
 1012826
 1052549
 1047590
 74942
 164883
 1045570
 639582
 562590
 822331
 925170
 748104
 156048
 1087631
 12461
 22592
 594094
 212252
 463300
 444469
 9500
 511576
 443217
 473399
 271341
 851037
 218214
 421625
 17443
 22218
 159515
 1093554
 557695
 596335
 582865
 400238
 264207
 107711
 1053124
 680676
 1068555
 205366
 957957
 979397
 465596
 585874
 766902
 390755
 528652
 99021
 214105
 373530
 483282
 419556
 639777
 172957
 623535
 202632
 698389
 303683
 727291
 29588
 997951
 236712
 614820
 529735
 187465
 762691
 933806
 272338
 251556
 167004
 1085767
 1068078
 96180
 174177
 366089
 181552
 634305
 52380
 655442
 246531
 518565
 701291
 1021566
 1058997
 1020808
 143204
 54143
 98118
 693568
 596510
 8801
 1051405
 3684
 993388
 771165
 724446
 465321
 1068307
 752598
 590715
 248880
 1069568
 306138
 857609
 678717
 509057
 516224
 5469
 726246
 674202
 187977
 45424
 793029
 777786
 462799
 308018
 747980
 637930
 327703
 445129
 891554
 743979
 257085
 529511
 981327
 662102
 1036572
 865433
 391961
 892647
 10008
 225888
 592556
 400072
 718772
 611596
 923084
 829549
 795436
 450754
 204901
 757298
 734728
 569407
 506937
 386141
 918987
 135261
 548830
 6505
 862631
 473180
 290827
 1016193
 124133
 399471
 857531
 888452
 1093113
 424536
 927525
 128168
 460524
 77315
 539455
 578814
 564512
 422742
 218118
 605772
 1010525
 494645
 237808
 101942
 55220
 36973
 718118
 876768
 871972
 101616
 595158
 113499
 612510
 981894
 1080560
 355735
 814846
 1096102
 464589
 134809
 964007
 565831
 866939
 60285
 211512
 681591
 199984
 797086
 1013815
 568859
 883300
 838194
 1029724
 999026
 536550
 1067106
 578656
 871284
 71379
 78689
 736463
 170746
 416524
 297459
 842700
 380806
 283633
 457574
 33094
 648164
 173027
 842715
 439507
 421887
 1055585
 932181
 1008969
 246260
 86849
 1034740
 237014
 435491
 1061790
 334687
 536952
 497900
 256835
 614274
 477675
 243132
 292561
 462779
 363316
 26395
 412534
 151428
 749804
 514985
 684045
 290265
 107699
 347269
 665683
 386474
 919681
 1044070
 48371
 275201
 36114
 462163
 518722
 618424
 538956
 160005
 1032060
 895740
 401923
 443420
 665659
 81365
 437119
 547163
 836278
 370936
 1006996
 524541
 879152
 275537
 468483
 981878
 621593
 374803
 452248
 289853
 471519
 1006839
 455423
 138091
 82420
 411855
 1025473
 1035209
 963171
 244949
 612799
 334574
 914642
 741851
 964704
 627867
 482146
 779019
 657865
 616243
 120514
 1016118
 317593
 221059
 759026
 636604
 1082112
 477006
 966291
 111847
 930585
 295376
 923115
 34400
 426770
 82233
 122683
 517970
 181454
 334338
 136062
 590738
 134811
 111535
 1089632
 98990
 821441
 448521
 29237
 555194
 603436
 772990
 196185
 171923
 880704
 841244
 1007397
 192599
 873326
 607553
 706511
 234875
 33705
 21092
 1001794
 35649
 693254
 946020
 116174
 63477
 829099
 560939
 676056
 533585
 247401
 1018493
 418144
 461216
 157078
 790337
 476701
 670908
 5917
 287983
 802879
 383601
 819509
 520098
 311879
 433293
 614659
 396650
 533198
 833865
 511485
 60383
 539477
 172368
 618523
 139225
 844339
 613978
 7696
 670290
 292683
 802958
 334986
 820277
 10024
 1086169
 1089740
 643581
 282569
 151503
 336410
 709529
 323258
 309861
 321390
 247106
 29236
 288807
 1098478
 401114
 571456
 947236
 188943
 656700
 455575
 1072155
 1073807
 891322
 941286
 234594
 783273
 501444
 137396
 423577
 1059475
 222880
 635096
 118649
 230606
 125907
 379548
 317245
 559844
 228768
 1034406
 753211
 966771
 641618
 187579
 1048879
 977938
 836399
 427304
 418882
 357491
 572073
 80902
 662498
 777248
 395854
 520982
 853810
 684607
 262504
 593634
 244277
 159728
 375629
 720083
 953512
 223626
 852942
 416541
 677732
 1048526
 628569
 91972
 5294
 594819
 61938
 19975
 752733
 13733
 24460
 416805
 332831
 932145
 712995
 612396
 679232
 579365
 997070
 204622
 413602
 62831
 213830
 946272
 167736
 714320
 743533
 828165
 616799
 826673
 211079
 385965
