564555
 967571
 1800
 931579
 791284
 431948
 47651
 465843
 201061
 5181
 699426
 39076
 909089
 963034
 1018384
 60885
 973377
 327420
 734836
 61035
 407808
 519051
 364732
 200442
 582509
 1090102
 1072878
 1087507
 710397
 233122
 316065
 362389
 282141
 537606
 733000
 512578
 48578
 724423
 4434
 467364
 1058449
 23252
 222704
 260683
 892410
 144724
 493970
 899647
 655375
 369616
 1044940
 139496
 620842
 875679
 197802
 545900
 69457
 444961
 691432
 61553
 201887
 676867
 656266
 345661
 394121
 1007047
 384920
 64201
 1098939
 367299
 97721
 135117
 308461
 818040
 985447
 820231
 642910
 497849
 243967
 212628
 568523
 603502
 988245
 705324
 245029
 497301
 3513
 168158
 830005
 590140
 827860
 1073416
 248281
 639984
 420162
 197081
 348308
 131254
 796144
 168580
 719790
 736134
 436066
 517907
 435849
 105287
 43327
 1090164
 652638
 605602
 460523
 466836
 97737
 413697
 855865
 96485
 348117
 1044773
 488913
 609214
 734871
 633139
 1006223
 713801
 1080708
 733304
 714969
 7274
 166562
 598839
 184775
 409326
 783406
 835279
 950951
 783307
 758565
 321319
 436851
 292994
 74803
 1020762
 807999
 228479
 539228
 29446
 366114
 540348
 479335
 695273
 690170
 1054861
 806947
 665044
 195123
 1094771
 205354
 1085406
 482666
 331650
 692102
 742545
 180016
 387094
 247730
 428597
 696243
 77772
 266419
 428518
 235413
 343976
 914526
 59193
 591950
 874641
 746562
 549102
 204825
 473120
 95512
 263739
 265758
 201321
 928168
 347516
 183744
 73575
 942512
 410110
 727549
 498969
 914532
 943125
 783921
 851046
 444257
 1021489
 31601
 108680
 747912
 1025847
 869751
 1047199
 1073235
 347465
 327966
 18036
 94654
 363840
 419006
 122491
 677357
 96095
 914473
 869883
 563897
 6262
 1026527
 718123
 805955
 1089060
 401341
 92566
 481866
 956362
 420175
 340476
 520151
 940924
 561024
 953503
 826291
 1094857
 651252
 581469
 719486
 846495
 211012
 734093
 154260
 1085850
 264010
 867398
 725826
 430715
 177952
 449710
 597363
 390726
 822990
 17626
 944854
 353508
 403698
 297559
 296396
 986059
 905921
 993413
 355661
 726306
 717137
 279545
 477403
 352284
 909900
 615640
 107682
 43709
 566313
 1031831
 277299
 60829
 94186
 580948
 756430
 464244
 525900
 890231
 947593
 235483
 362040
 664404
 68367
 913483
 816645
 358026
 369420
 344566
 1051120
 470858
 818890
 385953
 234877
 465588
 38533
 452548
 877684
 820673
 34237
 1043825
 170842
 1005090
 56291
 751899
 872980
 175897
 460837
 931402
 848237
 339449
 945398
 675381
 16264
 122235
 735661
 200135
 596224
 17581
 47131
 527536
 9998
 633182
 1064205
 526836
 204304
 524721
 684673
 681636
 786539
 678809
 177771
 1097936
 226540
 495169
 316739
 626488
 93804
 478165
 1077150
 790838
 925481
 291879
 1074958
 143342
 265473
 499872
 1058408
 322452
 412600
 530233
 249861
 54080
 578443
 672297
 98396
 437688
 914376
 73740
 76450
 827398
 186438
 393582
 31842
 516467
 938992
 1054702
 543007
 626191
 695651
 753716
 133233
 332966
 122670
 160538
 944505
 7594
 282381
 312263
 450493
 730048
 258381
 274942
 156329
 835842
 461224
 629298
 285220
 1059770
 324009
 974049
 755759
 797530
 914191
 1077600
 75226
 278307
 506743
 516300
 4387
 616565
 309116
 924567
 1080755
 564126
 631180
 908618
 924326
 357119
 1097322
 671080
 308733
 1014415
 1099961
 260483
 972257
 216490
 1048716
 882168
 125311
 16506
 13229
 231000
 683481
 536392
 232220
 73932
 1038428
 368845
 402991
 1094030
 496309
 701168
 452154
 996669
 351007
 587553
 953312
 573248
 308325
 825130
 539400
 1059869
 985100
 600391
 653972
 812433
 612140
 1034850
 364619
 151632
 427246
 327971
 131785
 977624
 436414
 393557
 323500
 725806
 45379
 314159
 389510
 881070
 707250
 71731
 203945
 217455
 116164
 208571
 857672
 756526
 906558
 429475
 453845
 832712
 159803
 529002
 418558
 287413
 551634
 371903
 668154
 214988
 104240
 965861
 132077
 790926
 1058842
 138956
 499247
 214016
 65716
 248415
 465444
 683815
 476597
 1050414
 883811
 994324
 431101
 1030202
 943675
 546650
 832032
 225209
 1041975
 240517
 8402
 345809
 77032
 532219
 713906
 1098770
 616276
 983003
 756780
 749563
 347021
 376291
 384183
 1079025
 1082384
 531059
 473903
 114979
 581561
 110342
 272238
 606770
 15592
 871287
 253539
 628649
 825187
 505475
 148812
 455446
 840624
 915336
 561558
 898554
 258079
 267780
 614675
 958879
 228520
 252791
 215664
 361104
 23562
 871502
 409470
 16747
 470211
 882707
 974410
 281555
 216512
 289923
 671021
 952518
 528023
 957662
 333405
 491611
 781144
 415669
 158576
 520916
 724954
 747834
 740972
 888789
 1030248
 119631
 772338
 181760
 763995
 502927
 1083936
 288271
 89203
 33796
 303353
 221739
 226943
 146344
 793263
 216262
 74273
 540285
 976260
 128681
 931546
 947260
 30209
 1082241
 625425
 193836
 409159
 837050
 777271
 626224
 305682
 116007
 1078745
 230618
 151187
 793058
 770666
 105382
 278351
 350064
 876190
 105621
 934791
 763862
 366016
 883807
 713357
 1007195
 1009001
 330781
 966783
 909185
 320358
 163534
 584414
 1083721
 652510
 970752
 704529
 422436
 47827
 1029865
 1059964
 870618
 278964
 294036
 406799
 555303
 862957
 1090243
 1010496
 1082023
 169450
 152462
 671583
 276358
 1039157
 304284
 875525
 55758
 988140
 256585
 157364
 821330
 914268
 653929
 861809
 119307
 743355
 537529
 568277
 239121
 41044
 884630
 398807
 964539
 1033463
 466723
 553008
 1079082
 832958
 212411
 535593
 926061
 275003
 216744
 598705
 155410
 581419
 201445
 576822
 236699
 724789
 866746
 573935
 787337
 116989
 212815
 474542
 811046
 373206
 224794
 671119
 238810
 337624
 792580
 387610
 658830
 531131
 175458
 162679
 647588
 61950
 754515
 768936
 19828
 586746
 214357
 536146
 460604
 302871
 386041
 126748
 796465
 915574
 987450
 193913
 1093265
 836784
 28068
 765222
 3533
 969107
 479513
 772329
 456361
 1044717
 27211
 849829
 209979
 866828
 80137
 977943
 1012267
 860052
 727260
 934940
 946004
 136155
 505892
 924718
 932116
 509450
 742101
 59921
 866092
 224109
 269207
 289382
 785210
 293017
 991204
 926025
 1008274
 909959
 61665
 891480
 152040
 641103
 127890
 862767
 593024
 669610
 897913
 430660
 33702
 835710
 619711
 1064069
 70625
 410053
 273406
 471073
 697957
 237838
 618752
 35343
 668750
 726973
 476795
 584263
 592926
 584996
 947238
 567364
 948848
 961295
 162605
 625380
 881250
 969219
 273055
 486827
 356063
 405662
 998669
 877129
 889183
 332803
 686237
 859360
 1088268
 761301
 360958
 958267
 15756
 244146
 363579
 838395
 523610
 7588
 284403
 462448
 871258
 824012
 902933
 1036910
 583512
 992100
 862084
 707830
 636322
 768749
 427119
 794258
 506502
 760868
 414121
 248736
 902854
 751887
 708567
 985526
 107423
 243528
 1078729
 798712
 431360
 1073067
 3729
 823066
 869554
 539570
 21788
 473466
 725253
 1060031
 926724
 1081139
 9260
 597617
 573071
 108362
 309548
 734922
 674119
 354092
 499963
 992640
 841562
 82606
 217235
 1042326
 517366
 1016863
 540504
 993688
 505297
 366873
 1034297
 785328
 894946
 1095726
 195090
 444253
 256738
 954461
 248368
 735124
 563297
 622552
 490571
 19762
 1064495
 1033319
 361780
 918613
 832654
 256696
 269410
 454769
 670893
 373337
 525777
 528788
 58138
 1084730
 622266
 259346
 700034
 334853
 687469
 344962
 244789
 997886
 373222
 266816
 143592
 401395
 615836
 859379
 241926
 314260
 893259
 38728
 467683
 910147
 26467
 440135
 68218
 557878
 785046
 402527
 506251
 487122
 93201
 676539
 322541
 83755
 1032598
 488478
 101791
 543116
 1001559
 391063
 576458
 125547
 1062587
 371146
 855869
 294380
 507371
 981739
 465674
 883987
 467973
 900147
 410532
 962342
 398672
 688571
 811779
 519622
 498212
 118071
 16063
 36393
 751644
 515525
 252653
 414612
 465394
 295213
 1021931
 570094
 34574
 721204
 175027
 980359
 728222
 364266
 1023774
 699680
 1063258
 314826
 766341
 16107
 540207
 881293
 648503
 936399
 752383
 170964
 205065
 1036916
 764141
 57249
 350319
 899555
 888453
 438867
 175151
 1097153
 826279
 202804
 753907
 1059118
 1075411
 1007316
 1002216
 700059
 130777
 121234
 410140
 803081
 140289
 217691
 991424
 505143
 891288
 457621
 855501
 846218
 6416
 619952
 199855
 438379
 214007
 427032
 587693
 673384
 480174
 517626
 749213
 933045
 5415
 856407
 686628
 183769
 800447
 725688
 437228
 518660
 194350
 708919
 410578
 83569
 205502
 410085
 505244
 351358
 37061
 872010
 62575
 984279
 1042065
 367814
 889118
 689135
 348131
 352626
 885591
 724366
 474870
 1026309
 809129
 526586
 1094706
 870428
 903013
 837245
 863871
 619541
 1098788
 586085
 391403
 809918
 443245
 1032491
 782776
 91249
 302551
 867842
 803586
 729552
 285325
 771108
 136681
 875327
 913558
 261743
 159197
 865429
 536515
 960450
 1027491
 1018884
 443250
 516859
 570910
 548037
 968529
 517923
 146865
 827320
 297467
 647597
 100779
 615079
 238936
 836786
 304636
 487109
 137853
 1069640
 280395
 826641
 873205
 348379
 29760
 783614
 988781
 376451
 608286
 677703
 763146
 1034431
 702790
 136913
 871006
 676961
 65801
 197791
 509292
 634036
 114726
 704147
 9929
 70195
 467450
 783761
 304932
 345603
 311101
 460389
 26507
 13289
 201207
 759523
 805543
 589066
 650913
 26352
 499694
 69512
 606627
 144169
 299992
 38115
 588539
 244948
 687850
 843781
 697974
 1004937
 525417
 695370
 745569
 706667
 256725
 258589
 509957
 500148
 372460
 916970
 281032
 574537
 858969
 677535
 455567
 778940
 949286
 286243
 956012
 901352
 448836
 54991
 333833
 286687
 12788
 259735
 856100
 517536
 681478
 904731
 695582
 408714
 506397
 1087186
 836012
 559967
 691834
 194181
 82933
 395321
 312937
 313146
 9578
 984075
 496979
 377021
 193884
 201410
 1022920
 881281
 41191
 1025092
 730480
 471081
 1039283
 300268
 176593
 701194
 302505
 1085754
 436668
 107908
 644086
 232620
 872034
 791511
 427896
 710501
 271725
 982094
 75596
 239826
 393298
 809331
 802030
 14467
 586599
 182440
 1014335
 246094
 479028
 962820
 943062
 152201
 455869
 216100
 881958
 581915
 519035
 491323
 949733
 117258
 86055
 30412
 342077
 376010
 332191
 357539
 618510
 76108
 1041481
 262253
 79201
 451017
 801678
 701245
 256298
 510526
 833964
 224669
 563138
 981023
 25908
 489966
 260671
 939239
 445738
 983985
 1097583
 816532
 433597
 876152
 572358
 860328
 491336
 609705
 442342
 964159
 145010
 441398
 91693
 373106
 213325
 559822
 776978
 181559
 837905
 301084
 853516
 1050369
 94188
 457662
 795818
 846138
 522950
 806481
 260911
 1056815
 497472
 985646
 275490
 38619
 465454
 358593
 713762
 940619
 639641
 836287
 861035
 934233
 365708
 769860
 229028
 270758
 50260
 98593
 585805
 954273
 632088
 556868
 875208
 701064
 960677
 590783
 754290
 773253
 149158
 779600
 175036
 191993
 798493
 969175
 935937
 740353
 232989
 410587
 400201
 673631
 885163
 903714
 175427
 76155
 659384
 884389
 397277
 327972
 594058
 391219
 329354
 589866
 1013074
 595436
 330097
 1054932
 760255
 62416
 352404
 49343
 357919
 373387
 595092
 1025256
 434530
 13526
 102259
 108772
 684695
 495707
 410368
 1055579
 228039
 1059484
 566120
 278977
 439709
 959355
 798037
 930278
 771476
 1021761
 298292
 315263
 880173
 370879
 1016408
 424765
 758212
 883153
 292164
 134992
 8929
 618598
 586933
 640590
 618718
 691493
 316496
 126324
 821201
 747579
 313870
 533847
 76455
 903710
 867129
 368940
 403210
 734020
 508405
 150863
 345868
 759840
 36849
 956261
 868494
 558082
 213752
 440659
 663495
 370996
 754908
 973777
 439193
 875816
 799251
 1020146
 231154
 606551
 594151
 881056
 489863
 158255
 479926
 473467
 137405
 1000530
 459506
 1001005
 779057
 824295
 752430
 140176
 971144
 933282
 237500
 82676
 1088727
 801367
 564764
 290710
 601573
 726581
 240144
 1080165
 447767
 711495
 515944
 30372
 920817
 572912
 449165
 438002
 558466
 248887
 859476
 1036609
 671362
 1035770
 1019461
 406331
 842164
 486629
 1061582
 755990
 213924
 98144
 330303
 883535
 929481
 881701
 615933
 317127
 287111
 665443
 816775
 959454
 559319
 135483
 132236
 1025226
 105025
 1098321
 971654
 106916
 1033697
 505747
 779418
 1019215
 988748
 691388
 751766
 824126
 157778
 807764
 540924
 215688
 932511
 275659
 91259
 770501
 75073
 643165
 873630
 818463
 538917
 449260
 95848
 361743
 20256
 1012720
 305206
 422316
 684816
 422288
 792030
 139408
 697684
 760345
 421234
 723425
 965359
 265100
 248257
 800485
 161103
 963085
 670515
 1070189
 80788
 664349
 500470
 704118
 468915
 384881
 822112
 1067157
 159484
 171814
 301847
 368756
 965350
 767510
 710013
 331670
 438103
 787637
 944602
 1018524
 389531
 329803
 543139
 506730
 840333
 382082
 813539
 356473
 187862
 919342
 812441
 756847
 450196
 654149
 415038
 609541
 62088
 310702
 377381
 104547
 168714
 1032981
 1058023
 505759
 260857
 697228
 988211
 33384
 496842
 27316
 925891
 392855
 228245
 852987
 58005
 833171
 76277
 497904
 14312
 37525
 298814
 759512
 403514
 321240
 1059457
 424211
 641474
 395635
 1077452
 69455
 834022
 67830
 1083206
 338744
 386939
 779015
 901957
 1063224
 668104
 242015
 382371
 557913
 279413
 314737
 996562
 1030828
 325309
 525360
 533602
 561772
 774577
 117205
 1060939
 130308
 434326
 663667
 118127
 527515
 933300
 99282
 931002
 425132
 63363
 845306
 868886
 122083
 800796
 44686
 987556
 331589
 548824
 910685
 496723
 395954
 296209
 735879
 111280
 1043372
 955006
 719043
 698593
 107716
 793426
 200193
 817062
 102157
 151998
 327819
 575247
 402611
 91638
 1032179
 993876
 243655
 1093820
 958716
 115643
 290496
 51658
 844457
 1069575
 276850
 313014
 532926
 1017780
 940617
 734367
 633101
 707281
 929581
 792242
 454612
 971905
 380195
 1045388
 453115
 153965
 1086298
 168601
 843589
 637207
 886643
 99637
 928946
 569388
 970575
 704998
 154632
 911271
 872669
 1046613
 227034
 557755
 534796
 426788
 1047742
 859503
 745688
 862520
 561381
 493941
 820024
 198503
 89906
 1052217
 1089419
 103311
 845086
 118472
 483924
 780677
 438687
 358835
 445045
 987179
 1089216
 169831
 1068524
 869285
 55575
 1089549
 351043
 961574
 512892
 514877
 1080534
 319583
 904329
 183060
 529934
 978420
 1041861
 157783
 380356
 626154
 715768
 614342
 498614
 448277
 1017882
 77922
 315752
 857452
 123138
 47266
 392199
 495213
 266431
 223004
 974295
 505126
 922949
 861396
 958126
 811443
 718297
 1080450
 559293
 683533
 747041
 1076996
 287361
 105021
 377252
 795781
 838644
 360761
 158392
 867721
 687106
 410030
 793918
 257977
 192073
 650907
 725390
 385101
 54604
 436359
 886027
 1031284
 22967
 910282
 60856
 153682
 760671
 233888
 716863
 712732
 363515
 81944
 35915
 553940
 130247
 487344
 298388
 721146
 413902
 492835
 195637
 1016487
 473128
 466614
 83148
 593501
 994037
 927746
 146773
 324570
 482450
 294395
 56222
 627406
 346871
 673517
 760826
 524258
 92073
 644810
 513917
 717999
 576342
 527036
 321344
 80388
 1034680
 274377
 132706
 186062
 284198
 682408
 293843
 71389
 937956
 1034140
 908814
 1084859
 879702
 838111
 877473
 216102
 244210
 610460
 208297
 772112
 701295
 152559
 682222
 242999
 20376
 337505
 780211
 539193
 498087
 243138
 694000
 811395
 786129
 162528
 619938
 273601
 855589
 270293
 349703
 610498
 783769
 653125
 552054
 48172
 691772
 481166
 951166
 884949
 559457
 561234
 391227
 491768
 189321
 687276
 705431
 327076
 763458
 337717
 461692
 746714
 68540
 640666
 7209
 835670
 146681
 676331
 759890
 1080775
 1010455
 963441
 897123
 871806
 213497
 987233
 267003
 744298
 711631
 801502
 40691
 1028985
 117111
 255916
 604008
 917237
 391947
 60706
 959274
 378322
 227254
 433968
 815765
 687133
 961544
 246401
 1067507
 936033
 212184
 221097
 191020
 432836
 595482
 181633
 1077539
 707592
 4181
 877420
 442222
 627747
 210075
 619136
 555911
 660312
 650406
 948414
 50507
 388252
 1097385
 121521
 918847
 193007
 512512
 657172
 689519
 927506
 184456
 849586
 192823
 544099
 178610
 681092
 679225
 255682
 997402
 158154
 662247
 577103
 608010
 902464
 850087
 868500
 829228
 7460
 977580
 265592
 1052907
 440045
 440650
 1075181
 489656
 853867
 588477
 167231
 256836
 565855
 296595
 1056775
 581787
 176972
 159850
 183767
 621398
 648412
 330613
 979008
 382806
 573549
 553503
 735791
 204710
 243258
 697917
 786529
 786248
 850084
 236830
 786581
 604008
 911286
 925246
 193340
 451019
 3524
 965911
 70120
 842880
 313180
 849575
 567480
 839844
 398178
 49963
 768926
 528722
 939511
 132092
 148545
 651760
 1077177
 1078119
 1088541
 289762
 428054
 16716
 297189
 775514
 363795
 733484
 824891
 359341
 882265
 867461
 400725
 780668
 456670
 934858
 828364
 869784
 430517
 911228
 342268
 520968
 341861
 388463
 156413
 545414
 626073
 225256
 433552
 82108
 307100
 838647
 60450
 290946
 907529
 402729
 558348
 810923
 978517
 411259
 648527
 697337
 376571
 409316
 495912
 283343
 836547
 638719
 959142
 49957
 1039671
 308656
 163866
 938744
 262013
 888929
 68220
 727240
 245533
 596899
 1020530
 193338
 543298
 993747
 301262
 1062954
 886224
 539874
 595982
 981974
 746235
 257369
 271030
 1057997
 595486
 516599
 582329
 655163
 258818
 613253
 647368
 676856
 298093
 1058590
 372657
 1012806
 815477
 1074195
 506669
 818797
 888038
 477759
 551356
 88212
 984552
 419535
 271876
 507077
 963206
 144083
 534968
 229727
 395614
 1013759
 748537
 32017
 600860
 649881
 617854
 368992
 156575
 84414
 831201
 386593
 63452
 704704
 355545
 509234
 977897
 269525
 139373
 699292
 640526
 273004
 515613
 548622
 36527
 841644
 880459
 722081
 204367
 81439
 583231
 568484
 781028
 321882
 208981
 169384
 475290
 780740
 524244
 319956
 497186
 36654
 58877
 183088
 913166
 537366
 830198
 403721
 235706
 349277
 127188
 41470
 817582
 649394
 774159
 777791
 1019600
 215773
 364409
 976254
 186676
 596792
 183290
 685347
 463747
 388449
 785601
 985404
 844114
 513750
 763565
 1078682
 1073114
 188581
 805070
 683904
 357341
 515012
 392100
 580427
 134482
 949781
 948146
 321125
 1053523
 1020305
 96920
 769966
 780675
 1093246
 508729
 564790
 783978
 943372
 597063
 663675
 365027
 516999
 904843
 341608
 56015
 810096
 1026901
 794983
 647636
 418395
 613867
 718474
 769273
 707716
 694393
 834500
 192830
 39212
 278501
 17806
 261097
 894128
 348118
 576149
 223258
 796201
 372959
 342352
 139556
 988427
 521952
 206254
 938012
 568057
 124797
 627355
 286378
 997055
 485898
 357941
 111571
 1025809
 780584
 885628
 132550
 72683
 975819
 606513
 488118
 1077111
 601069
 997135
 766203
 565900
 624244
 654632
 67065
 914489
 970370
 425330
 354774
 228916
 706471
 659401
 950464
 113452
 808259
 609158
 1020163
 656612
 200597
 323101
 616426
 172392
 798180
 468124
 783389
 176483
 140827
 247666
 787765
 683124
 961178
 568539
 763142
 1044150
 93374
 860008
 664469
 480082
 638394
 272918
 300823
 277308
 838030
 687555
 941374
 1073464
 1012005
 211517
 690674
 344763
 255003
 854919
 413388
 606321
 915610
 824552
 704084
 486472
 660520
 237271
 1084979
 895970
 142448
 962573
 234244
 716409
 335554
 766483
 408915
 838605
 869791
 824378
 425505
 124615
 932508
 192300
 1047699
 72653
 1044602
 825171
 963292
 40537
 349582
 313799
 325794
 230259
 644709
 292115
 64253
 687456
 1011925
 975943
 857348
 610092
 206603
 713573
 803583
 1094682
 993257
 111973
 538965
 661070
 981485
 190940
 317883
 927031
 191538
 584030
 616247
 174918
 850107
 730038
 366177
 578475
 447060
 608343
 80335
 1045034
 899638
 963833
 969731
 148106
 297843
 810129
 45511
 608891
 71612
 182166
 92266
 622133
 69717
 379181
 868561
 766528
 652792
 166564
 886512
 790359
 433705
 98874
 262649
 1075082
 191056
 883088
 938604
 778153
 233574
 22464
 680808
 239073
 766938
 897936
 218924
 1041270
 106956
 781295
 243991
 337101
 786457
 963162
 102804
 293162
 26220
 192732
 104005
 572393
 954838
 296813
 328880
 232992
 300825
 465670
 153494
 1069789
 681036
 384654
 835392
 914378
 8826
 393780
 665380
 835016
 982419
 216681
 872266
 882189
 1079308
 1030799
 341425
 480417
 214827
 699683
 939394
 133728
 66774
 79828
 921652
 864304
 708814
 230995
 359747
 492139
 682973
 1078046
 644857
 326699
 598465
 488091
 1033255
 696171
 542154
 648687
 808093
 954503
 179305
 254863
 151814
 387445
 689195
 201340
 36227
 1075660
 349134
 115763
 190091
 223126
 745127
 791208
 967327
 485828
 412762
 555659
 985551
 412748
 967745
 840673
 627122
 446296
 879527
 494576
 1017381
 189964
 73033
 265509
 208665
 192438
 268805
 982815
 693873
 544493
 1045720
 604894
 594273
 445875
 324567
 614718
 38860
 394590
 615087
 403634
 424646
 599902
 203042
 902172
 1098962
 846257
 649832
 795705
 943319
 1033457
 1083120
 945962
 193879
 614869
 179662
 886642
 971641
 1064933
 636902
 530867
 51217
 1053766
 451953
 818786
 250473
 913107
 40846
 648535
 1084387
 674922
 1005697
 183986
 946328
 806946
 621102
 375554
 319154
 866222
 162914
 24837
 651259
 489352
 1053814
 115968
 235476
 395433
 291244
 374578
 1015697
 1041287
 760568
 911907
 1002830
 649258
 291628
 35534
 1023494
 1068666
 340558
 733453
 849101
 71754
 326773
 805195
 299058
 1001122
 213698
 269780
 1056715
 707778
 870930
 318149
 368109
 127702
 991971
 920487
 84847
 816741
 751522
 969527
 1026055
 497426
 202939
 738662
 873411
 504603
 446773
 1013150
 561825
 644906
 349122
 133824
 752483
 875649
 970544
 540333
 283653
 919429
 14805
 1072894
 121838
 757164
 897581
 500617
 157018
 838068
 269908
 941700
 130565
 845628
 180312
 138197
 270286
 729397
 468164
 3810
 861281
 870243
 1059689
 128228
 37067
 208925
 962413
 616153
 557595
 598618
 1030504
 406488
 518943
 858650
 581004
 82457
 862149
 311389
 227165
 292196
 49084
 1015207
 1045237
 153551
 1011390
 652532
 884738
 956983
 477650
 388152
 703759
 85629
 461478
 97803
 326447
 458720
 221367
 228149
 659273
 468777
 192505
 226774
 757076
 108781
 676302
 1004562
 1071999
 127546
 889360
 548175
 678711
 812043
 845223
 671627
 294087
 503483
 1085808
 146807
 566570
 425339
 598944
 546185
 579307
 726736
 449274
 950608
 950567
 371482
 1038380
 589247
 578344
 181492
 548170
 502794
 643680
 327474
 194801
 461749
 407083
 12929
 256926
 820196
 38878
 605312
 847875
 807950
 281799
 627632
 255042
 883845
 625836
 957026
 305381
 1036734
 77198
 397091
 1042809
 296778
 212234
 666055
 844749
 35038
 435095
 699206
 449713
 805457
 472966
 1080846
 930895
 123474
 152146
 201613
 1010131
 429385
 1055883
 523822
 506880
 661731
 324514
 425760
 317520
 805055
 525022
 592686
 734008
 644756
 769033
 918820
 779301
 918543
 1019772
 1037413
 154155
 532072
 948543
 252882
 89828
 752568
 724490
 719065
 1058267
 293414
 1009888
 1017330
 528175
 736307
 341968
 21876
 381810
 547816
 1016878
 594294
 879914
 657538
 121424
 833608
 960219
 562848
 1088792
 986245
 348198
 625339
 1098438
 749893
 456721
 859968
 381184
 533339
 4
 113180
 513077
 867827
 1095268
 645847
 940014
 328904
 996524
 1045412
 707693
 1090814
 652337
 681463
 667909
 1071716
 332187
 844573
 57202
 944682
 20556
 559424
 769068
 36647
 812710
 21949
 624432
 998290
 579311
 1054487
 946802
 232464
 168308
 836341
 159144
 604437
 1058937
 986582
 289771
 831678
 428760
 985665
 541678
 149453
 903513
 119492
 187798
 506303
 361578
 1081377
 667768
 982577
 229020
 445798
 545239
 451174
 663278
 859596
 683430
 484194
 531109
 685069
 587612
 471407
 545433
 81163
 267635
 294686
 31551
 99051
 74075
 924448
 65459
 155763
 404526
 486399
 752993
 57583
 866921
 340985
 548557
 672482
 740440
 42861
 52017
 350561
 852506
 647229
 29355
 368197
 56386
 763339
 1020620
 443287
 58335
 611393
 950998
 138005
 919465
 503876
 629699
 1027626
 931414
 810556
 937109
 385038
 873338
 277623
 628232
 32799
 52807
 1042059
 332336
 727176
 541166
 144670
 352838
 640211
 78466
 671556
 490691
 102738
 341330
 870503
 941363
 835717
 861179
 406056
 700764
 872415
 248019
 477817
 125370
 25145
 70997
 1086404
 580030
 113319
 662739
 1035075
 942414
 723258
 750331
 64617
 439415
 570882
 107093
 1054728
 179540
 700891
 1006750
 890060
 940995
 351287
 456541
 828164
 324795
 1037776
 899804
 391073
 932889
 733764
 933617
 134844
 894824
 242734
 102775
 355462
 456117
 517800
 92690
 398900
 382684
 656494
 124997
 1019949
 1058266
 959255
 836954
 1031004
 827289
 221778
 1086187
 449208
 706929
 516553
 697905
 299838
 959197
 4612
 960005
 608152
 214455
 988104
 194660
 244041
 139612
 1083340
 748628
 160338
 13132
 244436
 178064
 564743
 374404
 936492
 830975
 329141
 933601
 149459
 72894
 1053863
 559498
 117673
 441995
 253262
 415497
 782291
 923167
 419242
 932322
 1050581
 929541
 133231
 692452
 728660
 690537
 195717
 467723
 323391
 409797
 942291
 7284
 856385
 466422
 1079082
 705117
 215406
 610998
 1032596
 919549
 930878
 870655
 206776
 156399
 729956
 803637
 179111
 735296
 450369
 66467
 289123
 454751
 1018355
 932239
 87563
 122792
 352769
 739920
 594173
 897756
 285718
 221197
 20692
 530008
 126339
 188439
 939532
 1091202
 31557
 526666
 130264
 625015
 326225
 852849
 939144
 333010
 399706
 608181
 87930
 129479
 167024
 66402
 945302
 652403
 636975
 83003
 314443
 350462
 423453
 821749
 236272
 702708
 709714
 852608
 691883
 290205
 219428
 372306
 568017
 755378
 724234
 815468
 237475
 264550
 454091
 69270
 865778
 68903
 574958
 790505
 103568
 269517
 680893
 878773
 627966
 202251
 851677
 508622
 813210
 431584
 839230
 543128
 217916
 132755
 555108
 261317
 157826
 741556
 742402
 1049587
 42554
 961043
 925785
 658016
 620982
 772947
 504431
 699777
 596233
 1084656
 254790
 330958
 955538
 952437
 718610
 90476
 84797
 173074
 588944
 120832
 171862
 1007281
 309108
 1061162
 1092365
 735164
 904104
 999293
 949859
 814698
 330339
 812488
 53501
 1052899
 1098328
 335754
 536040
 531395
 865418
 596896
 70203
 212180
 902375
 1024245
 477704
 393493
 477647
 995684
 526096
 384941
 707449
 215719
 1054782
 636415
 102215
 938330
 310150
 655259
 201446
 268023
 606680
 111116
 1005192
 674709
 572987
 457196
 940971
 524951
 765354
 187253
 940405
 929320
 157111
 1040009
 147774
 887565
 804016
 426040
 807301
 572503
 406829
 44026
 811698
 757628
 345981
 584387
 41096
 107944
 607468
 486325
 151803
 8435
 422320
 844814
 476273
 353602
 504232
 422757
 255253
 1072162
 759580
 453031
 451515
 825703
 533895
 810033
 91785
 740867
 379874
 1079830
 316130
 273377
 775894
 956437
 706118
 265151
 925587
 153077
 433413
 26337
 732565
 752693
 517607
 634241
 604649
 377300
 312288
 402928
 341220
 1035229
 177935
 746921
 47265
 174597
 275886
 303188
 769155
 437798
 194076
 583543
 789761
 989271
 650288
 301432
 677846
 244276
 1098227
 20704
 539791
 276171
 968445
 7470
 512422
 522067
 813803
 825049
 260816
 8223
 617121
 650031
 45886
 618965
 929840
 738348
 519173
 57183
 540306
 250282
 139920
 655791
 6933
 52884
 357065
 220839
 544605
 56948
 459991
 266588
 977675
 842152
 1087311
 236531
 890153
 141747
 1090726
 1093264
 1078665
 542085
 353693
 140508
 1076232
 7128
 967664
 40743
 231486
 1001697
 664058
 142748
 128056
 944814
 968250
 819154
 94256
 868125
 405882
 607212
 112903
 1075295
 281120
 905465
 621183
 552956
 427681
 1047609
 933808
 1039567
 422063
 833963
 1057284
 196625
 297188
 227859
 1020616
 865674
 574220
 1019223
 846418
 1073627
 455926
 633493
 391076
 703861
 324165
 46423
 628040
 588456
 790842
 531542
 445713
 210131
 119697
 391729
 118666
 270295
 690112
 918717
 603885
 968093
 1064293
 433395
 581861
 353091
 804803
 897511
 298863
 916934
 445610
 839852
 426935
 235977
 627796
 521235
 168162
 594631
 535955
 191155
 168333
 380193
 950955
 57004
 457344
 711917
 727285
 125735
 1073904
 749520
 532232
 805879
 595495
 783104
 517388
 556020
 160670
 550859
 830366
 105548
 936243
 283751
 689782
 788557
 999289
 527415
 310869
 615549
 84932
 84386
 673621
 622238
 6569
 825307
 43925
 356210
 687522
 376369
 407248
 1038007
 896406
 346781
 1021325
 36048
 898026
 57906
 56303
 116745
 400348
 430721
 331456
 465827
 463760
 438041
 225102
 717513
 204561
 174397
 73870
 356425
 896621
 249389
 63373
 799291
 1066521
 941269
 1085823
 788688
 30669
 1028075
 964960
 638806
 189927
 202804
 183238
 114586
 356957
 640457
 584738
 62504
 798929
 853308
 907238
 559893
 783145
 614487
 615922
 122477
 717489
 219091
 759062
 1002500
 61491
 658634
 394308
 884711
 1026833
 276395
 370535
 888587
 760339
 562076
 426967
 715009
 594205
 107841
 228514
 523961
 118132
 120611
 851662
 804061
 96311
 229968
 859415
 526934
 676005
 575680
 864062
 101325
 44743
 1060758
 584279
 686542
 281673
 861471
 802067
 322972
 717756
 148276
 27512
 885361
 564638
 201432
 377890
 116241
 954898
 657299
 221302
 473481
 588757
 642553
 168488
 521338
 98385
 252271
 398954
 943022
 796930
 885265
 607124
 720645
 1050
 56116
 839788
 235206
 804363
 738006
 696046
 250499
 147994
 719744
 736537
 387292
 658088
 249195
 34812
 17666
 94438
 318061
 806934
 987551
 414195
 402480
 545832
 224703
 247504
 146853
 849502
 269573
 729166
 953028
 479251
 170036
 7842
 518518
 655576
 448
 203135
 305792
 382017
 537491
 125092
 185229
 630807
 491152
 512193
 376439
 581692
 106144
 102059
 122258
 763663
 257425
 900341
 234722
 790652
 422819
 385349
 333217
 199707
 993659
 351840
 452921
 1017716
 742672
 469716
 898333
 693703
 1026890
 730897
 118369
 689024
 881277
 387730
 345972
 578317
 399447
 363179
 866256
 121365
 722371
 332951
 991903
 342749
 1010871
 71601
 663562
 819854
 966900
 357060
 927497
 404630
 527540
 856447
 387732
 200710
 174423
 236380
 965896
 855324
 435481
 345731
 527675
 753525
 1071631
 586063
 780893
 956725
 294475
 288822
 478925
 753953
 759361
 417566
 384835
 798946
 1074090
 268890
 59336
 1000724
 498988
 317597
 365
 165102
 901583
 706700
 1099749
 388934
 758022
 1001230
 183453
 340343
 307614
 964279
 17600
 764538
 977915
 747168
 394528
 599058
 562033
 868507
 430785
 394146
 965428
 683990
 779515
 258157
 659159
 915967
 877265
 790385
 591500
 124498
 681922
 640313
 85341
 665099
 595435
 16971
 1088762
 430632
 845068
 819910
 157654
 943840
 526480
 982694
 45806
 845472
 696998
 211397
 761916
 36502
 95175
 795322
 524068
 972307
 728270
 281340
 964677
 502555
 375936
 1078381
 806136
 388033
 111390
 1269
 429283
 643690
 702162
 806072
 936236
 1044584
 1011
 532250
 50434
 468007
 182953
 216952
 715842
 1070247
 1053044
 819313
 21236
 254553
 820011
 601059
 361790
 784407
 1015495
 300055
 944922
 564764
 996024
 121196
 637349
 23017
 468961
 721806
 872434
 111355
 680507
 482501
 927983
 148295
 798658
 464697
 284657
 498771
 289650
 479491
 728617
 1076989
 221928
 804950
 219163
 310330
 214489
 577929
 388746
 537719
 968305
 682065
 839807
 263903
 352416
 95946
 1018358
 828990
 730807
 665207
 896402
 399852
 451241
 665842
 498501
 955721
 278132
 108864
 448251
 75049
 294586
 490114
 1093412
 431095
 659593
 265231
 484591
 716120
 927435
 1033017
 918164
 984687
 1014683
 145232
 996277
 176419
 263848
 88264
 548147
 991792
 227235
 128288
 615045
 740144
 180272
 210838
 982157
 441564
 387341
 240744
 215540
 844592
 223159
 579992
 964706
 930876
 348366
 831449
 23626
 41677
 705453
 357906
 1078275
 885543
 337859
 993559
 679175
 940573
 1065819
 482231
 419930
 80853
 866482
 867158
 636197
 858607
 122404
 1876
 14429
 701475
 542027
 243033
 830153
 1068178
 667847
 273245
 334064
 864687
 533360
 281724
 1039397
 528020
 908597
 481396
 885757
 16902
 485115
 571218
 662924
 447328
 543048
 404105
 2514
 14206
 1025473
 482033
 54607
 119138
 895053
 358957
 142878
 480708
 269129
 265928
 348370
 363573
 280870
 1098634
 473047
 972187
 17665
 382261
 223073
 866372
 481368
 998299
 31170
 914157
 540036
 156042
 276894
 301610
 885294
 981588
 1034534
 276992
 985800
 325671
 1014252
 663640
 357149
 882037
 164919
 394295
 858142
 238693
 353092
 279411
 940823
 173094
 831670
 399696
 951849
 913075
 236842
 518680
 178532
 399557
 466131
 1068286
 260457
 1079852
 405402
 332950
 505337
 258380
 731896
 936426
 874126
 846605
 174841
 535712
 955923
 1024003
 562554
 1018876
 324986
 438483
 458698
 886210
 566747
 184273
 530737
 757884
 779835
 141158
 624170
 865869
 570742
 857715
 532342
 642302
 820592
 312862
 935018
 245058
 812288
 222805
 303805
 135494
 240679
 258338
 1097451
 1017201
 647315
 379510
 194517
 898838
 824046
 873923
 271959
 909401
 679490
 10810
 13243
 540852
 675796
 497106
 181844
 567310
 778287
 888079
 199908
 122502
 925448
 147181
 884158
 988777
 643380
 543012
 46616
 775778
 738950
 211727
 731581
 439843
 353233
 74041
 1019185
 760443
 235860
 214852
 279264
 104220
 39825
 149451
 559152
 624690
 943215
 53506
 347829
 1053303
 37967
 566743
 312251
 517118
 529425
 375644
 418349
 763074
 771963
 615994
 65416
 658432
 823283
 785581
 994660
 237376
 231547
 1066825
 373330
 971847
 300961
 498091
 914048
 722851
 680976
 100216
 816542
 312894
 377847
 486236
 1006343
 268575
 173704
 892662
 999827
 789142
 1031108
 461014
 1060967
 671004
 834558
 882388
 1015767
 1766
 282688
 267747
 13012
 33778
 105101
 429703
 398872
 974052
 426676
 119808
 361908
 427831
 733852
 913376
 62929
 724971
 193920
 1004515
 842271
 1072241
 522124
 565534
 662531
 94669
 212902
 443695
 655180
 149042
 562134
 1075628
 373797
 39293
 113975
 24336
 740999
 558236
 256172
 658144
 885418
 811296
 115140
 161291
 87017
 778662
 694553
 256830
 1099919
 947781
 307001
 216520
 71039
 372613
 830054
 190833
 320061
 189667
 465270
 988752
 406760
 835911
 685480
 457112
 336956
 1073987
 234627
 1058900
 633673
 28933
 746226
 892621
 176936
 801340
 836421
 500684
 27842
 5725
 189642
 502478
 68887
 757147
 259568
 335249
 119799
 849653
 940
 697789
 3684
 766514
 238860
 1080768
 606034
 883895
 909418
 856893
 142157
 8401
 45404
 159940
 110988
 866294
 103204
 403738
 283919
 992026
 711778
 437265
 494521
 213025
 326457
 144539
 641776
 940852
 835337
 846019
 676592
 941115
 59419
 582269
 133334
 1060147
 38066
 121888
 1026731
 684831
 283646
 723391
 1023578
 991655
 526887
 385488
 290652
 567252
 669326
 503026
 677112
 924553
 639440
 866608
 815388
 166003
 304037
 749359
 685046
 838115
 458005
 1057121
 111496
 489435
 244840
 61460
 897214
 798902
 44711
 359178
 896179
 66522
 46740
 274320
 34057
 239757
 273124
 98386
 578161
 165279
 467707
 405831
 548292
 812338
 351375
 638991
 661675
 465011
 527281
 1040034
 11401
 879922
 530726
 1060708
 684914
 535514
 606990
 145436
 248863
 842024
 836157
 780244
 264771
 857737
 104676
 778430
 851841
 702138
 719998
 484520
 603641
 650257
 1004595
 1036919
 1017869
 1067021
 579496
 860669
 368395
 798544
 1029085
 651253
 91851
 922352
 1096926
 694512
 834255
 473544
 28348
 32734
 621195
 354761
 257974
 133871
 634872
 378462
 20997
 576653
 582610
 918468
 980882
 1020322
 478802
 495465
 897296
 81824
 745647
 247629
 465485
 407710
 835758
 811447
 1067395
 316861
 507842
 999054
 1069210
 68544
 1037079
 166069
 887589
 865094
 489062
 762672
 708421
 54664
 2927
 393848
 693107
 558733
 1069110
 601144
 804885
 1080473
 894140
 73807
 401096
 1016753
 174490
 624107
 200473
 180811
 588406
 519329
 785898
 49469
 622818
 601392
 1084468
 456662
 486902
 699039
 987308
 534463
 479515
 170226
 964861
 822284
 237880
 812943
 584025
 19036
 218615
 263119
 725045
 1091179
 959541
 72798
 286509
 971528
 687711
 810337
 984250
 135974
 552029
 266825
 682696
 888421
 594640
 775810
 734950
 285808
 983025
 445434
 1059924
 342323
 533758
 741639
 663963
 332718
 499152
 192510
 703629
 671606
 461762
 1071945
 625240
 501592
 923114
 215426
 839299
 726856
 1076135
 174097
 33485
 108045
 468745
 592003
 983168
 953459
 330214
 208950
 753004
 902108
 301151
 471800
 224536
 303949
 62183
 277135
 783726
 432684
 56091
 317557
 493089
 189903
 873641
 553015
 958932
 466283
 1005171
 343493
 292539
 386577
 737721
 557994
 391583
 485616
 620872
 577158
 33926
 702201
 878578
 428718
 972974
 507761
 993035
 681490
 768315
 257388
 588812
 157373
 707614
 866640
 242084
 863115
 298271
 261683
 58775
 553886
 897642
 902311
 396155
 363007
 934083
 658559
 234499
 40521
 987933
 98198
 134100
 94203
 729369
 269548
 450389
 298071
 869237
 411865
 949413
 432051
 666814
 146924
 364471
 757628
 510268
 356299
 841640
 1054871
 141953
 245896
 1009027
 878634
 700759
 346348
 405829
 559657
 64161
 214275
 382422
 97408
 1064404
 901216
 620358
 1049162
 467335
 583865
 164278
 349516
 749305
 569427
 713377
 370071
 994955
 646789
 552664
 641474
 54981
 650840
 493195
 998730
 221290
 352555
 458189
 528174
 438994
 160465
 556287
 472592
 4166
 251018
 18627
 228808
 149727
 6055
 329416
 767066
 596064
 1093698
 1011372
 235358
 862427
 528125
 437415
 902429
 375682
 137323
 709545
 456846
 882308
 194300
 428181
 930733
 848053
 504647
 727721
 637920
 179088
 404715
 2308
 1083709
 686749
 342071
 626024
 631453
 215502
 291232
 678004
 516021
 158231
 446170
 1003465
 602481
 389736
 447798
 699913
 241278
 919669
 720337
 566721
 341853
 1312
 153747
 630469
 887518
 815473
 8828
 947730
 343703
 161825
 1014959
 785733
 681357
 701812
 308263
 972913
 1073418
 46899
 327417
 699131
 960676
 198395
 208943
 937978
 961072
 776812
 900984
 746311
 699059
 592350
 206346
 704333
 892367
 174285
 190020
 366515
 1010027
 659659
 26339
 858873
 978418
 575358
 584608
 551191
 436855
 826096
 675487
 735052
 639079
 513562
 890513
 645403
 280022
 159983
 737741
 437803
 1041149
 1066131
 684862
 954191
 305867
 978605
 723162
 934087
 305266
 1003126
 301749
 135737
 1019912
 253585
 344969
 630670
 643000
 919807
 415605
 578957
 798687
 531809
 630443
 712232
 270000
 452036
 324488
 734920
 985629
 412669
 603829
 278634
 660881
 1004613
 527427
 51169
 679264
 78095
 45569
 495045
 409622
 215999
 143593
 41394
 600801
 261158
 807093
 1064005
 423423
 128517
 1091364
 65666
 925285
 570170
 950161
 729354
 577509
 199447
 125845
 644685
 1056307
 462808
 1034082
 919165
 1032826
 716585
 829767
 148740
 231684
 320110
 504347
 329141
 106498
 799793
 829105
 975274
 710051
 427190
 122062
 321337
 570532
 174541
 127038
 123383
 366298
 1028582
 210682
 205319
 555801
 474313
 682267
 668428
 801932
 625046
 1098462
 608162
 89125
 741932
 943509
 465577
 711101
 593421
 464718
 592678
 714282
 363298
 502594
 6408
 616584
 831003
 665230
 585046
 302846
 657791
 560314
 507955
 174730
 712885
 699805
 572570
 214726
 228513
 207593
 504632
 842592
 607841
 682741
 745591
 385454
 742740
 707563
 895532
 97710
 592566
 727597
 532852
 824205
 189525
 1068625
 299008
 507181
 126301
 817332
 862375
 36279
 310859
 679788
 414218
 909427
 308731
 568956
 623106
 909909
 931557
 762473
 65797
 72392
 444237
 1074507
 1088305
 924094
 181419
 597424
 682331
 563387
 1033069
 176336
 870648
 716178
 1042485
 738416
 305099
 693744
 831526
 317571
 503908
 1013466
 344698
 477976
 429112
 580600
 267343
 872449
 62082
 721860
 574827
 260929
 176971
 764286
 31381
 1894
 1078725
 1054393
 974591
 404528
 943877
 542150
 507056
 357610
 435524
 408402
 360102
 948554
 24881
 1037117
 737333
 889599
 390399
 701241
 236859
 209809
 1083836
 729501
 218366
 601861
 1083098
 415394
 582561
 691648
 672853
 167101
 668207
 1034063
 77076
 823290
 205343
 743272
 20386
 684529
 1003779
 983909
 343450
 135122
 1037523
 416403
 709633
 761422
 784524
 357182
 99660
 107796
 566104
 1053825
 408937
 678404
 795343
 1093315
 950327
 870526
 1041021
 1010046
 623497
 524863
 220197
 142999
 613843
 97107
 1081788
 434482
 749868
 129559
 1044632
 597742
 231429
 193864
 901238
 824959
 484603
 337274
 349458
 347046
 623444
 338656
 629470
 740756
 71838
 318881
 550441
 853445
 494578
 343607
 1068305
 734872
 844883
 645094
 884576
 583405
 241198
 355596
 836323
 686632
 321686
 844687
 501536
 290610
 899520
 1044315
 268306
 639025
 65839
 243524
 146618
 899177
 45399
 711981
 20233
 603503
 937000
 806460
 515660
 990353
 24950
 1002442
 715356
 24854
 395298
 255070
 582462
 218073
 841746
 329199
 624722
 986441
 624523
 62822
 112130
 306303
 595018
 510543
 622959
 303511
 618245
 677633
 307452
 143203
 150796
 323051
 183740
 780339
 285723
 46873
 233655
 1001464
 961749
 681662
 736045
 523969
 1094586
 789172
 134616
 297726
 593645
 557969
 980026
 857102
 740285
 123972
 254231
 1060209
 607075
 155238
 138803
 58729
 297735
 827711
 531617
 383670
 42454
 343900
 196468
 549574
 567810
 672265
 265706
 143556
 830702
 611654
 117643
 1016000
 100792
 294904
 878557
 47832
 535763
 438983
 747594
 652203
 1035837
 126902
 405577
 952898
 1011252
 1044381
 138200
 483445
 572125
 24698
 721945
 576777
 1003593
 943312
 612858
 366377
 856709
 58394
 704747
 242628
 223027
 460813
 50825
 190292
 604578
 49099
 767391
 43634
 707344
 352592
 223923
 442013
 529321
 923286
 771345
 107998
 519620
 932821
 733438
 888959
 371340
 223707
 596096
 319557
 560222
 442613
 202931
 138778
 352850
 169474
 316658
 628332
 608673
 35209
 946138
 1091986
 976008
 604333
 294925
 763204
 626824
 211878
 615758
 1071730
 1029691
 388909
 626408
 722185
 922211
 87469
 629696
 765791
 468353
 570082
 1003865
 661133
 450093
 848043
 684786
 337677
 829749
 687687
 748296
 880415
 12983
 621854
 728295
 292171
 908827
 813858
 692899
 939455
 708510
 558
 73589
 811889
 997015
 457223
 735315
 332877
 169600
 391853
 710703
 845230
 111036
 117625
 779636
 637358
 712516
 82306
 676888
 914706
 1040759
 686586
 392550
 17146
 994214
 991225
 487467
 340544
 47593
 763411
 739325
 870616
 1091457
 831646
 1056176
 1044796
 3069
 292239
 531649
 538124
 49100
 315974
 600093
 583556
 392795
 349952
 40719
 1071875
 1028592
 757947
 237150
 852755
 600881
 416395
 83532
 477847
 562746
 153198
 611743
 912461
 161678
 760576
 626204
 275407
 64533
 274919
 509863
 1094900
 758750
 782654
 196002
 514189
 363757
 43988
 814068
 539743
 38395
 152171
 539802
 796634
 246399
 66491
 1058356
 44339
 855977
 430930
 997748
 708264
 155559
 993593
 32171
 983315
 989815
 700110
 413853
 318439
 866982
 841522
 933104
 835570
 921867
 704824
 62394
 149712
 573841
 1026294
 658144
 970026
 359352
 938648
 86460
 546441
 1075326
 590916
 1089667
 1089736
 787827
 746211
 867881
 996201
 188306
 235062
 162453
 535430
 952020
 940477
 355464
 574776
 165009
 710677
 719906
 664279
 283288
 406791
 1028153
 734191
 433228
 726282
 827856
 608194
 873911
 325621
 421059
 244555
 79080
 870775
 634655
 794454
 333963
 971245
 304504
 733864
 962467
 643116
 270374
 6414
 632511
 145164
 716999
 925168
 852413
 283791
 95894
 509327
 892743
 613200
 811762
 473831
 505145
 936049
 781629
 248096
 938462
 254837
 533316
 1038561
 48871
 443931
 910477
 785090
 1063400
 780914
 179462
 699451
 512760
 244474
 510774
 118423
 175181
 682609
 660454
 377061
 1061415
 101807
 449716
 866452
 746594
 485257
 24020
 377667
 440263
 1010911
 87912
 852420
 607333
 283468
 82298
 596675
 24898
 260296
 628196
 257220
 448859
 61085
 120041
 64508
 266309
 439918
 1042659
 204596
 1077714
 899851
 760910
 145335
 592962
 490082
 217719
 494975
 481183
 1064271
 699539
 357854
 51244
 179811
 11705
 974901
 848820
 613644
 409745
 603344
 234608
 590691
 849018
 800444
 873319
 235964
 634481
 334483
 925797
 1016184
 970367
 1005983
 218332
 143158
 289655
 74121
 884336
 545558
 284268
 274717
 712234
 824798
 469551
 284954
 591069
 516154
 924250
 181422
 708633
 187927
 517959
 572893
 353718
 378632
 350341
 1038673
 81947
 523758
 651375
 382280
 347768
 637800
 776215
 78615
 796195
 104446
 260411
 735874
 765408
 159761
 411340
 106354
 899296
 448523
 281295
 599050
 896206
 1047315
 908915
 598236
 90553
 745861
 471783
 191732
 3261
 246617
 778534
 28024
 1065819
 803386
 994952
 1044908
 694153
 873773
 373148
 495075
 829024
 491060
 34136
 1094204
 848208
 197978
 274335
 741673
 700041
 671852
 970939
 1040273
 799491
 875610
 926591
 485754
 272648
 502898
 104958
 1083242
 623508
 658451
 962526
 691019
 135501
 222788
 116415
 497537
 12946
 690120
 937680
 971020
 346539
 942640
 977375
 1068273
 1048124
 669561
 33185
 457380
 1055157
 95170
 482547
 373437
 1076724
 723491
 688546
 208975
 570888
 301281
 733316
 899682
 775814
 809666
 343502
 734875
 878985
 992995
 411656
 708302
 948819
 626075
 106960
 932617
 623091
 442161
 45692
 74392
 268246
 344222
 306547
 1091287
 367638
 360907
 288519
 1026800
 202245
 537705
 216750
 363894
 674727
 114680
 416201
 141019
 197271
 278845
 653461
 294771
 435426
 936304
 764437
 45431
 754439
 519194
 65884
 79223
 156201
 346737
 574031
 975811
 834986
 61456
 824677
 978655
 878266
 151654
 96100
 623879
 638078
 220567
 628254
 225678
 354160
 388869
 207467
 914529
 330811
 612490
 1066599
 817490
 549109
 546912
 813515
 838600
 972382
 312542
 820789
 654329
 1055602
 101451
 128746
 476906
 702080
 852788
 116812
 25500
 777437
 1060726
 233637
 1056102
 367525
 936348
 802230
 660295
 7983
 527696
 225442
 932530
 334083
 149541
 93045
 454842
 1024108
 217483
 763147
 74912
 804358
 97445
 448226
 419202
 307030
 577948
 441431
 623839
 1073638
 1029762
 409519
 895593
 874142
 961862
 946993
 235164
 443448
 316835
 780151
 433544
 765682
 202261
 404927
 899738
 48088
 1499
 627147
 1008708
 284489
 125666
 564812
 44134
 814938
 221089
 488971
 560143
 685854
 624923
 836263
 710609
 87141
 740344
 722054
 998565
 664201
 490112
 511036
 671907
 553074
 742227
 830769
 242711
 605423
 676929
 967397
 625697
 180313
 635126
 191706
 1058298
 40158
 126414
 1041705
 860260
 359843
 1076985
 998160
 908455
 531372
 326879
 600330
 698653
 684353
 408124
 928781
 1021651
 574854
 304508
 139209
 476925
 425869
 990533
 511831
 202374
 951797
 1027928
 1042218
 657333
 308236
 1827
 939166
 236667
 526160
 651789
 38839
 347416
 777369
 799472
 431749
 797835
 477612
 517815
 44365
 864981
 72968
 70820
 95991
 400020
 644113
 850244
 462531
 515301
 97174
 70475
 484948
 1013805
 419734
 630328
 531865
 155410
 1005562
 443058
 977488
 205921
 635555
 928495
 105649
 600124
 751673
 588597
 979988
 226267
 216645
 212389
 482944
 1033849
 953579
 777242
 273520
 931356
 233488
 304331
 430597
 927311
 115548
 770586
 80295
 338952
 215014
 120375
 1066357
 239191
 944084
 81303
 114431
 258869
 648525
 523200
 393272
 256377
 390883
 645618
 842282
 198320
 1084845
 964215
 8080
 273428
 32899
 429431
 204506
 286451
 160695
 984779
 1084956
 144783
 462800
 690374
 948497
 704929
 890947
 649126
 380070
 1023076
 682252
 342369
 452027
 533091
 642940
 895168
 164098
 909343
 104202
 470192
 160717
 122514
 847179
 943687
 154902
 925804
 380371
 328014
 308333
 5466
 35206
 389349
 928942
 825826
 468512
 977884
 395200
 536695
 372022
 950045
 191572
 872680
 400331
 232522
 20020
 634322
 834696
 597946
 534897
 360960
 321234
 867836
 522271
 297331
 319193
 695616
 383146
 205269
 773628
 1069628
 765388
 536988
 295449
 926504
 11586
 529110
 122305
 144277
 285058
 389173
 1029793
 1029301
 835274
 956320
 521917
 794867
 852878
 611732
 236010
 852104
 209344
 1047072
 1015150
 938392
 1028320
 303694
 1088304
 345053
 278732
 568466
 879947
 1063909
 577856
 723934
 1058482
 428036
 509539
 1080679
 605244
 900847
 930657
 223873
 335244
 114851
 969723
 476455
 940231
 413668
 312916
 285431
 153382
 1099709
 449021
 592924
 288608
 1002722
 157767
 976263
 973662
 367321
 681067
 137784
 565504
 703042
 43257
 829639
 939823
 1050897
 56860
 269801
 754493
 1096054
 205790
 14874
 354791
 49543
 91929
 1099177
 814875
 1084750
 346832
 965669
 875035
 433391
 260366
 321745
 407410
 669049
 55818
 872702
 373882
 566914
 310245
 467059
 260562
 488105
 447231
 655858
 1065644
 969833
 933971
 579832
 99013
 680886
 416581
 224996
 752752
 312210
 302309
 391645
 598073
 466653
 511701
 448693
 457845
 153042
 610579
 925076
 964670
 56618
 884266
 557215
 1076166
 595664
 950836
 631105
 217350
 987992
 240425
 471918
 187195
 131633
 970868
 554394
 998628
 614149
 1091586
 795772
 47119
 292323
 739475
 299221
 124088
 769589
 1030776
 794544
 837037
 257687
 845324
 946951
 713321
 477561
 975936
 173571
 1057899
 14188
 785429
 193061
 268824
 575569
 788100
 547345
 61211
 468521
 960101
 779090
 999914
 644209
 1044011
 878099
 353334
 331116
 271453
 135445
 251604
 455007
 706757
 240210
 111734
 1029862
 821887
 1082796
 680655
 172412
 915606
 336873
 739595
 106075
 34685
 722488
 625747
 692091
 328558
 631017
 796159
 753259
 1071700
 608438
 959580
 122742
 360851
 878320
 1007513
 409732
 367093
 658215
 687612
 103451
 117219
 352623
 725271
 607170
 365179
 112715
 810636
 1031450
 679847
 295440
 701683
 720205
 17733
 530827
 255412
 83811
 780359
 889111
 512081
 155396
 1050407
 79593
 469293
 326982
 248535
 772537
 1027731
 418041
 748520
 1002222
 959380
 992568
 551027
 1006725
 95811
 529032
 211441
 614141
 847610
 752916
 181895
 4941
 497103
 415377
 183549
 605598
 111538
 874496
 1093626
 723128
 724119
 790780
 286919
 119394
 134937
 1026513
 810119
 824043
 199565
 365453
 1086573
 49053
 819452
 222184
 650073
 986315
 986210
 784255
 774346
 36938
 686692
 209722
 695331
 681294
 746688
 476846
 55212
 139373
 607924
 379591
 56025
 537800
 440841
 580384
 875705
 152526
 939199
 930764
 32577
 611716
 457358
 893068
 220197
 739491
 36907
 228849
 346322
 703905
 413862
 49355
 626658
 891325
 869608
 1081873
 291075
 487163
 601935
 567619
 461215
 546078
 198005
 246408
 503730
 516020
 435296
 264104
 459068
 616231
 306372
 588692
 839697
 474388
 1068942
 631862
 604975
 225050
 419000
 742653
 665421
 458240
 385706
 882134
 1044461
 370612
 357881
 586214
 999529
 1075828
 226367
 42398
 585550
 211321
 137158
 96371
 124944
 772237
 781649
 161449
 961258
 256447
 818162
 870869
 535467
 333977
 120446
 1072526
 1000615
 918438
 582825
 5294
 864935
 294982
 756003
 69926
 805185
 881520
 392790
 394188
 450717
 521210
 19416
 601599
 434192
 736769
 525964
 574166
 131446
 424514
 1091214
 1094167
 398696
 785694
 453672
 575973
 724994
 899895
 549466
 125541
 1067767
 107450
 426916
 403892
 655234
 836395
 932056
 821126
 1079122
 251353
 221174
 555794
 391105
 1040310
 962985
 6540
 370884
 14606
 1029982
 907731
 315062
 131309
 520476
 692228
 508268
 1084461
 961922
 982084
 398982
 193525
 558113
 238299
 835714
 898262
 39397
 428976
 785670
 745733
 550812
 451087
 397679
 565899
 126887
 202036
 379493
 602288
 925149
 96952
 625323
 315015
 55457
 281125
 751013
 789714
 403420
 261371
 799375
 147789
 620754
 51471
 939928
 1037275
 7854
 81708
 1202
 6816
 924652
 342541
 1007253
 476250
 891205
 718916
 366633
 1005456
 938166
 630633
 22774
 49547
 546461
 744689
 958231
 554404
 417259
 1028168
 34585
 812710
 61782
 813451
 335243
 280925
 512722
 165051
 485130
 156716
 454419
 460569
 857010
 453979
 820416
 996306
 407114
 899157
 935640
 46783
 366857
 677202
 642784
 133995
 309210
 480269
 328440
 991709
 812661
 98864
 611028
 789110
 923172
 188593
 5381
 801379
 660307
 755789
 309432
 827929
 189958
 417508
 77509
 1042038
 807204
 350859
 431154
 1011614
 259374
 17989
 211706
 149161
 767438
 916217
 1072232
 1091584
 975608
 1043770
 833770
 1096081
 744909
 637669
 551024
 653192
 378015
 116791
 582826
 881603
 56467
 425430
 330296
 795616
 383175
 427641
 295115
 507082
 360566
 94204
 601826
 656193
 745189
 617829
 609173
 256638
 1083515
 849510
 231412
 150904
 1063628
 318394
 594946
 667810
 897058
 432015
 596710
 448949
 947846
 154400
 974402
 631768
 790019
 57989
 1006261
 985320
 28635
 122665
 933406
 922740
 849367
 40759
 126987
 1034722
 778176
 624216
 606100
 768871
 669769
 648064
 889580
 633309
 572930
 463479
 348979
 896393
 361298
 836845
 80450
 1004773
 390249
 484422
 546889
 646054
 491719
 349338
 393212
 325590
 650200
 821097
 5850
 739358
 896484
 212656
 1053141
 330616
 91956
 851981
 895551
 607825
 890858
 19124
 196019
 524477
 556169
 605855
 471637
 14539
 335339
 594927
 47809
 1049996
 1045547
 11208
 105540
 1094731
 323484
 128436
 405551
 797210
 552657
 780691
 60672
 477016
 351509
 1045551
 1025223
 794770
 256903
 767144
 151919
 554329
 632984
 996163
 143079
 906580
 579289
 775909
 327661
 65077
 859674
 595668
 8732
 422890
 245332
 598281
 332518
 298776
 889100
 877931
 1030261
 568568
 303730
 1092737
 401538
 546605
 923996
 447224
 969221
 624712
 689896
 1053513
 465722
 885488
 385121
 355068
 1012565
 482103
 1009995
 960472
 342058
 188005
 367020
 1019333
 72589
 569229
 860994
 669067
 323361
 336994
 446829
 577340
 653501
 370818
 63975
 253474
 471132
 146272
 102537
 420207
 140717
 957574
 1078009
 263747
 997447
 955827
 983925
 302414
 694828
 238681
 538264
 182029
 480928
 169212
 852562
 815664
 1096733
 239404
 1016081
 93457
 995982
 869561
 337323
 1088271
 227479
 189737
 325645
 287823
 153921
 11664
 1023672
 462044
 659787
 999764
 91152
 1015969
 728492
 82911
 277674
 1034453
 413755
 337170
 16680
 149464
 612199
 134276
 875612
 1092388
 932251
 1063291
 211418
 753991
 28784
 230968
 551875
 1069642
 206533
 851151
 476289
 967058
 215017
 114419
 53909
 117105
 862491
 374369
 684328
 386909
 719041
 84955
 4339
 846328
 450788
 488790
 832209
 100126
 158396
 256685
 775293
 138225
 1040924
 646102
 658712
 762133
 597201
 1005811
 692831
 1069607
 698429
 529560
 184428
 130789
 458344
 730646
 872398
 1017429
 979805
 372725
 554626
 275812
 1083671
 318709
 689667
 560530
 630701
 1073564
 981579
 423377
 315060
 399966
 591255
 257964
 417242
 320658
 197521
 291862
 674473
 139141
 897823
 776899
 677651
 521915
 972844
 527716
 255622
 276268
 882422
 730570
 551360
 561288
 364199
 619237
 1005471
 176442
 487340
 283725
 538711
 867578
 190896
 77215
 1037992
 960539
 394247
 657807
 788522
 544020
 277211
 683712
 217773
 37603
 605904
 1093319
 955481
 120284
 367106
 417577
 1020300
 302124
 626494
 40748
 96050
 488454
 255544
 660418
 395960
 986041
 189644
 757538
 1099087
 456325
 1039220
 126755
 929042
 41323
 993209
 612998
 252878
 896139
 648593
 787786
 926817
 1027523
 371181
 883136
 1003844
 971436
 78903
 370771
 713516
 679369
 316738
 345791
 88238
 1002344
 259536
 1023458
 680989
 567355
 987483
 540071
 531973
 2940
 633197
 842136
 760820
 599787
 373123
 761288
 119231
 871109
 810000
 309473
 849047
 1015903
 449835
 360504
 437898
 893349
 305402
 68471
 492253
 601827
 1043858
 432616
 1016661
 543730
 1018778
 216276
 626827
 879340
 890320
 1030007
 206285
 190983
 130133
 216851
 333536
 522680
 407734
 573464
 208056
 203298
 1007843
 546858
 760390
 596109
 126508
 1006599
 100190
 729927
 369042
 175792
 876374
 441806
 152358
 579776
 593533
 915173
 975737
 543668
 168585
 102773
 1086948
 791715
 603813
 347537
 489776
 12227
 495056
 225743
 1070428
 772862
 990559
 1094478
 349101
 31610
 561022
 458254
 792466
 305606
 958040
 176374
 788197
 756947
 896634
 454320
 473064
 698357
 855460
 251984
 429070
 1069575
 710479
 533790
 223104
 695628
 882236
 320080
 802504
 685832
 736738
 523818
 1035243
 176631
 892111
 898196
 451517
 95570
 687301
 577749
 820283
 148852
 39245
 199367
 996954
 17523
 941572
 879174
 567709
 1039913
 140785
 428080
 468221
 242346
 275081
 73769
 280047
 361952
 221984
 879161
 556349
 383933
 565267
 879124
 160476
 755863
 475694
 472729
 1088988
 445972
 770792
 142912
 80836
 849457
 740008
 90956
 89117
 323416
 570233
 614799
 872604
 964433
 362097
 8936
 774786
 791609
 319186
 667818
 665144
 823066
 426271
 434532
 1028808
 45476
 971254
 292979
 173767
 1066706
 585871
 398204
 210958
 275080
 793081
 492481
 853621
 455463
 121315
 284323
 981185
 1002093
 95309
 451308
 872385
 240693
 461449
 607887
 754769
 203806
 201918
 408749
 478213
 703978
 636128
 302671
 859043
 1082886
 526006
 942743
 471932
 495018
 1018449
 73997
 459404
 489731
 928309
 766181
 409222
 249489
 878176
 233965
 672839
 539051
 356765
 400820
 27474
 973461
 700175
 936160
 30249
 199087
 514652
 5557
 947746
 1057603
 547919
 204183
 248013
 955752
 576555
 1092481
 741400
 667023
 1015450
 920944
 886486
 222194
 726846
 565121
 389811
 993910
 896281
 843515
 1018356
 157890
 189361
 185637
 1066091
 397791
 90602
 494474
 1072263
 483820
 888963
 1083892
 226404
 874368
 705741
 167600
 983005
 1078648
 258968
 836578
 262768
 300228
 167203
 321694
 679878
 4597
 296804
 938894
 378701
 17203
 1098205
 85065
 763403
 554952
 488600
 884369
 940723
 861700
 947907
 145794
 332574
 999757
 991417
 270960
 818039
 323239
 622773
 569552
 348015
 334069
 216459
 409891
 834188
 1009508
 1094090
 307240
 1019728
 118001
 525512
 199777
 843544
 118042
 414511
 1042482
 930487
 360126
 720173
 962121
 488563
 227283
 233895
 428183
 276129
 477037
 1056502
 265467
 131336
 781152
 996520
 840346
 604483
 1015161
 278373
 536022
 408713
 1072861
 34594
 818750
 499482
 29072
 1060510
 451930
 625287
 282689
 539370
 805174
 254249
 766216
 371138
 1014735
 1008851
 168953
 255287
 574172
 1036663
 592594
 47770
 147413
 238979
 705112
 191739
 686116
 472917
 58158
 581938
 857577
 479604
 1041830
 777702
 562847
 937836
 1099471
 175293
 367929
 904441
 394911
 581950
 951814
 731910
 1017256
 570
 787674
 198187
 429556
 606129
 611193
 366695
 537370
 290917
 333565
 412075
 156258
 890056
 379195
 1012938
 489573
 1093514
 1005085
 317856
 542874
 409525
 237342
 315325
 212406
 435491
 500860
 1094860
 658021
 367850
 970227
 190537
 260158
 161049
 962007
 1042990
 1048949
 125995
 505833
 406534
 888093
 116791
 98384
 604834
 812998
 48313
 415265
 803083
 306052
 109040
 1007184
 647846
 764804
 531167
 674041
 111445
 302372
 952074
 472752
 513553
 164512
 324286
 691360
 986737
 250359
 540224
 860061
 362600
 327906
 863538
 693392
 456164
 19727
 120793
 771099
 14403
 591544
 467550
 472832
 244528
 771354
 100788
 1016652
 983660
 736004
 916934
 905617
 783909
 368044
 145726
 143008
 862719
 248130
 1002753
 36967
 985516
 1034328
 18580
 1081689
 373416
 1024137
 1060823
 411721
 863046
 565639
 638135
 530658
 131729
 121809
 522864
 218718
 765172
 476971
 859583
 70849
 1032243
 865086
 45032
 192201
 249497
 178760
 171298
 190989
 251393
 1002240
 193832
 1010025
 405616
 107410
 79285
 784049
 334541
 393899
 274037
 775624
 229004
 772494
 885471
 918875
 275885
 895516
 658083
 80935
 510927
 206178
 1093846
 139883
 1068973
 562748
 124665
 224324
 236469
 641197
 444466
 335806
 397763
 600364
 754124
 781261
 494778
 258550
 817562
 486911
 720107
 791734
 912243
 357239
 267735
 1044215
 193185
 260321
 58925
 562609
 150789
 648794
 224181
 527004
 785883
 559434
 445623
 1075652
 1049221
 55223
 131831
 453734
 811107
 27636
 727280
 47686
 356924
 528257
 1060201
 827231
 390271
 550408
 230813
 861369
 368907
 820576
 355336
 807451
 799703
 209635
 860425
 941680
 686971
 772166
 144766
 141190
 813844
 809466
 707381
 793591
 148340
 729582
 952408
 428037
 109694
 184374
 919797
 84057
 970144
 412169
 1094254
 161170
 248002
 824570
 772290
 585670
 280298
 231125
 542833
 722011
 1083984
 585620
 1073486
 149551
 4545
 987233
 335448
 63289
 652576
 330267
 437146
 380606
 595863
 579369
 830640
 123269
 53019
 338314
 414129
 999766
 615053
 943637
 11088
 343403
 324451
 660657
 770932
 79995
 933169
 391791
 277075
 816598
 584977
 778795
 587271
 475403
 529131
 467713
 402691
 1080131
 250114
 319020
 136599
 746333
 26128
 639242
 475261
 835257
 749355
 197192
 309543
 438149
 9572
 167227
 210072
 222386
 709565
 133930
 734699
 358488
 1044227
 302291
 73712
 721231
 1017395
 232694
 850649
 933306
 849634
 396103
 950315
 935377
 174400
 388036
 215761
 973148
 983465
 437343
 295711
 235977
 387477
 769462
 594136
 1016338
 600832
 593091
 653797
 88399
 511834
 440644
 1026520
 502882
 196879
 887396
 149690
 447163
 306969
 130364
 445217
 908666
 9303
 427246
 1053066
 723081
 844338
 972702
 99494
 774631
 396345
 476390
 265328
 822108
 503634
 698406
 869771
 779599
 742852
 382608
 101691
 844126
 877970
 287083
 976322
 144183
 1027836
 362808
 325492
 773373
 585807
 1047094
 927430
 211149
 967854
 1048006
 615501
 767846
 154681
 516459
 270230
 26468
 962170
 852486
 275893
 541830
 937327
 183917
 356729
 509171
 546601
 678081
 116269
 940638
 832894
 289156
 1029852
 79562
 117581
 181588
 367814
 895018
 534555
 230530
 973974
 20225
 776912
 684287
 918602
 361279
 94230
 598340
 977158
 736495
 300374
 264686
 649549
 505841
 904395
 110596
 74114
 682678
 488068
 1034848
 714001
 151214
 1018768
 1003685
 569665
 163819
 1003738
 889449
 943370
 808312
 561731
 994412
 1053025
 395217
 763817
 623874
 651786
 948014
 393779
 670983
 722034
 168279
 183722
 572802
 822300
 68520
 398514
 96627
 194911
 879727
 286985
 1099259
 633255
 992538
 698633
 315785
 137192
 1072046
 986176
 578488
 24889
 407373
 183989
 763735
 199570
 123424
 1018004
 613329
 638993
 392430
 15729
 52739
 586714
 669364
 219886
 635136
 769270
 969088
 942503
 673714
 519582
 191356
 968040
 440784
 61489
 501928
 868940
 767997
 39701
 367797
 922146
 742544
 632179
 471316
 61230
 340256
 916843
 822836
 782456
 437877
 231435
 867695
 879751
 116925
 960684
 337655
 984329
 357465
 611903
 980652
 984044
 158036
 182915
 248170
 748310
 1014386
 104643
 396254
 235819
 928981
 22618
 427623
 228603
 1072319
 534224
 81869
 220503
 1057774
 253640
 1027869
 568527
 704008
 358402
 1092117
 709944
 218291
 423028
 945273
 342273
 258547
 624812
 142957
 1086719
 224808
 664966
 13333
 946776
 638689
 871596
 425420
 549085
 458562
 672907
 303447
 733464
 196809
 225447
 193081
 75242
 727140
 1012876
 752893
 451513
 801522
 2295
 808218
 928248
 270494
 849065
 30896
 872531
 910558
 1053887
 824604
 506729
 931879
 748554
 639805
 1000549
 474864
 286718
 1076581
 479215
 252635
 704562
 314786
 62870
 819546
 857023
 932124
 811452
 481567
 501145
 842003
 855624
 268892
 1046571
 239321
 264343
 353631
 512724
 78591
 403401
 736700
 288672
 439200
 188604
 753699
 83604
 648320
 133092
 241490
 728509
 938808
 620074
 182089
 858951
 699328
 236740
 1046443
 896584
 354297
 733167
 163354
 770117
 658970
 600088
 735352
 983540
 1036107
 424518
 243777
 1065447
 465412
 144765
 919872
 935410
 700141
 779273
 390840
 209235
 394593
 680178
 1098102
 625021
 534559
 209946
 80474
 714397
 353471
 793197
 456611
 690069
 1093042
 300678
 601988
 822638
 1022356
 646918
 481603
 123823
 329882
 842964
 888219
 755954
 291079
 1007335
 948143
 1055228
 436007
 270357
 1010267
 577026
 889177
 154589
 768089
 140393
 764375
 35749
 475015
 840384
 632176
 329547
 421608
 1065518
 1058393
 895429
 939125
 520859
 955073
 14414
 119646
 356121
 256701
 47148
 787381
 165776
 947550
 249287
 678732
 888219
 902024
 213645
 235070
 320104
 927725
 515771
 1020924
 782971
 398287
 964103
 1032007
 926998
 384295
 59838
 182903
 307319
 219548
 709597
 952765
 471929
 721959
 181110
 954782
 861124
 876576
 964063
 397340
 591995
 709869
 229857
 993698
 558655
 830318
 1037557
 689604
 1041067
 217179
 315920
 472763
 1075070
 999579
 937457
 422092
 411149
 798472
 1093294
 959213
 809992
 487055
 295502
 1000422
 204283
 755614
 1004285
 132754
 97947
 119491
 787987
 813391
 1083833
 240609
 890681
 352825
 173296
 143118
 783127
 284202
 221783
 730549
 1095586
 745901
 707547
 412408
 904487
 902897
 322383
 134481
 881646
 610941
 1073022
 81697
 1029537
 295981
 578584
 533134
 890996
 864907
 277676
 145079
 282436
 1029534
 546972
 1058888
 322088
 470590
 231201
 353084
 54178
 336243
 584738
 324042
 306588
 157136
 451442
 648309
 463593
 1015852
 176271
 1088984
 110448
 599425
 1087137
 7915
 697791
 861401
 656432
 1041136
 28035
 196087
 1005623
 789076
 49059
 64427
 997199
 876033
 162416
 962951
 266844
 262923
 891310
 27917
 325016
 937739
 327233
 366077
 182452
 519647
 986150
 1001939
 629602
 293298
 160242
 501606
 974094
 108134
 275113
 208248
 1084969
 633893
 948913
 577056
 428597
 626330
 943856
 197383
 123705
 853855
 68105
 115465
 741748
 338383
 1002678
 473917
 132830
 336997
 478409
 380416
 464504
 771338
 695302
 967738
 767808
 266392
 233062
 321519
 206409
 745992
 413666
 70943
 660173
 15040
 705660
 982046
 227363
 11385
 271825
 388562
 369147
 419256
 16718
 686428
 479165
 501778
 974996
 360580
 976708
 429164
 233830
 401097
 670898
 584381
 544679
 164185
 647678
 470004
 317070
 529863
 1037595
 630103
 1000260
 1062701
 160058
 398621
 344352
 682973
 723315
 499174
 658941
 593499
 585256
 1022816
 288049
 779681
 607666
 1090441
 809429
 507256
 783182
 238136
 881223
 183785
 405943
 476727
 505674
 950806
 594555
 287225
 7153
 14834
 1088805
 163189
 1021238
 823237
 700234
 850111
 252451
 415367
 421072
 96807
 882758
 603208
 906749
 839774
 851725
 936885
 664197
 961512
 677373
 779543
 395519
 323193
 580738
 5040
 982613
 973762
 583144
 87030
 7476
 209372
 405667
 711056
 345687
 188037
 929918
 401908
 1075904
 321218
 61943
 868444
 55242
 353915
 121145
 947178
 678739
 626145
 612338
 725194
 1041203
 223635
 173257
 469024
 210957
 11308
 994509
 48302
 873512
 475948
 851759
 365937
 406663
 275475
 220620
 917915
 727476
 549837
 269442
 471093
 653800
 391559
 79262
 947123
 87679
 893811
 345265
 372031
 464771
 249552
 169036
 705623
 890894
 563175
 49051
 290391
 867814
 873196
 545058
 439629
 602025
 93699
 896662
 8337
 540750
