700712
 520044
 513217
 966058
 79824
 806060
 843199
 728888
 324780
 87436
 263369
 203441
 391850
 726176
 1041429
 290840
 1067414
 245967
 947645
 66286
 524084
 231270
 262520
 86359
 147245
 211702
 335019
 770826
 998452
 442381
 221292
 993363
 653121
 399266
 653203
 757866
 446128
 1068030
 453715
 52698
 42098
 396688
 292408
 1044611
 670763
 392043
 191309
 365422
 718207
 403419
 385098
 54737
 744307
 1049984
 208891
 549893
 834274
 52942
 284315
 388550
 371322
 49288
 291573
 955200
 311754
 194159
 922040
 649502
 50246
 841341
 846137
 419610
 890837
 770967
 655049
 506478
 545575
 197384
 407472
 91348
 511437
 608844
 797525
 82170
 1095800
 681791
 1064210
 853396
 546425
 228750
 945907
 400311
 285640
 359865
 686666
 10389
 192069
 317694
 134117
 1049879
 647645
 419502
 207861
 24387
 320488
 440031
 743262
 1046805
 547891
 967197
 132449
 719395
 825368
 889821
 958130
 437479
 328660
 1093165
 628423
 1064473
 827525
 146163
 568325
 981331
 967338
 561318
 885818
 752039
 127039
 3002
 517890
 426003
 584396
 472836
 1051895
 465549
 182450
 141166
 1009548
 1055217
 689163
 989682
 628221
 890309
 873432
 774477
 761411
 182677
 504181
 494024
 507468
 76012
 547930
 147888
 989145
 468174
 1073658
 707395
 874692
 903377
 223222
 893628
 464635
 711692
 18974
 657883
 1070278
 16041
 992293
 223615
 177876
 604113
 434139
 78879
 898649
 426546
 294686
 43464
 638138
 1072338
 1064587
 358290
 683146
 1073652
 774272
 558258
 195864
 1057017
 1098009
 1011661
 557010
 644782
 768936
 30888
 978053
 772732
 173642
 523341
 86760
 117568
 709478
 566254
 204658
 860770
 321674
 522215
 969367
 31614
 664283
 593690
 260771
 438151
 880135
 205758
 583117
 628131
 1024880
 51001
 795099
 962464
 74782
 393761
 175811
 56533
 430386
 201622
 65597
 738813
 155288
 232454
 163814
 762630
 152715
 671574
 474920
 974186
 668182
 561674
 520230
 858805
 905743
 970439
 652483
 674714
 323163
 468884
 657403
 473129
 153312
 785341
 147952
 243709
 1071344
 678792
 1030706
 266515
 152597
 640373
 982012
 377760
 305665
 620836
 880242
 301205
 809367
 148853
 116993
 1063652
 511172
 769018
 127064
 616
 135363
 71592
 167837
 720064
 255325
 192440
 871591
 722686
 879478
 1018806
 931902
 569022
 936741
 483239
 536591
 1032536
 721035
 541254
 1096647
 221397
 146474
 67993
 1557
 545646
 716275
 410925
 829782
 282163
 1030349
 667878
 586851
 926542
 2266
 530029
 503607
 97262
 641778
 287880
 394801
 935241
 78847
 1045602
 849763
 365452
 125326
 217313
 263516
 1007451
 368501
 11831
 595125
 360484
 1042276
 190220
 567661
 404162
 819949
 605806
 660718
 425783
 893972
 976605
 415899
 969400
 412648
 153664
 91306
 777900
 334132
 290214
 144368
 551191
 472426
 1086209
 170722
 99464
 215856
 176544
 816032
 1000760
 843831
 747498
 114336
 128936
 440311
 137790
 833286
 464620
 75779
 147137
 267278
 666005
 153994
 407810
 1037665
 39884
 133084
 245416
 227725
 975351
 607563
 602705
 938000
 566027
 246415
 848495
 313189
 736334
 808184
 225406
 281192
 201512
 186902
 966848
 412253
 996639
 906638
 654534
 729525
 1067001
 357524
 214296
 1076908
 967895
 985286
 6144
 933199
 97800
 380986
 407227
 99325
 545773
 899963
 837640
 291808
 424918
 198022
 206327
 304192
 548207
 762031
 1026012
 607141
 440169
 923434
 598204
 855001
 1081244
 1067654
 1018651
 1030843
 674671
 273269
 263187
 633315
 322029
 132806
 106233
 889885
 1008862
 458699
 1026426
 728924
 622676
 692211
 362036
 826761
 729008
 387553
 840097
 821474
 1015428
 424197
 121383
 969822
 871391
 384068
 156617
 93597
 1013368
 1045410
 240516
 386808
 927666
 323664
 533113
 208400
 654027
 603681
 831621
 845461
 257868
 776294
 377685
 918394
 785731
 446954
 941186
 287865
 968651
 5020
 998344
 224272
 104769
 790631
 520394
 606798
 786176
 887051
 507595
 964157
 773287
 1043545
 39875
 589128
 162386
 344254
 845749
 589125
 741952
 1088443
 981741
 631170
 141182
 33769
 533017
 632775
 157952
 540977
 797082
 834583
 512250
 126218
 1034319
 870830
 544516
 842710
 799059
 812661
 632463
 875396
 372792
 294212
 289315
 888058
 694392
 143453
 4149
 130357
 48943
 716574
 338876
 547277
 757960
 148757
 846535
 167710
 39404
 313497
 207968
 903607
 1060856
 972684
 572131
 621215
 914849
 223033
 602185
 622116
 758625
 548535
 883799
 668325
 396122
 162507
 870923
 816270
 495564
 78434
 651803
 1094262
 179218
 468119
 63587
 530188
 769512
 704346
 371525
 610136
 962326
 759202
 856246
 295072
 940586
 68247
 48985
 176772
 287003
 38839
 412455
 769855
 596721
 121854
 529358
 160290
 1027539
 1002732
 133822
 905331
 205897
 747170
 1041504
 163636
 71725
 955742
 616228
 810259
 659598
 379961
 283564
 271141
 18535
 948050
 11604
 274942
 939274
 1089201
 830858
 456808
 727092
 1019267
 636773
 872285
 199605
 112162
 261578
 684424
 494665
 281407
 838461
 104030
 269673
 434064
 1091784
 459554
 353796
 752278
 616829
 605925
 462916
 832694
 952362
 199512
 353847
 406588
 217839
 691317
 39257
 638635
 446201
 785653
 703794
 298126
 1005135
 244976
 1072415
 194101
 650584
 1089543
 967496
 242924
 344460
 53454
 744151
 411370
 791457
 290600
 672955
 145923
 230579
 501120
 337885
 228276
 809731
 894069
 392490
 387354
 213762
 1037333
 590080
 868610
 463050
 277577
 1083171
 623513
 973044
 730391
 6879
 403141
 301337
 969806
 1074677
 610794
 358247
 614259
 782755
 1083856
 628310
 444046
 326416
 901090
 699167
 813543
 753823
 495166
 755720
 1096851
 197596
 768206
 516933
 781844
 939964
 558253
 586197
 489988
 153444
 555488
 263337
 331917
 1073855
 946906
 1012277
 155989
 536450
 109502
 1075254
 919080
 347575
 1035761
 130443
 536787
 726292
 487276
 599548
 81069
 560968
 1017737
 714078
 1030721
 133796
 558301
 292419
 782036
 959545
 479903
 734574
 263424
 741441
 547799
 715141
 793856
 466549
 392316
 1055074
 909984
 453947
 522605
 676470
 329871
 9964
 1087921
 934908
 756873
 849289
 1020412
 128840
 480220
 205620
 1069928
 1087266
 728273
 976393
 303259
 540416
 251357
 1006288
 317477
 819621
 726010
 364409
 710370
 224063
 197803
 666218
 661442
 597378
 223760
 231800
 749748
 438938
 734146
 154292
 464383
 612910
 739718
 497740
 354899
 736407
 504723
 89534
 509558
 647533
 790903
 160512
 635602
 585564
 170656
 914882
 107715
 70731
 60135
 923807
 543756
 1822
 831834
 126598
 564575
 974301
 696016
 105482
 598135
 9627
 853743
 932363
 529621
 569339
 542123
 57383
 125843
 842980
 273435
 204904
 186126
 1087664
 463295
 275293
 344655
 966665
 543419
 58249
 909256
 445423
 513946
 239572
 56761
 625885
 110857
 259380
 440301
 701887
 257233
 239864
 355078
 330307
 361376
 1094802
 387629
 850683
 432255
 313322
 683994
 860081
 448055
 896860
 214296
 326529
 688995
 672478
 382548
 1014984
 779639
 807284
 603513
 452729
 530801
 202893
 519330
 457103
 406944
 973333
 896422
 695076
 1071595
 1036714
 503388
 1085259
 1042378
 545847
 970438
 1075243
 24379
 50295
 874533
 843822
 338520
 969740
 213131
 416944
 245171
 1079808
 76571
 942106
 466417
 594606
 66327
 734675
 96563
 343108
 61953
 1467
 507136
 94266
 793005
 355818
 1080270
 863538
 764992
 397794
 155826
 880582
 577403
 259091
 733600
 953369
 620077
 40569
 47938
 375763
 992706
 639160
 78372
 1033607
 207086
 934746
 899672
 678696
 957100
 593080
 1104
 640714
 361772
 317000
 134904
 422200
 1036758
 220057
 246576
 452553
 285585
 700704
 265431
 571459
 1050419
 912940
 250206
 853645
 615565
 877089
 438241
 977562
 451742
 441530
 1040330
 1034722
 574458
 61090
 803540
 743651
 550988
 291475
 545954
 575653
 248506
 737101
 393286
 103147
 24505
 762140
 455942
 131912
 193161
 852068
 323203
 1063893
 941370
 77050
 249676
 881359
 378208
 626351
 453695
 482193
 276577
 84402
 949692
 840641
 653426
 543221
 3759
 242043
 154037
 198046
 55050
 565895
 22166
 523280
 828421
 683380
 227386
 272667
 153176
 920406
 21940
 39383
 867203
 411847
 573214
 157977
 134987
 235170
 473628
 447674
 312390
 810633
 774788
 373732
 570808
 918602
 745588
 716390
 799464
 280900
 273905
 1072201
 697986
 1067260
 335816
 90370
 624
 289978
 49715
 708324
 119546
 311802
 740178
 198139
 108429
 69835
 381902
 92268
 620253
 737555
 207369
 765366
 92859
 540216
 93288
 197709
 959090
 723309
 685462
 462862
 66252
 1021174
 257777
 464008
 756555
 565058
 130538
 50684
 383283
 887283
 1096947
 640878
 742501
 1031103
 961613
 1070191
 986014
 240301
 936744
 575752
 745210
 813742
 930743
 391621
 123541
 443041
 384682
 737462
 72710
 766662
 52961
 224441
 175325
 38659
 476147
 839685
 1056380
 163555
 112061
 698705
 306284
 652
 833679
 374064
 124577
 536634
 1038761
 555906
 501236
 681188
 500440
 1080857
 754981
 825839
 191946
 200597
 174761
 408051
 65288
 418622
 245800
 748478
 542821
 412003
 358989
 293596
 89835
 985768
 338740
 758986
 13686
 881954
 69438
 67523
 748230
 586679
 282375
 778971
 745148
 1083734
 153017
 492462
 710986
 1085444
 480121
 736665
 394609
 703695
 968041
 110585
 96583
 375648
 783487
 943841
 954947
 151541
 55976
 631010
 604962
 1057706
 757651
 802767
 107096
 449331
 59767
 613829
 560828
 40360
 793522
 86522
 200890
 667134
 989811
 1099327
 119918
 210726
 244165
 90104
 109863
 796162
 136695
 1003832
 357256
 649534
 557928
 579160
 961187
 402848
 197890
 265502
 267460
 945847
 312976
 703861
 90874
 337633
 317340
 747400
 523104
 778586
 713956
 11662
 860041
 977953
 252183
 235144
 600761
 702060
 382579
 198918
 120594
 623023
 963953
 241411
 948496
 86641
 586973
 754801
 368604
 677795
 431425
 225732
 397518
 285052
 266439
 404663
 296093
 729009
 272340
 149143
 71086
 242819
 477574
 768477
 522069
 55189
 149866
 98974
 943239
 174110
 515822
 934441
 948609
 404216
 862189
 570504
 1014811
 960317
 660652
 1007507
 602079
 199797
 515394
 700587
 139403
 594408
 992246
 49470
 979446
 631861
 283511
 150496
 209296
 1042030
 490409
 453365
 617295
 129088
 449505
 703675
 1035492
 539487
 952385
 381788
 999780
 1088914
 67036
 642969
 1098900
 1099105
 707796
 347201
 351441
 58380
 1014666
 636820
 984322
 466062
 824652
 204481
 718471
 978643
 213316
 453981
 429627
 39544
 630126
 183745
 366905
 565013
 54761
 264890
 448951
 963879
 74316
 633782
 315317
 772230
 636394
 684399
 385098
 283883
 333046
 529300
 16185
 986800
 533658
 150824
 446187
 619132
 327290
 369178
 319730
 615155
 559864
 687311
 505390
 10492
 630615
 913073
 684167
 485549
 17056
 261113
 275816
 819287
 469741
 276482
 370230
 529404
 541555
 905070
 1087338
 627927
 142472
 139266
 10228
 964795
 735051
 446429
 320457
 1020427
 635918
 235618
 840362
 594767
 510616
 1007529
 745430
 759137
 943911
 750826
 331313
 558674
 550595
 977240
 272376
 624419
 652526
 529702
 979544
 608962
 802724
 1004296
 892095
 450962
 858018
 212023
 1067820
 827193
 488837
 790137
 656001
 804695
 654923
 590562
 228065
 615482
 627927
 1023153
 241440
 462663
 945186
 23242
 470623
 764251
 894120
 853615
 80568
 580914
 862969
 995925
 309867
 39147
 114114
 857558
 401570
 967166
 986745
 279269
 308030
 1032719
 180395
 207513
 892656
 401979
 1081057
 429624
 1005835
 158292
 1095798
 1043928
 161791
 1068536
 413348
 310851
 591014
 59105
 449333
 24140
 238337
 662308
 916632
 355081
 930323
 960891
 68789
 821987
 267985
 460104
 920901
 991775
 98586
 1050407
 158427
 634203
 10415
 21083
 108212
 809720
 77540
 1043339
 393908
 662612
 284930
 430193
 764681
 830556
 1065388
 693952
 301329
 166068
 301284
 110351
 470933
 504880
 1063187
 1076952
 422499
 647923
 27918
 848402
 176710
 465558
 1035201
 611015
 1076044
 825880
 45522
 103995
 177045
 535724
 432352
 986669
 105839
 392811
 212267
 278352
 109173
 802689
 548113
 874279
 364464
 525270
 143746
 449551
 140210
 916683
 397437
 506664
 307980
 821841
 572972
 823742
 439431
 130596
 135390
 329279
 715723
 730745
 221087
 368248
 543870
 447023
 296679
 37230
 573987
 577814
 444866
 1076301
 283187
 865482
 138695
 926110
 663415
 728749
 860798
 709357
 171182
 925924
 704346
 612388
 222210
 574666
 738585
 388886
 520481
 189982
 58339
 582369
 600056
 620607
 631154
 78752
 344357
 1089524
 495116
 264262
 133023
 1032614
 1061947
 788131
 550996
 868977
 691739
 1060843
 418591
 298408
 412132
 572498
 247078
 222647
 325550
 438078
 565482
 424211
 1081186
 291354
 319524
 6284
 926420
 808339
 706857
 349149
 94619
 138006
 930806
 1045634
 669167
 860944
 790851
 227690
 1042588
 577401
 595419
 1049502
 495703
 430103
 850071
 1004464
 882434
 238489
 957890
 939543
 377583
 297612
 460271
 105371
 49424
 247818
 438949
 345796
 1075579
 647781
 261874
 1046955
 701489
 829550
 720229
 413198
 459757
 1084780
 114210
 130221
 474453
 277648
 38796
 305082
 711197
 194584
 964724
 305751
 422556
 441930
 1037416
 969811
 789231
 885620
 707476
 652236
 996531
 805581
 263371
 557015
 499761
 217530
 444306
 79221
 541824
 15809
 437264
 24731
 453815
 1037836
 1004216
 1065011
 664039
 366672
 693601
 405069
 475842
 1094983
 127392
 883425
 430999
 383931
 361011
 846698
 290018
 305930
 24722
 582489
 186403
 534544
 343693
 53123
 822454
 739271
 614950
 898499
 85879
 380072
 327490
 70809
 1017911
 490781
 672035
 1089153
 648129
 241333
 581381
 662185
 424406
 652614
 589943
 535642
 1054984
 509865
 436247
 1077753
 680856
 481791
 376409
 204084
 544024
 318751
 778860
 864557
 688284
 428667
 688473
 13168
 992022
 520218
 969426
 486418
 1088678
 934497
 728723
 1018252
 1072444
 997212
 944378
 484973
 671158
 1066380
 868712
 513606
 395613
 319342
 596112
 326670
 989449
 756996
 280886
 943681
 84888
 858325
 882161
 484533
 1091647
 1008010
 734149
 213238
 1093814
 351767
 363406
 697801
 491058
 1066465
 1034270
 710489
 214742
 61234
 669554
 578337
 520014
 191973
 784519
 901806
 731515
 662992
 178752
 656225
 1034288
 1079998
 574224
 215476
 683058
 810247
 827500
 494702
 1034506
 617980
 107374
 559899
 802076
 538592
 636503
 110151
 580820
 249623
 381701
 416230
 442474
 606284
 952550
 901651
 1051145
 989143
 634498
 680635
 925701
 378826
 117737
 969550
 168787
 231725
 1030698
 307665
 809551
 399143
 535959
 404607
 58697
 798146
 905659
 435228
 63728
 40606
 15463
 292945
 629143
 603235
 523835
 867251
 452466
 245173
 1067544
 379212
 587571
 27236
 1021028
 444750
 524666
 520106
 831766
 1041716
 880949
 24491
 60117
 223403
 785685
 1075398
 374393
 120632
 730270
 117404
 505045
 849263
 938475
 199935
 241784
 799029
 180085
 131579
 997486
 687345
 601549
 447570
 168843
 590570
 957496
 1045675
 13216
 811984
 2562
 1017178
 105984
 1000342
 447797
 258287
 1049225
 526500
 457117
 171384
 951547
 349340
 1037906
 101978
 718970
 865491
 652417
 885687
 213146
 275519
 237114
 189851
 926138
 536847
 845529
 213920
 193864
 1038060
 889702
 859056
 90769
 505023
 990048
 225763
 150654
 249306
 473154
 140846
 269872
 948229
 1077284
 121790
 207635
 652594
 77622
 86746
 290688
 637953
 864716
 680816
 633622
 681330
 997353
 570058
 197869
 47089
 815774
 30920
 701216
 168113
 404535
 14244
 672799
 469185
 980512
 757380
 498098
 126802
 551428
 250740
 983639
 720836
 1070859
 1090989
 701144
 381181
 677195
 295513
 358569
 340981
 449072
 1040839
 560846
 1056492
 465070
 169127
 226793
 392910
 539388
 272134
 38695
 704530
 241426
 836927
 34140
 243707
 768179
 692760
 412921
 556226
 161306
 1074873
 166175
 948086
 52801
 705259
 471815
 893386
 540935
 152857
 802490
 317912
 1016751
 1004905
 954557
 958048
 734469
 497118
 1027532
 678330
 327715
 606741
 370865
 465421
 979651
 877750
 3061
 557671
 504163
 1077732
 625020
 1010683
 629409
 187202
 924727
 831450
 923406
 60163
 419035
 990881
 167299
 308700
 54228
 283198
 999413
 667309
 821459
 487066
 129979
 1038638
 558786
 817904
 421202
 357320
 1012819
 1033398
 863544
 584528
 1038713
 690912
 441084
 522379
 483583
 407530
 683246
 1031111
 1005280
 721574
 76462
 627462
 926866
 541770
 449842
 942497
 83262
 5699
 1092564
 178572
 153133
 252566
 222203
 898257
 718735
 976462
 396597
 817236
 417689
 664026
 362711
 694519
 1070089
 244269
 874674
 615408
 482797
 630818
 979758
 679556
 118922
 227962
 606254
 399514
 664062
 540069
 243438
 168505
 581039
 921483
 733633
 1086208
 406607
 540078
 80806
 853056
 166135
 535225
 656733
 734756
 755994
 1062656
 390839
 26283
 784905
 669822
 201228
 862421
 24945
 945435
 497145
 752631
 214561
 363625
 139611
 934161
 812925
 171333
 673258
 356815
 850912
 398695
 60612
 232360
 763871
 462915
 407525
 243475
 1055784
 900686
 933697
 890573
 714595
 318287
 720881
 971266
 793479
 225411
 949679
 75031
 993790
 468695
 624134
 647479
 298506
 931808
 447593
 743885
 513406
 401150
 1029147
 968388
 900548
 1094542
 115543
 187709
 645815
 914868
 332967
 842872
 59343
 422449
 265543
 531176
 540320
 13657
 663175
 748288
 832137
 115867
 307406
 865067
 365794
 488992
 73996
 892436
 592534
 1046575
 27338
 924319
 959704
 996363
 161245
 794703
 1060426
 333448
 291720
 1072546
 581881
 222015
 235503
 818774
 364427
 295565
 783842
 748447
 817066
 1026172
 722456
 500188
 947983
 728023
 997164
 273993
 332236
 925323
 187173
 642640
 761428
 531705
 187871
 1154
 121451
 146220
 504267
 161922
 924061
 532708
 132886
 831683
 374867
 408169
 255452
 1010380
 16233
 684636
 521813
 193549
 249680
 648819
 871142
 1080322
 398841
 303790
 824160
 791340
 824700
 8907
 559371
 219869
 463049
 547143
 882051
 1081799
 192974
 753976
 467933
 376867
 870460
 243601
 1094046
 1036199
 244392
 142068
 420088
 133042
 196636
 260196
 758801
 635836
 565314
 293920
 494189
 90500
 283553
 853136
 1096604
 620111
 593980
 973758
 983342
 605199
 562957
 514415
 179567
 152163
 153627
 352683
 382310
 106240
 550187
 625205
 812523
 641148
 247305
 332931
 131990
 865234
 926472
 134502
 690224
 247990
 394564
 919356
 218030
 1018648
 535554
 592216
 1035628
 156451
 755717
 229545
 751934
 731666
 543610
 198374
 750518
 825625
 920609
 686333
 591585
 191978
 330820
 445893
 968143
 672478
 380593
 499713
 403893
 412735
 842045
 370871
 1030436
 660945
 656745
 657488
 601758
 380772
 958715
 993
 502914
 611341
 271960
 950013
 615744
 161120
 446752
 1085504
 732245
 236001
 123843
 683206
 15633
 936613
 687466
 102963
 403049
 841272
 512641
 880333
 830734
 743043
 677674
 934882
 888784
 247391
 554333
 25424
 451928
 982344
 888325
 613835
 732814
 302034
 433356
 312360
 586628
 480352
 1080639
 853837
 238127
 187408
 816166
 710031
 906318
 485846
 328726
 327466
 207949
 13250
 335841
 221945
 365900
 379893
 477873
 184183
 844712
 578244
 907059
 582330
 916475
 560762
 250955
 850467
 968604
 857224
 56721
 142403
 468587
 743337
 169673
 411499
 571480
 44563
 581301
 970058
 13639
 849236
 1004359
 33879
 159056
 484463
 970793
 49902
 161003
 910644
 1065951
 513348
 701166
 446516
 201603
 605233
 454655
 507888
 859036
 661416
 89836
 525801
 783945
 137019
 1064279
 180399
 401068
 384581
 801722
 47516
 342502
 79104
 925168
 636324
 345331
 729082
 307313
 167049
 581987
 358345
 358569
 481292
 148214
 741556
 45622
 1046014
 113713
 664562
 748026
 818281
 505158
 576133
 181644
 760184
 898875
 491077
 577370
 278744
 621826
 198587
 370899
 872133
 951433
 549238
 886511
 110264
 384140
 1065670
 947353
 999509
 846580
 417095
 794284
 761901
 143249
 647396
 497075
 923635
 293869
 974994
 847963
 904323
 342016
 563169
 624903
 880057
 507810
 138013
 445412
 945538
 20991
 683639
 267809
 979615
 770189
 1019251
 7881
 539313
 567897
 696244
 609403
 646935
 612148
 237824
 826534
 876925
 357049
 33423
 136457
 443290
 1028321
 1086869
 214057
 995103
 284565
 976921
 980866
 517927
 603144
 201786
 827008
 1011287
 775059
 191556
 942728
 612443
 1071947
 843356
 1081107
 964508
 476565
 14133
 687384
 895924
 500637
 292062
 335883
 982053
 708968
 876321
 274884
 2651
 210173
 893554
 920342
 140804
 231867
 404628
 416907
 254929
 923150
 202841
 411308
 1055910
 149209
 1003976
 387986
 617255
 947559
 617153
 194017
 708549
 670704
 817905
 222883
 242716
 37364
 71209
 109220
 201751
 1043888
 93352
 156522
 668909
 551692
 148088
 98588
 838966
 410254
 65525
 554897
 683078
 744743
 249963
 155062
 1048798
 1036060
 267589
 569356
 877725
 538162
 666238
 33331
 930334
 1005738
 548139
 1005549
 550262
 949175
 203065
 248231
 94067
 507054
 1007235
 1002760
 36928
 186252
 388336
 736045
 159593
 617719
 252598
 898433
 692533
 800111
 724992
 49971
 692492
 131602
 697918
 330870
 220580
 454413
 815580
 1083757
 375665
 787206
 401168
 1037374
 700132
 747608
 857466
 873886
 429471
 37275
 849463
 930105
 614495
 916907
 1055382
 569964
 828669
 798834
 351162
 416251
 1077480
 362251
 51551
 166861
 176117
 735188
 508688
 818346
 1003098
 509429
 366486
 35726
 949227
 956967
 300176
 358061
 289598
 138222
 247593
 695825
 212584
 355046
 902310
 448190
 1079438
 1051646
 773009
 75896
 863944
 736232
 590427
 337200
 239614
 547076
 735993
 647250
 324952
 951826
 239070
 284320
 1064440
 601347
 190199
 964653
 354981
 560588
 910800
 795986
 782014
 936024
 23892
 344236
 327345
 498227
 374361
 565118
 344697
 834933
 117986
 1026778
 854886
 403260
 216965
 249225
 958726
 41787
 851405
 892750
 523303
 346860
 906311
 25260
 189894
 292049
 287850
 292619
 509152
 803606
 283651
 522918
 431846
 956581
 442499
 386563
 401626
 1010744
 248519
 236470
 481157
 337415
 209938
 975267
 432960
 626322
 628602
 730104
 1037716
 25470
 477091
 465967
 573796
 916487
 551700
 670236
 158960
 79971
 966743
 1042640
 574028
 659292
 498692
 365225
 230271
 359356
 322062
 364329
 136768
 862585
 289972
 821189
 972672
 216906
 13660
 412145
 680749
 445407
 269108
 181221
 221081
 626077
 435406
 794127
 782091
 938325
 387620
 302485
 77943
 203294
 429090
 1089172
 15136
 77585
 84005
 122675
 120652
 697723
 303624
 79515
 10047
 894434
 575109
 191539
 1062759
 508780
 237825
 343990
 214808
 1016071
 252477
 899421
 566318
 817415
 998747
 699229
 622
 409160
 400522
 120634
 106540
 828682
 167505
 506740
 334268
 898200
 138619
 573330
 897711
 715412
 384537
 147039
 101405
 931515
 1093393
 875106
 487841
 583058
 992671
 492365
 311371
 312614
 453992
 192665
 574668
 1051893
 1085709
 720747
 1050959
 208366
 261690
 104614
 559841
 794967
 550394
 1071469
 1045020
 90198
 1036510
 987468
 408275
 116456
 744811
 220009
 129686
 1008731
 733834
 940242
 745234
 694005
 878363
 684782
 507074
 775126
 533458
 751682
 461823
 878436
 1061783
 1049265
 153352
 971755
 390501
 76867
 818690
 1099471
 104686
 594784
 248514
 625075
 1048265
 636259
 773717
 1000838
 841227
 897499
 1034348
 587847
 816698
 345199
 365449
 427176
 50662
 572263
 910054
 877224
 979438
 630511
 676563
 30355
 612344
 874749
 433271
 1077924
 501581
 934031
 523121
 389894
 633269
 645672
 806693
 130960
 896683
 765050
 78523
 346387
 213973
 781192
 746024
 493267
 562402
 698179
 1065509
 419843
 56838
 153602
 831576
 702857
 1041923
 13149
 592218
 566964
 347903
 135823
 138417
 426857
 839943
 741614
 785041
 1042897
 7244
 876442
 1007930
 1023652
 663886
 368983
 621150
 687748
 798520
 443663
 477511
 64227
 514955
 714547
 53286
 666322
 430911
 584602
 704530
 1007434
 310144
 666206
 453575
 647189
 429732
 69194
 285386
 1010372
 342944
 862132
 1062652
 658420
 345340
 787871
 111154
 808120
 412626
 717014
 600697
 157140
 832518
 250124
 501641
 114592
 245079
 705401
 399497
 406681
 411597
 764281
 431128
 915340
 456586
 116854
 167071
 189362
 747388
 933751
 723192
 747601
 537930
 996154
 74108
 479696
 562373
 877052
 764363
 647289
 764052
 1034378
 896107
 884038
 865335
 65576
 964615
 305196
 818504
 441616
 929389
 988357
 714270
 188377
 548987
 688964
 470515
 562705
 605408
 1068801
 814906
 822610
 657676
 400515
 5260
 802405
 293292
 493308
 977539
 824087
 282818
 637452
 750084
 551737
 485521
 136393
 397780
 1059203
 50640
 564078
 390415
 645376
 623895
 688827
 894593
 851330
 90537
 191629
 489533
 697815
 627347
 894498
 310995
 774606
 236199
 478892
 844371
 553036
 940867
 863884
 731799
 107596
 358740
 975220
 981696
 585024
 650323
 283792
 687299
 1075110
 132962
 800451
 1021010
 883638
 822103
 214735
 53812
 654667
 154266
 1094883
 609957
 1004365
 703112
 560209
 1049907
 566075
 977101
 985613
 733974
 270570
 877410
 661671
 904055
 166348
 330199
 231675
 782840
 188536
 649182
 781383
 344046
 811251
 614473
 258552
 77642
 803030
 110643
 1035699
 356692
 1048623
 166546
 1055326
 883046
 286102
 678388
 598439
 233510
 1037153
 193861
 123753
 107962
 515192
 643249
 151402
 647490
 806536
 761830
 270683
 803163
 825454
 372524
 78931
 961318
 303431
 613317
 225827
 576336
 298574
 882719
 427808
 32658
 637883
 1011811
 189118
 890320
 662369
 612308
 1060552
 742182
 380478
 548023
 210577
 737829
 668965
 734567
 514387
 947563
 997086
 797471
 587901
 1054516
 640550
 871355
 404787
 729438
 914190
 849232
 1019151
 268367
 738002
 787992
 662208
 427116
 265264
 300220
 499418
 226496
 762743
 1074801
 987704
 583677
 802096
 419416
 404724
 270269
 252120
 861769
 48100
 26424
 898761
 1042040
 16449
 861959
 634734
 989899
 248261
 758068
 993155
 1029373
 589645
 793293
 952823
 34992
 1052144
 923427
 916507
 801267
 447995
 949597
 742138
 494879
 224521
 105053
 335253
 730488
 135998
 178838
 208035
 946599
 793415
 188213
 892778
 519772
 248174
 965635
 135040
 846481
 811120
 287810
 1062715
 595077
 891290
 242691
 387659
 792338
 399826
 364626
 145269
 273631
 256854
 458047
 718812
 785501
 411179
 1086491
 577582
 233589
 877204
 913254
 1083372
 870450
 96399
 387553
 420801
 842234
 1003564
 448545
 818370
 340879
 8745
 725570
 488470
 525411
 352728
 1035575
 918005
 48479
 329937
 47893
 455871
 167553
 892476
 100374
 1095489
 781696
 171688
 173123
 782779
 131527
 173438
 346261
 900349
 435715
 986241
 819679
 462564
 91193
 629764
 776024
 298856
 160685
 794574
 647617
 558129
 382776
 174328
 615260
 895769
 143624
 1080726
 416323
 875866
 130925
 1052402
 111977
 749916
 1007159
 753705
 263011
 530618
 1075724
 894696
 731991
 759963
 442813
 699552
 535964
 276247
 22454
 478734
 220890
 823407
 342874
 1009964
 1089137
 704890
 722800
 855427
 140725
 446339
 490121
 360344
 578836
 276305
 29573
 414164
 240351
 1098817
 812725
 830701
 531825
 775121
 828089
 981301
 768193
 483090
 859660
 563569
 230893
 812509
 138502
 926120
 926422
 749387
 548439
 72668
 817204
 259120
 405947
 495481
 136752
 812486
 907943
 390053
 496709
 28901
 719025
 828657
 734897
 730995
 665589
 480772
 950977
 278602
 352700
 432832
 1036540
 497997
 233615
 582056
 266902
 945935
 673936
 722860
 644146
 813900
 1034116
 815134
 580728
 142873
 886675
 79172
 178016
 577367
 862416
 593780
 720447
 872536
 482791
 975118
 180691
 475305
 1098431
 432891
 240480
 668661
 826132
 807972
 85257
 281836
 357142
 835355
 72347
 1071282
 985477
 206730
 525381
 983070
 566882
 218284
 730050
 720927
 556648
 250582
 682627
 113075
 856837
 678997
 62234
 452820
 237454
 631100
 1083448
 694455
 777078
 310379
 747140
 1085148
 557652
 36734
 22098
 497904
 195441
 102316
 264563
 833762
 620227
 450308
 379862
 767873
 342948
 785588
 1086094
 140210
 326175
 546561
 242846
 767459
 302832
 271276
 83356
 832591
 823740
 596443
 240241
 431284
 512391
 490970
 655038
 714567
 979369
 187607
 355253
 946461
 383848
 650728
 530354
 351530
 255435
 519397
 864799
 836583
 35223
 576029
 974244
 535994
 647639
 1011013
 1077709
 176527
 935067
 820753
 165841
 579807
 9794
 567414
 1053018
 79206
 3365
 621361
 417835
 276694
 990425
 938920
 60257
 677877
 600062
 845470
 480419
 291737
 28171
 639193
 406872
 853589
 834118
 931445
 724287
 623480
 16407
 759104
 483013
 46570
 780584
 584215
 66646
 388158
 282105
 734550
 219487
 34861
 594904
 913968
 915540
 162231
 691041
 129093
 81850
 583423
 232441
 281377
 567615
 678111
 364579
 228138
 667440
 583367
 240003
 1096497
 84175
 534908
 301240
 79648
 1053242
 538756
 386944
 729076
 699847
 391576
 541645
 292219
 845426
 1072868
 24375
 42411
 561575
 201824
 380260
 79721
 13604
 830681
 114452
 419308
 169826
 853739
 194568
 330236
 1049333
 846159
 37247
 865798
 1010415
 534391
 548438
 153576
 798014
 952482
 190427
 389233
 384267
 105578
 297117
 484142
 460517
 85055
 957742
 190276
 1064400
 636034
 97387
 467060
 339425
 260451
 590490
 757197
 1020873
 909884
 571167
 436743
 1070412
 239942
 988539
 967271
 290606
 625689
 208238
 206694
 404593
 581168
 580515
 494283
 946197
 885429
 698959
 105648
 871535
 738796
 729982
 699056
 502244
 472620
 70897
 424990
 728394
 5892
 257689
 349106
 929855
 590870
 361371
 1067109
 317225
 905845
 911731
 423727
 344521
 400667
 699836
 819089
 8936
 986215
 433470
 702388
 947613
 968137
 479911
 294370
 586874
 716074
 920640
 998627
 657562
 121387
 63181
 717997
 911516
 876325
 84506
 930338
 649902
 775924
 1061689
 1071532
 326000
 538397
 845258
 698679
 494100
 1012376
 484508
 128469
 589193
 346948
 523181
 496482
 1041244
 540677
 480498
 328345
 848169
 465278
 118070
 768853
 689428
 528592
 861053
 935937
 238697
 966912
 1030379
 965890
 587072
 305357
 943431
 559664
 861762
 226224
 83074
 990269
 108127
 927742
 971501
 386211
 284692
 37999
 1008792
 1060511
 334254
 373688
 766683
 564144
 357055
 443218
 434694
 682225
 1056852
 712849
 632046
 869082
 175167
 683199
 460060
 374385
 638421
 938090
 65351
 403274
 1078512
 992639
 923866
 350576
 748937
 1050900
 276396
 696238
 274166
 519298
 579125
 448691
 150668
 393057
 686603
 668992
 788455
 823020
 65750
 1042732
 944453
 454075
 804459
 1065616
 749288
 704352
 790940
 205393
 442532
 127692
 985135
 735466
 51486
 109108
 386610
 575341
 843967
 670091
 421834
 48800
 430580
 370796
 977746
 234306
 901620
 620456
 288690
 333758
 64362
 826543
 407032
 590606
 57039
 474920
 643963
 692405
 593008
 206701
 830703
 493529
 53573
 293269
 79236
 986046
 337397
 836912
 941575
 873240
 714045
 529272
 601029
 231523
 291927
 157966
 832229
 721166
 316632
 411930
 1018115
 669639
 47211
 711152
 905692
 829867
 1097699
 239064
 694023
 978796
 359309
 611683
 412397
 950208
 612909
 454383
 107272
 812672
 538955
 703006
 918731
 645129
 1050684
 393838
 337422
 236004
 489929
 871252
 618947
 680199
 231382
 122878
 201341
 753235
 304906
 579403
 661196
 428236
 602049
 566203
 543992
 262532
 377785
 352886
 452216
 654242
 77038
 420096
 164089
 272732
 7150
 525969
 519513
 751343
 361697
 719645
 425755
 345487
 150398
 96758
 154914
 57871
 332841
 757312
 169269
 607605
 707344
 752579
 161336
 1093967
 36020
 565237
 464547
 206890
 608931
 151371
 227160
 856645
 71133
 203074
 663138
 1025320
 1018862
 667217
 541661
 869051
 782211
 123720
 158739
 219872
 14482
 816389
 640289
 138816
 77138
 140137
 37248
 896759
 969583
 225278
 427891
 810445
 954723
 36702
 783608
 954531
 238701
 188423
 826466
 478661
 460833
 143401
 1092264
 200776
 927051
 246586
 180544
 2709
 156915
 665904
 912875
 1018988
 651123
 26928
 743505
 400825
 477522
 937396
 638665
 352750
 806585
 1092164
 188240
 873223
 31529
 209180
 134372
 747957
 838297
 57657
 297895
 504033
 682502
 235304
 716279
 429770
 380187
 566703
 873111
 711400
 1061357
 277054
 1032812
 1024321
 723263
 355945
 296744
 189555
 687357
 969720
 919200
 495510
 350651
 105872
 21725
 1052506
 887580
 574809
 430129
 1067180
 889078
 521534
 74192
 989179
 407238
 468059
 341606
 517090
 802724
 321789
 973642
 610553
 636758
 898521
 1074659
 87934
 221500
 446457
 266461
 569409
 379396
 828145
 298833
 124886
 348750
 343376
 481885
 489966
 280594
 266711
 764366
 606067
 888870
 805824
 949035
 603938
 674004
 490445
 45433
 55419
 67933
 153228
 359438
 985869
 885751
 749089
 707281
 722999
 539632
 215314
 62142
 368708
 219151
 568325
 460409
 86243
 592901
 683254
 1020808
 953914
 716615
 741179
 975862
 1029515
 950707
 643398
 119592
 1097017
 753882
 352930
 935247
 867357
 38935
 396203
 719381
 265423
 559357
 1054469
 677471
 534635
 891718
 969789
 498823
 305102
 127988
 1017825
 1038402
 45880
 13232
 993937
 234050
 487027
 836187
 296340
 291464
 951521
 50691
 735611
 713349
 912300
 301582
 113175
 863946
 777260
 482464
 922691
 711806
 443737
 721963
 718530
 820326
 764696
 1018037
 619999
 956943
 399593
 382362
 983918
 720986
 294217
 883197
 966089
 617620
 805732
 84687
 1075431
 1036225
 713915
 768965
 455256
 267704
 671077
 658001
 677946
 871415
 30262
 432132
 180820
 1023401
 836735
 1051347
 1040484
 165882
 924182
 375326
 32468
 155032
 982382
 685687
 1075391
 1018622
 45901
 13374
 777879
 157136
 694089
 787719
 618207
 139559
 611892
 365157
 1035707
 264993
 759324
 128303
 622598
 1025243
 741998
 447982
 489946
 444887
 906130
 1085914
 477318
 769452
 703884
 791082
 200791
 391279
 81952
 780225
 208089
 995234
 604548
 833907
 140442
 89101
 214755
 840543
 247786
 105394
 419462
 350030
 836327
 916249
 352007
 670077
 628957
 703923
 976599
 13092
 59272
 1050606
 228095
 667670
 899679
 350
 346326
 154712
 188584
 1076186
 907456
 294987
 882682
 815926
 497009
 1066813
 438645
 694669
 920315
 754848
 368372
 330959
 1026058
 323144
 80758
 616257
 265078
 6603
 602390
 22094
 1042910
 937046
 769922
 312842
 778181
 1029172
 381416
 794500
 91999
 42838
 1002074
 1041464
 53728
 207777
 617
 1077910
 790919
 1017012
 758206
 253440
 635036
 847949
 179863
 449582
 486105
 248605
 820926
 45288
 301161
 914186
 363726
 667623
 68953
 51647
 908709
 787978
 493295
 965425
 706165
 549258
 170619
 58768
 1094688
 699243
 160858
 796408
 15550
 176617
 347190
 879134
 163300
 801634
 84284
 822091
 1057110
 778982
 4110
 281160
 894601
 18719
 340135
 421145
 716011
 912784
 197054
 909729
 636881
 373630
 778632
 692027
 501459
 750352
 124211
 386958
 696393
 412307
 540962
 164268
 863344
 209240
 1097315
 803392
 830696
 295705
 730033
 131186
 123842
 1077573
 573954
 948600
 197931
 509169
 610624
 571153
 289865
 229809
 567731
 837058
 725144
 403691
 690139
 676356
 740870
 727426
 1010909
 100983
 587769
 380590
 787858
 674567
 841388
 313097
 597354
 101875
 954309
 743517
 282487
 59785
 677779
 43372
 295050
 32941
 618995
 871916
 916649
 464499
 703044
 928296
 52013
 7951
 201760
 369004
 513710
 45590
 502170
 319436
 858990
 592460
 237089
 257185
 664403
 868379
 476552
 823409
 670294
 177234
 1076248
 861325
 144675
 196442
 1009835
 438943
 879803
 9442
 800942
 998276
 1045758
 625807
 975578
 740836
 552709
 294151
 57165
 875788
 670019
 626895
 993463
 848381
 743453
 576826
 567460
 689321
 609942
 1084253
 349745
 508790
 679394
 428472
 919644
 375510
 919377
 190314
 78093
 96990
 600207
 882741
 556779
 180478
 896841
 356838
 1009081
 470880
 302824
 574166
 1040418
 571460
 238630
 498228
 336482
 741333
 933198
 666784
 873264
 640567
 885053
 836154
 935422
 1077081
 435695
 814308
 834547
 1091267
 1049817
 960537
 394943
 1011823
 588601
 860842
 328187
 905576
 528338
 779564
 477957
 547023
 451203
 504119
 576455
 929189
 38418
 882884
 707408
 441253
 87361
 1091494
 992477
 599123
 319714
 205292
 239250
 481805
 996262
 1001149
 37167
 635772
 136013
 12260
 226777
 804117
 903465
 953765
 98043
 167937
 606911
 1004409
 92557
 418735
 318736
 846517
 154708
 833702
 38386
 914203
 233035
 344443
 662043
 768987
 294857
 50080
 239284
 607958
 145149
 196599
 258801
 26834
 85581
 754117
 606706
 764938
 515592
 532250
 907336
 273160
 269114
 34838
 941094
 685926
 733944
 570679
 345494
 401716
 496191
 523737
 361385
 358268
 758011
 64256
 138641
 73299
 552992
 427692
 261776
 692514
 371522
 623856
 809304
 216161
 1024332
 744764
 283193
 77592
 599868
 836608
 994063
 447694
 900448
 548237
 798957
 869741
 102850
 42365
 264634
 674120
 491624
 47569
 1068212
 1097261
 275324
 869902
 821954
 450289
 344649
 825559
 408932
 868529
 1037268
 875053
 664437
 254205
 955116
 912544
 754050
 890635
 1040821
 402755
 56374
 293755
 236006
 523514
 1068863
 627998
 916178
 256733
 1017540
 612870
 1051905
 90264
 221012
 799010
 657304
 273726
 476445
 1024140
 245604
 781715
 128858
 944330
 891342
 311328
 1072830
 35743
 672269
 171864
 469709
 601687
 446409
 963636
 1048873
 925873
 392039
 1065170
 856657
 4961
 601745
 827132
 172537
 1057691
 1067380
 777665
 353262
 398826
 115799
 288952
 636952
 620028
 114300
 602892
 577408
 1099247
 953041
 448734
 751502
 631081
 1013965
 1088370
 367085
 577216
 188528
 1015656
 40405
 820544
 484306
 308421
 550959
 932014
 875472
 939465
 738700
 752886
 121999
 325949
 626200
 5888
 708583
 251049
 1055797
 67945
 523831
 1032419
 824991
 686272
 48778
 411109
 819071
 970405
 704703
 328860
 41456
 774833
 479657
 796247
 587166
 1083088
 749555
 842515
 168232
 767571
 1098264
 841024
 720660
 20721
 56463
 115554
 757218
 860294
 1089107
 623094
 1088581
 834053
 383546
 107635
 885646
 299795
 252251
 766816
 141648
 844797
 135356
 797528
 151326
 272760
 522018
 522830
 75872
 495116
 935001
 511526
 812058
 457241
 573917
 588649
 363792
 668245
 1068140
 586790
 592680
 297663
 1094231
 1082556
 688303
 540672
 974697
 577438
 7817
 232418
 26249
 181980
 480637
 746882
 773226
 876886
 802776
 863756
 924112
 838159
 637716
 932468
 338030
 1047283
 626832
 2522
 343007
 696762
 692220
 730522
 470155
 1036556
 241264
 223116
 542067
 1027995
 188926
 52810
 636527
 214809
 833933
 483377
 98118
 447811
 1079846
 1078248
 543103
 190434
 949111
 820511
 306238
 594006
 268078
 514877
 1089303
 885140
 942477
 1037047
 190355
 320265
 480588
 606128
 672997
 550979
 985519
 171126
 535516
 776008
 26688
 172532
 923231
 1074227
 984393
 408742
 1091757
 668181
 869192
 960318
 1017494
 251871
 819958
 799914
 892919
 1073780
 704347
 14598
 398802
 832948
 826644
 867171
 712634
 66015
 478465
 856875
 300989
 1091230
 969013
 522169
 429786
 90289
 847393
 641023
 170143
 555773
 1040199
 991254
 460581
 939078
 353385
 14134
 929027
 171526
 1065919
 502552
 876846
 450502
 801226
 340969
 766429
 983428
 773791
 109671
 1021624
 716705
 1033322
 658287
 34854
 827486
 244474
 449831
 292560
 385539
 995682
 440841
 733163
 1007013
 1011520
 8569
 388628
 996364
 653910
 1077885
 152952
 220030
 486264
 165975
 1091111
 1091137
 1020680
 332790
 488827
 902569
 915330
 942805
 906753
 1074397
 642100
 558143
 15772
 452042
 498459
 475062
 433648
 1065681
 1053290
 116804
 573448
 965116
 297915
 738999
 588692
 156752
 431745
 1053350
 739832
 520891
 878818
 810722
 157830
 922956
 238430
 329810
 626647
 351734
 764278
 83442
 829077
 958652
 81589
 777828
 1085157
 283241
 444290
 127706
 314494
 205939
 400845
 286711
 156243
 1044143
 930353
 722169
 726851
 754880
 954431
 733904
 509377
 939410
 603000
 735299
 310768
 94765
 1014761
 98593
 823588
 843659
 822430
 450512
 1039709
 606357
 61223
 758194
 385277
 302032
 590950
 959790
 406657
 283623
 764986
 816107
 294884
 296852
 559920
 93388
 870569
 697560
 681891
 338492
 742126
 129648
 645366
 513965
 306394
 344370
 1012513
 125555
 214773
 831168
 136453
 32997
 759566
 1095069
 343947
 830509
 123990
 442922
 907111
 326039
 45086
 441105
 856611
 259702
 150631
 746851
 42319
 211057
 1006974
 466106
 354528
 313740
 919457
 892927
 598104
 957854
 335126
 248304
 1020726
 1049837
 343012
 285912
 578106
 596303
 1019672
 871460
 725156
 469266
 1090080
 866178
 978460
 71102
 351565
 517718
 155497
 917411
 595319
 676460
 389631
 378448
 320308
 454771
 999859
 1004229
 282621
 103186
 198961
 1036224
 733082
 747035
 266395
 414341
 249276
 1073636
 974314
 637316
 491381
 507008
 346701
 516085
 757751
 279438
 705034
 440932
 461961
 589672
 414274
 798155
 764657
 310203
 1065895
 45520
 220580
 1084854
 1011568
 1047984
 504474
 791406
 1555
 143649
 231697
 420032
 554167
 1024391
 777599
 511860
 252240
 254530
 931756
 980596
 131869
 970058
 564865
 172020
 468116
 739647
 467576
 805984
 77894
 184326
 901281
 167160
 108854
 61184
 1080291
 583498
 916119
 633650
 914254
 766987
 376157
 669178
 102837
 400175
 307361
 4088
 876479
 630002
 776868
 676150
 406017
 81587
 1062442
 524132
 940652
 453101
 297562
 742875
 933486
 929980
 988079
 980895
 670937
 302595
 522500
 476755
 174427
 564629
 1081239
 1079049
 920026
 255620
 1019822
 335114
 779168
 405147
 151014
 45535
 333061
 287679
 1042174
 807056
 1053501
 652245
 564293
 816764
 378132
 751697
 90230
 1022583
 402861
 156546
 915720
 498627
 868133
 24817
 35685
 642314
 135338
 324778
 660944
 412705
 263204
 559394
 358500
 403701
 440482
 79358
 246954
 76015
 81938
 705807
 302664
 351204
 937794
 395305
 615927
 521102
 830581
 551266
 801032
 727924
 619567
 271284
 888398
 933606
 133716
 747462
 815747
 12057
 924975
 185028
 245828
 777622
 1022539
 799487
 602244
 158965
 710783
 703518
 1094600
 702131
 139489
 249621
 931267
 1001951
 399663
 880396
 54634
 863433
 437847
 254894
 19352
 704362
 281602
 366299
 776615
 141816
 470036
 627852
 623386
 845482
 275623
 523053
 701828
 1002148
 58044
 801414
 166086
 401211
 793631
 210088
 924164
 62175
 64733
 545148
 295845
 780738
 1046324
 511611
 557455
 81282
 1028728
 128300
 1083028
 944061
 1060677
 1008044
 532736
 474913
 88270
 986585
 90417
 982752
 777973
 821436
 532001
 2573
 406919
 750500
 390859
 454386
 1027779
 666449
 748100
 644626
 575740
 656070
 684215
 36599
 690080
 849980
 389560
 246985
 149979
 372246
 96421
 41999
 468111
 51207
 806977
 137119
 106245
 78779
 344393
 86104
 896971
 870550
 411983
 979357
 311970
 407674
 898558
 616484
 565019
 192153
 708755
 990576
 485097
 785603
 658723
 71615
 345490
 215626
 1085867
 756669
 395673
 908710
 1083282
 607654
 453068
 591604
 813411
 340665
 628378
 200009
 40990
 128474
 162712
 941280
 245089
 834976
 832281
 105573
 401275
 219141
 201809
 637713
 374358
 6814
 710513
 704141
 998504
 842611
 1015308
 963691
 892029
 326616
 278749
 337530
 824513
 921080
 1065611
 148801
 569094
 716429
 230469
 1085594
 882120
 430237
 447811
 504143
 840183
 864130
 699032
 67576
 162678
 588676
 578217
 24347
 582790
 169037
 246189
 650225
 999099
 1079501
 939718
 34760
 811080
 779447
 508160
 1008176
 134136
 950228
 695793
 593674
 706722
 892005
 143077
 362062
 947107
 798004
 24068
 808490
 592810
 670602
 560768
 817225
 908793
 839186
 509570
 864482
 628949
 572573
 375568
 926240
 421188
 1050612
 140707
 850966
 731002
 960679
 165933
 976908
 945623
 182783
 507582
 575086
 289818
 357660
 857990
 764335
 331263
 568698
 752370
 416079
 560528
 164461
 131323
 335634
 2258
 589494
 772512
 498778
 198870
 711870
 578576
 445576
 217026
 1081869
 960655
 289918
 565822
 1047122
 363422
 297293
 592621
 716811
 638957
 640716
 934580
 478221
 260109
 195976
 122171
 428554
 326144
 1014021
 63540
 771332
 991372
 1017530
 790618
 1099426
 1041990
 43196
 285676
 748234
 478967
 859300
 33003
 448763
 204470
 343297
 892032
 831437
 809617
 295273
 796647
 110333
 214790
 671083
 456758
 130005
 853344
 69291
 263833
 86798
 679350
 163717
 211664
 233732
 966552
 259654
 61294
 779538
 601114
 554995
 1083798
 419342
 379667
 495243
 717216
 324751
 614651
 838106
 296191
 944676
 550764
 355272
 843710
 962527
 707465
 808159
 1023479
 691627
 660279
 1045915
 507984
 723053
 37318
 118095
 135266
 832389
 400599
 845592
 18899
 414538
 393537
 1021648
 88893
 893448
 928742
 262507
 919153
 376234
 361993
 509058
 758725
 1636
 396652
 103325
 874543
 151097
 107050
 498470
 629211
 711910
 1013214
 672259
 227782
 619038
 243229
 506763
 924700
 588887
 616596
 644811
 526756
 936780
 361298
 1090362
 434150
 779845
 28631
 450640
 52149
 807876
 32565
 275523
 145767
 790693
 416163
 1003921
 54304
 600300
 246356
 911118
 239119
 608925
 496154
 1037336
 551298
 76323
 796338
 319135
 53745
 175425
 549579
 365987
 746879
 441808
 918368
 777864
 249576
 323468
 676089
 444369
 1084510
 636722
 425480
 399388
 751815
 364586
 663429
 297082
 687859
 548990
 594444
 904569
 608628
 5593
 668662
 376609
 131267
 293292
 270893
 971237
 452445
 464148
 708233
 141108
 675562
 38962
 912108
 958496
 477174
 221491
 454719
 952518
 980220
 972560
 234440
 841559
 689310
 9172
 450971
 19295
 764547
 516099
 197118
 66676
 172027
 994545
 64551
 714341
 118584
 792202
 1045148
 567773
 562797
 893628
 489614
 779620
 633707
 897156
 111013
 991370
 729429
 650511
 475288
 843212
 386416
 624889
 804579
 243704
 920060
 445350
 511474
 203053
 154173
 929337
 614628
 206011
 343836
 764100
 166625
 218585
 277313
 984631
 341152
 346742
 613419
 739135
 620757
 967656
 170904
 374952
 561584
 557743
 490157
 996565
 72558
 153220
 684904
 949826
 131210
 224213
 793418
 586847
 26491
 723270
 59450
 701649
 215324
 55768
 607163
 341560
 233997
 665469
 784583
 45705
 491868
 252313
 915779
 867173
 379850
 769104
 194866
 134184
 74429
 748205
 1048055
 46807
 399839
 492346
 266603
 281309
 295321
 908540
 296417
 69108
 953790
 87449
 748151
 663167
 349456
 889656
 349082
 438446
 592094
 262627
 638948
 326540
 934498
 510463
 926782
 51783
 54019
 89892
 486283
 746732
 610794
 385089
 423457
 991133
 714289
 484918
 1001936
 381067
 83741
 886760
 723639
 556808
 563963
 395159
 311023
 965272
 428707
 464893
 253329
 660263
 192387
 918778
 440851
 650584
 327370
 497792
 235175
 386469
 14966
 162867
 711915
 68777
 876668
 696833
 424367
 440483
 149695
 396509
 122641
 762731
 944457
 1054661
 565695
 414125
 181779
 1569
 805439
 196000
 264957
 526078
 569163
 302603
 56202
 237428
 634802
 623701
 68987
 980878
 871886
 745829
 434256
 313572
 661175
 521635
 43082
 190738
 197954
 366166
 458434
 685509
 701944
 844562
 501558
 839489
 397759
 44186
 1042730
 259029
 999895
 360518
 786017
 1016363
 1049038
 552601
 1093474
 764622
 439829
 618405
 840976
 1023391
 1092871
 909912
 313126
 622230
 171045
 909831
 659551
 343492
 555881
 54275
 63621
 173816
 937819
 1095874
 19411
 893863
 752610
 51961
 162728
 123251
 610385
 584592
 587770
 918384
 914344
 66449
 716666
 860534
 425005
 899517
 465129
 1095897
 1061346
 240643
 525535
 297371
 316558
 463937
 307957
 504543
 395575
 878319
 682963
 711222
 687335
 832366
 504033
 262238
 90708
 905799
 1085834
 433333
 154401
 990855
 636031
 568079
 378727
 775525
 115122
 763860
 745518
 469291
 23163
 724701
 468663
 247235
 676868
 104966
 158714
 151365
 556777
 717397
 184131
 728885
 788445
 1000382
 201457
 849655
 659419
 725498
 321187
 691542
 507189
 829514
 27149
 201896
 169475
 230169
 716057
 1089230
 120775
 508959
 134523
 929792
 460696
 1017684
 331669
 1067127
 42579
 1099271
 914008
 14020
 655777
 645048
 909581
 972484
 467186
 18209
 175047
 716225
 23439
 958333
 392496
 455451
 646970
 378943
 441769
 1011275
 334662
 750078
 189537
 968060
 208228
 117367
 536215
 1061647
 621716
 78715
 650347
 792249
 548701
 292306
 87069
 686471
 53487
 474537
 162838
 67374
 256757
 809201
 339756
 251430
 801937
 217991
 534899
 991218
 206903
 696810
 893720
 1012263
 559804
 510115
 457978
 806422
 373713
 503108
 275935
 962029
 351150
 1050360
 205703
 1045337
 589252
 9959
 3888
 374797
 1076544
 128425
 766127
 257663
 961887
 414080
 321386
 1083642
 538239
 431901
 444042
 490052
 276191
 370847
 1062126
 545149
 114542
 330905
 625595
 543548
 264973
 160987
 878509
 102487
 208181
 14414
 647344
 304917
 352999
 435350
 317779
 485969
 1087606
 563193
 1070788
 260284
 205111
 815664
 992098
 580172
 1035973
 878377
 1054450
 869452
 183973
 372172
 395487
 606598
 766507
 513063
 975129
 413514
 968486
 93283
 125177
 503413
 808969
 452186
 726854
 925328
 389180
 324110
 20937
 105392
 580097
 125805
 20825
 774862
 189896
 894317
 875714
 599809
 350437
 79657
 404192
 319489
 481880
 281136
 371674
 986108
 91032
 765510
 733784
 759953
 842021
 78342
 1036032
 691208
 997513
 940187
 21451
 862536
 589929
 379234
 597828
 955146
 155315
 289624
 362160
 58350
 671249
 94564
 390047
 329118
 241687
 887647
 1082129
 260650
 985802
 152423
 645099
 758055
 204579
 923579
 71951
 226820
 123613
 121560
 300218
 13326
 373965
 482520
 409467
 194873
 757142
 828163
 95266
 951518
 196418
 791841
 468895
 131652
 59408
 491063
 632697
 141556
 634853
 601417
 302422
 874991
 827872
 102261
 284800
 522771
 937044
 14175
 855875
 416001
 976573
 740183
 149671
 852296
 172260
 38354
 437329
 979433
 533458
 489011
 966940
 51961
 212051
 529542
 1097913
 160986
 597482
 912664
 931525
 238966
 826681
 1077719
 324948
 927540
 325326
 431586
 1034842
 877608
 672633
 26826
 274548
 578513
 652795
 1038661
 893818
 116489
 146569
 78817
 1084793
 387169
 617286
 836192
 719841
 731833
 909261
 93421
 801964
 201903
 77705
 412374
 1008470
 606888
 228314
 922725
 373610
 299499
 388501
 19091
 4767
 783123
 598240
 180745
 271266
 922404
 144274
 578615
 168122
 933208
 886631
 1063469
 205116
 573988
 892761
 1013002
 261489
 577273
 507187
 443193
 783137
 383280
 7609
 234344
 524211
 1585
 788142
 1050265
 523717
 435655
 100439
 384908
 966141
 619008
 1055519
 1098949
 839145
 255063
 696724
 56655
 773671
 551184
 829654
 329185
 243281
 484171
 661348
 732389
 475281
 525434
 866831
 928202
 161535
 565680
 997350
 433330
 920690
 559066
 633094
 77882
 377498
 905463
 1031204
 723364
 187150
 104168
 212473
 685533
 879718
 1022810
 1066555
 490984
 958480
 556661
 975699
 424876
 607276
 584236
 1089640
 492162
 794888
 304200
 52310
 935284
 61340
 110723
 546889
 19659
 169636
 825429
 790587
 174319
 923879
 565832
 848125
 808710
 345672
 69903
 1083266
 890028
 720300
 848377
 977638
 962011
 330177
 924552
 161974
 757063
 945901
 163438
 31305
 156953
 328964
 245842
 298855
 711165
 1046850
 660949
 858334
 768422
 690401
 708734
 568243
 184541
 139917
 891199
 1080916
 1055512
 96988
 241689
 506793
 269701
 664821
 553408
 44320
 196108
 939954
 480
 196180
 265349
 769070
 761507
 972523
 771895
 134779
 707746
 824762
 112286
 100291
 828066
 1011061
 751622
 988707
 109208
 252046
 137552
 784123
 528142
 901674
 61536
 885563
 267298
 889570
 834399
 922845
 854658
 623310
 39999
 183102
 738087
 1097475
 1097965
 714425
 553844
 51414
 261186
 852842
 1065136
 854840
 414316
 19674
 905278
 698835
 886794
 368247
 406208
 125112
 383919
 997697
 117963
 726633
 502600
 608209
 962524
 867818
 1039183
 35034
 183064
 113739
 1067158
 616150
 460098
 966335
 7875
 104183
 810389
 469692
 334627
 1069170
 949106
 203508
 1060709
 744189
 687925
 613205
 1082908
 112683
 991173
 998858
 179816
 575555
 930617
 371963
 775315
 731091
 317890
 925159
 997200
 245864
 999174
 707892
 295542
 717151
 229952
 235578
 259874
 196993
 794372
 676321
 893534
 236560
 748553
 740334
 943841
 1086973
 777858
 775298
 645302
 895304
 44804
 790978
 697929
 167320
 317710
 948638
 1087237
 942199
 502236
 377147
 479669
 610252
 481367
 648532
 209002
 895833
 575795
 107704
 135597
 483337
 535942
 138924
 553702
 70081
 17740
 421293
 444129
 745991
 387616
 602531
 32893
 959296
 528344
 688119
 407126
 551034
 628021
 254672
 383240
 503333
 625981
 853785
 86473
 873126
 257762
 545892
 595954
 930305
 444696
 101644
 145877
 311439
 750861
 386877
 586533
 918697
 1039565
 730790
 11725
 702158
 612557
 595834
 622849
 122516
 470130
 324502
 354745
 38856
 610628
 496666
 548888
 1071198
 1028397
 1019131
 879529
 57451
 50474
 310619
 653351
 350206
 567899
 986433
 849814
 698606
 193005
 955193
 148753
 602810
 751886
 665791
 369390
 16892
 151007
 411092
 875092
 402135
 46313
 885825
 1048800
 481200
 162945
 1065191
 555449
 184800
 856251
 508446
 279583
 339286
 747071
 552943
 1062057
 426935
 435575
 989938
 1038235
 494426
 78782
 192457
 181426
 54366
 594883
 733794
 108343
 457608
 952185
 487451
 67410
 1020128
 480629
 369179
 473233
 543888
 178100
 55183
 994101
 57256
 428542
 152600
 227410
 64627
 21902
 597554
 680999
 291442
 519060
 94240
 1082322
 318616
 431288
 648346
 1068947
 223039
 539449
 152025
 535798
 7549
 371919
 522101
 1015725
 71946
 573216
 184643
 117548
 66357
 286618
 1064005
 719672
 992907
 922437
 209764
 755390
 844709
 389492
 67294
 396496
 1078765
 425440
 143850
 905625
 700418
 857370
 741490
 889916
 400468
 530352
 76814
 566745
 246706
 300581
 978592
 320750
 374994
 459959
 300960
 93637
 646859
 741868
 1061997
 177432
 826573
 759416
 935648
 640516
 145964
 687454
 52836
 100158
 532932
 870198
 901113
 263291
 498277
 979337
 1074742
 781994
 805899
 1005949
 774395
 62068
 963558
 211874
 386220
 304656
 287991
 899270
 222026
 600167
 14556
 648842
 51849
 619427
 861444
 752858
 400810
 553034
 727728
 795469
 795089
 906042
 287983
 14192
 1071410
 489156
 907621
 383885
 425273
 791269
 690778
 305834
 442833
 50492
 674989
 119649
 1083744
 46635
 288952
 992954
 276504
 10304
 1043580
 898365
 46746
 661217
 626327
 674402
 1056640
 840969
 310195
 306725
 858327
 464426
 84627
 48178
 457171
 254875
 21901
 1016772
 1064671
 199409
 463071
 1034676
 670428
 792730
 900843
 732883
 930395
 45990
 284051
 752603
 793015
 1027563
 930437
 502180
 156732
 698922
 1021548
 444675
 710968
 175801
 567410
 689016
 647830
 899080
 749020
 597947
 71157
 653111
 637737
 414080
 1090141
 626619
 453007
 782260
 596337
 1083213
 849231
 138491
 737589
 737195
 893696
 18052
 1080214
 774753
 1083338
 683775
 581903
 927694
 1041760
 200602
 76429
 196567
 972189
 163431
 866308
 1092220
 1055676
 735117
 646318
 866839
 199617
 345807
 88296
 398581
 83697
 1040634
 390369
 199053
 87465
 619176
 316126
 356187
 706502
 380504
 1090703
 1089037
 536561
 344902
 75635
 973641
 154930
 699871
 1016553
 781993
 421738
 9983
 295563
 274263
 543364
 467282
 878483
 767319
 285741
 435423
 86962
 359511
 26692
 938155
 952877
 33976
 31922
 554851
 773506
 46125
 756104
 906762
 279922
 756110
 753456
 416172
 140861
 448957
 1087961
 945177
 769831
 784780
 123367
 664105
 328287
 977791
 1000181
 175950
 354509
 323404
 567003
 737991
 429047
 639807
 838446
 698011
 669917
 70313
 397917
 723543
 716929
 227203
 871841
 823557
 489267
 435978
 814918
 940552
 518502
 1021174
 917655
 858553
 450459
 450107
 1012026
 117676
 350638
 951423
 552605
 568997
 1095535
 692116
 467608
 713042
 902567
 179217
 168472
 439128
 952455
 582406
 341354
 916480
 43824
 981447
 451638
 3449
 776666
 944487
 242276
 495640
 131344
 158901
 816920
 607528
 351183
 687081
 844602
 800649
 1060234
 1051047
 576459
 371971
 438672
 180702
 473165
 794419
 756805
 455236
 856361
 383054
 39049
 289378
 539954
 1021528
 20462
 430438
 119617
 709697
 896829
 727751
 342442
 482760
 276897
 857094
 346270
 1053871
 1086743
 613682
 950067
 409186
 199321
 58950
 774022
 571155
 306892
 880166
 711623
 700701
 597055
 710531
 615287
 150109
 861172
 270564
 297321
 362750
 122501
 5539
 939320
 949718
 467128
 432215
 647746
 128550
 796431
 215116
 255855
 348158
 121528
 359143
 631452
 501591
 947558
 1025782
 767997
 920558
 972333
 697327
 671457
 512931
 784579
 897492
 545932
 120771
 342087
 624708
 376007
 497467
 711315
 1017699
 658884
 890021
 507504
 605082
 190816
 17094
 734676
 922874
 188489
 545636
 285013
 491575
 1010378
 1090152
 400034
 181321
 1066315
 525171
 731128
 751773
 1076664
 415457
 118610
 27852
 991045
 815565
 1095658
 804507
 1009036
 1085803
 90705
 289283
 156228
 324640
 345386
 283510
 666865
 241554
 123818
 841958
 386209
 172785
 528449
 574886
 397301
 424043
 359402
 962868
 843946
 336943
 64040
 786542
 521233
 235818
 762688
 771469
 1038298
 66019
 187871
 891644
 276539
 934829
 556950
 285175
 129049
 1072400
 725983
 802406
 507055
 585809
 349719
 788520
 708319
 892210
 449130
 734451
 1007923
 417066
 200194
 1044747
 164330
 931844
 648857
 409400
 342193
 186476
 415448
 881750
 65649
 893004
 724528
 1014343
 603473
 233493
 1013467
 196402
 563517
 438351
 330732
 88077
 593370
 1057306
 718685
 930982
 736661
 57801
 432080
 139550
 979594
 267011
 566736
 746229
 436146
 267797
 664682
 718051
 828915
 271150
 349993
 831001
 325095
 392038
 382687
 791010
 240973
 123859
 611785
 115749
 742043
 914154
 956114
 962392
 1030495
 1035307
 773185
 814906
 836973
 697517
 300901
 1036396
 778505
 852890
 702931
 976435
 513416
 131522
 237832
 43910
 275285
 1017012
 705643
 142735
 620390
 226905
 618966
 339707
 297713
 181524
 303462
 824813
 467052
 540271
 388608
 897383
 1006186
 842438
 1002911
 359991
 906774
 1007738
 14112
 721009
 911912
 658449
 257757
 899883
 260642
 1075045
 21654
 916145
 841309
 560029
 587707
 742088
 582575
 511528
 413361
 889434
 173212
 174172
 894015
 837821
 113582
 635484
 809920
 388747
 978453
 860751
 671385
 625290
 920419
 387025
 287061
 907897
 622652
 1086522
 423099
 1031196
 275340
 109102
 636160
 589
 857528
 393239
 233700
 236099
 143658
 800238
 647159
 1056346
 1041838
 386094
 1049847
 925237
 174983
 873379
 277567
 1066998
 148820
 317480
 229544
 832726
 564472
 5192
 553720
 54063
 672922
 160343
 76580
 1096876
 1038328
 603212
 122572
 1060616
 92519
 660614
 492781
 951604
 998023
 925552
 354879
 196889
 569949
 685706
 155070
 361991
 178962
 926879
 243151
 560809
 179343
 1072812
 267415
 244901
 833677
 211285
 320884
 830450
 802239
 490463
 926106
 135439
 712636
 541291
 107033
 381229
 427867
 732014
 566038
 49426
 797791
 1030653
 673368
 817888
 654392
 493782
 837597
 552793
 496431
 326664
 94735
 655882
 48777
 197979
 360501
 547537
 790714
 467979
 461656
 572360
 469345
 793657
 99682
 15335
 895783
 702522
 925418
 299124
 874398
 64131
 1094482
 204441
 28300
 460961
 987377
 571684
 364785
 498588
 405059
 173744
 960475
 186701
 222865
 1055056
 569475
 407725
 391436
 177316
 411423
 872010
 869495
 1031540
 493336
 383932
 691589
 703513
 888422
 1014225
 241325
 378044
 225032
 720797
 439061
 526995
 257355
 323836
 900644
 875258
 694016
 515869
 798335
 128712
 744224
 378107
 448652
 936405
 765358
 387208
 323923
 976907
 704538
 1038503
 299310
 140220
 280191
 878452
 867052
 414524
 536402
 211117
 18205
 96393
 621767
 810967
 220093
 291791
 763875
 164696
 771625
 1042682
 506251
 474040
 191722
 508176
 995012
 635925
 256556
 748683
 560359
 168274
 700926
 1023738
 649393
 704797
 425098
 586389
 614758
 1004339
 993669
 179360
 559333
 570704
 194658
 43413
 34506
 678501
 124977
 955172
 828549
 531632
 701578
 569996
 34339
 229915
 960
 131835
 861669
 941566
 844355
 165206
 85686
 947677
 820290
 1064794
 155666
 60510
 192335
 284863
 19008
 392272
 82411
 414361
 705143
 701029
 304473
 257408
 169926
 235402
 513629
 1068774
 864148
 34064
 561362
 207768
 472322
 613259
 340872
 51176
 906154
 241544
 362144
 113255
 224634
 606878
 851994
 774908
 643344
 666926
 1024521
 714824
 15804
 117298
 171565
 208234
 1030419
 239174
 581295
 861300
 990965
 574868
 4323
 1091883
 338643
 316580
 691565
 318995
 226761
 317503
 739828
 1043480
 550432
 283336
 167021
 1048176
 770195
 484051
 304905
 1072230
 880236
 1055978
 585536
 782545
 286660
 701538
 561475
 882846
 85403
 196144
 825524
 762234
 553965
 270830
 286501
 796133
 671266
 712847
 86005
 570625
 829596
 230110
 119585
 111612
 675296
 1035853
 952951
 698362
 660484
 849431
 1070391
 745232
 145805
 686875
 297492
 324561
 770722
 87868
 240045
 462964
 736749
 735047
 353982
 884216
 1048400
 307429
 213884
 829408
 251581
 359746
 108073
 996874
 154750
 372872
 1078436
 829060
 192842
 30220
 925909
 939269
 855559
 452030
 276098
 39373
 898967
 40985
 441836
 876132
 468921
 1018110
 645126
 266972
 797935
 1057303
 24341
 995454
 562959
 595579
 434408
 356267
 29779
 310627
 57829
 490873
 138974
 799703
 208895
 276427
 1006655
 957360
 49279
 390944
 143880
 802237
 606877
 418636
 183285
 613284
 836141
 956683
 1044362
 478407
 52240
 889623
 872787
 385810
 444318
 756906
 397852
 695864
 500436
 118134
 561507
 437718
 902656
 756989
 26466
 588721
 50909
 455196
 732911
 471748
 689927
 848512
 330061
 66053
 181797
 586307
 289464
 1009248
 1085848
 434901
 962248
 336491
 120143
 1082426
 341815
 749621
 833150
 456818
 897303
 172650
 1014202
 203527
 389234
 1055511
 780326
 427235
 541717
 991268
 498065
 557365
 268479
 150043
 136005
 839291
 809406
 529721
 828566
 405449
 210000
 300640
 666820
 272173
 581968
 575071
 827031
 986467
 1279
 21037
 993110
 45092
 387124
 643569
 915522
 581968
 700751
 684658
 875758
 239060
 614807
 644645
 911848
 353993
 938673
 58040
 90405
 411077
 47109
 627130
 933041
 996880
 502478
 124156
 781549
 260091
 326339
 295111
 828444
 664254
 243476
 365050
 951633
 353151
 1038068
 967306
 1080042
 934928
 176250
 48982
 314374
 161945
 585746
 468383
 992132
 302571
 571869
 401325
 632307
 500495
 476329
 434509
 1097103
 480575
 998519
 394721
 34323
 44737
 475941
 397197
 759055
 877561
 1052645
 129630
 1097867
 891162
 504568
 392191
 34247
 304320
 457003
 1075838
 18213
 738886
 219674
 626551
 898733
 971058
 49776
 268912
 334339
 1005038
 52384
 536039
 206470
 274157
 896001
 896888
 222169
 648271
 246989
 133239
 112034
 732318
 564316
 432750
 740728
 453298
 140505
 10069
 58968
 294887
 985353
 899695
 158534
 1091567
 484189
 820474
 481461
 63584
 457478
 250823
 140215
 628802
 977011
 772981
 879016
 89999
 470046
 313951
 673888
 188642
 1003121
 207789
 63339
 680684
 181318
 906762
 981434
 941942
 152795
 440269
 504352
 797316
 684343
 739711
 863529
 524401
 149395
 715421
 815443
 113069
 816774
 181567
 1057335
 745786
 213138
 255273
 557525
 1050278
 179975
 471312
 9915
 790118
 212918
 1093940
 759674
 580324
 60341
 405172
 907570
 342376
 507073
 83130
 426533
 77105
 151976
 350682
 609093
 1071071
 296307
 771658
 654886
 1015225
 532033
 858170
 560927
 1059946
 646632
 1076721
 467142
 1011912
 574012
 422887
 875811
 740486
 704575
 913894
 813959
 190597
 472795
 885044
 480954
 803909
 452261
 470201
 411639
 110973
 921253
 654123
 733292
 542378
 469567
 325038
 941599
 998000
 487748
 330157
 996089
 614588
 28729
 706964
 574617
 104161
 367346
 493957
 428446
 674140
 550536
 34450
 918496
 702967
 635386
 761610
 153087
 393440
 568347
 1048467
 339768
 330251
 431629
 892593
 811872
 900696
 610519
 1053394
 955657
 372448
 729887
 579860
 193222
 518932
 799793
 718065
 469018
 75832
 687552
 691185
 530520
 736664
 137729
 352397
 609860
 570551
 119186
 262426
 245574
 616573
 172545
 343776
 674003
 20188
 174951
 1030947
 573353
 868403
 671744
 270509
 301215
 985180
 23935
 218760
 124926
 1081970
 367207
 1000821
 813151
 115011
 321245
 332291
 143485
 65048
 478756
 386925
 511985
 269821
 978252
 33791
 315471
 998037
 41390
 1094115
 656196
 80708
 150141
 498625
 798036
 657716
 573147
 115123
 290497
 634595
 362717
 367779
 238764
 318972
 641869
 723260
 246721
 387746
 291055
 628106
 927315
 148910
 326792
 990286
 233672
 419753
 803496
 781273
 510838
 1016015
 802871
 214100
 318582
 24963
 826448
 1047825
 154304
 316796
 936511
 254522
 381168
 947979
 565079
 121937
 890552
 450358
 856048
 602463
 687243
 617836
 1083825
 492053
 186125
 300462
 545529
 23199
 1015693
 661273
 294073
 962925
 424564
 128553
 1092403
 329672
 149210
 449148
 252648
 9157
 182718
 961969
 109358
 997332
 506699
 172700
 55424
 223078
 394983
 358912
 872416
 51423
 299921
 156091
 448582
 604989
 1069201
 156559
 521605
 799763
 471890
 616497
 599650
 96378
 307428
 836928
 776453
 1040130
 83622
 443046
 871319
 468643
 418413
 743987
 992403
 853850
 599736
 339755
 745414
 1062683
 156448
 695480
 90553
 299921
 1054618
 729265
 658463
 109485
 763869
 263479
 690945
 137006
 710718
 376881
 598395
 720056
 654839
 488712
 65882
 819699
 829280
 298869
 307352
 115409
 711966
 82262
 471100
 763742
 1064585
 347147
 632983
 588264
 84069
 1031236
 1011422
 982061
 2951
 34369
 113684
 360269
 969562
 405000
 836524
 671018
 1012325
 165865
 339140
 454142
 442238
 1006469
 92737
 716911
 866007
 138168
 564817
 946170
 180580
 60887
 663063
 688409
 593944
 590880
 292596
 124253
 138669
 1058405
 387569
 483058
 304691
 60561
 657138
 236052
 631727
 796049
 178957
 200497
 112995
 444363
 508057
 429401
 953378
 995341
 61451
 765286
 139221
 746701
 674064
 866076
 62529
 345308
 1096839
 553005
 313873
 244278
 132212
 540241
 197684
 903762
 792291
 859570
 1051493
 88516
 617122
 279209
 661891
 584678
 111921
 169237
 433398
 851261
 624336
 1089253
 551672
 649753
 212564
 516524
 536656
 778711
 415708
 87153
 944795
 544234
 391918
 232535
 662805
 336829
 488415
 887576
 715060
 284592
 893513
 478229
 41424
 156696
 460921
 926410
 300864
 1002562
 1054017
 445349
 1093887
 570925
 142263
 723324
 468554
 1081294
 869133
 358013
 851036
 270812
 197543
 1088568
 792988
 991449
 160298
 675110
 738543
 927006
 1048410
 566580
 147306
 922740
 712113
 712809
 33319
 455327
 822090
 390614
 311657
 392985
 158916
 684760
 517249
 604857
 209439
 678430
 488227
 1033498
 152581
 336101
 939405
 330838
 159725
 849872
 868649
 92946
 32703
 221075
 948079
 817273
 585261
 114796
 490020
 222421
 473440
 961061
 569725
 150333
 989072
 1061837
 323691
 925960
 930486
 759827
 715675
 891901
