227557
 791561
 940877
 514272
 125751
 402373
 427709
 610969
 18194
 204519
 863542
 946068
 144465
 358658
 90272
 636576
 226216
 157238
 48076
 509380
 71027
 196931
 845748
 1006629
 1075823
 284262
 623032
 94680
 1087531
 1039103
 802751
 134433
 105505
 576017
 801237
 399797
 791756
 5664
 945028
 1050962
 759044
 1058049
 49306
 524820
 555974
 805863
 720930
 943640
 282535
 194131
 124517
 134473
 479245
 388863
 798956
 286799
 1090177
 318391
 385412
 783108
 1086859
 1000178
 934347
 80891
 461109
 947604
 254145
 941272
 222354
 757043
 671141
 897214
 989195
 488686
 687947
 44172
 584019
 1046464
 293749
 172001
 334860
 435900
 855979
 166696
 746588
 457114
 737835
 407977
 481653
 385429
 189583
 1085445
 499240
 613882
 128366
 90023
 152399
 15295
 694667
 1082540
 979803
 857726
 683300
 881669
 230041
 400403
 223825
 312839
 220411
 847037
 602045
 463625
 329204
 309534
 136971
 641173
 768815
 193301
 785670
 575195
 840710
 1017569
 825123
 734070
 871738
 170474
 937510
 290568
 1005391
 194305
 342118
 500888
 595540
 809637
 856904
 460760
 673571
 874103
 579023
 988495
 245384
 431717
 351929
 906278
 294609
 296703
 838529
 235268
 805830
 983757
 943071
 940838
 1033802
 789530
 1069855
 1028592
 398870
 370973
 239156
 36178
 1034423
 853472
 252286
 45565
 846629
 916243
 410787
 406667
 574102
 733290
 446720
 577481
 403199
 1033616
 891252
 637840
 432309
 702736
 31791
 580059
 691174
 632713
 335417
 693403
 24415
 171531
 157415
 958869
 137290
 833004
 476394
 1047154
 299792
 1025447
 543358
 372945
 90483
 84037
 2216
 829980
 628901
 771131
 436697
 647176
 83655
 209804
 589080
 420301
 511680
 551774
 520000
 487956
 943404
 130020
 519542
 827768
 117325
 854098
 1009068
 956549
 231268
 449189
 778903
 3804
 673092
 184018
 576638
 253231
 474217
 71044
 899957
 177468
 314946
 644954
 137932
 276423
 320216
 944784
 984890
 467081
 698412
 797524
 36412
 10375
 16391
 162025
 870653
 339129
 392991
 503671
 599939
 649066
 1057924
 638767
 484760
 139566
 623684
 301793
 191964
 356408
 476465
 929727
 985856
 485804
 176060
 1067027
 388715
 193034
 894272
 209474
 318772
 108175
 106606
 727215
 63937
 533292
 12191
 510733
 717812
 789212
 528535
 277783
 879185
 784248
 914100
 612469
 716259
 604134
 904604
 131343
 1015116
 930583
 492417
 585698
 615260
 923771
 460904
 696525
 373191
 477630
 584796
 259602
 523192
 1089374
 1071553
 618847
 83793
 236547
 884617
 716095
 903544
 1092922
 953387
 832872
 654741
 351201
 297984
 874502
 586142
 608277
 106888
 5824
 585477
 665293
 870890
 13034
 185643
 766183
 941101
 520081
 925679
 1049385
 413148
 211894
 659234
 786859
 762309
 406143
 494984
 400194
 295858
 257509
 181093
 530407
 516130
 75144
 887530
 203619
 591729
 783804
 777599
 584611
 863566
 681225
 694779
 180
 172014
 18962
 429365
 681222
 922175
 455817
 465064
 1003181
 1067778
 787056
 337403
 1053715
 42470
 154917
 986565
 759428
 231854
 940758
 616477
 997816
 821549
 480702
 206218
 803009
 475770
 891018
 147069
 114458
 973598
 594952
 762084
 533002
 120787
 393993
 237787
 775338
 41439
 949665
 673247
 1002459
 565729
 1073417
 14039
 324906
 339687
 1065130
 396848
 577996
 267118
 172107
 7913
 621759
 829919
 895370
 715360
 347876
 510779
 568384
 269168
 953411
 505668
 469209
 300408
 813023
 757771
 1079331
 536076
 628212
 575192
 840150
 1013691
 483915
 210521
 134931
 991757
 127514
 604351
 1068228
 126246
 4906
 955312
 179086
 307360
 694241
 759681
 890748
 143335
 295747
 780602
 212542
 38676
 818446
 764139
 1037428
 182985
 189615
 68465
 707809
 1010928
 483806
 417246
 122000
 324322
 503573
 288144
 240906
 708876
 672935
 762469
 766161
 315784
 150000
 298236
 69646
 1011320
 548189
 691878
 891910
 519467
 24778
 680294
 41158
 135230
 231081
 726857
 998794
 676836
 134321
 143965
 688868
 140875
 358406
 152822
 719605
 36076
 732371
 1031208
 644136
 478555
 930979
 944005
 470435
 598178
 872640
 200162
 932450
 847830
 138660
 199480
 313489
 135029
 1076704
 16853
 270055
 770343
 718581
 724756
 208232
 459802
 532299
 876640
 908465
 147256
 12331
 107914
 1033040
 954805
 478707
 950331
 391973
 554779
 1088360
 829811
 661881
 956654
 785969
 230456
 250451
 289921
 698831
 501641
 1069586
 210807
 821055
 274172
 318752
 803471
 542642
 481605
 849482
 45739
 681615
 872104
 34498
 204701
 1000786
 446947
 249009
 999598
 1074192
 636580
 293338
 590244
 567414
 317119
 906823
 163795
 544703
 577162
 1006735
 112945
 334589
 955645
 605936
 413103
 630083
 269181
 1098881
 833713
 255466
 1088079
 192876
 477926
 639307
 266170
 797066
 801531
 143780
 716345
 927274
 497989
 169
 57798
 447711
 935487
 495180
 641201
 898041
 649521
 245618
 976448
 887087
 245670
 562992
 194497
 615977
 527962
 127431
 745650
 751381
 150673
 658191
 1077041
 938542
 883000
 1066337
 210441
 241360
 637796
 837992
 537668
 391924
 1048877
 1026750
 879631
 833406
 326641
 126342
 240314
 601226
 250584
 551599
 1077139
 167174
 186296
 378585
 90797
 316478
 113023
 425694
 901105
 125846
 658741
 694868
 323348
 730137
 618765
 1001914
 735529
 44218
 49908
 693218
 523886
 368206
 801091
 134634
 140244
 195986
 613848
 679164
 570626
 731704
 42032
 252060
 108480
 959221
 1092363
 256033
 168688
 286911
 90276
 751916
 297456
 335479
 576797
 1026491
 1047417
 354982
 75840
 698058
 102218
 830465
 246742
 323715
 1025632
 813912
 297088
 630142
 671883
 629662
 1025700
 135015
 613248
 210272
 911146
 747142
 958148
 841045
 326094
 180922
 729709
 516775
 143288
 523465
 806260
 907125
 569995
 516390
 384066
 797364
 465086
 724591
 207434
 691222
 523695
 706444
 478341
 158410
 599030
 792090
 117417
 1016723
 906928
 225664
 721047
 977527
 197250
 6491
 786405
 276817
 722429
 675173
 697203
 750374
 1073620
 565502
 412477
 550955
 412863
 26743
 803445
 569803
 877571
 386023
 630631
 410784
 794021
 493099
 759176
 618662
 50456
 696365
 852993
 1082574
 1046710
 607152
 258903
 745068
 60024
 543241
 111833
 522883
 93610
 682179
 320433
 985600
 1019914
 606530
 20960
 188897
 1012378
 628319
 483534
 150609
 406159
 1023366
 310163
 54187
 329276
 973267
 646633
 414454
 807885
 715948
 861072
 444244
 399786
 485054
 615442
 299906
 91019
 437470
 991218
 308642
 28291
 268927
 245449
 1013373
 1095281
 131964
 695060
 967670
 987190
 442142
 249307
 533557
 675896
 255266
 985334
 95719
 116686
 84055
 602842
 68171
 664343
 467457
 240665
 1002638
 984179
 275287
 1002432
 80362
 865147
 768440
 619948
 951461
 122237
 184147
 269551
 621914
 828482
 314798
 549940
 51040
 859846
 919620
 991204
 835460
 302265
 1055714
 344407
 637118
 761308
 765840
 383921
 2037
 698081
 947572
 954254
 254464
 546320
 36526
 154144
 701350
 872668
 1086395
 711432
 690402
 986818
 57516
 288339
 1076558
 1035542
 954660
 657995
 692481
 688609
 1082819
 617465
 82246
 166697
 30431
 54592
 433972
 819725
 338724
 287006
 765080
 614274
 48744
 1055405
 123243
 741647
 524102
 261407
 209909
 371372
 305729
 276285
 232436
 282685
 742144
 621927
 985669
 547787
 1023300
 975483
 426704
 887661
 479307
 948060
 645857
 713599
 64779
 1033642
 402817
 391913
 554501
 135498
 342676
 684519
 204175
 489023
 679331
 723567
 1042930
 1037962
 247756
 167274
 570207
 950610
 224356
 307262
 150926
 254471
 362288
 470836
 87515
 966908
 409541
 421825
 381322
 77951
 936907
 850519
 64745
 949877
 188028
 108580
 428318
 671081
 275963
 829976
 119679
 981152
 645548
 483160
 185741
 620242
 547973
 401725
 701950
 133092
 325778
 441802
 943401
 1040768
 762053
 434078
 729498
 440972
 820094
 112236
 201017
 191980
 609251
 686425
 128375
 119199
 327915
 805107
 969590
 902033
 474421
 529791
 639045
 584726
 362579
 553298
 150555
 558841
 204358
 654095
 424524
 1004206
 602622
 504625
 988556
 772925
 641353
 26904
 499267
 972096
 825475
 990245
 191326
 277965
 226908
 592436
 204441
 922404
 593028
 96232
 975973
 243761
 1003740
 313695
 292177
 774179
 858705
 356083
 4715
 350506
 259022
 267086
 626462
 935187
 195762
 335539
 790375
 278131
 375962
 908241
 415452
 60742
 968641
 912398
 722127
 4854
 504499
 728596
 429353
 648845
 918922
 682928
 98710
 1069136
 1076443
 953090
 405944
 722171
 716394
 914299
 796843
 451665
 610044
 923034
 307547
 1066593
 134548
 250041
 313970
 980294
 522480
 718049
 425337
 963051
 321630
 115937
 433967
 205964
 393544
 604821
 161774
 228645
 345972
 14098
 685850
 354040
 371395
 22699
 671037
 923068
 261345
 169069
 718612
 629339
 714042
 18696
 949384
 446547
 275060
 190115
 377783
 566312
 308445
 144051
 793858
 757165
 181207
 684880
 37189
 34336
 121761
 978740
 514566
 751337
 27112
 868307
 729962
 423299
 718237
 283940
 19121
 971063
 974096
 750701
 636780
 366089
 13828
 1093202
 194746
 321129
 869699
 1088029
 971550
 490344
 730373
 184860
 323836
 448722
 500995
 817374
 825360
 969923
 601622
 687917
 474418
 414922
 594739
 769237
 921426
 910449
 592432
 427768
 168483
 1000954
 884304
 334515
 723585
 311848
 221780
 127913
 25019
 874309
 517000
 486184
 752153
 1031506
 776101
 533015
 741958
 483916
 348018
 839780
 949944
 75000
 231699
 855147
 649064
 844337
 390676
 313453
 1088538
 143943
 331721
 846098
 90917
 921059
 954443
 824410
 1092663
 81669
 115104
 41783
 18800
 961517
 748777
 705625
 809338
 841141
 728169
 534653
 468243
 752080
 1089717
 699059
 852272
 379876
 895942
 948270
 331524
 450704
 334123
 821123
 174393
 420886
 894013
 706751
 406659
 925895
 1092289
 484439
 363764
 88613
 508485
 837040
 1090637
 1052714
 1086504
 370383
 657324
 575695
 748594
 440343
 126441
 892588
 353919
 960235
 827144
 296524
 568173
 420020
 174426
 470747
 1019220
 880227
 112130
 696152
 267069
 371504
 19941
 422211
 464004
 870203
 453840
 93460
 262445
 248880
 67668
 1014521
 651169
 988948
 166331
 207861
 700433
 922409
 882884
 6171
 451528
 84160
 424133
 1095824
 403618
 688185
 821424
 626282
 1090651
 1060581
 1028843
 431174
 285053
 555591
 321078
 398626
 173872
 941521
 30516
 319499
 955921
 208705
 444480
 209553
 672396
 607243
 342150
 628072
 395002
 29343
 167268
 32622
 907784
 289019
 930817
 149595
 163769
 320793
 208282
 250159
 78194
 349064
 511599
 1055934
 924916
 406567
 414964
 691150
 506959
 429875
 987443
 56069
 519936
 60420
 570480
 590754
 449268
 939352
 284506
 723461
 127342
 616976
 1050383
 417953
 407883
 743315
 690556
 350335
 1065479
 647261
 610880
 72703
 370600
 645370
 124625
 256782
 561756
 754525
 420136
 321767
 147165
 1020441
 275906
 907835
 545952
 913814
 204484
 257971
 894829
 438616
 846318
 1046200
 151346
 874462
 305074
 532778
 591123
 731000
 236408
 919808
 123444
 209272
 594868
 943095
 1088446
 659016
 820514
 488893
 147193
 1057507
 60568
 578610
 306016
 543193
 939742
 288258
 969380
 513819
 873350
 46097
 381003
 146277
 8647
 829362
 939156
 991664
 465054
 1053510
 1014857
 503205
 777342
 952703
 418094
 631366
 36809
 250065
 236856
 179127
 82600
 250343
 244507
 214927
 1063528
 601240
 513204
 532955
 289343
 75745
 1095916
 527941
 232710
 675922
 666377
 492666
 206142
 228554
 1070390
 1004908
 1056532
 571061
 253611
 498606
 789995
 799945
 948125
 966404
 967011
 9819
 333608
 171320
 730462
 522073
 820299
 172292
 450663
 854202
 220951
 1038642
 1064153
 792402
 327215
 822500
 1045287
 452119
 1047110
 590233
 514043
 570269
 460823
 94026
 54238
 169224
 724440
 979767
 175134
 750383
 645380
 195590
 212429
 56026
 184928
 990386
 150291
 561360
 50860
 440059
 763285
 525656
 588397
 20376
 442174
 214940
 873623
 428321
 1025059
 686368
 447974
 869600
 177484
 377738
 109871
 1053367
 121148
 444508
 113882
 834476
 565273
 849622
 273086
 34799
 732558
 719128
 552361
 144014
 406973
 89092
 89786
 852558
 819665
 980886
 289176
 106505
 306748
 70852
 516521
 874310
 170949
 275096
 480108
 82350
 459277
 813905
 76225
 294844
 87040
 844187
 238857
 785522
 279997
 322599
 465755
 597819
 200838
 586741
 227835
 586819
 495640
 23522
 119269
 641269
 584514
 154258
 880803
 578139
 127332
 545088
 762903
 622442
 868636
 249181
 881346
 539081
 409660
 1023322
 409520
 973782
 923858
 391736
 856399
 1045835
 30818
 964628
 719694
 1030466
 1074372
 767421
 278524
 151729
 503162
 242232
 842184
 1008151
 981253
 385359
 77978
 864242
 1063713
 1080257
 936548
 299145
 37029
 823783
 255451
 338578
 342683
 242809
 601837
 27018
 576144
 257195
 1026554
 534110
 866305
 363506
 186125
 986121
 966665
 830714
 50978
 237789
 445339
 370568
 521915
 755121
 1033076
 39586
 231077
 599530
 118948
 328917
 85138
 973443
 84027
 614062
 372441
 493369
 736006
 454056
 138076
 459654
 350139
 1046095
 658121
 382811
 256811
 641353
 464604
 612601
 1067936
 266201
 1015419
 648686
 133406
 635316
 1004478
 38278
 35930
 908264
 403088
 911814
 647517
 317092
 937501
 438504
 145719
 166756
 148346
 51256
 804030
 314340
 579526
 652625
 569860
 389169
 199581
 45835
 599862
 959226
 973129
 746614
 613247
 660011
 1020912
 306571
 276215
 956513
 344320
 916183
 447805
 711368
 891350
 954469
 808420
 299645
 887888
 368154
 731076
 316625
 1064719
 511188
 634285
 861792
 195504
 101146
 510273
 511040
 831508
 1064118
 830812
 492882
 820488
 369853
 51919
 93335
 222811
 158511
 12105
 551682
 224878
 31822
 884398
 436984
 536998
 572282
 258853
 760889
 669128
 74126
 631061
 465923
 766740
 474367
 520403
 843859
 663225
 431569
 720046
 745402
 1053528
 843815
 327744
 509041
 593563
 81295
 845900
 218248
 298245
 89383
 434332
 5968
 1013309
 759064
 896319
 24817
 689864
 847688
 937681
 995331
 568689
 482638
 952658
 437556
 596615
 23370
 1068734
 595625
 782493
 162239
 19593
 1052408
 1096145
 105451
 508112
 758758
 455342
 690945
 550313
 527563
 719152
 160235
 709245
 734418
 1077738
 888507
 584642
 1093328
 1039132
 1030428
 707343
 753498
 480887
 813014
 415020
 754585
 241741
 1014934
 1015778
 915611
 559419
 573323
 119190
 432808
 669043
 14288
 334066
 720638
 852466
 780112
 85788
 798330
 939576
 949058
 567276
 655629
 750162
 529041
 166953
 249269
 132016
 185868
 67886
 685189
 1005182
 709231
 701716
 439494
 482983
 506967
 189058
 773901
 985865
 669032
 881822
 903440
 839056
 991235
 666565
 488652
 204319
 1020476
 1027412
 1035541
 562236
 1006886
 279277
 676754
 409477
 687431
 255331
 546667
 652146
 567271
 607206
 1098232
 497345
 92620
 118519
 732656
 654515
 88905
 286651
 152247
 252524
 226430
 268415
 299716
 1028688
 441807
 79971
 834401
 832207
 1079801
 762778
 939940
 728561
 273641
 1035138
 1098927
 737379
 388720
 23898
 705239
 707950
 118167
 854398
 40072
 825865
 1082796
 688696
 961308
 507846
 2498
 650772
 660884
 22273
 670698
 75731
 951892
 902382
 604620
 576469
 225088
 105832
 475478
 577656
 500211
 999758
 917515
 190249
 48994
 532
 231161
 360814
 80854
 605621
 338319
 812859
 260730
 1000351
 737183
 335160
 562063
 756197
 50176
 1091980
 240689
 251036
 14204
 608633
 826649
 517774
 120917
 743067
 894389
 874052
 462108
 714979
 259350
 390288
 256107
 32691
 368516
 901554
 1036743
 1059383
 364443
 838818
 613239
 98168
 95238
 270845
 216110
 494117
 586889
 328863
 877689
 959559
 13631
 894865
 945589
 1006129
 552614
 760258
 387435
 187259
 572620
 999198
 445592
 989189
 146224
 45031
 535793
 2405
 89750
 116430
 57066
 249493
 386917
 608436
 1005508
 745625
 427248
 456883
 813453
 1054485
 174805
 732751
 64393
 40457
 224341
 331553
 829781
 709776
 459057
 590141
 179474
 595574
 175984
 163618
 910047
 1044718
 424101
 203759
 1095210
 829379
 128009
 1017956
 551493
 656484
 684183
 106851
 220390
 886171
 1014532
 1004417
 716951
 274199
 506326
 205883
 486937
 393858
 148315
 991924
 357199
 217256
 446076
 166095
 46619
 875583
 922391
 949961
 513281
 164581
 1053212
 840896
 394662
 24637
 178753
 1093885
 103734
 1042567
 130734
 954487
 1084129
 116323
 376153
 452780
 457115
 49127
 676862
 571609
 118722
 371557
 621134
 316763
 737355
 310552
 476151
 545212
 825259
 481567
 1013476
 100670
 876894
 228127
 44785
 642762
 898455
 1065495
 308980
 443896
 967829
 930905
 849676
 753714
 282332
 356793
 8800
 396016
 249334
 283763
 147504
 940938
 7214
 385492
 175123
 996437
 784347
 935703
 888854
 490382
 856811
 1056313
