1089858
 7933
 1087143
 1009828
 63674
 154374
 280516
 137459
 241942
 700850
 215566
 425064
 84917
 787229
 115142
 789105
 619055
 448895
 588797
 719414
 1030147
 45903
 716969
 436764
 721548
 754428
 813781
 854532
 355657
 468871
 206486
 1069691
 886573
 19044
 1052236
 299154
 378279
 984801
 591292
 585688
 809966
 213482
 969181
 803394
 110711
 518402
 264288
 869785
 628242
 373482
 835544
 694751
 633620
 448053
 1015854
 410320
 299244
 907304
 711729
 603276
 349527
 948773
 217231
 641041
 720468
 426349
 192342
 597522
 364728
 131899
 1014449
 447231
 59936
 560191
 90095
 1012697
 573368
 545862
 401229
 572076
 965951
 646249
 1080107
 637711
 577762
 325501
 39218
 13882
 1017289
 169443
 126991
 78033
 220584
 330231
 318310
 415199
 295359
 252531
 209995
 812866
 177162
 472575
 388225
 497329
 290001
 1028630
 394460
 508303
 1047729
 360157
 172543
 397809
 455323
 37796
 532088
 805395
 1093955
 696086
 684490
 716129
 410499
 727099
 126500
 481864
 333891
 89607
 167926
 782152
 774558
 988657
 833607
 60465
 198234
 295542
 1084565
 848486
 756734
 461961
 108344
 412807
 639269
 973877
 847262
 68191
 260423
 870031
 82776
 714009
 693378
 512917
 850842
 739458
 890981
 80190
 929767
 703352
 332035
 73117
 981739
 813756
 629320
 388332
 723601
 872885
 766874
 3820
 639230
 623863
 554066
 49152
 54147
 1005834
 1017259
 365356
 710854
 853522
 889695
 815282
 55550
 971939
 742937
 856942
 720014
 958923
 804333
 1047511
 190811
 163751
 96514
 772345
 912225
 203926
 487107
 941293
 916357
 823007
 1086581
 975903
 854356
 280966
 115189
 259041
 771602
 850399
 521011
 408922
 99215
 456808
 81647
 994272
 145251
 61352
 236857
 458431
 630805
 1030939
 1060797
 14992
 1062698
 390958
 118491
 208522
 337306
 126969
 246173
 335045
 509905
 3676
 609806
 620087
 1039303
 149972
 955360
 766924
 296366
 738028
 584680
 215072
 714078
 565298
 1051222
 744077
 424153
 930399
 770474
 962324
 699133
 973057
 941374
 787123
 154631
 691324
 480057
 823038
 295708
 151110
 895230
 619715
 838974
 452128
 527649
 303721
 259050
 74381
 516079
 797303
 199352
 1024582
 165668
 406456
 803029
 875905
 550653
 827938
 413380
 184803
 71005
 955392
 102792
 297921
 730507
 457256
 299974
 807655
 66212
 1017750
 401019
 380919
 319614
 595323
 713749
 836549
 543145
 861781
 453806
 315817
 786219
 251753
 634811
 149456
 199726
 737913
 1056330
 417894
 102328
 1093592
 128663
 801128
 446320
 699051
 516720
 355263
 794857
 22673
 574746
 529102
 569185
 808642
 970334
 680953
 240488
 123082
 1057422
 678263
 858065
 97770
 38145
 1090746
 694055
 98509
 773171
 373230
 493522
 145618
 357080
 42767
 113896
 689129
 760529
 487801
 540920
 416623
 1050525
 763784
 157405
 1076292
 890177
 1047615
 1009335
 1052946
 328766
 949752
 577629
 556311
 28756
 776267
 756328
 568801
 902770
 889019
 234657
 226267
 938945
 687889
 21166
 886787
 134017
 93902
 207781
 23418
 916716
 330423
 396068
 995516
 968742
 779153
 534014
 638717
 665245
 18431
 954506
 455867
 856697
 630007
 6692
 51261
 449171
 1047566
 692873
 104042
 123394
 752065
 941032
 172612
 191297
 901081
 1076889
 793572
 113977
 607922
 640494
 971547
 93037
 456067
 362741
 4551
 657463
 675339
 648519
 505822
 774856
 275067
 641543
 899672
 610263
 125811
 879240
 512893
 927972
 309158
 614627
 1056722
 767905
 910557
 372238
 490629
 984137
 334911
 113978
 598442
 65275
 299183
 158290
 797162
 177726
 993341
 145016
 241323
 719011
 652650
 855170
 764226
 547485
 840629
 255996
 209187
 626032
 31500
 329028
 6472
 491841
 614172
 1077274
 149654
 519570
 49576
 719432
 9087
 682517
 581135
 675615
 4235
 899891
 954792
 649821
 81906
 110063
 1058376
 429015
 649566
 752145
 329534
 432410
 522731
 345208
 1090627
 883910
 668701
 841174
 1037011
 609911
 308266
 537925
 864419
 621141
 243415
 207329
 998513
 145266
 1003127
 749410
 485332
 363988
 684630
 743025
 37631
 156308
 658315
 644224
 16318
 864890
 524611
 81214
 1007686
 78593
 197263
 768658
 105547
 92765
 1042086
 884819
 239609
 98728
 973376
 126669
 1009605
 629247
 674007
 192180
 278532
 554044
 185429
 994337
 759131
 884699
 478343
 409695
 964232
 53043
 1018675
 693399
 366119
 533981
 889537
 654700
 405720
 420705
 281702
 1011466
 903425
 73304
 810465
 271958
 326476
 73502
 692948
 827366
 508146
 340861
 554208
 409300
 698388
 865845
 366789
 626817
 590467
 554301
 25199
 172121
 271508
 850108
 520162
 596762
 631493
 1025138
 740340
 764681
 602483
 429210
 909584
 574563
 334754
 464349
 170938
 865522
 791971
 808549
 482407
 995739
 214569
 965270
 1061139
 339420
 1016672
 314417
 91366
 482892
 970626
 537007
 291168
 394797
 831191
 381548
 957029
 225128
 495073
 901156
 789258
 467547
 167712
 899618
 893021
 651875
 878756
 841972
 563347
 504213
 435192
 584644
 268915
 64896
 950265
 695407
 90209
 785512
 12768
 1085205
 20175
 641476
 740319
 819443
 225329
 314583
 309271
 732891
 479742
 961256
 256982
 991951
 132020
 141231
 48154
 371219
 427715
 149127
 381989
 727247
 776017
 506800
 615718
 1070893
 434933
 170672
 247277
 250125
 222513
 511341
 724002
 142412
 217861
 606694
 1036471
 227037
 634987
 792990
 869838
 465401
 216866
 935900
 210151
 429134
 505650
 387753
 420487
 413086
 636611
 497090
 1096475
 873358
 953147
 814068
 1030313
 121916
 870279
 714343
 730612
 129309
 306023
 988343
 807614
 113962
 732274
 371983
 904390
 843055
 62870
 1027259
 208351
 975111
 1066122
 850933
 412618
 808907
 534679
 906058
 1010808
 67097
 184801
 578903
 501519
 926270
 90112
 841673
 923093
 845216
 685084
 555399
 716849
 530935
 561442
 757740
 705510
 510703
 578865
 328533
 103495
 715193
 1059148
 52752
 316906
 243554
 883671
 373792
 383338
 492549
 592485
 210152
 614186
 1067604
 813959
 647846
 259242
 1276
 718652
 919716
 326678
 981952
 255852
 972088
 665695
 893883
 588653
 403133
 607151
 93332
 263012
 411414
 898786
 849164
 622335
 677798
 166658
 525716
 246074
 998530
 781772
 678790
 916263
 68649
 454266
 140240
 115598
 307267
 494944
 135684
 542197
 889609
 771820
 669192
 1056239
 1085997
 1027482
 184777
 1094456
 354011
 1005681
 576839
 483937
 622465
 125797
 641028
 509837
 289265
 502217
 352573
 913054
 202898
 640927
 725580
 83938
 1020890
 326659
 109185
 777937
 376393
 494159
 722905
 992489
 432036
 176969
 199390
 347382
 98027
 591725
 1069955
 918676
 230698
 942357
 474698
 40547
 46501
 921855
 574653
 710764
 2147
 139511
 236024
 140876
 782059
 150391
 797650
 897415
 766260
 263537
 1079166
 538508
 111592
 176917
 909503
 918202
 767948
 234260
 4493
 868994
 971865
 772678
 475612
 1074139
 338730
 70340
 410744
 1040949
 667210
 359487
 527216
 916839
 1055984
 1083136
 889882
 674819
 186493
 202816
 48602
 690189
 201909
 6702
 66720
 275549
 695223
 647614
 565121
 973604
 359908
 45443
 441066
 336420
 548336
 462885
 461723
 366397
 790178
 766787
 859175
 833306
 308403
 556678
 321182
 1023955
 551045
 784652
 522667
 530243
 88984
 275514
 57627
 350648
 872211
 188284
 742537
 370720
 345876
 392142
 1009010
 133201
 215036
 39443
 400908
 605492
 659469
 749461
 397114
 131313
 100677
 104675
 705049
 749100
 399655
 229221
 205732
 944686
 372128
 824982
 961220
 600382
 361797
 324653
 660512
 396028
 716419
 462220
 245490
 134299
 915760
 669648
 411565
 1022068
 272523
 842168
 99094
 229762
 743682
 182377
 943814
 294651
 1086792
 423135
 625328
 534486
 179300
 841401
 141283
 911097
 422749
 951975
 1080981
 860644
 1036960
 15962
 995457
 313194
 786160
 684656
 316699
 241136
 981427
 892648
 1031105
 381350
 159605
 552146
 348737
 1027866
 330410
 911829
 523526
 187348
 399479
 625525
 687041
 296729
 329860
 76728
 1083927
 20059
 326357
 241363
 934930
 405280
 583406
 481576
 644866
 950282
 551100
 748712
 242545
 652971
 547347
 488943
 984610
 766409
 647724
 247232
 988646
 471835
 588157
 714017
 1060236
 87982
 461829
 961199
 751474
 507512
 299908
 657504
 435356
 269812
 760786
 699562
 369066
 115839
 738186
 837077
 596048
 1039980
 645344
 50428
 31474
 416664
 931793
 233875
 667983
 451450
 362433
 447311
