880911
 882664
 855443
 614275
 957640
 427892
 269450
 288546
 73582
 101
 884025
 146495
 752956
 149191
 775194
 469556
 1082099
 93091
 74047
 508851
 661113
 51227
 893674
 74188
 1091149
 471663
 335904
 360205
 247403
 743482
 557969
 867049
 720383
 730324
 226802
 199323
 138955
 578794
 907257
 924506
 690340
 496909
 766204
 493971
 551118
 287063
 582974
 641226
 85798
 978034
 887883
 543412
 646350
 1047716
 120897
 987394
 179775
 68106
 66745
 205331
 812019
 309465
 1083562
 185498
 1093845
 89500
 390821
 970595
 885493
 783691
 1093311
 1015751
 677958
 108711
 364529
 231115
 591832
 983501
 570140
 411701
 604267
 408628
 408231
 321410
 250740
 623262
 538527
 686843
 101891
 641146
 391456
 13927
 326116
 937722
 845194
 4503
 1059706
 572728
 946103
 433817
 916185
 84929
 1010836
 395113
 142328
 304837
 62055
 718992
 178512
 1013119
 769867
 166029
 104002
 526336
 410729
 139020
 1014030
 1090131
 262495
 63039
 80446
 966944
 748743
 546054
 242165
 278343
 256075
 861441
 651883
 1018386
 537122
 604146
 578372
 872099
 185214
 344487
 371695
 825670
 653438
 1004116
 215349
 1041241
 155893
 422132
 309004
 1053026
 733416
 561456
 469783
 1005824
 492836
 571466
 4034
 401532
 645475
 41347
 735270
 597902
 83281
 933682
 805029
 963603
 579
 697642
 156050
 226008
 297603
 501927
 161331
 1089229
 209079
 1057492
 1066392
 706973
 273502
 829040
 1058012
 564425
 758885
 309470
 458003
 893542
 644192
 857639
 430971
 515461
 1004762
 57359
 854602
 581866
 862306
 1045231
 640163
 303304
 1094327
 587497
 35913
 109401
 798701
 601642
 504336
 929479
 547980
 1055018
 882043
 339726
 627270
 57788
 659638
 237317
 213566
 442414
 561617
 444131
 401611
 939202
 21253
 897342
 1023742
 369513
 633803
 223014
 241179
 646510
 994089
 447340
 368550
 569128
 820140
 162747
 730157
 593019
 227471
 720691
 1005498
 947599
 55549
 330459
 352078
 110627
 748695
 908943
 272594
 958109
 822621
 210628
 903794
 361683
 365003
 519215
 788487
 363496
 198482
 592470
 1042664
 554907
 773166
 1017952
 932017
 727991
 1031668
 1033566
 1016273
 923562
 627935
 1070794
 1044535
 568788
 689858
 1032669
 485410
 921059
 457325
 380776
 580853
 905732
 531012
 468637
 947203
 12754
 757458
 321550
 770461
 465753
 492122
 804148
 966072
 890990
 610191
 575978
 399972
 208588
 917536
 567053
 790416
 399763
 865498
 13859
 116289
 755181
 1033364
 310741
 807799
 224986
 1040036
 120177
 975570
 601636
 897395
 316549
 848464
 519188
 1071666
 119075
 145803
 706760
 48865
 53958
 334367
 960911
 725266
 939992
 107331
 270417
 95559
 33793
 12023
 24463
 537333
 854519
 532056
 143778
 765514
 430549
 191337
 374371
 134878
 979858
 69864
 1030736
 727646
 801255
 956470
 953766
 478674
 620040
 194980
 158780
 582981
 932665
 694428
 802539
 232853
 1043357
 1002152
 494748
 598945
 249210
 1050245
 309956
 179968
 329414
 721392
 708131
 976719
 832529
 779705
 478568
 758862
 88697
 697467
 195066
 761512
 538929
 645832
 805828
 763995
 995174
 117376
 525583
 403474
 481794
 752650
 831472
 507660
 809087
 137530
 213578
 729873
 570074
 488874
 89768
 323417
 950858
 319913
 866688
 756903
 591305
 569260
 663444
 484492
 1024030
 931551
 761130
 658470
 369853
 440541
 689872
 985277
 459795
 739761
 69684
 551567
 788841
 686831
 958321
 436789
 1095490
 496788
 319941
 55237
 1080269
 934844
 1089273
 760180
 321605
 653493
 15790
 938791
 761683
 803029
 923415
 223519
 272459
 377753
 319458
 926305
 706205
 870566
 180797
 832041
 594583
 383982
 775898
 716793
 362983
 958933
 871267
 843627
 414101
 961859
 272052
 372253
 870718
 583379
 1056426
 62329
 490481
 810406
 975637
 208692
 578997
 355102
 98428
 179612
 443850
 508089
 529997
 485121
 10491
 876241
 780955
 801407
 74067
 746782
 1082858
 327606
 40425
 320368
 327311
 1013261
 290056
 59021
 808582
 661335
 890444
 832468
 469792
 268050
 1073981
 1039382
 556613
 839299
 675028
 322510
 46922
 734227
 1063619
 511103
 1011805
 1055051
 147690
 856935
 451839
 310396
 578638
 209349
 404660
 188488
 443105
 121241
 676893
 852148
 803462
 207080
 911312
 804888
 386199
 605721
 670637
 438973
 162978
 755543
 614392
 1062616
 170789
 215418
 534947
 431801
 579757
 516197
 796542
 850045
 826762
 774334
 261670
 149928
 1070319
 121018
 519305
 151997
 49158
 504758
 614511
 894465
 362616
 320302
 70451
 287658
 845232
 1047916
 756867
 556622
 22185
 47644
 813104
 626255
 762654
 782031
 550727
 246832
 739697
 1065629
 935830
 814435
 995960
 186723
 1087866
 211885
 34098
 233937
 418272
 2023
 999673
 779395
 395916
 1054889
 280546
 424343
 856170
 117906
 858603
 248065
 791036
 625914
 614983
 979810
 264615
 1055437
 920033
 665297
 656907
 92885
 816126
 455689
 317564
 967815
 179823
 413548
 584307
 673656
 74863
 650987
 770917
 808466
 663282
 519880
 438562
 1085929
 63339
 840048
 656900
 231485
 728322
 720483
 398399
 67786
 1065580
 662111
 977438
 1077791
 434997
 581145
 781355
 1070905
 927889
 209166
 14318
 544694
 865136
 661157
 943201
 819498
 165237
 369050
 339122
 930410
 297336
 772677
 100023
 1058058
 783362
 796298
 359153
 488346
 980275
 723769
 79749
 1085221
 897701
 884930
 1093940
 496120
 244912
 107219
 452943
 94225
 129139
 685593
 503759
 276257
 793782
 287537
 563440
 212242
 194667
 241701
 132559
 781887
 507172
 241610
 435302
 887096
 43062
 1018507
 29025
 28873
 515759
 363141
 342027
 901565
 639803
 950334
 662762
 816282
 388452
 31608
 940258
 530169
 495801
 872447
 1024571
 12819
 650784
 631470
 792978
 321872
 135595
 247572
 435769
 183278
 612906
 1084112
 129036
 837097
 324563
 616410
 312475
 415359
 1002036
 1057136
 951996
 590046
 454224
 462714
 290598
 795752
 663445
 540788
 203981
 585230
 248803
 337659
 41193
 907435
 1021654
 8643
 806927
 722507
 932909
 896483
 626082
 775936
 206329
 264903
 656179
 244084
 807970
 323936
 498168
 965472
 457848
 563950
 1024335
 208518
 293352
 408403
 703326
 547214
 93630
 570632
 1070977
 878834
 518869
 595975
 548538
 220652
 964068
 673075
 862683
 1046475
 926454
 1092943
 112592
 953726
 150512
 1004810
 522846
 487355
 955497
 650958
 795950
 422797
 104507
 720171
 752943
 616215
 892806
 245445
 774474
 785359
 329691
 694709
 995306
 339763
 231619
 438453
 695303
 24534
 1015175
 300311
 902540
 464643
 159870
 606484
 832923
 491316
 614305
 916321
 330437
 43839
 90157
 612671
 259583
 156594
 428015
 980188
 675379
 1004026
 893070
 572243
 697976
 673289
 664055
 72505
 224981
 936544
 142526
 457439
 824109
 588512
 567245
 158431
 956704
 390399
 824858
 896303
 654380
 305797
 594712
 871750
 243325
 161698
 665056
 774248
 636382
 1030701
 761074
 296960
 17880
 646116
 230170
 674473
 469948
 869863
 539231
 503927
 620398
 150412
 506651
 305281
 487058
 369815
 1072333
 355489
 313463
 1098856
 284797
 722960
 135139
 267663
 922849
 221407
 504014
 818776
 1058205
 44929
 688275
 746825
 118851
 1066736
 966569
 123665
 305303
 703621
 715386
 348868
 311298
 4281
 550643
 346
 847649
 863864
 677258
 222393
 582057
 379973
 790596
 922031
 102454
 630068
 826606
 1059302
 993469
 777984
 525114
 404051
 1050193
 789927
 37559
 1049787
 1078272
 789738
 685542
 180673
 212375
 414406
 139698
 238686
 756390
 735504
 162124
 959966
 605670
 318297
 819220
 920496
 929121
 217461
 445840
 163763
 893783
 403570
 82910
 411183
 130392
 389180
 678559
 1032891
 932298
 383371
 61831
 726028
 392085
 647771
 120399
 230904
 351918
 436112
 981116
 1002643
 913695
 1016940
 289463
 466114
 346079
 945824
 359626
 973347
 913610
 551823
 461583
 826703
 963231
 575235
 789203
 703119
 500899
 205569
 916911
 220558
 302497
 896025
 69879
 369065
 868379
 538013
 1028044
 43879
 11789
 186984
 971770
 309981
 326054
 616333
 901616
 770048
 580964
 642121
 404449
 676632
 404002
 486047
 960723
 714858
 1062216
 544088
 949317
 1051705
 245756
 818044
 778533
 1061834
 230157
 175036
 1010380
 259695
 928415
 678233
 517824
 1020174
 965395
 16681
 911353
 974377
 973991
 879506
 265716
 25791
 844022
 770705
 188480
 1037849
 1053027
 819123
 336408
 512679
 340517
 814458
 702428
 73673
 861208
 126247
 1046810
 944786
 1067079
 810296
 733477
 959071
 1076226
 138657
 751357
 605394
 963576
 456977
 433083
 553006
 145815
 420349
 130889
 647459
 273555
 387781
 157827
 986824
 878441
 103689
 810308
 779013
 138533
 446308
 578775
 54212
 680696
 414630
 794157
 761309
 719303
 1088944
 815890
 768907
 1045080
 289017
 1180
 939817
 263312
 900352
 1059703
 1068220
 845246
 166595
 153522
 1052324
 279824
 219225
 682958
 898982
 136870
 674012
 832283
 224923
 785455
 26305
 756636
 937404
 144254
 21246
 806432
 373177
 347175
 1053269
 919825
 864257
 231085
 354982
 448461
 931551
 908450
 541288
 172843
 128242
 48408
 660083
 465429
 216899
 704813
 967904
 547228
 808671
 679175
 832647
 1083348
 903600
 662236
 247093
 458394
 117232
 171925
 762641
 643650
 947915
 1063544
 66189
 681880
 194477
 78884
 646715
 658516
 634925
 222569
 765796
 392496
 986934
 253503
 833061
 218060
 467297
 1070216
 118224
 253408
 1065959
 530285
 831302
 467710
 262990
 706017
 1071850
 328894
 491894
 270436
 519472
 76523
 737219
 1095153
 610682
 1026278
 386822
 197729
 966988
 330409
 663518
 674398
 1057049
 94352
 538596
 273068
 977793
 758745
 951982
 994796
 222041
 447160
 78686
 651773
 139271
 309627
 480784
 974857
 559076
 806690
 721780
 828923
 346590
 755777
 476153
 97978
 109318
 958329
 1044766
 612411
 361262
 473295
 561135
 1070698
 826799
 690464
 1082403
 662350
 1033549
 710524
 910938
 620266
 1048826
 45657
 310966
 419437
 322506
 8933
 488797
 499068
 386536
 327987
 863960
 445472
 275062
 1004542
 843301
 480495
 571610
 880716
 929564
 1091234
 561827
 739687
 1067842
 264433
 504566
 331860
 326170
 51180
 285452
 621579
 314689
 979334
 373105
 170730
 72818
 328550
 818027
 937064
 826081
 58252
 394309
 451069
 961460
 1059835
 39475
 1060589
 743072
 637003
 1020110
 922513
 440847
 694260
 310864
 1076994
 759548
 403904
 852458
 431025
 431535
 960844
 145067
 540106
 821742
 806568
 194759
 595156
 523791
 996119
 358718
 488591
 440638
 961114
 271505
 790729
 442907
 517981
 469043
 180643
 21610
 617560
 334727
 50576
 747207
 912411
 294204
 444791
 118097
 311427
 463414
 177881
 645985
 158145
 727412
 1076287
 53568
 764824
 712997
 241736
 575410
 218957
 752638
 117019
 762244
 883926
 824903
 594196
 472567
 208229
 1000799
 758488
 384129
 529104
 440293
 805253
 889150
 599463
 985381
 1001467
 1062488
 405766
 1032210
 1043626
 932125
 431711
 720118
 641491
 373840
 633538
 627345
 675027
 672293
 1033512
 963384
 1032566
 790873
 44892
 479609
 680667
 959935
 215298
 132558
 4643
 783331
 476718
 1042196
 286175
 652512
 1068303
 180250
 514649
 690657
 603923
 1081003
 160029
 1070537
 69436
 464679
 8963
 311639
 942097
 951335
 475599
 1091362
 100888
 809041
 914968
 941267
 145239
 123930
 530029
 88337
 543855
 736096
 601254
 439478
 416415
 878061
 744299
 163675
 91613
 660429
 655601
 128294
 490100
 497805
 632066
 885161
 368565
 1037986
 250344
 489012
 309942
 1088336
 193619
 311379
 1024871
 1095537
 166131
 246970
 45657
 578797
 1046719
 762813
 1072833
 149741
 925356
 764146
 691000
 44093
 181487
 54762
 588679
 315742
 903802
 746142
 966640
 29362
 681096
 985933
 60824
 1078693
 662511
 510444
 391902
 828908
 414596
 654865
 541973
 295569
 940450
 853480
 194116
 253447
 575169
 185500
 641593
 431215
 879328
 1038078
 1023970
 876988
 941871
 683556
 768141
 401733
 167993
 408370
 890398
 914299
 371326
 738377
 710947
 980083
 712519
 108620
 608330
 715439
 261699
 97102
 12575
 722344
 644211
 470242
 958483
 1004905
 775797
 338678
 147978
 146678
 541126
 847888
 879276
 778056
 386092
 129877
 569652
 560458
 24575
 542485
 163492
 222410
 1080497
 1055103
 669738
 246995
 860899
 112851
 191574
 39595
 188719
 668172
 392006
 1031929
 98363
 722498
 1088305
 612418
 72452
 185624
 318855
 407893
 395098
 296271
 143130
 1047188
 115925
 210677
 394182
 352960
 1055405
 24351
 297920
 56735
 66974
 380912
 185215
 99187
 156096
 1036728
 342360
 263214
 638750
 150955
 769613
 535147
 369344
 626047
 807390
 188957
 116266
 166266
 739186
 290544
 395057
 782412
 652151
 187102
 393886
 908474
 752703
 555669
 563043
 837141
 687545
 261939
 241146
 61074
 64025
 889195
 416968
 272442
 536908
 742189
 394307
 191591
 837233
 82721
 546582
 352687
 515005
 175958
 106045
 55648
 736360
 1443
 486094
 207622
 392036
 56628
 378343
 800297
 595388
 215801
 274984
 592283
 942302
 105219
 129724
 7272
 886338
 557527
 1028568
 257885
 535603
 1051495
 828107
 134231
 735883
 410103
 766713
 354554
 60793
 443344
 87442
 773447
 200510
 324487
 609133
 646006
 143116
 936350
 214228
 412313
 671154
 45324
 457561
 865377
 577925
 911600
 953400
 330473
 792508
 1021907
 648998
 681659
 464550
 659251
 166744
 459559
 186676
 1063616
 399175
 751412
 801029
 1021026
 501485
 972535
 1052110
 794919
 396462
 79711
 69247
 76965
 618570
 329361
 724257
 266250
 1006472
 689312
 177430
 908652
 520128
 11633
 993465
 319980
 240142
 811470
 769409
 491
 402524
 314478
 754587
 648478
 200768
 249059
 245629
 677644
 959683
 486934
 118736
 566985
 613461
 314372
 1013798
 842306
 356019
 612091
 741060
 1056483
 1047003
 272604
 744271
 829389
 872954
 207862
 86996
 5040
 1031169
 878640
 959707
 386793
 920838
 552731
 224847
 701091
 765095
 231402
 96738
 227858
 920166
 167455
 104589
 272757
 519126
 496596
 369855
 629226
 452152
 1096969
 1037790
 31006
 893701
 962243
 115405
 830412
 1017345
 35953
 131130
 253145
 233097
 372179
 936301
 875649
 107217
 723953
 1003469
 831746
 841788
 453004
 746389
 957726
 959546
 772852
 401464
 741784
 314762
 747357
 495444
 1054782
 289401
 177801
 727626
 838800
 217488
 1044789
 832942
 1027094
 647050
 729085
 818380
 531751
 926340
 608089
 1094012
 268493
 653071
 72485
 134986
 986853
 729963
 1072207
 71337
 668285
 1043812
 211074
 412402
 267479
 576202
 171332
 693274
 1047115
 429034
 650175
 984191
 16286
 156877
 164066
 650365
 488291
 469356
 606815
 441356
 783621
 55426
 530612
 892166
 972135
 433312
 915336
 184289
 21996
 1066533
 467716
 417132
 272524
 504610
 545047
 127778
 23553
 1012860
 685123
 95559
 764628
 476572
 766440
 460797
 975428
 407953
 349758
 1017776
 526952
 1027639
 716403
 355765
 404348
 694671
 986421
 774402
 365865
 310102
 97248
 561836
 289158
 389985
 206297
 937178
 248440
 889952
 25508
 1088851
 1055684
 847112
 737559
 612180
 111565
 472468
 420780
 91967
 791630
 703272
 677953
 903313
 803896
 329389
 850311
 497540
 657739
 595910
 404382
 435550
 573901
 309114
 199704
 539804
 606163
 945398
 779278
 761347
 681265
 661954
 246230
 853384
 254141
 397640
 470769
 195691
 840847
 122836
 586312
 589386
 392223
 817800
 934819
 1084641
 362976
 198574
 687577
 250115
 1011855
 163056
 579139
 1013642
 464400
 532494
 372541
 294832
 349655
 502537
 31919
 1080839
 720168
 1041190
 264456
 969543
 442004
 408734
 453506
 147515
 440086
 598320
 563595
 909280
 688143
 290451
 467574
 743051
 675888
 1060560
 693546
 683077
 699139
 794333
 1071507
 92865
 1026366
 214988
 572403
 515455
 753502
 390084
 527587
 488005
 1059886
 112351
 989092
 77736
 533716
 463923
 126245
 20498
 557175
 14701
 142981
 676454
 3010
 826901
 970550
 303528
 982841
 817503
 948374
 115652
 813697
 822987
 999457
 1017350
 428095
 381701
 862035
 952872
 866609
 612069
 542175
 1006843
 233862
 616562
 458395
 680511
 327143
 1089469
 542547
 333654
 111872
 413898
 629758
 800123
 695404
 944426
 83817
 749136
 575758
 154334
 983437
 997910
 782740
 705840
 884448
 612805
 934277
 620795
 39356
 231607
 630533
 195578
 388018
 50310
 102985
 1096093
 1019915
 414044
 97248
 866728
 93054
 681477
 778862
 329526
 164244
 1075935
 906141
 763248
 309284
 736914
 722138
 694901
 909305
 863810
 965060
 842039
 702044
 162659
 498723
 76861
 962525
 618931
 592210
 1099451
 194087
 808442
 547836
 1041495
 386391
 950826
 13157
 942818
 1098229
 223642
 689036
 883926
 1045875
 1069534
 514326
 211221
 406889
 610135
 982598
 675008
 238669
 615067
 1074537
 145774
 533593
 524937
 1071684
 677693
 129741
 873917
 14083
 795282
 1008236
 535751
 792336
 475890
 866352
 51526
 524687
 694477
 977751
 765033
 1090462
 37355
 756457
 762641
 898613
 237635
 480845
 329657
 663179
 800109
 353811
 32165
 329857
 1087416
 497889
 850273
 689025
 742197
 118275
 519197
 760346
 975379
 923643
 954734
 942017
 956400
 805637
 427194
 385127
 540345
 271886
 825525
 525734
 841238
 836953
 708718
 436266
 227203
 734178
 555282
 93232
 409209
 794937
 872152
 687143
 311992
 191321
 242671
 843183
 667382
 670254
 965869
 567550
 900365
 30806
 889462
 1062065
 112255
 881632
 574988
 706209
 813072
 141267
 307031
 705266
 677409
 144686
 235880
 810200
 672451
 600535
 679340
 69494
 272670
 516232
 643716
 607273
 941520
 623222
 181254
 718831
 648666
 997227
 1019580
 899711
 405938
 315522
 483988
 347263
 390353
 428515
 284565
 567605
 1061291
 815482
 866651
 856355
 213534
 848384
 407567
 581361
 26482
 186694
 797714
 68144
 633748
 219331
 130660
 657702
 419633
 880677
 293284
 296669
 1074840
 907244
 602933
 169883
 417851
 411990
 120628
 898231
 763026
 287648
 7634
 484557
 960157
 936949
 302363
 596478
 221668
 505353
 915218
 1011758
 297241
 20595
 754401
 231171
 354569
 977605
 43119
 940530
 837182
 854941
 679665
 231079
 567446
 928071
 156974
 44776
 93267
 831538
 403347
 64984
 1096630
 284973
 32580
 517066
 1067979
 41575
 731526
 167900
 56137
 398557
 132407
 538223
 155617
 846068
 230107
 69620
 1049096
 1093834
 805504
 197232
 660124
 699023
 752461
 508682
 355904
 386169
 626737
 299022
 410763
 537476
 246232
 449046
 581708
 198518
 605377
 699113
 720319
 881318
 474407
 100406
 262646
 275858
 923786
 1037101
 483981
 27820
 797283
 41765
 169019
 583305
 784583
 235273
 1049120
 846048
 980440
 729294
 887897
 577818
 548173
 966855
 309507
 734821
 685738
 801657
 1036349
 388117
 1075593
 966907
 56041
 883111
 915707
 848901
 677788
 670389
 674173
 15925
 649198
 936864
 180145
 437940
 438214
 636910
 252305
 775888
 722732
 902354
 966283
 1083612
 845025
 293294
 655162
 623940
 1036190
 480793
 763646
 777201
 1032836
 469989
 67420
 686317
 874591
 644003
 201870
 1022411
 698448
 91115
 442888
 1082356
 719779
 259518
 387819
 232408
 853432
 578536
 269223
 1086492
 563780
 785290
 680367
 1085833
 560280
 613701
 149589
 961656
 882946
 30868
 670236
 125914
 85948
 1011459
 1016197
 497619
 180588
 227416
 135591
 1099675
 996862
 441874
 131132
 97001
 208278
 108080
 693236
 668130
 463014
 763845
 883904
 1038636
 901822
 93079
 971134
 293684
 246437
 878868
 1002377
 414254
 836787
 858789
 628771
 274490
 128268
 165186
 804156
 55515
 893175
 870027
 1067363
 151513
 779829
 135265
 311511
 280293
 1085734
 241791
 568447
 498836
 877406
 894202
 227792
 362669
 1035534
 1011003
 615276
 908529
 1052330
 69938
 778365
 851719
 44886
 237725
 869871
 1095774
 381826
 608335
 393014
 508300
 948670
 423488
 497647
 275
 948204
 669238
 404472
 229665
 422641
 521858
 855488
 361216
 1059612
 592405
 1001090
 529030
 542049
 947946
 700717
 478630
 1076647
 597811
 663105
 208230
 1028062
 694885
 535984
 430493
 623688
 278652
 794128
 745401
 138693
 633088
 589524
 508975
 904881
 671860
 199847
 889309
 343242
 53096
 101362
 899258
 87306
 1022385
 734273
 188693
 170407
 457963
 412808
 1015314
 825793
 354440
 996836
 700316
 743838
 468922
 542876
 408528
 746697
 630143
 620294
 169077
 293472
 1029507
 300831
 574673
 962267
 638159
 461860
 372666
 975123
 299834
 401736
 782198
 1060117
 478588
 198156
 54526
 85698
 715091
 166957
 737915
 496620
 1090402
 257130
 601061
 430580
 230943
 189763
 80091
 289123
 326896
 576672
 238001
 168520
 242669
 422081
 439746
 138468
 333834
 443379
 531814
 627560
 877101
 4227
 916264
 452501
 553045
 360727
 156383
 965099
 828759
 214524
 925072
 981007
 582552
 966055
 314194
 690756
 982499
 803666
 1033484
 1086227
 213932
 1067154
 402847
 790916
 208006
 1011349
 192481
 684102
 513338
 647983
 62995
 25610
 51193
 26738
 404897
 309704
 766355
 151765
 802345
 626405
 414821
 521118
 926811
 159317
 717117
 49911
 450375
 735778
 867237
 865204
 179416
 692764
 256665
 562175
 1057222
 206980
 146903
 17071
 563371
 248749
 211855
 164324
 468568
 500934
 187054
 1095515
 172287
 680045
 252850
 730244
 837730
 494911
 848637
 178087
 931460
 805158
 820419
 16532
 819298
 428974
 535755
 363537
 542993
 168747
 611101
 537589
 127257
 795498
 929160
 1064168
 785020
 128668
 889273
 798440
 1060489
 63760
 115725
 1006909
 448360
 809791
 918865
 360461
 1070293
 337383
 932904
 223094
 26248
 1059100
 106978
 620036
 1081521
 690647
 910595
 8622
 414869
 1066216
 956160
 834572
 454191
 61936
 569452
 193703
 929069
 896524
 855632
 732967
 1023269
 486752
 884713
 275896
 210333
 785574
 808517
 935191
 214684
 84396
 723715
 129709
 165460
 726708
 1064028
 990556
 947391
 196046
 126520
 381596
 281563
 184271
 1049623
 446318
 415473
 217480
 153079
 1888
 1071044
 850689
 398859
 117828
 495380
 985383
 168548
 33531
 907399
 545690
 373849
 147076
 777693
 1081695
 1074926
 1053570
 822073
 366636
 859146
 677991
 469184
 755405
 520132
 727899
 395508
 195631
 133679
 110086
 453988
 931134
 751034
 1000907
 1043847
 200717
 647491
 752045
 465466
 1012471
 900525
 121166
 537588
 66522
 24251
 72264
 1030298
 606431
 610754
 70595
 162830
 468992
 523229
 536005
 566935
 276822
 935300
 577458
 215139
 670432
 204303
 590190
 763715
 373373
 1008410
 283804
 189989
 76514
 692466
 840430
 1035099
 698492
 114538
 844715
 29763
 510689
 296168
 251927
 638923
 862589
 1030525
 111160
 1010525
 695071
 464949
 65356
 995533
 199401
 132854
 232086
 213617
 636105
 789887
 156386
 762523
 278339
 1017393
 1084430
 1055544
 508182
 587952
 769221
 105774
 847754
 145702
 376679
 752699
 157957
 190794
 100797
 1099396
 1071083
 1024046
 650828
 167463
 287359
 112518
 1027572
 574737
 633239
 653294
 136375
 687044
 486877
 190931
 420218
 187043
 953706
 650525
 831061
 1089796
 440819
 754568
 750886
 543376
 729903
 169438
 371773
 860476
 75726
 360921
 65278
 639828
 732438
 525508
 29975
 875159
 387063
 150273
 23048
 874721
 488214
 81793
 520914
 602764
 768234
 403194
 353060
 692926
 273047
 682831
 877414
 12618
 383651
 448312
 47950
 93125
 212571
 782050
 765174
 296666
 850812
 237836
 703803
 428801
 535748
 683091
 216616
 540019
 14239
 160253
 283108
 190879
 872129
 336527
 338333
 387421
 897806
 233038
 799754
 461391
 449168
 876040
 715304
 403658
 436390
 555487
 526344
 355142
 919950
 482096
 241759
 823256
 909521
 374457
 508487
 743630
 728071
 535698
 82242
 591525
 74987
 414386
 488170
 813392
 276288
 973839
 700863
 1033621
 832988
 189970
 39986
 456744
 375009
 38549
 1029965
 18240
 477560
 731611
 218969
 670268
 146533
 396046
 854803
 689656
 295529
 212408
 703158
 124622
 611122
 522476
 965150
 757844
 1011686
 497880
 433982
 287350
 511010
 757601
 472088
 806154
 145373
 158365
 161799
 282808
 296774
 513151
 803704
 705294
 82974
 255061
 442351
 431209
 979077
 505842
 773019
 941188
 472466
 907685
 472073
 818528
 231215
 154950
 167310
 798344
 669921
 102423
 1050766
 871862
 509671
 934240
 315893
 73116
 803317
 508290
 311844
 922762
 813332
 497930
 645024
 758201
 706446
 382340
 725312
 1012771
 233584
 546332
 11939
 301879
 881814
 170961
 369823
 1092019
 94357
 642260
 938908
 433108
 724464
 771938
 921996
 500742
 105839
 973834
 156993
 148787
 443978
 190928
 962355
 1080281
 590135
 16937
 923032
 410502
 117749
 569147
 275821
 765873
 332218
 395288
 244920
 994403
 317538
 322542
 725145
 727825
 344857
 892893
 185793
 1061302
 615775
 447550
 1072742
 63104
 967105
 966657
 144627
 290920
 216570
 192371
 193769
 1040204
 225389
 325346
 337148
 121816
 300471
 1093934
 746249
 149914
 82563
 1019821
 15584
 611549
 678314
 697381
 522716
 303518
 875328
 878320
 113801
 934343
 522702
 948090
 782568
 348922
 705183
 271587
 380036
 71117
 226976
 780350
 338264
 568010
 537871
 741999
 1032638
 1059031
 986556
 206622
 1034290
 581260
 1066859
 274435
 711079
 1008290
 7123
 857246
 999213
 680934
 1034243
 717196
 767648
 758678
 145138
 1039845
 1021753
 47493
 95152
 83418
 385900
 451821
 90722
 967757
 800998
 279698
 163464
 624884
 142879
 864130
 575627
 994083
 372759
 58924
 138164
 353770
 904006
 567198
 839971
 98177
 485014
 911951
 397764
 89579
 114417
 1009209
 824277
 329868
 720922
 253316
 248606
 223554
 620611
 480971
 444278
 1037474
 542510
 375226
 10427
 797343
 255928
 951169
 1076587
 788382
 461827
 701699
 134748
 358214
 31702
 517361
 990503
 1072263
 993304
 781977
 608058
 909262
 974707
 538519
 67913
 794952
 147676
 920982
 694731
 706720
 771907
 1024007
 652103
 546248
 121616
 475101
 815771
 93461
 355340
 720903
 424346
 174959
 390801
 332363
 598391
 936046
 678515
 441218
 788326
 612559
 50375
 70613
 29675
 508605
 1031556
 892626
 604531
 1023502
 952968
 1089110
 379265
 648034
 5356
 506028
 705389
 771949
 977319
 426786
 965398
 327877
 1025346
 735121
 50971
 498796
 111042
 415314
 893990
 479157
 606061
 47625
 758788
 774398
 286106
 665352
 1018103
 58795
 1059450
 846173
 909316
 1013553
 772567
 263210
 425276
 270545
 7206
 45720
 878157
 910862
 847583
 144531
 784422
 517795
 288190
 88078
 1018528
 1088597
 183585
 710016
 38596
 1005264
 133216
 121534
 1055406
 540405
 50726
 536507
 761665
 156688
 653604
 747380
 310445
 664381
 459712
 501788
 1090928
 1005584
 370376
 508185
 973956
 549985
 568156
 542495
 982920
 82256
 92087
 776840
 748219
 1068027
 1042291
 1026150
 780876
 333454
 515925
 922991
 665600
 682256
 286867
 237160
 217982
 260431
 856508
 797403
 747947
 426049
 1058062
 120814
 534316
 52058
 986072
 245588
 875717
 1039520
 410490
 166913
 278094
 365452
 931778
 352080
 771238
 393169
 501370
 652956
 309765
 191877
 274048
 918880
 674135
 102472
 985686
 812312
 168241
 509691
 337612
 454970
 796984
 367997
 685224
 649200
 430062
 977545
 91347
 416880
 222993
 761814
 2600
 279705
 932481
 332416
 26714
 250649
 49131
 169079
 564172
 803264
 593658
 842920
 673598
 734090
 441547
 1052387
 179157
 483438
 144482
 819772
 643193
 63758
 774583
 512241
 619759
 364510
 394698
 416797
 255281
 774016
 723423
 391191
 4723
 949779
 374818
 560525
 965135
 103932
 1005278
 64354
 464254
 962205
 42255
 21884
 250916
 954797
 806916
 514740
 467337
 46648
 197138
 504432
 919141
 109538
 128383
 945400
 89830
 294554
 76747
 1008509
 981905
 478664
 404052
 143458
 308139
 193294
 168666
 888017
 57710
 516146
 877177
 673487
 52100
 61201
 556812
 1023140
 128427
 10185
 990325
 588750
 1081446
 436415
 133896
 429372
 772411
 638351
 67819
 1011727
 756209
 542976
 907361
 781786
 457787
 319970
 828804
 186436
 200200
 361002
 632499
 541832
 895343
 855819
 888274
 264192
 1096870
 74518
 108424
 820899
 65355
 326161
 180157
 444292
 687735
 137126
 667450
 930808
 317545
 577007
 313884
 1064587
 864144
 819882
 494418
 16162
 916045
 603460
 620100
 476032
 72455
 708508
 1029928
 42804
 1099263
 1064118
 632877
 437328
 231595
 178363
 377309
 963288
 454457
 1003788
 680523
 589294
 380140
 1040440
 729155
 977380
 166443
 931871
 1003296
 261600
 1052364
 1006596
 223058
 848965
 589151
 246104
 942643
 201706
 402223
 945919
 982802
 969157
 555404
 689627
 104071
 558212
 1031354
 483499
 798825
 993885
 671610
 159271
 995911
 640751
 588743
 358095
 1099721
 580988
 667622
 33323
 284977
 276657
 454218
 711784
 862182
 337454
 262312
 979909
 1038164
 938662
 101044
 556047
 701385
 21676
 805421
 997485
 470390
 653492
 1005344
 797750
 1034142
 457176
 873182
 771270
 121134
 197806
 482037
 834925
 373331
 160689
 612200
 484121
 468740
 77238
 145994
 491796
 24917
 711700
 158245
 1055648
 1012907
 803863
 410818
 449879
 39443
 789941
 221680
 939578
 1016821
 165192
 319518
 832022
 173122
 209288
 795316
 39244
 556767
 951813
 649721
 76213
 855040
 1095786
 97554
 1026542
 190446
 523392
 729956
 120301
 1051705
 760301
 189203
 897725
 7083
 47124
 661654
 47716
 1090496
 366347
 1040880
 509004
 1065219
 235277
 391020
 1052573
 391778
 735849
 303749
 196064
 154960
 325582
 113136
 481988
 550580
 24351
 303706
 882045
 405151
 454404
 965104
 5360
 557402
 915393
 237233
 363637
 460622
 467181
 166826
 989986
 297046
 748853
 197786
 737768
 1028044
 1093368
 912359
 510418
 231679
 674579
 257541
 1043894
 189499
 354394
 1029731
 123394
 689296
 1047591
 711845
 345359
 783491
 561642
 591682
 117703
 303777
 390085
 726596
 1006121
 755455
 27428
 518408
 536228
 420699
 1082884
 112459
 278405
 384772
 709258
 736497
 709023
 311028
 483242
 518743
 122495
 52813
 1085495
 694812
 234390
 721746
 889758
 700040
 492948
 498633
 869338
 644077
 915836
 796069
 141535
 426353
 311714
 332927
 458640
 108170
 755761
 453946
 975323
 230567
 165240
 987335
 526509
 503613
 58460
 221806
 786730
 7532
 922914
 21996
 729853
 435011
 884428
 201302
 50993
 784408
 333554
 407704
 433342
 962082
 1073095
 477559
 1022003
 1086871
 978746
 912869
 499855
 906666
 344172
 10598
 931612
 606170
 29044
 426722
 510025
 958043
 279023
 457922
 42215
 1022219
 987907
 256071
 1004064
 714601
 942302
 1074282
 285551
 616719
 528233
 242394
 903987
 234271
 563851
 826823
 867391
 882629
 917034
 264915
 895885
 331750
 245018
 238452
 1054237
 16453
 333294
 703121
 556250
 1082274
 963079
 776391
 249193
 447684
 368699
 313870
 617888
 1069245
 517691
 465614
 966799
 524633
 987961
 85913
 1094802
 270408
 305656
 344225
 799831
 848236
 68146
 960145
 1075285
 284225
 296863
 456582
 392764
 973141
 23739
 274437
 615901
 127489
 835287
 490860
 345558
 659345
 91237
 1017186
 323423
 931133
 572636
 476244
 167228
 563262
 251250
 105433
 475713
 842215
 300908
 1037832
 940193
 239460
 744423
 339985
 1062845
 744585
 823807
 835778
 340182
 831582
 436881
 401813
 394939
 195542
 330550
 885791
 260906
 548751
 1042887
 784340
 203968
 874400
 229910
 687289
 264112
 747429
 503058
 299526
 114470
 573107
 923400
 231751
 820844
 457486
 944537
 891030
 728452
 620485
 1044012
 681505
 583085
 948834
 31548
 530033
 239896
 475035
 277213
 68194
 896873
 445010
 605455
 47081
 432990
 8826
 236538
 191684
 390617
 724443
 890288
 981781
 168888
 8246
 578334
 471403
 452453
 226126
 356727
 841641
 596055
 136432
 791889
 279868
 517374
 885463
 971545
 877327
 484288
 208134
 463835
 810450
 1096876
 251514
 141501
 1061108
 783760
 572080
 357688
 781245
 797836
 639931
 448393
 1013888
 290844
 494947
 561531
 1015741
 401455
 737416
 1067545
 1005234
 224140
 682183
 249203
 7100
 457924
 244965
 968175
 2154
 1094278
 1062760
 709584
 773132
 866013
 596278
 4684
 484604
 490612
 746429
 94477
 965605
 72397
 914941
 1016034
 205975
 595115
 298621
 1075857
 153461
 330097
 401446
 664785
 710437
 436764
 282874
 18375
 886549
 634379
 494947
 21539
 784271
 901311
 1052997
 1086761
 580252
 622987
 1016975
 1054987
 335947
 797744
 781164
 141155
 1084867
 1001111
 830508
 946393
 1026986
 211698
 243082
 818453
 93934
 704883
 1081146
 477398
 552734
 615096
 826963
 667078
 606164
 380359
 1073009
 493638
 237910
 508642
 856819
 1051181
 683101
 167718
 626389
 850357
 1018092
 203969
 775776
 504842
 894308
 574788
 20323
 617982
 804852
 85016
 744167
 532714
 965364
 180595
 235799
 880070
 1043338
 440497
 703085
 576280
 379881
 168409
 119543
 811590
 332435
 290936
 516004
 1057859
 733727
 472694
 938279
 364001
 804618
 169795
 223921
 650593
 907364
 281497
 876964
 211170
 967168
 910076
 722721
 984992
 577594
 911108
 780583
 926715
 31180
 520110
 779024
 517605
 311890
 131650
 1067986
 1096092
 43522
 490426
 38275
 867995
 54463
 351902
 211975
 985868
 858696
 501909
 540807
 890997
 178494
 989588
 318719
 583130
 490849
 332956
 881390
 324729
 435745
 586748
 473064
 818387
 696196
 102272
 248225
 993849
 992424
 81454
 998677
 46938
 936673
 1019058
 742962
 439517
 372160
 82808
 413435
 793154
 438584
 300988
 776592
 8336
 309936
 653715
 267250
 599190
 975368
 587983
 1002865
 815631
 170567
 534527
 51406
 960893
 237575
 546121
 154227
 150810
 371759
 1096453
 996583
 722418
 413037
 1089817
 668357
 998402
 848291
 1086306
 718971
 542936
 218335
 290548
 435153
 281357
 156574
 163374
 124689
 223321
 962938
 82056
 104410
 667437
 31228
 312771
 516653
 428921
 574658
 540439
 120633
 421454
 1057801
