351927
 1095353
 309043
 287338
 257324
 988074
 748375
 288114
 191667
 793880
 334842
 708577
 979807
 131194
 678121
 814175
 854550
 383220
 456268
 741264
 255200
 429076
 243425
 733706
 54370
 815254
 146924
 895247
 459796
 256611
 176939
 446928
 533366
 1019447
 986612
 531954
 70355
 168322
 35631
 574383
 891434
 211113
 981894
 742430
 313324
 458741
 320493
 404922
 806704
 499216
 183636
 544436
 377634
 563975
 555855
 668697
 1088595
 685428
 930076
 102923
 341038
 695786
 269242
 251285
 548642
 195266
 753274
 583957
 1048158
 847495
 1008287
 265723
 264085
 608784
 275498
 837535
 643145
 799410
 752673
 1012734
 1002011
 598348
 676146
 321762
 944250
 602444
 52088
 891172
 493811
 352152
 971811
 792180
 202769
 965244
 439222
 506269
 690698
 881229
 116356
 219839
 348627
 598293
 618893
 364524
 722219
 1063497
 719762
 543269
 297279
 1014035
 761319
 795340
 747289
 563395
 760874
 598893
 189602
 553559
 1077072
 1088277
 328845
 611707
 888206
 135332
 360810
 695510
 608590
 428620
 198051
 415422
 884251
 946762
 943513
 982869
 322186
 437751
 277304
 76304
 958689
 219234
 795799
 303361
 1021212
 686510
 617419
 683640
 46052
 22884
 147726
 579311
 83256
 570851
 102857
 11350
 370604
 853744
 665544
 586963
 317484
 1038319
 743660
 208485
 884021
 646561
 918589
 522255
 139756
 73500
 1079393
 885152
 338951
 298782
 826713
 703862
 651362
 127514
 995587
 406528
 582872
 514276
 584376
 1060635
 735357
 1062208
 276541
 427008
 825673
 227905
 199450
 24125
 809595
 322516
 511265
 843863
 786267
 756612
 534253
 545203
 566104
 17988
 707849
 353721
 339083
 80095
 318326
 930435
 1063100
 164739
 1038904
 661833
 367060
 743481
 1000267
 766968
 361760
 1025901
 824726
 782053
 889804
 478583
 11187
 913932
 796388
 565082
 158175
 541335
 382345
 709490
 904971
 139176
 732318
 402369
 493650
 909913
 257418
 218937
 461398
 413484
 1006472
 276032
 654123
 332709
 1040375
 222115
 691999
 466392
 1046134
 726469
 999234
 826367
 368882
 117282
 390075
 575066
 168360
 966150
 884087
 21632
 512252
 743279
 811038
 386214
 83806
 233095
 888929
 741604
 479022
 245525
 463638
 377313
 3928
 1069781
 28903
 501686
 829707
 985218
 505119
 927341
 1036181
 607598
 81520
 961522
 1041697
 568330
 136271
 393945
 787357
 627540
 880426
 280628
 571599
 567882
 18979
 881669
 112308
 894538
 397436
 751292
 826254
 812411
 91559
 895759
 944506
 952891
 238408
 402020
 839572
 981054
 724240
 186055
 52273
 78811
 784602
 49669
 731086
 48065
 282066
 170670
 760885
 829468
 612785
 960859
 20833
 478089
 860814
 1049633
 1014169
 328558
 93051
 266493
 670492
 1021063
 268939
 177311
 622913
 1012734
 874605
 1023034
 575574
 750538
 77944
 419927
 538364
 529948
 4989
 749764
 125069
 708385
 775166
 927654
 1020949
 592113
 830724
 250257
 952030
 740096
 890457
 446340
 572620
 646599
 750513
 177549
 877523
 837592
 524862
 51626
 304562
 32762
 446172
 347118
 353549
 532814
 348655
 391277
 285192
 23575
 610963
 416754
 1024874
 63511
 273115
 1082688
 188447
 748175
 423621
 1020440
 390639
 351218
 171823
 35958
 879475
 456033
 622434
 185684
 784171
 406216
 184915
 465533
 958492
 739691
 125876
 675218
 45866
 147113
 241684
 754880
 806757
 344880
 19729
 574035
 257422
 483478
 308416
 832339
 1032476
 972844
 997326
 303707
 257313
 742295
 279937
 694962
 1065482
 108449
 1030062
 890519
 992543
 194134
 599310
 17785
 961285
 446660
 1082516
 564749
 522222
 16085
 182360
 278084
 803272
 451095
 169068
 1085997
 767183
 674067
 270160
 8628
 213444
 665297
 725383
 898591
 349514
 647910
 532891
 1045342
 823185
 161175
 244729
 301072
 1004032
 1052759
 742060
 1099419
 417055
 639943
 387715
 929319
 1058537
 241230
 853140
 86648
 655175
 653133
 458465
 24584
 453968
 1087491
 692583
 777400
 453542
 618060
 1072582
 865479
 30505
 21978
 579560
 490385
 655480
 208649
 720813
 12004
 235679
 416376
 352017
 631609
 468871
 710373
 308023
 97369
 886934
 524105
 1091723
 712018
 667077
 409072
 938784
 165203
 703312
 509795
 220878
 847812
 508028
 383511
 487002
 957264
 210674
 270306
 107595
 510660
 987938
 463412
 744168
 279883
 788250
 71864
 872697
 35319
 185677
 877086
 759985
 646401
 157683
 650196
 36529
 22650
 157198
 266850
 679558
 521592
 891033
 223593
 673206
 743794
 83530
 433145
 834924
 1025577
 627075
 943911
 484452
 27243
 710456
 82534
 217757
 170465
 679847
 371539
 76946
 264029
 384568
 803310
 753845
 893590
 221830
 789638
 654478
 423630
 1001262
 593722
 485524
 617094
 713630
 702153
 906869
 754199
 244661
 462474
 376026
 1008512
 971507
 159067
 175190
 436778
 99737
 898475
 1087349
 678445
 558014
 941055
 105792
 489077
 334695
 252240
 1001011
 70694
 754134
 936682
 110922
 158217
 172539
 389362
 1063071
 730829
 743020
 806084
 371082
 769298
 997835
 143610
 236271
 1075494
 1000906
 968385
 178430
 798654
 655908
 468075
 975063
 505007
 283161
 488225
 506942
 64773
 426280
 432583
 920567
 931556
 934955
 309698
 89515
 513336
 798722
 202140
 453518
 867788
 64690
 93425
 1093155
 1086364
 199696
 548942
 11004
 254340
 657218
 842980
 113604
 749919
 488212
 118084
 916945
 1020211
 723164
 1069336
 142933
 1071033
 145505
 1017909
 58305
 122168
 856261
 263479
 767529
 298536
 316537
 339191
 247938
 635137
 1043118
 914178
 376890
 54583
 474588
 718927
 727912
 334612
 95514
 531016
 476908
 732079
 532819
 960071
 498782
 11414
 345323
 964007
 257870
 981512
 178538
 585024
 359331
 326803
 674853
 132300
 372107
 444252
 883550
 736111
 279557
 476253
 93798
 34289
 963482
 595160
 680238
 1061798
 990926
 1063344
 872969
 1095012
 779991
 411691
 657348
 289248
 384915
 239110
 947133
 383207
 658461
 986220
 153109
 70984
 1044777
 257980
 27855
 945427
 700127
 553080
 667717
 1023344
 717508
 139779
 763159
 929634
 106948
 506199
 1003846
 978643
 441233
 302035
 992222
 1030025
 135112
 505414
 1083434
 818457
 780808
 11238
 728665
 1052340
 689988
 318680
 385666
 661351
 814981
 462229
 661055
 105919
 703318
 808981
 672101
 394217
 974091
 245737
 1087782
 655130
 756298
 315221
 84277
 399301
 789319
 280607
 197495
 146681
 651029
 818926
 610197
 1090323
 616050
 475931
 154146
 169145
 391496
 720445
 995268
 651903
 547262
 1010278
 870365
 250514
 374365
 184473
 1060312
 670637
 367005
 259016
 183518
 728931
 989858
 886644
 1044745
 31579
 689549
 608546
 75207
 858266
 592359
 432318
 1062420
 208011
 257881
 852267
 354961
 879921
 797808
 1034402
 289912
 1011518
 90533
 587270
 559534
 486643
 889229
 523504
 517191
 588579
 503743
 667296
 1003285
 199756
 141100
 86430
 814119
 697547
 458524
 71576
 206017
 1016143
 364561
 288358
 846446
 378168
 275154
 203173
 876859
 859662
 693278
 685428
 454795
 1090447
 911571
 452978
 58072
 1010803
 721646
 823306
 331395
 24014
 941888
 901766
 1094008
 451816
 576839
 318291
 381411
 1081900
 905863
 989401
 144883
 149220
 522392
 620132
 707620
 126822
 866701
 797133
 227883
 839888
 728058
 219710
 1056374
 856223
 212785
 168946
 748038
 420959
 951163
 965881
 44093
 674795
 401767
 697345
 953991
 569241
 839709
 161886
 610990
 915638
 327012
 970261
 973287
 559124
 217878
 514741
 809366
 1080322
 548009
 562956
 380227
 259391
 606909
 357356
 217486
 659895
 167618
 61892
 571604
 600734
 104632
 898712
 782338
 346432
 568826
 854625
 579937
 617501
 1021723
 580420
 914918
 17320
 426647
 322679
 164139
 1040537
 17301
 612841
 340884
 639811
 917333
 827818
 144462
 988887
 461572
 1008575
 228752
 392420
 857331
 1092410
 95590
 1020063
 901243
 348929
 822317
 447299
 489586
 710560
 1019111
 843578
 642247
 67084
 839709
 425689
 20745
 487498
 228561
 48715
 584062
 459396
 20731
 854006
 649694
 962411
 778391
 919735
 359426
 185097
 546477
 1061929
 343501
 1058248
 142653
 84374
 691065
 1089944
 779968
 814625
 744866
 59685
 802646
 6767
 827367
 1011223
 228373
 720352
 516135
 204208
 1022928
 320767
 1045334
 479027
 125035
 1086428
 481894
 941020
 709096
 367390
 492457
 744074
 992143
 863296
 149406
 1030692
 26256
 950071
 1041622
 508940
 709702
 77828
 880931
 332899
 215541
 987919
 693385
 448545
 553047
 529997
 964948
 952669
 490807
 152919
 1004051
 710352
 692274
 157086
 872829
 317820
 409877
 425962
 928068
 243789
 685359
 40309
 6340
 983912
 481671
 945598
 655923
 1044233
 900577
 455658
 368084
 88540
 912077
 969463
 192771
 239634
 310711
 634399
 239918
 619700
 878660
 802951
 639823
 269806
 739274
 826019
 192936
 599543
 940722
 619009
 898104
 617876
 769812
 512894
 774354
 237313
 596361
 455888
 52394
 514776
 964740
 985309
 119049
 589908
 30117
 973233
 191130
 384082
 1075772
 819235
 524573
 804484
 110273
 110436
 312428
 935580
 770224
 439224
 408518
 141865
 72187
 743960
 472113
 949995
 177900
 1019235
 1062495
 238079
 655586
 701756
 600923
 690120
 211112
 371829
 316512
 197925
 674176
 80568
 745519
 96047
 1094411
 173013
 670862
 1085615
 870182
 845241
 862580
 912028
 241536
 399051
 223083
 436975
 608702
 160252
 1084715
 441751
 1046047
 431803
 177778
 996482
 807229
 856071
 420856
 574323
 1015762
 501274
 565728
 514027
 350907
 953455
 691437
 608588
 628
 221349
 633904
 680740
 691447
 10536
 525023
 1091177
 27486
 795109
 409725
 131370
 1026824
 573993
 205896
 422731
 499252
 552941
 400722
 884060
 90064
 896428
 361368
 818027
 43392
 511754
 888516
 632165
 42650
 373415
 345525
 602611
 356559
 821884
 135469
 90385
 545104
 993980
 775736
 342804
 366897
 962499
 980919
 307501
 320075
 8395
 762145
 140665
 410105
 621551
 231105
 342521
 259425
 295204
 266080
 1001848
 831130
 610129
 821975
 824014
 70115
 270599
 317611
 89205
 43905
 459426
 297406
 924815
 324394
 353664
 314011
 894827
 188259
 784055
 799660
 378966
 70914
 206386
 154653
 758983
 662747
 264232
 915702
 1032777
 601236
 527157
 246083
 23026
 473720
 898614
 465394
 774745
 640441
 975836
 306861
 370463
 850926
 637084
 986716
 425205
 267249
 1011474
 67725
 580533
 530560
 562601
 912252
 1045976
 653146
 693184
 542917
 710547
 930935
 485937
 169850
 127618
 406447
 381621
 794323
 585794
 1045687
 1005947
 304119
 636667
 984891
 195564
 285657
 62005
 108293
 963157
 618420
 751132
 920415
 662533
 956447
 299646
 1071375
 6180
 295333
 577185
 453582
 945239
 972507
 324500
 818794
 870455
 918731
 639629
 219609
 903254
 370098
 182341
 183399
 175197
 182636
 554398
 414102
 1076039
 295328
 358331
 844301
 472090
 928664
 983941
 13091
 495836
 672416
 1090136
 94577
 678792
 101328
 776623
 223150
 76438
 185957
 1070864
 112261
 720150
 739893
 747687
 744312
 134582
 339004
 383485
 888433
 501497
 177430
 792220
 340231
 1039613
 547743
 23790
 416527
 203852
 900515
 678872
 978798
 690394
 138263
 848951
 174067
 1046228
 1021790
 1014511
 846401
 1050355
 503807
 175952
 809932
 646330
 319613
 129788
 571220
 386015
 684257
 762104
 404272
 581079
 640423
 373147
 599713
 495534
 908235
 499763
 391212
 754255
 512259
 600998
 220209
 110964
 79752
 255880
 300279
 94702
 451344
 691155
 257899
 1043647
 151463
 336210
 190175
 893988
 501999
 101186
 827718
 181437
 443061
 18950
 350389
 458019
 41411
 923283
 471211
 798695
 216979
 296967
 761639
 914287
 891646
 443474
 598400
 913512
 731615
 841638
 1067696
 86817
 191778
 335148
 84954
 185586
 1093758
 1276
 865024
 860331
 749647
 593065
 837401
 159834
 551216
 221641
 523104
 724691
 1046725
 188573
 308873
 610409
 1060104
 1024754
 268094
 704977
 689153
 217100
 95943
 45200
 386604
 151104
 621748
 1092039
 854257
 157357
 59367
 318437
 611928
 26161
 433757
 1060642
 84050
 764619
 785370
 1037732
 1010798
 709621
 273417
 977900
 715781
 762494
 808793
 20397
 25123
 279272
 481375
 550481
 493102
 585557
 717554
 618733
 894902
 425619
 501662
 708098
 2779
 142908
 613160
 451134
 849738
 1034689
 716975
 546700
 1023541
 799882
 1082614
 467009
 203018
 910644
 140396
 843655
 1004084
 125022
 835004
 76509
 1014438
 760192
 402292
 376354
 784103
 738422
 44293
 942082
 50534
 152510
 721726
 849218
 77714
 94458
 1000119
 761408
 905985
 234272
 438233
 768740
 183726
 992037
 48974
 44272
 417165
 164133
 758742
 1088196
 245298
 185067
 557691
 585766
 514296
 291688
 990569
 692247
 490498
 86397
 513068
 471600
 413180
 176962
 875359
 780728
 73579
 340192
 311272
 1015033
 234937
 361307
 320296
 618047
 530573
 475760
 57626
 15005
 302762
 420615
 616148
 165049
 461975
 659762
 711892
 283136
 885214
 443868
 326771
 1008452
 844135
 15505
 64608
 284363
 955076
 1084019
 359645
 287556
 9418
 199025
 736459
 337389
 1019808
 806917
 999924
 453281
 249933
 93953
 673431
 141028
 849967
 133716
 141431
 527992
 567304
 398849
 1040105
 551127
 712761
 843265
 765538
 327885
 343883
 512022
 175557
 943032
 670259
 403307
 779654
 194229
 894386
 145312
 715094
 24339
 980950
 936361
 263438
 245933
 214992
 721018
 89045
 511487
 330404
 601905
 908550
 320215
 343676
 469699
 32453
 873150
 896237
 213773
 21732
 1005748
 901643
 1011800
 865332
 70406
 772287
 137577
 1068887
 85809
 903954
 901578
 729039
 198018
 873302
 705501
 34090
 209349
 544433
 319318
 1011712
 336013
 779161
 628550
 838599
 451611
 121135
 1006940
 264946
 355921
 625661
 527508
 430899
 137216
 456994
 874541
 1064897
 701457
 790461
 983729
 22177
 72279
 234036
 665187
 657246
 31335
 18988
 505650
 796536
 272227
 45327
 1099387
 418527
 626484
 1008378
 13235
 341943
 127068
 339252
 256327
 742609
 546351
 753230
 148313
 194327
 1042081
 473193
 28771
 497251
 587883
 173659
 746054
 2448
 1083066
 526064
 993210
 186257
 834687
 389069
 723371
 250167
 749264
 673533
 59941
 525790
 164191
 308725
 917795
 50517
 523561
 405060
 450901
 1015708
 601054
 219391
 1021962
 155045
 382236
 323416
 46832
 852709
 835381
 550254
 707295
 614931
 221260
 833735
 590457
 128282
 217430
 639966
 764869
 220082
 332658
 175786
 854413
 980292
 682546
 557989
 875319
 1084665
 932941
 358431
 314037
 183753
 53734
 534279
 625006
 630827
 869981
 816323
 736763
 296893
 785562
 838047
 78738
 376135
 651272
 201134
 202870
 707594
 238639
 4830
 291849
 431418
 45337
 604901
 67050
 270783
 325445
 358508
 458541
 327997
 477268
 670639
 287324
 2663
 765656
 564273
 350237
 857212
 53790
 379412
 916170
 191809
 775699
 852684
 707548
 171444
 293144
 1044281
 399025
 183427
 326329
 25714
 282055
 457469
 111077
 803833
 216646
 333237
 695514
 503204
 275620
 152256
 302615
 727029
 409482
 995491
 891491
 234065
 1091908
 302937
 982610
 930503
 605284
 727615
 346280
 9129
 1001435
 687291
 648311
 620848
 954369
 746377
 666484
 608493
 530870
 713866
 602793
 114900
 764403
 472306
 1096259
 965902
 670617
 491070
 180188
 844211
 1049355
 507838
 184409
 829621
 1022657
 508354
 883941
 1057788
 1056170
 988499
 1040596
 827236
 660781
 9140
 359953
 37761
 1045925
 443380
 148226
 73930
 165564
 240698
 731472
 206180
 236942
 756520
 569763
 75707
 296980
 423152
 161646
 216605
 602279
 326732
 1052771
 1032133
 19353
 949238
 693123
 746421
 264493
 732259
 913457
 740546
 89616
 23804
 535172
 988539
 688178
 187632
 187090
 595608
 998864
 306245
 217874
 999435
 435917
 610676
 522866
 133847
 884180
 515843
 350128
 367847
 78676
 769378
 166736
 208024
 26571
 299408
 289448
 984082
 876507
 454891
 477965
 1041398
 572984
 869290
 1039096
 797112
 441252
 641578
 780690
 198348
 526307
 795816
 1022519
 37518
 441021
 969564
 911824
 485409
 5206
 87587
 986687
 830606
 177367
 405157
 469847
 959125
 10334
 208600
 954026
 843592
 117156
 799405
 410240
 33536
 952936
 626710
 623458
 847312
 521322
 783432
 1067090
 683052
 80835
 208570
 178801
 176292
 895319
 884362
 138674
 1004415
 675342
 812015
 513190
 1098759
 404133
 623470
 75844
 305251
 3784
 1089296
 46629
 114442
 896178
 1077027
 819137
 255363
 481480
 746710
 410475
 634830
 727195
 81536
 514518
 981453
 420534
 1072567
 593397
 349313
 178698
 482619
 411272
 1021818
 78444
 612537
 998680
 415236
 1000132
 499699
 841735
 1061706
 101584
 858326
 511706
 779635
 407717
 976392
 654438
 198925
 42114
 832385
 903500
 661071
 18540
 640522
 937092
 259869
 397752
 22722
 963325
 916790
 226684
 95716
 796363
 616231
 89194
 306631
 486861
 787308
 421685
 528645
 234397
 978458
 917714
 261800
 1038255
 979348
 557065
 200786
 283052
 173599
 328569
 821847
 360103
 782045
 466081
 909163
 975195
 667705
 717889
 471410
 981224
 544523
 749964
 136773
 1082203
 556167
 410648
 500924
 692930
 363685
 331056
 35430
 483049
 176700
 337829
 625015
 803717
 142191
 1001744
 899415
 291223
 76347
 142546
 405163
 235627
 616069
 292239
 3481
 704714
 277724
 229374
 656437
 601562
 307001
 384199
 807329
 1009095
 311302
 655536
 174313
 647227
 314222
 961504
 1012102
 66413
 122440
 644459
 662067
 15885
 394705
 417449
 573242
 788314
 673043
 1020530
 184600
 22144
 1066602
 223388
 505681
 936458
 147009
 758740
 995433
 44575
 916784
 521001
 147404
 292183
 31445
 241971
 790707
 929313
 597630
 598330
 1097400
 263139
 355239
 965804
 847798
 1063520
 535093
 628853
 398397
 160478
 341162
 103073
 576145
 627761
 601054
 958903
 192547
 538762
 1018321
 74431
 549303
 544380
 125433
 481051
 340650
 394696
 1082881
 482453
 416346
 509285
 236562
 486405
 1095693
 287302
 313721
 731334
 47750
 943271
 83295
 46654
 778358
 588549
 391168
 878102
 550316
 687102
 848661
 752036
 294082
 353673
 1028578
 301106
 1071347
 51493
 1017629
 919154
 907
 536877
 580674
 1036827
 1095001
 107386
 784662
 764570
 455721
 725389
 736618
 756534
 1018257
 1073686
 386051
 259011
 182438
 758609
 1017598
 441538
 720290
 906650
 127595
 460978
 532612
 437382
 589290
 910950
 505784
 238360
 1000684
 257672
 207542
 520542
 833056
 635658
 571544
 784746
 972350
 23864
 337206
 502143
 413953
 417228
 988030
 1076679
 793774
 764672
 527739
 56972
 594205
 227846
 277304
 631933
 244199
 272835
 679402
 741771
 671106
 716399
 854299
 629911
 277840
 451027
 631358
 385136
 214056
 370210
 7616
 183427
 338774
 931272
 134628
 1049333
 294437
 269100
 517818
 34136
 602292
 979556
 397292
 642807
 129095
 662407
 947180
 915431
 1022939
 540105
 375827
 768314
 826685
 178098
 875096
 958927
 1032743
 1020249
 313567
 736193
 435225
 893751
 887630
 1017231
 925806
 121829
 1036353
 276564
 688185
 324070
 890850
 806332
 808990
 299966
 1075446
 1089153
 940534
 13521
 588164
 957123
 156980
 397755
 302104
 966095
 617853
 37247
 569987
 469612
 773030
 1094586
 817069
 222666
 984777
 58168
 994309
 732065
 741444
 738458
 776158
 255790
 1098730
 218776
 529719
 230592
 209463
 87134
 163735
 588632
 298894
 903871
 83875
 1073426
 657652
 158104
 812252
 990846
 223170
 848892
 498307
 779078
 392295
 998791
 245966
 629366
 439678
 1058974
 242093
 366327
 448320
 253677
 360534
 296782
 107924
 1018891
 1060778
 372171
 622004
 165148
 1090751
 69386
 237163
 153502
 730536
 430016
 66439
 82058
 404887
 734023
 230148
 664937
 631659
 716588
 846688
 1090476
 394622
 404720
 341707
 14436
 296512
 874136
 618181
 191308
 1095471
 1073374
 664329
 19234
 204558
 411119
 85036
 33464
 248337
 20930
 765066
 856954
 961537
 1032634
 816743
 615901
 702299
 30199
 666434
 129998
 84075
 161777
 616792
 979221
 356820
 1090546
 798441
 84704
 604876
 863272
 298330
 183964
 294633
 823077
 257636
 319245
 67597
 697491
 421276
 923167
 1093131
 759153
 769517
 255663
 774206
 619755
 217265
 262149
 995905
 256840
 1082906
 1046119
 517173
 228509
 749186
 560661
 243985
 674968
 291306
 756807
 287648
 278554
 894051
 641297
 898495
 954214
 119933
 143521
 627066
 470194
 598149
 694133
 366126
 739476
 788219
 848771
 28053
 383523
 955523
 946387
 1045985
 216182
 298466
 380819
 463507
 389731
 733830
 911915
 621752
 763881
 420473
 234140
 465944
 556893
 389329
 1047653
 317592
 267929
 768006
 206497
 31175
 459418
 929055
 920916
 230814
 837738
 131532
 399371
 935955
 823045
 767106
 110596
 957524
 981130
 850048
 318097
 473303
 1035171
 582038
 333134
 856888
 10619
 841018
 412524
 737800
 582124
 631603
 670962
 176511
 194890
 96986
 122576
 729158
 734101
 635083
 117442
 1032570
 134251
 729127
 317613
 696531
 452248
 697804
 66882
 656590
 216100
 33442
 396986
 165912
 1026330
 356065
 35268
 1056575
 281434
 401113
 672068
 419669
 76032
 696220
 1033721
 846702
 762543
 556478
 237699
 52238
 332463
 422033
 334112
 214889
 314169
 754057
 52653
 948922
 55434
 254207
 1005690
 987331
 86117
 996052
 650280
 300745
 119196
 542622
 51015
 304382
 13401
 1087618
 426821
 403273
 597109
 351396
 225157
 889351
 631818
 783809
 572069
 845561
 313486
 813594
 1086047
 259059
 960304
 26298
 888430
 572172
 120810
 244748
 967549
 1042586
 696352
 258671
 628940
 71225
 597953
 662443
 238757
 888351
 94583
 494888
 393602
 587904
 764012
 433769
 417858
 737467
 1029648
 377755
 564334
 521226
 699703
 188211
 204230
 569766
 311152
 1036297
 659618
 454023
 861748
 693696
 974260
 326462
 570571
 236378
 1068350
 211353
 107436
 403049
 638615
 728774
 1070490
 1035644
 993624
 727637
 187965
 162801
 714869
 864318
 905682
 132155
 427586
 266065
 172602
 472330
 50451
 954746
 100254
 734332
 154997
 21910
 995161
 50292
 330551
 324602
 31318
 78999
 616984
 630400
 861211
 1052275
 1018523
 922525
 1031567
 519887
 686927
 65900
 931568
 280929
 811179
 201393
 1007650
 319233
 344767
 557466
 682864
 185690
 1027549
 120423
 371382
 540874
 345148
 723304
 125495
 926073
 387411
 294710
 173328
 285669
 33404
 24297
 396399
 28874
 223164
 1063681
 223017
 107705
 985137
 375722
 240894
 147149
 668799
 211029
 350254
 241813
 246530
 174222
 936136
 1033854
 587640
 761301
 482401
 276831
 1082189
 451918
 930265
 768809
 203907
 81056
 569997
 801780
 511267
 2587
 858668
 955312
 658527
 440760
 978642
 218106
 337336
 301990
 635026
 316788
 1058719
 623454
 828146
 618654
 1065288
 523598
 892287
 643947
 247230
 82212
 947732
 821403
 888064
 991925
 829527
 578019
 653665
 149662
 717565
 509260
 34178
 218911
 303272
 876358
 565875
 490927
 435788
 837698
 465669
 69221
 121555
 851095
 966033
 897972
 930378
 532346
 455651
 421749
 217136
 230736
 948994
 707316
 963870
 302248
 757162
 720023
 356286
 87367
 701326
 589783
 149178
 749643
 442818
 322038
 943346
 804681
 643994
 619599
 126410
 999093
 1029959
 70527
 133047
 473830
 716303
 441936
 705978
 474154
 462689
 945838
 3063
 977066
 485351
 257048
 951759
 443533
 908244
 340897
 954627
 141239
 56872
 195911
 398433
 940383
 757044
 800337
 116247
 246992
 726360
 286954
 313122
 101991
 936846
 505610
 727851
 1055194
 648323
 264529
 725131
 775571
 133291
 289037
 566203
 117847
 14378
 827352
 224884
 455187
 606395
 560905
 171803
 539230
 1092709
 15547
 813161
 643152
 442210
 447
 181807
 310480
 885255
 233669
 1088216
 472687
 845567
 910354
 1098999
 513141
 781832
 42892
 489978
 149232
 651033
 685664
 554697
 469472
 508093
 953530
 132512
 1042960
 135383
 908485
 668387
 957599
 239321
 574142
 1090510
 571656
 904654
 691400
 941566
 54911
 369524
 291664
 988804
 934907
 662887
 596069
 571656
 512005
 197492
 795295
 179105
 704301
 701290
 337154
 557906
 81795
 134510
 582394
 356419
 893993
 1099685
 321824
 565749
 129173
 243098
 981256
 494430
 427842
 873308
 205210
 664484
 520648
 642995
 315091
 896257
 675097
 791050
 1098486
 332951
 377751
 515811
 630144
 526873
 1080741
 459058
 78182
 137226
 1094489
 905613
 532194
 183725
 754050
 861463
 78902
 675613
 897651
 1017528
 878173
 1005031
 990858
 976691
 1027787
 126059
 917770
 222017
 887927
 11795
 579859
 102367
 706612
 141940
 675200
 970295
 897573
 681192
 105853
 282796
 763141
 155612
 647359
 431920
 1023397
 97995
 776314
 331652
 510896
 425583
 289651
 783628
 434184
 85100
 643460
 81978
 38690
 1000955
 331188
 843934
 1077355
 439176
 649018
 728101
 601632
 1007461
 1085548
 414423
 167449
 4721
 816852
 5760
 593637
 830608
 1061026
 718336
 756426
 540494
 724135
 395673
 87115
 717169
 301133
 201021
 429790
 649101
 407678
 756550
 719159
 1031675
 607189
 268952
 419118
 940330
 63620
 721296
 803732
 995367
 287814
 498059
 613649
 380995
 882278
 180871
 822731
 411229
 146057
 405658
 764366
 228703
 317652
 873176
 596954
 318063
 410163
 243706
 782346
 335365
 190272
 566652
 395026
 8954
 484184
 946460
 314878
 619611
 799140
 513311
 662776
 408975
 707245
 1089253
 405628
 897398
 470786
 783558
 1080185
 110910
 184631
 57595
 890444
 1064117
 858666
 174776
 755440
 962838
 192615
 813894
 291654
 411840
 245407
 355884
 430728
 1035631
 566598
 586034
 551371
 422999
 330165
 39105
 523856
 183007
 712127
 1021355
 977712
 947324
 499294
 73064
 674331
 278267
 299887
 203592
 376247
 376543
 686631
 507839
 215322
 157217
 987559
 267423
 557831
 966306
 557084
 528829
 175214
 723219
 134277
 818328
 613760
 167297
 294388
 46724
 806914
 1049378
 593080
 628977
 891856
 736304
 1046000
 202421
 721693
 529347
 705163
 907068
 845958
 1059663
 977411
 525156
 322520
 695683
 9201
 642770
 1030387
 717289
 35237
 894798
 344178
 904188
 1002457
 1054680
 247338
 274231
 294318
 781241
 295354
 354004
 369847
 572370
 793573
 615372
 336841
 315452
 744755
 1028626
 318901
 64184
 918581
 670605
 742530
 368266
 1028533
 637626
 549763
 736044
 352858
 27354
 56262
 1009297
 848855
 357106
 168240
 1072490
 294771
 311643
 298495
 249597
 532263
 186246
 182727
 949166
 362602
 564941
 150181
 108229
 177613
 315742
 789629
 478238
 632319
 194180
 577600
 130723
 326085
 792763
 407315
 240881
 881452
 437071
 567794
 1075023
 45691
 431759
 1075315
 649441
 549603
 135038
 774197
 196333
 780287
 544201
 740983
 1029567
 543195
 688111
 988529
 497774
 237718
 394363
 1094597
 41285
 901849
 283824
 1095349
 264204
 551400
 199458
 645366
 831124
 470286
 1032369
 554429
 291363
 2048
 311357
 388305
 577924
 648646
 1058188
 60661
 661552
 644075
 45064
 343895
 463698
 578009
 257569
 22581
 218956
 1036300
 774790
 1006894
 983147
 955114
 621849
 213785
 98112
 92042
 687959
 785339
 714219
 169214
 311774
 1021964
 110588
 830313
 538328
 296717
 828025
 161357
 112030
 858123
 829412
 167475
 478991
 610895
 775425
 342107
 512824
 674654
 993325
 370608
 570645
 751556
 284130
 645285
 743946
 730031
 1017707
 506745
 136826
 894427
 529488
 840383
 617940
 276951
 949457
 538255
 1076902
 985475
 269253
 456933
 867348
 489874
 977193
 276493
 365723
 1067678
 324949
 18331
 685264
 239993
 131401
 870208
 118605
 590772
 248092
 864906
 940000
 558854
 152589
 504330
 521722
 520031
 1051964
 783106
 1053332
 313013
 578466
 583446
 316604
 90343
 931087
 736111
 293299
 477583
 1040810
 966637
 848038
 778791
 130655
 633361
 592439
 622218
 601918
 954239
 834097
 647374
 622717
 598169
 402651
 845701
 1058092
 442393
 559369
 1022191
 19177
 1001367
 338724
 94107
 252770
 156729
 29002
 211639
 475939
 486551
 553511
 204933
 816088
 791342
 563117
 320799
 996398
 421206
 649700
 589864
 1049488
 572893
 1001837
 216524
 923155
 169648
 938864
 738016
 920353
 981548
 756294
 984283
 666912
 477509
 248952
 982561
 295804
 326350
 1071533
 1002699
 165423
 406971
 725259
 552621
 1030796
 455776
 948132
 638868
 637011
 333255
 832010
 659191
 506176
 183725
 922607
 547904
 150370
 331109
 701389
 399099
 47310
 128754
 110718
 722572
 2905
 864384
 240620
 309352
 892101
 255820
 381503
 26046
 1071633
 747951
 723974
 49264
 730257
 284483
 475902
 1085209
 827329
 85832
 628767
 520748
 669854
 141202
 12536
 89876
 146743
 36542
 125958
 798077
 821236
 44855
 768887
 758813
 704747
 611499
 392049
 473875
 213719
 1087541
 440583
 1078101
 162468
 970531
 881978
 185508
 513654
 265142
 601394
 97243
 988569
 84530
 1009498
 424008
 977532
 765510
 314978
 924142
 13352
 219153
 545415
 965299
 828814
 487867
 592368
 83906
 832765
 852196
 750607
 242875
 3189
 1080040
 661823
 395570
 733804
 662697
 1058745
 687155
 1058859
 76961
 949724
 904255
 87215
 745433
 1012421
 97507
 77858
 235023
 190873
 978467
 523337
 1074067
 447517
 913988
 606574
 1014868
 445853
 155940
 305055
 146569
 614319
 1000149
 486575
 1034449
 231140
 739339
 1036458
 421914
 734785
 1065606
 8048
 11734
 521729
 211191
 425784
 382087
 9338
 526986
 264335
 919099
 759064
 630907
 581060
 25109
 598612
 443416
 698839
 921468
 728985
 813420
 753177
 512368
 239926
 418847
 895386
 1020363
 956284
 182923
 522259
 882571
 998821
 778419
 572863
 149167
 167850
 824697
 89063
 909279
 267132
 39737
 40693
 842756
 1079348
 239575
 774669
 9891
 672210
 357996
 1062308
 117817
 1078919
 569709
 575967
 942360
 618732
 87252
 422468
 868927
 168794
 15274
 688708
 884777
 254475
 882850
 251648
 289542
 858491
 2011
 297178
 635165
 582446
 198504
 1003113
 194702
 828377
 190603
 63361
 465045
 1077228
 386310
 754619
 755473
 811610
 149494
 689561
 467807
 381008
 654163
 468366
 168347
 278407
 691210
 452821
 327094
 508495
 77952
 408836
 667981
 1085554
 1064584
 878086
 408873
 142945
 607573
 787964
 54289
 72331
 604922
 910820
 229509
 391947
 324221
 86795
 356051
 138525
 214678
 7652
 441765
 627298
 567705
 369828
 143892
 868478
 522281
 947778
 1035468
 697047
 208687
 527049
 618477
 721292
 27929
 1018754
 164785
 253853
 991410
 529968
 301259
 643680
 508864
 969319
 382066
 17851
 226719
 329347
 227109
 701302
 265007
 236608
 127250
 446124
 566896
 937713
 303665
 955797
 412834
 990022
 730818
 155641
 1059124
 28030
 258326
 832414
 575713
 193860
 113848
 470200
 555067
 483237
 613361
 324936
 856290
 525517
 845387
 715368
 999525
 929463
 577547
 639836
 259806
 498520
 659875
 323589
 192874
 1014203
 873435
 1032834
 763266
 108383
 440320
 521746
 216712
 79857
 49157
 692555
 1050822
 686600
 828810
 1028681
 1042881
 437544
 638496
 141185
 981156
 476131
 324417
 977658
 736138
 179563
 1045761
 520017
 523428
 478887
 399233
 218101
 49524
 295188
 598201
 387188
 234700
 839239
 860618
 632077
 979830
 376629
 561572
 1013220
 403931
 103146
 445900
 362768
 605683
 122782
 338807
 575414
 523853
 110946
 841666
 712423
 71573
 787270
 337440
 46188
 318096
 823789
 194355
 899847
 29582
 163891
 367133
 808939
 493838
 543516
 772086
 196111
 110677
 378672
 264278
 358715
 881157
 411456
 198259
 340474
 896310
 555153
 631689
 494553
 351178
 616172
 492907
 175031
 194949
 529668
 134994
 181753
 376886
 100104
 828441
 245657
 903899
 835825
 866158
 131290
 674832
 302486
 125264
 999707
 550465
 729422
 647482
 181923
 710446
 437112
 141708
 671554
 660374
 928525
 681516
 479165
 342687
 522702
 871379
 244519
 727298
 646087
 805678
 866695
 731510
 244053
 856757
 629852
 47114
 486149
 177357
 277980
 355521
 231014
 788234
 405073
 716696
 406056
 24604
 956902
 983377
 594466
 39749
 966766
 317523
 576857
 886798
 653625
 255346
 606287
 923432
 710181
 431845
 334225
 951678
 801682
 908728
 236805
 952158
 514200
 664063
 1042950
 704140
 697818
 91384
 42937
 628588
 57144
 69856
 451447
 646440
 608491
 353606
 1004760
 579769
 556375
 865232
 446351
 44530
 816925
 149597
 151449
 707807
 11322
 1044128
 733228
 1076672
 719437
 617785
 83323
 298120
 339926
 242732
 162061
 1078395
 819729
 869701
 256839
 664712
 469562
 206927
 477839
 621870
 671516
 906218
 624226
 1020627
 288096
 153862
 914237
 69184
 728120
 99497
 801800
 1014737
 1003392
 972046
 837750
 3222
 579882
 1003074
 19465
 68169
 580178
 787986
 732568
 650983
 884275
 113731
 801873
 1024951
 560209
 404362
 500791
 998812
 659802
 766784
 267846
 604
 868775
 1072614
 1077631
 13086
 815683
 47428
 254141
 1093199
 54214
 275785
 1070462
 1013301
 311452
 792042
 303294
 369691
 614359
 436520
 859646
 640861
 954450
 987439
 228599
 96885
 870260
 367150
 799510
 843267
 499572
 1072850
 50001
 1097932
 925627
 423959
 648600
 932187
 1029976
 303437
 438300
 978308
 683954
 935895
 549856
 760874
 442962
 371702
 792413
 1026873
 331282
 326875
 195067
 830719
 1094096
 166015
 1098127
 358643
 332058
 179297
 383618
 208954
 431437
 344752
 21730
 254229
 804467
 87802
 436782
 78023
 745762
 539685
 231553
 815145
 562157
 223967
 839007
 156425
 318223
 627958
 480283
 99519
 894868
 742430
 654162
 761850
 525043
 633861
 267813
 176378
 603034
 806086
 136813
 1042449
 500953
 87263
 544878
 931358
 881588
 751925
 861260
 927664
 718005
 321500
 860719
 159357
 923530
 680197
 638775
 656992
 1064016
 813209
 539245
 830673
 89084
 742921
 1035897
 1065699
 924393
 751294
 535123
 730374
 408810
 645545
 962205
 150581
 32140
 892798
 590740
 178558
 627287
 137765
 301608
 941354
 831121
