68321
 103363
 945309
 964811
 278911
 145264
 961106
 111495
 746546
 1036281
 1035833
 191741
 246535
 903741
 708405
 518442
 322847
 1048960
 390744
 1070458
 456762
 558305
 492240
 964608
 126840
 751587
 482491
 634734
 403499
 413830
 666144
 708669
 686639
 663624
 1025327
 469203
 89784
 79405
 947330
 780011
 242558
 59030
 70590
 942616
 223939
 579674
 349178
 733102
 141870
 92825
 943665
 982574
 55325
 641468
 350255
 1048143
 512804
 313233
 916670
 663558
 346676
 523267
 310151
 874649
 1036562
 28647
 650596
 753181
 129812
 909542
 161620
 643014
 404162
 934083
 494603
 1030538
 1046325
 642949
 765764
 484545
 995374
 142634
 472949
 623428
 117265
 940603
 454529
 1063505
 923945
 462428
 336078
 503378
 307385
 358340
 654316
 743478
 449155
 541902
 577373
 205700
 502766
 910979
 849720
 593267
 175575
 404591
 475811
 584030
 521965
 629746
 589747
 969891
 331491
 158980
 519146
 114697
 575939
 749092
 97992
 38094
 80525
 485790
 213757
 148666
 199332
 192246
 432000
 438152
 854571
 258258
 708445
 508010
 1051676
 569908
 350129
 1048257
 863348
 925377
 264029
 229175
 21194
 581740
 447945
 977804
 62335
 420381
 310093
 974248
 968984
 825043
 257020
 869376
 461458
 297330
 949433
 763484
 835470
 548301
 799727
 354611
 114478
 750912
 57654
 1099496
 857597
 392588
 1860
 294212
 180166
 16352
 616294
 136289
 1007665
 17182
 285816
 186824
 162004
 790184
 492927
 297885
 332126
 627550
 509611
 674677
 162287
 469793
 348073
 54729
 85080
 666979
 277795
 676196
 446105
 1007230
 449175
 516589
 674309
 472657
 859994
 74937
 506604
 602585
 948065
 267427
 240931
 55647
 696964
 354723
 1002602
 976873
 691237
 892133
 289244
 448430
 214039
 641211
 187436
 590073
 404872
 832268
 119803
 159140
 897272
 1003761
 302202
 601167
 868884
 95526
 411693
 918925
 266940
 997620
 634146
 518331
 356706
 803724
 538060
 1031858
 644723
 1047338
 697575
 347744
 826138
 159323
 172143
 587212
 457226
 447457
 752341
 874486
 990104
 720574
 524077
 697709
 442009
 95101
 646454
 345823
 472645
 1014676
 731674
 754359
 592838
 778785
 910272
 187710
 547882
 761027
 41798
 94497
 188110
 595613
 1083580
 305385
 19214
 559727
 485620
 256543
 362816
 553233
 372543
 698343
 75423
 337201
 648320
 1061520
 567923
 323436
 905482
 249954
 963400
 700590
 181552
 259879
 748256
 707109
 326871
 274863
 927776
 371285
 530882
 106356
 1083011
 278887
 910204
 994852
 462881
 1048616
 419419
 177487
 3080
 1028252
 723947
 1024378
 267899
 427629
 817106
 227160
 774911
 923874
 742394
 686396
 450085
 270077
 1003809
 179459
 285464
 634746
 293258
 376988
 67897
 784533
 659465
 544238
 547191
 332816
 1076751
 218243
 355447
 672586
 433854
 577944
 930756
 84137
 625546
 433278
 68002
 7525
 163309
 185885
 384135
 1041278
 927695
 89896
 448650
 822179
 641016
 305785
 300721
 1012270
 21236
 707699
 42723
 564641
 549729
 799888
 394369
 135259
 533852
 959060
 103521
 604576
 446596
 496637
 228701
 259849
 1055336
 1028025
 87775
 59511
 592875
 4816
 380564
 725188
 708814
 430931
 204227
 151572
 282609
 971928
 387498
 474081
 360308
 567966
 590989
 267032
 688026
 967366
 935862
 440858
 1013331
 408571
 995900
 189437
 748743
 755976
 661360
 794850
 811610
 451868
 529847
 597792
 53704
 652504
 190217
 973391
 137333
 577302
 54313
 798389
 767500
 39853
 1042245
 545348
 789595
 663503
 918389
 577304
 631101
 265449
 967614
 669612
 603404
 54596
 149714
 666449
 1072853
 829557
 190950
 730893
 1024958
 122557
 210575
 392754
 982228
 132147
 517296
 329669
 265521
 666642
 29838
 969721
 427810
 995647
 39447
 148365
 618259
 507390
 230906
 391743
 587728
 342025
 928779
 1029802
 954805
 949933
 17214
 919169
 609737
 603945
 208730
 701142
 463349
 810101
 719465
 333874
 613101
 408676
 981516
 129210
 934340
 230119
 447317
 252650
 1047200
 408678
 481167
 521740
 510977
 106689
 346114
 46983
 480033
 645852
 338062
 521256
 266449
 886632
 246937
 1000651
 838383
 46532
 116531
 135098
 69744
 108256
 331254
 636007
 23862
 695058
 483496
 795313
 722810
 25773
 336351
 1001609
 137923
 601062
 62182
 699799
 445914
 334106
 1018039
 87118
 85447
 778801
 519804
 431215
 47593
 476182
 276006
 1003026
 691918
 21821
 590090
 904657
 1022853
 602370
 166251
 739869
 249840
 323671
 22966
 247265
 931815
 441764
 924571
 220427
 1082832
 1067602
 91831
 475024
 730394
 976222
 906591
 299609
 32278
 866396
 610443
 327308
 267548
 157568
 584606
 730793
 177535
 646918
 733717
 436158
 583163
 220893
 501215
 592390
 1009907
 742938
 765005
 21270
 469911
 682628
 820207
 285685
 241614
 78663
 722551
 907037
 895489
 738811
 330698
 397758
 476415
 237928
 997284
 52793
 992456
 199593
 190928
 448877
 131911
 785242
 1085771
 360372
 789119
 1027365
 16957
 37794
 339658
 28995
 671538
 389275
 414669
 271162
 190116
 187591
 1059801
 582882
 100219
 415941
 76522
 177984
 725856
 842780
 1063846
 445104
 340710
 759436
 441016
 354883
 244433
 422000
 857120
 155121
 748331
 438430
 279286
 985934
 1068224
 715012
 656650
 155440
 2953
 309636
 901734
 816246
 493390
 692131
 203259
 474583
 364182
 725448
 1018738
 515931
 284378
 736809
 291897
 203042
 23265
 552975
 415109
 257367
 1058250
 827159
 746920
 289790
 198334
 624297
 336057
 670998
 133156
 933146
 402428
 491597
 332585
 203420
 936603
 723996
 1026422
 326318
 64151
 30943
 61746
 496107
 1097431
 616503
 343747
 402170
 440339
 207199
 927705
 974251
 963560
 419853
 30252
 1038175
 921608
 768558
 725120
 910577
 211003
 491751
 641021
 726401
 367112
 132755
 359222
 83655
 39587
 989289
 1079289
 953415
 1015386
 167032
 929342
 1099769
 29355
 652685
 693294
 59487
 392489
 1072832
 582555
 738818
 919475
 465091
 940396
 61817
 74728
 838190
 611566
 722970
 613805
 1044624
 104577
 1052994
 132886
 797661
 115335
 19464
 923157
 562774
 407468
 872044
 317801
 779277
 474846
 566172
 930765
 471260
 562477
 974566
 945305
 485183
 675326
 64406
 959447
 277055
 546204
 800797
 105014
 164172
 402310
 587849
 605299
 437015
 664247
 500459
 515588
 307439
 713185
 122998
 1061212
 554267
 38864
 616034
 560628
 862890
 417280
 715886
 755180
 497633
 794038
 73140
 462352
 482854
 19647
 508774
 965001
 42680
 853113
 197049
 144645
 826797
 124831
 393510
 709149
 573724
 118748
 889885
 14703
 811120
 364934
 635968
 161412
 224386
 901974
 110550
 980299
 523729
 581574
 740709
 393129
 529646
 1071543
 715082
 558080
 344456
 23171
 956539
 459889
 451888
 730568
 898146
 908906
 1004456
 732131
 874602
 608478
 1049020
 648578
 542649
 574393
 154767
 511997
 402275
 518611
 922901
 1049750
 142438
 848745
 324185
 672631
 69733
 941386
 776926
 282270
 597701
 877129
 358678
 485057
 162690
 653161
 301291
 870933
 314940
 365878
 344160
 932638
 1097994
 616649
 928309
 52571
 665643
 1005384
 373134
 203875
 612127
 396592
 588896
 703392
 545058
 234780
 756970
 755357
 927921
 803706
 47481
 67955
 876602
 105540
 305823
 760345
 1010952
 1001552
 794966
 840980
 365298
 223001
 143158
 470670
 644005
 277007
 591067
 70424
 587635
 474945
 203035
 891728
 82108
 158359
 432767
 89254
 462548
 578569
 692802
 999098
 505383
 543598
 629685
 348899
 156354
 200008
 325550
 245519
 424245
 545837
 191190
 622673
 347823
 836572
 834185
 1064359
 809946
 704112
 611824
 897295
 71526
 638948
 482049
 268330
 1070649
 520415
 329212
 90710
 573493
 620133
 421566
 393431
 332834
 190479
 218253
 279182
 332819
 279611
 1055534
 477119
 1068191
 834242
 299823
 199848
 959502
 1006610
 692111
 131536
 564708
 343726
 572206
 315636
 323165
 332933
 338083
 85923
 186904
 867559
 825067
 203975
 458813
 445400
 317031
 843691
 628780
 267437
 1062308
 653108
 260397
 857948
 321027
 936576
 149092
 771627
 54274
 897911
 595736
 499703
 897761
 999323
 810032
 624095
 1086799
 872120
 839077
 568565
 575582
 964917
 445334
 19829
 162749
 656562
 97481
 498286
 23794
 365833
 108262
 149092
 1012445
 18978
 383428
 952248
 356679
 556395
 1005726
 973728
 241870
 83843
 844837
 1041750
 1099638
 397009
 652682
 886058
 721284
 392874
 1015956
 284148
 634132
 788590
 746260
 908251
 861365
 123686
 460343
 349862
 961637
 419757
 570916
 70837
 55681
 423999
 512164
 973109
 959558
 896029
 486312
 995485
 432909
 375511
 1058774
 140456
 643648
 276634
 483135
 530038
 94510
 869672
 260083
 22352
 991401
 712419
 903621
 622612
 505709
 421972
 87216
 890291
 152523
 540333
 864209
 992998
 1091308
 114483
 769930
 571681
 1021618
 308967
 1076306
 904575
 801043
 1037682
 986042
 801982
 703579
 635521
 902021
 173922
 630276
 1035476
 624375
 144607
 947832
 1057823
 46327
 1088968
 336311
 1064850
 868687
 392016
 695198
 628531
 737866
 570143
 1080144
 1064823
 355106
 134349
 209774
 210995
 525285
 432751
 766700
 855612
 370918
 169651
 1000597
 484724
 556349
 138476
 164242
 188992
 431551
 457987
 909308
 683242
 554688
 969431
 214839
 572676
 1085748
 933590
 141070
 499864
 1082448
 559664
 205021
 857775
 489187
 278684
 811770
 856118
 96221
 326313
 955058
 263427
 95473
 656220
 558786
 608158
 469528
 29423
 818455
 500874
 1001194
 890103
 783641
 501147
 168973
 377280
 161640
 426634
 1064976
 622900
 922729
 32388
 35641
 787386
 754152
 422620
 786273
 942501
 556296
 854339
 802230
 233964
 418511
 533244
 392669
 116768
 165222
 763071
 496500
 81581
 401610
 896468
 461191
 327883
 615115
 98180
 542479
 57850
 156865
 734728
 591788
 385561
 649241
 118452
 669937
 953144
 168016
 161459
 894101
 968119
 944074
 144330
 748210
 261732
 880917
 274760
 685565
 26317
 767757
 107127
 243459
 230867
 45063
 178481
 390125
 781529
 594121
 764953
 960599
 945390
 656307
 87727
 487884
 111050
 12116
 806063
 481046
 585829
 87894
 110943
 14781
 274777
 237749
 1007640
 944957
 744343
 113910
 732793
 54630
 807664
 1057948
 79590
 1050086
 554789
 680108
 71637
 344283
 599898
 916890
 757997
 1084377
 739260
 1067384
 509772
 346660
 574267
 231755
 76467
 186246
 88527
 283556
 890036
 660664
 737441
 12036
 864018
 410709
 983236
 360866
 555172
 860443
 361266
 990273
 44613
 866819
 897136
 1004784
 550761
 693115
 165224
 821144
 801304
 368563
 777791
 902419
 513166
 1064114
 267244
 275892
 82683
 440979
 676189
 40055
 829786
 846057
 474845
 755626
 497720
 181522
 247099
 351739
 520494
 513986
 466597
 911739
 94743
 653919
 1076342
 201148
 714065
 125469
 960920
 460541
 859801
 588854
 811879
 311498
 440984
 539295
 818783
 340991
 1009843
 605032
 236044
 270799
 706809
 137658
 1014910
 427097
 1032387
 668099
 304505
 463582
 188254
 762901
 308308
 848773
 366876
 725495
 666725
 737569
 1031050
 710456
 850760
 590960
 57293
 133546
 708137
 640825
 102709
 312316
 636966
 703972
 878000
 435518
 338521
 998593
 828725
 47911
 377862
 363163
 1056370
 748408
 905221
 595571
 899444
 382341
 37109
 832360
 1060108
 172974
 43099
 58494
 273283
 1036363
 586880
 135976
 349067
 745797
 10363
 1036017
 527962
 700937
 88303
 1060826
 328485
 890317
 889200
 171006
 542015
 551047
 1090205
 808027
 503531
 1033776
 373091
 543178
 489911
 458576
 929141
 43461
 639462
 822754
 966075
 830048
 476662
 384842
 753687
 1036868
 889391
 23955
 612241
 7804
 49386
 401305
 513383
 115909
 686916
 870515
 611142
 713100
 997569
 1000737
 946536
 1011264
 631963
 644039
 178793
 411808
 647993
 658950
 420501
 928670
 287540
 815252
 749519
 988142
 148423
 93135
 442688
 152828
 818852
 875769
 719018
 575706
 760956
 797950
 13692
 467145
 469877
 116523
 100758
 326048
 491518
 334906
 937487
 993159
 887182
 298062
 127889
 347709
 870954
 14333
 527217
 339080
 21105
 156633
 313491
 838919
 443407
 744362
 773355
 895359
 349264
 943188
 722953
 1010640
 250269
 943892
 144386
 3838
 813896
 1017013
 149050
 84991
 71322
 27626
 937453
 130427
 10374
 581805
 602562
 143947
 504514
 219218
 968923
 110795
 128514
 1023299
 584478
 793442
 464046
 948130
 612007
 263208
 672360
 169554
 611016
 231650
 537916
 577616
 665779
 365161
 1048532
 738918
 149917
 1099071
 245218
 187060
 182442
 107724
 739560
 1085255
 1094726
 993204
 1060711
 1078828
 823899
 205106
 651215
 997258
 384096
 53764
 175829
 1067195
 905569
 495240
 305617
 1068932
 948973
 624401
 740138
 368772
 169182
 1091147
 17127
 348067
 872427
 241864
 686629
 472090
 387457
 270068
 360275
 344528
 952645
 955138
 224741
 851517
 683317
 101786
 135180
 408352
 453197
 226909
 334525
 356913
 88953
 12779
 485011
 741804
 15448
 378138
 1081351
 579191
 459442
 584283
 778042
 594788
 641392
 157978
 333689
 941981
 860215
 18024
 627613
 503625
 815113
 159833
 752852
 136136
 641264
 731895
 238571
 597105
 1022839
 436504
 146909
 392896
 325020
 984605
 656912
 186751
 40055
 657358
 623031
 364690
 429879
 1095446
 867813
 294025
 723909
 774921
 672827
 855781
 547787
 753068
 541379
 758833
 339178
 202678
 997089
 537510
 458531
 549128
 345479
 495689
 55599
 340706
 120864
 52863
 985337
 117218
 980271
 1038229
 211958
 894726
 929318
 242051
 721270
 696913
 642621
 760763
 306791
 524419
 89458
 893964
 57208
 688157
 734478
 749438
 21020
 246367
 321375
 190212
 978487
 365409
 145697
 60121
 1064367
 488596
 1078728
 473003
 1019865
 1005895
 988224
 4304
 603205
 136311
 175249
 533030
 552617
 962594
 1026320
 968573
 847040
 378441
 52538
 228984
 375330
 200290
 344385
 736445
 1075475
 696942
 918917
 733830
 1011118
 873787
 701801
 772281
 216089
 111503
 1058096
 157335
 459288
 248436
 1034042
 919519
 896439
 47697
 17028
 962894
 579233
 1019673
 790453
 872654
 948709
 417341
 620374
 517658
 936457
 851134
 780790
 464229
 1055929
 991
 1036807
 411940
 356969
 1079067
 371161
 195251
 242518
 855665
 833505
 586645
 200679
 1014469
 988441
 1027170
 905840
 455657
 374071
 838607
 137175
 48605
 577347
 1035048
 425044
 413631
 730020
 8991
 835078
 996826
 133855
 1030457
 115775
 840916
 611261
 909929
 2071
 4932
 299140
 355001
 889133
 618394
 44329
 173043
 602835
 298103
 491829
 337346
 998478
 195742
 1022524
 165261
 507281
 656168
 69139
 57327
 1055873
 324677
 934041
 577923
 323269
 841683
 2750
 570114
 768958
 264801
 738105
 621099
 165553
 188498
 414769
 808472
 700519
 988108
 220648
 402590
 95247
 510610
 1033168
 37961
 467746
 207562
 1011809
 1098136
 238187
 409533
 777161
 553607
 679900
 763642
 1004513
 28265
 924425
 528001
 459559
 646290
 991955
 580114
 318257
 631266
 377818
 880747
 219394
 100229
 10760
 518247
 90835
 256057
 537544
 1022855
 742812
 614436
 924724
 44183
 993646
 340226
 68774
 317259
 492556
 628979
 922481
 228878
 858292
 798222
 855419
 443311
 567161
 423212
 1068768
 719971
 98910
 473646
 332735
 1097422
 734698
 598800
 159709
 910636
 337283
 807015
 378074
 948983
 348825
 738768
 497960
 400321
 768238
 976477
 561885
 844494
 160816
 547236
 560742
 790610
 902373
 350575
 552822
 866014
 422541
 579000
 109937
 417520
 317979
 39472
 940784
 632474
 513737
 408761
 767926
 386438
 1007882
 223526
 308342
 600839
 175744
 10282
 280129
 1001769
 686527
 204608
 296570
 542492
 673904
 289113
 66795
 649894
 94252
 197711
 87650
 488802
 943665
 30830
 809444
 1070405
 580771
 25260
 1007666
 447055
 269347
 722287
 937250
 799259
 1069899
 1056097
 929028
 625226
 362610
 706559
 640843
 173228
 454618
 743971
 925452
 285234
 807022
 1096569
 620615
 23058
 83874
 1014645
 822316
 447819
 61685
 209399
 828166
 909251
 39426
 847532
 27133
 762714
 138016
 983269
 841219
 1082348
 463034
 225039
 944396
 264944
 413948
 933451
 989756
 902117
 843330
 553904
 172312
 863452
 850879
 1097220
 1025921
 978099
 94104
 826741
 15645
 846985
 713406
 950532
 1032916
 576225
 244365
 197562
 805127
 267484
 283479
 367233
 594147
 226609
 240207
 1094637
 266898
 1012357
 990888
 73912
 405708
 651197
 595960
 123137
 705212
 177817
 271047
 793111
 772759
 643692
 715701
 15325
 154981
 837511
 1091589
 190391
 444763
 256906
 334116
 282994
 1031639
 702162
 343845
 466518
 307271
 1039834
 539780
 266068
 277511
 317079
 491817
 503449
 810376
 489206
 126764
 809490
 303794
 115945
 659002
 777946
 28184
 963186
 817328
 1024248
 271945
 1071364
 653189
 1054379
 876275
 73340
 953513
 1048198
 1030699
 156827
 320346
 98751
 534802
 867050
 764666
 693778
 150556
 189401
 734216
 93151
