937101
 952285
 310272
 393094
 751455
 861279
 345950
 418094
 677555
 546208
 538196
 129406
 688277
 511402
 1092300
 598887
 170801
 88964
 458122
 1055343
 620528
 218727
 564847
 340118
 1091700
 198401
 310945
 105533
 366560
 1048325
 1092910
 539328
 958529
 45392
 795208
 263001
 341372
 461988
 562534
 660335
 465875
 1081377
 895362
 438340
 97098
 989279
 40246
 83083
 146843
 598743
 463566
 504410
 483477
 297882
 197852
 938986
 1020695
 329683
 919110
 486156
 383678
 811653
 11013
 1027346
 938901
 657470
 546052
 249074
 780839
 413550
 326975
 512949
 796424
 96871
 358183
 15718
 109543
 203854
 207937
 29699
 24398
 1035134
 633114
 1066146
 1061793
 866286
 690100
 237540
 210712
 8491
 853012
 500212
 272288
 206586
 651700
 719358
 543881
 537521
 114252
 51425
 579675
 546916
 335804
 956780
 246089
 164969
 411962
 434780
 1040539
 51788
 132504
 196285
 396907
 614524
 461559
 522382
 92843
 580212
 1070049
 926055
 798060
 129985
 22762
 688656
 435571
 231224
 249027
 889370
 547439
 794013
 95576
 972828
 175559
 324198
 787502
 509951
 176934
 69519
 352905
 280720
 590190
 315472
 46018
 70024
 585757
 232204
 400603
 706774
 253625
 733193
 881662
 1056305
 156038
 318503
 355957
 945367
 697375
 286839
 101565
 650377
 861063
 57371
 1023670
 1028974
 820422
 323498
 1069110
 1085496
 549284
 957552
 1040161
 289201
 680273
 467679
 435892
 669550
 491620
 131145
 368297
 797324
 732362
 548741
 315027
 736087
 49114
 561332
 572588
 619873
 1057796
 674834
 9958
 97144
 212356
 1075440
 122148
 14351
 968312
 623060
 593316
 123433
 481207
 1077227
 440298
 92744
 428820
 910073
 840615
 706057
 567229
 917959
 858086
 120347
 839142
 855381
 812609
 819147
 174187
 345325
 172658
 1099679
 323893
 622519
 551442
 768930
 1060656
 1014338
 430506
 415603
 973110
 222808
 978525
 597977
 731589
 216291
 229982
 66627
 995213
 200255
 921282
 1014882
 1069368
 526962
 15188
 665757
 996725
 654752
 187149
 705612
 246108
 460690
 334580
 777785
 565729
 402378
 270064
 801120
 858762
 104689
 363591
 925179
 7350
 976047
 598942
 974441
 771522
 847150
 210712
 122250
 480796
 306814
 828825
 838064
 851520
 201323
 504087
 1094230
 923309
 951437
 557350
 833169
 786128
 867772
 381949
 376790
 113112
 698309
 7869
 682422
 770327
 223646
 833941
 617667
 863338
 482525
 26605
 1022974
 696415
 125654
 821722
 795552
 647048
 1073793
 113023
 321226
 98635
 296307
 113561
 199041
 794546
 592343
 640896
 545356
 1063023
 976944
 677710
 860390
 329271
 973302
 381168
 591964
 526486
 467122
 77790
 981046
 622342
 567418
 1099510
 942967
 783184
 892497
 763005
 474041
 968203
 1019158
 89019
 539758
 663919
 113344
 179360
 522148
 179636
 511070
 155633
 337954
 454277
 387131
 206180
 240484
 823460
 982502
 779590
 861741
 613007
 1088689
 753723
 921411
 960634
 879249
 919603
 445731
 41145
 980123
 505764
 1015015
 80699
 416275
 1025535
 776377
 691984
 868732
 1044848
 881517
 752364
 309515
 967306
 374328
 77233
 580359
 24295
 578409
 361971
 183751
 225196
 225982
 773784
 788273
 616162
 873879
 513416
 695305
 403698
 508784
 344465
 667697
 223190
 469685
 112448
 962252
 180080
 231576
 357908
 989594
 427791
 290273
 975387
 748919
 148141
 468348
 113361
 272331
 192286
 730758
 1074559
 242211
 484903
 169264
 789467
 983417
 136003
 1023461
 451384
 776365
 534136
 61430
 852845
 89094
 479584
 616542
 677320
 126082
 818254
 684927
 3660
 839551
 165511
 1004756
 1006345
 515883
 33896
 932972
 87691
 1040250
 796478
 452652
 998686
 47993
 1046720
 788746
 113959
 877136
 201763
 103846
 187265
 731988
 445151
 195527
 3154
 873272
 942191
 923749
 975775
 858668
 632030
 402507
 291151
 670589
 935418
 247624
 142149
 925126
 178856
 225475
 1068729
 14110
 453786
 1068542
 767144
 745618
 63682
 406655
 918356
 158260
 258813
 1038673
 532245
 852205
 343722
 413916
 55540
 399118
 130707
 63626
 1028093
 124405
 633621
 366850
 231006
 349758
 623716
 932985
 999383
 682108
 801209
 142829
 432044
 1011555
 960850
 1024272
 476274
 756294
 199449
 202826
 717903
 122685
 851348
 224687
 805618
 1006031
 576488
 822548
 1053870
 16483
 824855
 259929
 699814
 469807
 974911
 793585
 143810
 876217
 179330
 460169
 949373
 890943
 922081
 333455
 70937
 890465
 710099
 698819
 995899
 579718
 180007
 313762
 421658
 904865
 789021
 269987
 227859
 373625
 705959
 265510
 209688
 266598
 616457
 575811
 150263
 697034
 292179
 362892
 589179
 870457
 867589
 119013
 204960
 759326
 828196
 448090
 902059
 641145
 831007
 122923
 707064
 962715
 94106
 790404
 883765
 42947
 507971
 913228
 903082
 837690
 483050
 709347
 792677
 134368
 329958
 1014573
 394243
 152863
 354213
 419015
 549431
 236244
 957398
 911928
 488238
 64958
 301009
 346697
 312006
 32552
 315998
 485652
 256472
 878541
 682282
 518111
 696011
 200203
 478527
 161653
 302876
 389711
 836643
 803588
 1033941
 568634
 161163
 707938
 545389
 1030966
 739966
 1066574
 713737
 1068413
 344082
 372075
 710042
 743352
 213165
 186914
 668895
 482048
 573304
 241784
 1087298
 432524
 297790
 749247
 1023770
 190521
 756294
 862955
 642860
 1079604
 989632
 580431
 273698
 777180
 272545
 1012302
 117707
 443161
 373796
 922041
 930166
 38319
 613181
 826393
 14171
 827275
 710635
 532503
 207361
 660583
 716761
 762586
 3034
 1026357
 487113
 1087307
 59056
 607119
 875570
 1097711
 635460
 227859
 18005
 52720
 604672
 182528
 530032
 514644
 912762
 117279
 965822
 628353
 93316
 400092
 733059
 352041
 734859
 540784
 663475
 131997
 549758
 209396
 154839
 943527
 876246
 324748
 852304
 509589
 377581
 1032712
 756731
 893037
 115278
 979846
 392448
 133935
 868852
 212900
 605829
 623892
 619261
 805277
 474122
 383780
 522105
 726936
 103828
 111499
 56936
 92221
 603696
 765780
 18936
 121980
 688503
 13686
 268354
 992658
 192817
 138771
 743033
 835049
 983083
 789340
 1083608
 855969
 1001842
 579148
 803077
 784161
 192592
 888500
 754849
 429925
 634706
 329839
 449005
 262370
 703582
 982583
 917745
 17500
 953798
 451627
 671949
 49004
 768879
 402705
 874241
 858441
 923734
 243738
 45152
 713418
 624664
 602266
 731464
 1032717
 1007836
 1051223
 467111
 1010031
 560954
 904261
 971153
 232295
 694023
 506703
 57678
 110833
 875624
 695923
 887330
 569528
 919684
 593566
 519636
 371403
 264538
 518951
 847413
 822375
 878332
 1072308
 977741
 318244
 96539
 1050027
 296597
 859084
 801509
 207099
 778890
 910379
 858781
 691363
 445895
 548549
 300710
 816714
 836414
 482369
 395808
 26548
 322447
 193959
 12633
 212553
 237320
 257891
 511385
 305463
 561074
 925665
 462207
 616593
 866795
 801848
 45216
 823560
 1076937
 866123
 1026550
 289740
 226469
 207605
 15562
 1092053
 477947
 302861
 924860
 493745
 310813
 606607
 831588
 523094
 290232
 227985
 738378
 80867
 102159
 971316
 756263
 537101
 162814
 150374
 918724
 276978
 1010623
 418781
 962004
 798013
 296389
 477706
 790175
 858119
 115425
 208085
 616456
 465322
 692451
 759285
 398568
 503898
 252352
 691472
 611482
 598003
 723872
 930808
 583486
 596743
 549038
 560563
 436226
 14669
 629992
 131311
 275678
 683129
 752143
 716293
 47797
 396139
 973284
 1041729
 1061245
 383073
 941853
 587516
 737669
 192513
 534287
 540571
 229005
 339158
 639153
 979634
 1049659
 616289
 1061200
 316000
 602451
 652446
 79505
 973043
 772788
 345272
 80300
 600772
 686299
 686277
 178930
 462715
 335931
 937742
 220925
 268406
 948807
 527892
 864269
 194165
 291590
 425811
 777435
 750100
 744260
 702310
 1005263
 371704
 666801
 502112
 429154
 862922
 597461
 744571
 67435
 231811
 828556
 845229
 947105
 509740
 1035207
 306898
 983770
 949102
 793338
 531784
 785443
 53185
 436199
 507951
 890998
 518035
 752517
 146966
 945216
 97322
 626019
 1053676
 204487
 853912
 551370
 597705
 133344
 979327
 585384
 349183
 22194
 117950
 33147
 935604
 226716
 3215
 331665
 504914
 92866
 1008328
 365257
 484771
 603807
 1000045
 1028325
 311426
 1081423
 410146
 303903
 739998
 873905
 470226
 897759
 849507
 353322
 779931
 57142
 614356
 319285
 205795
 898759
 220552
 707503
 2377
 597477
 134566
 773335
 1044827
 979981
 70438
 88056
 101259
 930900
 735560
 163141
 417622
 136950
 595837
 979782
 456241
 36571
 574396
 352330
 228102
 640100
 805186
 476054
 770188
 203788
 253574
 653920
 509870
 462774
 37931
 994369
 617945
 879482
 772510
 762382
 649075
 436013
 388527
 910263
 974975
 1021206
 152246
 726968
 339618
 154362
 90841
 1087945
 751387
 44998
 681790
 574271
 517402
 76522
 475513
 309745
 804511
 93708
 742178
 8270
 537257
 461855
 815338
 946507
 386914
 1015161
 63788
 550609
 1048367
 952424
 1090572
 662227
 653400
 562180
 475969
 932863
 665189
 1057218
 624369
 763429
 274624
 838463
 674263
 343747
 956531
 1000289
 375954
 580201
 667345
 869082
 1030729
 410256
 26564
 260606
 422716
 265672
 275364
 966735
 178608
 104135
 540396
 305056
 799097
 953388
 260590
 172416
 473154
 143882
 641533
 506962
 624573
 559721
 1016600
 276808
 470562
 1021779
 310882
 34061
 285376
 375110
 921586
 504296
 696737
 1034525
 510605
 303243
 92931
 974074
 440460
 758847
 1019931
 285008
 387236
 361384
 1001049
 1075105
 1652
 402546
 866551
 1029976
 765456
 23857
 757156
 1075275
 738936
 47897
 498276
 777260
 212773
 754753
 356832
 886744
 863335
 260591
 547872
 555335
 929463
 442900
 812425
 969990
 266322
 477239
 12750
 746528
 1072581
 266786
 630840
 211717
 547235
 442869
 280933
 431508
 721194
 389281
 1040462
 776618
 685430
 336582
 646719
 473331
 846253
 762217
 95539
 402839
 670694
 792024
 847778
 205134
 720366
 40677
 748306
 260386
 74639
 491978
 661735
 318163
 429711
 318672
 603205
 1073528
 718433
 54066
 302594
 434403
 709279
 1093889
 257224
 892831
 970340
 948768
 162539
 137825
 642391
 355584
 418013
 136639
 73641
 132840
 955957
 924617
 565021
 813511
 630661
 667321
 285156
 371069
 378689
 328173
 243823
 1077172
 43861
 696130
 605584
 966907
 315542
 404109
 91864
 1099432
 183883
 198151
 446967
 943741
 1041295
 159201
 205339
 926308
 805147
 271125
 863681
 702708
 290116
 1067930
 879214
 824158
 710480
 599946
 928422
 687832
 740445
 1056583
 1023680
 257462
 943821
 622359
 870076
 85898
 776413
 439420
 375649
 283431
 661830
 843569
 67991
 139504
 155644
 195566
 372974
 651636
 499833
 659320
 828350
 247214
 369314
 772402
 63912
 309613
 1046271
 730891
 187077
 117620
 1063266
 26404
 518702
 557561
 1034729
 185435
 425928
 570851
 774112
 76303
 254494
 6239
 235639
 881432
 43357
 149822
 47585
 755364
 845918
 929613
 189844
 339354
 981906
 416599
 375797
 289583
 268275
 722575
 881770
 23436
 468687
 187687
 33098
 858870
 991674
 833767
 666015
 373967
 487336
 634723
 511906
 626425
 540813
 650549
 164074
 449320
 188756
 951396
 212149
 634743
 292337
 575942
 399602
 1097617
 613862
 449482
 584378
 973561
 251058
 121377
 461468
 73717
 163951
 840640
 735700
 415177
 334226
 356611
 867720
 791784
 772469
 504586
 558856
 882632
 40485
 545520
 966054
 510039
 586370
 954837
 1072002
 912790
 703674
 885864
 538010
 827682
 270105
 199962
 1004535
 88804
 889355
 294240
 1051270
 380303
 236176
 1090559
 835371
 379842
 940629
 1025227
 1076376
 283236
 418096
 292234
 690219
 617736
 459895
 651559
 369893
 87043
 318572
 890818
 966849
 334642
 1084043
 140175
 826511
 687069
 260488
 428005
 710911
 703404
 920794
 398425
 455484
 278496
 661707
 827246
 642924
 176057
 148798
 620671
 224437
 519559
 986936
 332136
 981140
 429144
 513530
 740058
 418433
 873419
 524834
 643520
 85576
 991629
 86208
 890594
 822802
 817176
 780987
 742517
 262377
 1013759
 1069889
 761205
 116831
 288540
 149693
 735416
 954633
 248076
 485045
 740247
 831746
 920751
 227618
 546206
 735400
 447919
 582377
 1096190
 366964
 852593
 297470
 283776
 297821
 686733
 159707
 189831
 362204
 238845
 275746
 629733
 989167
 475827
 577476
 611624
 293343
 267493
 836970
 575535
 738820
 988032
 901634
 195425
 268358
 678922
 339194
 735692
 554183
 177396
 148469
 711208
 901422
 993329
 3431
 8778
 653305
 1037194
 525277
 1007593
 1001834
 870355
 339809
 117520
 586185
 576426
 1063318
 440210
 854139
 419648
 935952
 886692
 826113
 704797
 446132
 283844
 754499
 939666
 520771
 383441
 282575
 621909
 355287
 569797
 173914
 452184
 465436
 570949
 906298
 631908
 679215
 300993
 617256
 1011788
 630632
 456018
 1075159
 944783
 793165
 1064840
 412603
 45173
 58118
 488466
 799420
 876082
 644015
 72392
 168765
 72487
 471094
 860366
 226495
 858020
 891014
 931654
 97208
 376525
 678919
 107389
 719185
 938391
 19537
 474564
 624173
 36704
 168907
 961304
 60818
 280878
 481146
 302388
 855414
 81740
 924134
 363959
 989556
 762316
 239075
 13865
 846457
 891564
 781137
 286634
 165053
 1032219
 224266
 687460
 545392
 244746
 887132
 713957
 135528
 800523
 609946
 388559
 335142
 1018284
 578466
 654459
 652307
 985778
 410178
 154331
 417607
 415117
 707243
 204754
 916916
 393029
 694370
 274379
 1020155
 283235
 1068423
 149602
 112423
 731956
 6605
 659842
 894346
 654573
 416077
 965276
 565462
 753649
 997109
 918419
 37983
 177390
 238671
 154839
 452067
 788439
 407977
 526091
 770053
 524771
 1099040
 1037544
 1015847
 43717
 717586
 444718
 866151
 580018
 778861
 296593
 779261
 961197
 1073752
 701099
 617844
 207629
 466655
 801402
 913929
 324054
 33000
 594764
 136100
 1024540
 887615
 926156
 235788
 919774
 1032033
 249899
 631635
 102721
 713591
 850133
 496231
 247254
 486909
 522209
 716424
 946845
 226063
 461937
 1027695
 182602
 343329
 633490
 961573
 836881
 616238
 865755
 921173
 300339
 843219
 585849
 668800
 791182
 836344
 112956
 928870
 282742
 881359
 995150
 505405
 584345
 75149
 465452
 229249
 11673
 318550
 529945
 42078
 754932
 423141
 329339
 200787
 245721
 620391
 575531
 691922
 502093
 118792
 748962
 363729
 180574
 965498
 834676
 750221
 126268
 97123
 71539
 823756
 649789
 202263
 409322
 323447
 354416
 941380
 731664
 784111
 109526
 550628
 533030
 841102
 819617
 384856
 391736
 298604
 525706
 367148
 1049602
 709931
 760191
 976994
 82615
 90032
 310369
 1033018
 94255
 89335
 961316
 1040749
 769637
 53392
 865106
 439116
 760601
 731362
 1029551
 1017259
 238232
 882044
 450921
 286531
 696233
 476932
 33840
 463829
 947698
 981402
 1050476
 923032
 62893
 372576
 251963
 1033549
 68298
 495579
 489545
 1022430
 1013476
 990273
 165921
 664962
 184023
 341268
 739458
 521555
 367053
 743348
 348734
 232986
 1018882
 326927
 90972
 489891
 107959
 949062
 857137
 592830
 57548
 361875
 533119
 171152
 1067527
 1058845
 437804
 794990
 580998
 692467
 561009
 15095
 811352
 1066275
 708136
 304569
 986097
 668475
 1085077
 816830
 1071603
 614445
 779313
 397292
 600742
 901481
 269270
 273054
 394028
 779967
 173405
 984403
 123719
 514883
 1014907
 722731
 376861
 1092346
 257919
 869203
 70059
 960117
 69644
 43265
 480374
 234855
 588563
 937056
 162836
 936017
 766171
 790270
 520465
 492373
 653102
 600891
 331729
 842546
 404348
 1087638
 983161
 857188
 540539
 385940
 1081594
 425868
 1020319
 723008
 518584
 774487
 1089721
 165460
 960541
 142087
 1006927
 560792
 356639
 625529
 365487
 725625
 458429
 314416
 541370
 80530
 957655
 72562
 566720
 644717
 829772
 548543
 512261
 491727
 955996
 344241
 873951
 953856
 911511
 987638
 788866
 867531
 1084863
 1012873
 213617
 847289
 219687
 498070
 791337
 1018208
 547179
 654283
 993009
 769143
 664135
 890092
 278692
 40257
 306180
 739677
 451908
 1969
 685088
 378430
 977011
 698547
 456791
 1013055
 632413
 183523
 721202
 623168
 270105
 1006919
 856016
 995041
 647833
 84680
 565900
 29417
 228077
 581245
 374778
 833010
 971147
 6851
 561930
 982982
 246301
 633435
 207800
 385078
 248794
 297004
 114111
 369064
 957079
 721195
 553040
 1052776
 1024839
 908568
 571785
 123076
 1068944
 744729
 831994
 512780
 292153
 1085774
 893119
 1027129
 1077698
 993326
 460914
 235546
 662441
 831417
 318368
 343134
 861477
 1002624
 571516
 171487
 80678
 63690
 509042
 169337
 12854
 164316
 540053
 489309
 650481
 292690
 470357
 342152
 1068595
 638590
 773640
 489464
 381674
 316965
 946627
 620250
 842508
 936582
 510849
 64173
 143581
 436297
 484758
 965213
 624743
 480124
 979241
 55803
 999188
 1073477
 986597
 1039177
 462530
 589502
 1005509
 189659
 672700
 783627
 525259
 1016580
 860205
 942954
 103099
 950669
 1017930
 836602
 855781
 615391
 17303
 369044
 65829
 234541
 385038
 732227
 890244
 1071119
 394984
 641152
 733703
 663810
 766090
 841198
 651757
 63190
 843544
 687158
 793996
 80772
 486034
 802641
 1072694
 614017
 581579
 15037
 856435
 223998
 431089
 40812
 201999
 11369
 857930
 759926
 325853
 539912
 964218
 337259
 100334
 441202
 922761
 295050
 64114
 268715
 262821
 298424
 731370
 1016831
 784157
 942680
 30283
 198621
 272500
 81308
 134841
 96003
 837914
 292969
 224436
 674687
 873672
 987465
 725328
 908454
 771891
 680375
 1010628
 1050892
 279127
 367214
 241576
 564583
 807870
 166839
 468383
 810289
 339134
 138448
 840054
 19542
 831745
 48941
 844833
 592242
 688398
 577359
 477359
 797944
 484118
 578837
 17895
 862300
 607826
 319449
 142292
 278998
 243423
 664623
 639709
 371740
 92232
 631181
 510688
 109646
 120633
 292581
 9663
 926365
 1064266
 750401
 838609
 781570
 167010
 711498
 182351
 1079565
 206871
 1063258
 68889
 499048
 120719
 461849
 179835
 1087964
 790862
 915701
 768620
 1071226
 481104
 700693
 841178
 5303
 127410
 57626
 616469
 392757
 1097639
 517270
 692865
 766081
 520288
 371272
 784643
 82135
 372268
 903409
 298897
 432554
 566678
 367001
 415166
 460657
 641946
 944582
 346472
 174141
 752369
 715032
 172704
 504331
 398334
 594043
 375825
 705070
 318685
 458258
 730344
 1050567
 643096
 225824
 817907
 172477
 946651
 925338
 123058
 540437
 705777
 227713
 823774
 1010394
 421034
 196857
 266267
 550864
 620727
 907812
 1016755
 912215
 386725
 957222
 676461
 854773
 52129
 150750
 853967
 231862
 184348
 100775
 601883
 970502
 568972
 663205
 92648
 264886
 949349
 879297
 617840
 864680
 738081
 108870
 1024706
 906921
 292989
 908128
 904797
 475982
 615436
 9212
 247994
 535058
 335801
 109098
 566169
 870101
 578075
 798798
 102535
 540101
 986823
 235243
 177021
 620314
 36770
 1045136
 829739
 471963
 649206
 80437
 147875
 770939
 1017728
 756129
 110800
 878369
 377779
 1065490
 239753
 209217
 878865
 786525
 720714
 581266
 601704
 322428
 255040
 939503
 505721
 241890
 741819
 213953
 879629
 351570
 1007259
 523846
 845438
 84732
 355567
 641342
 746797
 1064122
 647809
 119265
 393181
 860745
 460542
 893196
 258190
 434719
 331385
 1683
 1040281
 384218
 731947
 692200
 927271
 198277
 410675
 214107
 950754
 317023
 292195
 656661
 1003993
 862386
 653652
 916939
 233718
 118975
 426382
 497388
 495641
 267961
 948938
 618537
 605829
 571956
 397749
 147997
 656128
 780982
 595402
 752144
 880565
 382580
 39859
 280209
 843374
 1097088
 833242
 331533
 643158
 598292
 726879
 1093835
 103881
 715766
 267987
 309219
 970116
 681127
 816794
 14466
 739546
 986157
 977842
 576884
 84008
 507708
 587938
 52177
 222515
 273319
 846792
 943525
 759791
 757942
 515449
 971603
 405580
 696459
 1074249
 523169
 733434
 947541
 460087
 54899
 249583
 359043
 1017550
 1065907
 846160
 987776
 171230
 449408
 907123
 465451
 688855
 384830
 818299
 271617
 193278
 285208
 513118
 823332
 90615
 165641
 334214
 824515
 242757
 465927
 271809
 604328
 468197
 655808
 402417
 508384
 728434
 890886
 378848
 1011067
 223536
 63647
 497733
 643676
 152132
 71868
 401229
 625915
 787958
 714670
 766523
 328610
 158305
 937442
 354239
 74258
 150034
 462852
 125535
 1015872
 732369
 1083226
 1068608
 118613
 590547
 951232
 215431
 263383
 594425
 581078
 345843
 903764
 550516
 194372
 934731
 883631
 566228
 676553
 318172
 179296
 227216
 235198
 541043
 655101
 160286
 339345
 39697
 871961
 877214
 99930
 748054
 382301
 193119
 540704
 278235
 858758
 1053151
 724179
 61399
 158275
 87045
 660800
 607606
 1006980
 743518
 750337
 1017864
 914867
 618668
 434857
 761801
 432985
 35876
 612597
 134044
 1002566
 1049191
 715693
 1079025
 956191
 914730
 219044
 583726
 921406
 713139
 771806
 162795
 525138
 883871
 137946
 277063
 159470
 1037005
 1015082
 807150
 625812
 985991
 724079
 1097265
 755460
 396512
 496568
 199375
 832853
 460081
 928674
 705569
 223540
 771553
 67037
 721387
 902885
 8053
 267285
 379062
 1052076
 640134
 410154
 524145
 411450
 20884
 746867
 720062
 567310
 448808
 30405
 749029
 68200
 371220
 1070673
 1024461
 498716
 225432
 5917
 106558
 142009
 640567
 578636
 999024
 500607
 277143
 468756
 676082
 166916
 884633
 984069
 465213
 926848
 564055
 767215
 98358
 1086166
 406528
 713620
 214894
 211527
 702423
 1028505
 187199
 685102
 278417
 716224
 1066586
 841405
 1042422
 810209
 951331
 807108
 624050
 475880
 335161
 1076382
 737650
 124540
 683226
 906790
 1093665
 671945
 221585
 405136
 313248
 876796
 667953
 420967
 318808
 280782
 268378
 481589
 659259
 971750
 814416
 440675
 1064758
 305428
 915776
 787109
 384596
 251797
 338501
 568039
 162836
 788966
 12982
 641790
 267240
 694824
 293146
 1025313
 320012
 564767
 804569
 847760
 879680
 171491
 671075
 620764
 817412
 682158
 163806
 165363
 55099
 753168
 274585
 475651
 1011916
 323169
 28440
 672306
 804604
 195219
 160790
 983851
 333160
 26818
 445811
 864630
 584021
 866800
 1000173
 782079
 608721
 372816
 197298
 403145
 31007
 1079217
 164449
 872273
 893517
 262432
 139459
 700668
 642503
 393459
 951137
 285151
 235969
 1076351
 1061582
 841444
 175324
 616952
 595213
 140133
 42126
 458926
 59796
 404004
 404788
 76299
 716228
 170609
 521497
 183669
 300686
 1080755
 402578
 950246
 626762
 1006708
 869963
 424284
 73338
 493385
 969096
 486988
 250650
 991947
 975145
 732167
 1085095
 746985
 756753
 1004042
 248137
 439543
 1005840
 806889
 972904
 173016
 244964
 863370
 432214
 1042194
 306448
 996689
 122240
 201448
 251573
 120529
 1044943
 515392
 373520
 661820
 873613
 1034234
 309302
 831962
 251203
 132681
 569686
 380653
 268981
 471472
 823449
 872458
 579323
 1023733
 85670
 888186
 295606
 939444
 347
 13876
 772412
 458728
 650185
 32323
 262751
 697021
 571424
 166871
 1008065
 328499
 526925
 111801
 528999
 923244
 213614
 325150
 826061
 1055665
 917319
 78066
 84661
 986510
 602265
 125963
 528107
 416245
 526102
 226741
 937283
 671596
 92869
 25131
 65393
 855347
 944036
 803754
 762219
 1066293
 134221
 316819
 1062591
 724359
 60252
 835123
 842396
 82128
 343800
 911389
 877459
 462015
 598852
 131287
 1017827
 665284
 197829
 574678
 942442
 1031800
 206584
 1027960
 844518
 30029
 756408
 198763
 866548
 801991
 186403
 234459
 319888
 312537
 141706
 175950
 771504
 109937
 99913
 408710
 398129
 721763
 81116
 783418
 571223
 860693
 541561
 151954
 354774
 947987
 412933
 302881
 326009
 449396
 600225
 100711
 927203
 263930
 650853
 345753
 121831
 967849
 173743
 782230
 724989
 76537
 581268
 320323
 166683
 877091
 557566
 1047945
 111492
 785717
 90865
 180243
 182123
 232950
 326551
 224324
 29582
 1002276
 677645
 1021914
 196274
 220961
 313333
 407132
 37719
 705025
 534502
 905358
 299248
 910025
 920192
 1035951
 673451
 210980
 209740
 617793
 1052582
 107772
 498510
 57593
 336746
 1030133
 950724
 801852
 586042
 944634
 159241
 175382
 398612
 377481
 399263
 137520
 948044
 1067976
 787449
 628570
 768466
 951772
 242340
 887913
 417142
 720988
 1010123
 611128
 424487
 82731
 695083
 367781
 724797
 528360
 554509
 9221
 1091319
 331254
 106606
 105467
 744516
 767297
 525508
 547459
 689428
 628478
 77117
 5947
 455346
 341700
 763072
 679842
 582669
 933685
 279151
 688309
 1082227
 1071088
 656584
 986213
 194740
 556864
 881573
 725306
 700678
 1066743
 833651
 575170
 869082
 218622
 215032
 766078
 561497
 1051856
 986537
 775658
 955170
 655193
 85667
 942897
 246861
 506617
 341478
 586280
 766173
 848058
 641945
 352231
 191705
 987157
 22738
 66931
 229859
 597934
 1019688
 1020742
 1036476
 476155
 48
 525139
 586635
 429255
 892630
 450540
 6165
 734712
 694885
 1053163
 308246
 412450
 692860
 922584
 929274
 346418
 934848
 807373
 18293
 1007347
 394480
 948753
 94880
 741925
 1030148
 226812
 797302
 496455
 498816
 570088
 523832
 425855
 763332
 992667
 515389
 809985
 533437
 694894
 801076
 523184
 888450
 493841
 551450
 1073341
 922766
 1059523
 926349
 881844
 4933
 808289
 153532
 216918
 140053
 509313
 836084
 434315
 1007527
 574295
 963785
 45193
 954958
 270406
 41611
 997246
 160880
 1048266
 1002526
 500093
 685617
 635736
 695388
 104901
 608762
 488950
 492132
 354685
 183550
 507681
 673301
 861655
 348358
 88991
 1022847
 729006
 590670
 980457
 565236
 518223
 732158
 609399
 425060
 773576
 693479
 868251
 731430
 152567
 35263
 1004930
 512889
 1087873
 225856
 380313
 601679
 1087133
 312526
 633497
 982879
 1022949
 26669
 848297
 1029718
 427080
 282859
 27743
 296071
 184401
 68332
 428410
 870445
 1078844
 892353
 37689
 695510
 361962
 142918
 300187
 827132
 1004568
 1068279
 1056608
 914574
 183186
 678151
 1081004
 866548
 276762
 113759
 488594
 701572
 820055
 80748
 485385
 69012
 377329
 749334
 546759
 1030779
 295990
 589297
 215163
 373092
 667908
 229059
 830835
 936906
 322502
 595788
 276501
 721298
 150818
 179678
 154885
 58017
 997111
 910059
 955841
 980891
 133406
 716338
 9596
 512096
 99072
 640044
 1074291
 925235
 669849
 178815
 430709
 533822
 629682
 892114
 936379
 945577
 834467
 598437
 1049727
 514515
 985315
 928172
 703624
 536074
 882482
 489288
 62385
 944267
 225319
 538334
 888383
 138054
 171557
 336979
 11682
 432407
 968921
 268275
 792783
 540601
 684684
 414715
 1059102
 317133
 603984
 909950
 33623
 53403
 349675
 123721
 701636
 33283
 67603
 468279
 738360
 195718
 132922
 717663
 303667
 429939
 49364
 182595
 927633
 993506
 149600
 997839
 294983
 163643
 39103
 14796
 266327
 907388
 915767
 1007197
 531625
 906727
 441489
 611926
 322885
 414000
 531570
 321533
 640743
 1099254
 190552
 588530
 122166
 805626
 751621
 105592
 1098589
 720599
 578121
 73426
 1061807
 5629
 381084
 709016
 411865
 428579
 968313
 1042917
 637076
 720059
 639345
 266678
 834914
 570092
 796371
 610689
 770520
 919767
 352338
 408711
 258939
 275220
 1028821
 708587
 1029905
 509065
 541090
 11396
 978812
 265046
 959509
 572650
 584124
 527778
 831795
 814891
 636248
 878357
 1039729
 630799
 1096292
 722083
 577196
 213682
 298328
 407452
 750040
 433292
 899948
 136540
 301118
 341983
 766936
 100437
 694108
 26112
 371048
 202481
 416872
 776301
 785706
 37032
 238021
 163805
 903099
 1003264
 141666
 174561
 49599
 403151
 39305
 698316
 800002
 125730
 943448
 703982
 846758
 14695
 961066
 355122
 1017648
 266031
 772678
 40430
 581017
 40170
 452915
 384384
 416226
 563171
 220089
 786313
 307023
 189646
 415305
 1028174
 719782
 565523
 251445
 1005143
 681786
 352999
 157179
 331415
 551922
 165599
 937136
 778072
 730503
 672119
 197948
 339900
 482120
 535051
 878758
 861493
 443945
 14834
 967841
 695350
 1060372
 1078603
 178845
 224955
 124489
 18494
 941795
 528239
 128336
 562659
 62613
 761307
 350873
 162658
 504223
 580203
 565070
 469090
 876485
 815090
 826905
 580852
 528660
 134397
 1035259
 418183
 276357
 8584
 101595
 1027942
 690318
 243508
 139036
 2930
 313290
 681099
 157054
 113887
 269210
 146586
 443044
 821221
 1042966
 180276
 1068504
 543758
 253550
 1029259
 919074
 35442
 933880
 289840
 210566
 1028453
 431079
 485646
 347004
 683807
 2569
 1049680
 117641
 593941
 704796
 99773
 244755
 479822
 455667
 245714
 100776
 402455
 138687
 347981
 146902
 614002
 670910
 1082948
 33774
 282384
 363447
 855880
 549226
 923784
 90363
 298261
 673102
 818487
 757922
 820065
 639170
 1022792
 407384
 94085
 313743
 43984
 909242
 489617
 1030855
 575951
 818828
 412019
 918309
 732217
 801611
 945109
 263888
 254969
 962918
 162735
 35633
 773220
 1066641
 128090
 439215
 880916
 970666
 754043
 1043485
 448491
 831213
 948675
 995979
 88312
 957931
 211445
 542665
 484001
 822478
 413872
 408259
 471322
 635603
 956574
 777736
 959275
 177601
 1090097
 908076
 953848
 21806
 566816
 41011
 773812
 675081
 685900
 236154
 12379
 917251
 441372
 401414
 303095
 877925
 501769
 743711
 566738
 58839
 853247
 454678
 771093
 670808
 799575
 831697
 437926
 577107
 707340
 463719
 281732
 1018976
 587512
 926127
 715167
 692174
 411620
 220691
 644460
 808461
 1004374
 629602
 25936
 5947
 1086636
 44440
 391383
 463492
 654006
 851731
 528700
 258561
 249886
 178344
 72116
 30340
 952134
 712684
 543186
 640970
 352685
 843258
 762948
 1091639
 779592
 440344
 724020
 71533
 306307
 418275
 791901
 450314
 7749
 468022
 740512
 943901
 501891
 138278
 768212
 891592
 26867
 481201
 528146
 680760
 1054815
 1056513
 337926
 284448
 236659
 378211
 984671
 298431
 1042975
 22515
 243648
 900279
 1018037
 455429
 538898
 701578
 219244
 1066173
 247656
 890459
 919864
 741073
 437432
 569280
 1021972
 835554
 711560
 444145
 350435
 170355
 1009571
 487605
 649638
 370561
 594586
 649574
 466400
 636724
 19555
 731019
 1063571
 463931
 487955
 491037
 752950
 286219
 957542
 403332
 940711
 940871
 926693
 250737
 181415
 1046736
 23843
 1095167
 45839
 681879
 787523
 393373
 292196
 1021650
 833232
 566239
 106416
 358611
 228011
 947877
 833623
 663192
 607861
 62620
 528049
 783608
 28221
 654491
 1013657
 730261
 724791
 889433
 771132
 455306
 727794
 91376
 74946
 1013747
 98049
 39263
 794385
 734594
 768318
 980450
 861843
 314962
 779997
 603207
 199107
 279417
 517616
 522495
 925165
 142059
 343976
 316577
 635215
 489618
 364324
 107634
 925507
 995556
 5072
 316116
 98248
 764347
 364014
 718475
 638263
 742931
 815911
 146065
 516636
 359164
 580714
 225310
 829169
 825199
 326955
 160169
 200439
 963599
 284630
 1092451
 596673
 688924
 996165
 1042664
 81264
 509315
 1061924
 529266
 975837
 1001574
 642826
 1059456
 296211
 915155
 643470
 888325
 303246
 392974
 583704
 230790
 99756
 80208
 686031
 1041605
 961944
 822565
 225952
 385172
 935394
 671950
 904676
 28639
 679861
 512104
 310331
 249152
 403051
 1024962
 27026
 367064
 907690
 560439
 637415
 887275
 136078
 808569
 805380
 214671
 464176
 75168
 81478
 139039
 66823
 101147
 745170
 833583
 147312
 367508
 536160
 916944
 36898
 113660
 507058
 560979
 73111
 757090
 156155
 961247
 434419
 181167
 638598
 713107
 416444
 379971
 293607
 152119
 947285
 1029141
 1017206
 218780
 406730
 481195
 232415
 292576
 787809
 661125
 544675
 323791
 626921
 631501
 375227
 886055
 737275
 239169
 425048
 626828
 831253
 507125
 1096764
 963182
 109495
 604138
 576485
 924754
 476235
 889244
 34979
 10610
 670572
 908584
 253891
 512779
 116098
 95567
 167161
 825940
 660720
 11928
 359095
 273369
 85172
 905683
 41992
 530707
 391571
 961661
 79235
 723443
 72465
 1096186
 575085
 681993
 1037511
 682285
 1014778
 581904
 306058
 229432
 593915
 229464
 212540
 277688
 246774
 531720
 912220
 816946
 424315
 547814
 473238
 652582
 307250
 49130
 100643
 459484
 419473
 619385
 239423
 615759
 165604
 398658
 258909
 62949
 777710
 418861
 827547
 959507
 311058
 1017511
 450039
 708631
 43288
 806816
 846416
 837541
 42741
 691859
 242141
 488903
 157145
 375252
 1004723
 841445
 645172
 808778
 129267
 173190
 652071
 636777
 796753
 111670
 330089
 992565
 266207
 314763
 448418
 324414
 177927
 1024123
 850225
 77134
 106627
 285820
 126187
 147747
 93667
 324522
 720710
 869088
 107204
 852512
 997038
 263576
 710412
 192685
 1043346
 321743
 134208
 1060532
 851687
 1042133
 480790
 779481
 610236
 277778
 521477
 110062
 157324
 399375
 624698
 558775
 122907
 881328
 15895
 701366
 14445
 5862
 1009819
 655900
 502498
 78461
 258571
 758501
 59153
 560757
 869416
 658071
 952566
 373700
 683314
 614774
 1086255
 714081
 64889
 887319
 715775
 587537
 889510
 604405
 157832
 1054514
 234091
 165428
 697802
 590708
 332480
 345924
 906590
 499834
 700079
 848759
 309338
 914843
 1067429
 18364
 967077
 310118
 200560
 228044
 816775
 199062
 859110
 536082
 650713
 673492
 400265
 637461
 648971
 587378
 127704
 596305
 394624
 869089
 385174
 666927
 320688
 81016
 953400
 47346
 1030759
 767804
 520447
 202791
 702045
 586052
 581516
 197180
 239312
 338664
 1088274
 999290
 1005250
 1025967
 1027490
 959297
 115913
 740200
 354244
 969949
 511930
 1070923
 245396
 544008
 34924
 643538
 408338
 273623
 186564
 144864
 274943
 581692
 450760
 91765
 715257
 555946
 84045
 127570
 419918
 563262
 743969
 69494
 649250
 533746
 805469
 938903
 711752
 201783
