568456
 347071
 923332
 795672
 687504
 925790
 627598
 486932
 318398
 97940
 60883
 804768
 112561
 547422
 155452
 965636
 915201
 335363
 1082641
 360881
 817137
 563476
 877953
 236328
 533629
 830486
 449101
 1026914
 387839
 800652
 992306
 1027084
 979716
 659465
 160611
 217231
 50885
 144866
 1053473
 219578
 293941
 944221
 290220
 147499
 1001076
 470252
 435480
 303739
 264493
 149144
 681179
 700231
 718786
 844245
 102357
 979162
 821491
 525851
 695878
 855051
 206981
 363709
 817569
 357928
 384102
 916508
 995406
 701247
 1084669
 106045
 157192
 906006
 688881
 482496
 289048
 815931
 319161
 1073075
 61497
 1059264
 105687
 252308
 203189
 464233
 625746
 547919
 184991
 853295
 459267
 180840
 307311
 997740
 222846
 792423
 993206
 390293
 353061
 608114
 310103
 533228
 482918
 49081
 294736
 294612
 844876
 363179
 689026
 916523
 35711
 605606
 1083514
 395469
 846458
 992002
 796914
 69170
 381790
 732263
 888577
 970473
 963054
 975075
 251333
 43350
 1045413
 619925
 316720
 6887
 305743
 82414
 801308
 383005
 38175
 803190
 869209
 1034718
 944733
 191889
 559367
 556900
 627293
 571243
 494516
 969880
 51230
 290266
 164394
 370512
 351522
 345862
 913919
 748728
 682352
 828977
 338438
 1030049
 917003
 426554
 77431
 1014158
 434229
 1098812
 451918
 21049
 775057
 1056279
 344564
 697669
 201127
 1065083
 51627
 484799
 957444
 931550
 468800
 331459
 732392
 307923
 355203
 511520
 134724
 927836
 730722
 506246
 273242
 810137
 760450
 353049
 258854
 643229
 5737
 1084695
 1095623
 183179
 850846
 806709
 14034
 458578
 886171
 903480
 836877
 999536
 872646
 415464
 95706
 24161
 423791
 727136
 15878
 70783
 143977
 981140
 1079327
 746179
 689742
 309333
 142502
 203060
 931561
 1012169
 523877
 528986
 957942
 427212
 743094
 559955
 1022053
 918890
 1094740
 818028
 908518
 837149
 614674
 635547
 512297
 150416
 797725
 568735
 688118
 809382
 782710
 876911
 656402
 848801
 913297
 293550
 777724
 180984
 591403
 928748
 578393
 621259
 201960
 1308
 452059
 823338
 550692
 694132
 878564
 254543
 7644
 854602
 304271
 767813
 328187
 1088615
 513529
 357281
 591933
 749545
 147543
 557676
 593821
 841966
 84911
 959261
 990342
 262849
 919305
 179624
 54699
 671773
 585577
 707264
 426369
 271814
 986004
 561057
 1004091
 151
 244525
 225366
 524239
 509395
 204652
 298152
 589937
 382921
 184418
 716284
 838884
 568683
 334496
 917342
 817121
 594622
 846856
 747264
 241345
 500825
 968405
 162973
 251477
 962857
 859632
 293935
 321575
 716131
 44724
 40098
 54361
 678805
 807099
 1019738
 827903
 546211
 721033
 182333
 1091395
 1020826
 318085
 281161
 1054478
 741967
 803822
 654897
 148544
 427777
 726954
 250447
 724854
 553375
 117102
 154428
 248848
 1050046
 620559
 964618
 445325
 1038621
 734412
 279559
 202032
 779601
 358978
 410843
 16027
 51249
 554621
 205333
 634429
 1064112
 680757
 288885
 47766
 1035958
 538439
 856989
 351594
 1030789
 121231
 120558
 1087243
 591624
 648431
 685855
 420700
 36749
 330130
 588088
 752412
 402534
 355224
 962990
 844415
 959550
 675079
 7601
 889062
 441617
 188083
 476798
 914951
 5000
 654249
 819435
 747277
 9065
 265085
 446702
 614654
 670002
 632874
 504373
 930279
 1044681
 809919
 536636
 754014
 74525
 472731
 949971
 41907
 588403
 782719
 97391
 1019009
 1046911
 228778
 396243
 102102
 766891
 388015
 261589
 944561
 197754
 467731
 991677
 118722
 139168
 826294
 1058008
 1066500
 450297
 994375
 408838
 645205
 583805
 1091653
 403301
 850530
 600913
 730161
 990
 247533
 798810
 119703
 51925
 885943
 359977
 202878
 955620
 303741
 184032
 176316
 500259
 82763
 536103
 546763
 10881
 248458
 393738
 803846
 930783
 531613
 132947
 89430
 582017
 885991
 705124
 359071
 582650
 1034128
 905600
 521128
 862474
 447206
 864216
 655829
 187022
 835600
 235527
 835418
 678343
 401191
 987787
 8584
 1096728
 988475
 737551
 850744
 770413
 972008
 245913
 478913
 296484
 960661
 704971
 31891
 540573
 165808
 728860
 76849
 992858
 267128
 227764
 667246
 596425
 173868
 56571
 1052133
 674946
 370422
 877360
 575467
 317389
 482290
 559797
 767669
 186343
 1012564
 1048667
 739258
 730817
 779585
 576728
 702310
 144896
 1067024
 810780
 15782
 581280
 757523
 30862
 891658
 440904
 931555
 798381
 836647
 445139
 69301
 742211
 442490
 1073121
 911442
 908922
 805743
 33899
 1053358
 1052541
 746076
 338176
 681444
 635532
 954934
 811230
 292193
 565506
 746931
 167540
 1032424
 411816
 617150
 238184
 954246
 391663
 524250
 361355
 758264
 826119
 102539
 1083085
 160802
 612105
 319401
 177890
 442303
 924614
 203292
 655500
 890259
 849039
 152878
 505392
 987657
 39033
 792459
 725000
 1050692
 290826
 471876
 207876
 1089942
 162404
 886961
 533581
 673429
 118450
 1063194
 828558
 951835
 185117
 657360
 1056122
 373369
 70894
 31337
 212912
 148508
 6411
 609421
 489369
 110273
 686897
 1061205
 465387
 42430
 712163
 136195
 198088
 1031155
 980247
 174531
 119246
 633894
 686166
 644812
 661644
 820042
 516549
 146310
 634644
 216123
 1017031
 928246
 140485
 486740
 607334
 1077103
 760335
 352432
 733731
 915324
 149862
 777273
 421978
 658363
 431130
 242964
 749954
 368411
 11356
 914305
 143294
 235689
 612702
 6727
 295046
 1044758
 148452
 134235
 102492
 909804
 587695
 765379
 989719
 488549
 87829
 428103
 355878
 127684
 569986
 649159
 597010
 266220
 929035
 1080395
 777293
 349283
 996109
 459646
 638673
 63153
 923128
 1066453
 918279
 967839
 233455
 648706
 371614
 894179
 1027283
 441726
 450197
 268596
 1032953
 748768
 498069
 967537
 743279
 152062
 658329
 679021
 216149
 245713
 775092
 928366
 926414
 775051
 809968
 628494
 952606
 197408
 57819
 903722
 229015
 775719
 546920
 408533
 623445
 485550
 207473
 863586
 295631
 18985
 501893
 1041265
 348365
 740677
 316336
 156151
 543608
 38035
 489124
 339615
 282849
 502269
 634010
 400964
 622332
 285841
 1033991
 829530
 877532
 797953
 917534
 1062271
 604053
 847428
 855531
 502367
 790176
 749834
 365197
 409618
 986324
 734022
 473767
 291226
 121568
 426414
 252587
 686373
 826931
 648965
 700482
 203577
 782185
 125670
 699790
 955294
 508133
 725975
 990204
 458215
 474464
 395460
 1033385
 635437
 88052
 593291
 958818
 569879
 729322
 262383
 699891
 800607
 960909
 78725
 972961
 394063
 949096
 254530
 495006
 785665
 274410
 993009
 617096
 283533
 873639
 750236
 297586
 303271
 203972
 355959
 898786
 872513
 384821
 123883
 439057
 190379
 793571
 1074271
 249294
 707934
 576972
 22656
 283805
 205233
 899741
 612979
 611620
 697698
 722501
 631209
 359676
 299002
 398877
 807727
 245353
 603561
 676595
 759890
 972217
 757367
 691976
 681333
 708426
 178838
 720440
 302054
 643943
 806547
 94582
 983294
 333671
 689713
 43787
 1064474
 760311
 464107
 10821
 71734
 475895
 622330
 995860
 691419
 844810
 148923
 654066
 783969
 922030
 730518
 978626
 137189
 665421
 569235
 691904
 474968
 347188
 528207
 913428
 1078692
 97869
 936325
 945274
 983263
 990496
 387422
 216922
 341926
 910464
 618971
 229693
 495090
 265067
 785274
 336323
 1092658
 475623
 358119
 120811
 1027029
 640898
 17199
 220383
 687945
 982341
 293668
 414001
 263132
 551512
 396561
 806446
 475416
 155506
 69272
 1053778
 784692
 70079
 130090
 44296
 906558
 725544
 256277
 275470
 695186
 479786
 1028926
 14393
 572141
 1095786
 78233
 472972
 57579
 467573
 241423
 203202
 376058
 29189
 17548
 274417
 436703
 845048
 973379
 36452
 151704
 124403
 828542
 589300
 714037
 713224
 416549
 748138
 1079492
 1004048
 47190
 340047
 193420
 775818
 524057
 442012
 826764
 193511
 506642
 988082
 610464
 149662
 37894
 98022
 55308
 438099
 568575
 443588
 539389
 697741
 524324
 143652
 470564
 1044542
 909493
 592205
 570851
 17435
 160530
 583141
 835464
 419364
 145495
 873273
 787643
 1017102
 535034
 927971
 123987
 959137
 925105
 664142
 791061
 908700
 980853
 933411
 880140
 213247
 144222
 580845
 265180
 232751
 79251
 602442
 544759
 201072
 773415
 113048
 1088729
 204394
 244636
 345296
 210632
 41604
 62524
 392814
 551737
 301280
 775919
 1597
 682628
 703582
 1054020
 661579
 72063
 316478
 213649
 775208
 566337
 279086
 120848
 289439
 1049482
 1032326
 968266
 375349
 1051586
 21787
 412654
 421121
 71379
 809009
 386823
 260809
 777787
 917756
 747512
 1016825
 547064
 266283
 953456
 667014
 116233
 907018
 1070806
 905622
 228475
 368277
 951540
 1031108
 748353
 566759
 882545
 952223
 257045
 997114
 888292
 847419
 732881
 292227
 573938
 536418
 687937
 959038
 975287
 455241
 616299
 650600
 42949
 172054
 488820
 552209
 497223
 902798
 941678
 511467
 1096595
 687881
 867203
 943602
 545102
 1086847
 415974
 508724
 273090
 354691
 444385
 937498
 681938
 836644
 829085
 937336
 807596
 581660
 380083
 994574
 124679
 671868
 479387
 977993
 573772
 861542
 18033
 953119
 442449
 576553
 886024
 85676
 104528
 1053462
 157298
 34738
 716244
 670162
 747054
 352566
 885758
 811779
 664421
 336013
 661950
 991162
 914847
 891869
 385128
 312040
 258479
 272769
 439150
 283427
 853209
 814077
 649642
 390439
 1086754
 831781
 802851
 877136
 670951
 555897
 1018569
 52723
 447258
 822696
 337807
 740162
 594508
 198833
 759307
 866486
 531152
 699422
 637379
 1048266
 375303
 887353
 228447
 467905
 215651
 108329
 67858
 751656
 840701
 120464
 243394
 550170
 437076
 475515
 588266
 69167
 550181
 6198
 258481
 8592
 446923
 995182
 837819
 421893
 20597
 399366
 601055
 995200
 433249
 616696
 375226
 64695
 712343
 116991
 293371
 377129
 527987
 363121
 163947
 544637
 329518
 521950
 1014788
 766232
 313527
 443207
 430496
 172991
 933210
 209204
 519387
 874820
 577050
 218213
 1002126
 69759
 933387
 762756
 445375
 288083
 393171
 112313
 697349
 990160
 879449
 318937
 923474
 1043767
 767879
 1052647
 175337
 372132
 388398
 254304
 50575
 673544
 630251
 654478
 499257
 702403
 604920
 1067312
 205748
 458382
 988322
 711193
 919099
 505290
 720746
 876275
 374008
 657935
 609741
 468066
 135821
 783124
 272384
 324683
 372047
 754714
 48729
 995293
 773652
 947970
 982562
 568032
 864738
 990946
 1062986
 623401
 600594
 534696
 175079
 662286
 220659
 563393
 163970
 548772
 912930
 785209
 994873
 594692
 778389
 921143
 871316
 577839
 924816
 91929
 248666
 546948
 126867
 797432
 482082
 1082794
 650822
 958183
 320067
 759843
 505480
 367287
 401514
 316438
 976650
 773050
 571172
 417429
 389328
 149241
 162386
 152772
 1070291
 560080
 193437
 967857
 174391
 21424
 115808
 1042591
 72211
 935122
 593607
 597869
 105370
 814473
 1043877
 206927
 331530
 386971
 850463
 281324
 711077
 753052
 1016189
 514979
 833963
 47927
 24217
 1048641
 255945
 773800
 397044
 588197
 348431
 737414
 787700
 1065372
 766088
 664260
 635086
 731241
 290909
 44330
 652891
 181816
 101369
 369140
 447428
 435458
 1072950
 473717
 907085
 365759
 916640
 480224
 949985
 865698
 934660
 1057679
 710583
 628218
 594735
 934510
 769973
 370136
 724690
 295426
 858403
 5722
 718628
 610401
 1050671
 698312
 465356
 831325
 733490
 952205
 638168
 1366
 1057481
 104681
 148917
 482348
 372508
 808758
 286066
 906023
 473
 52403
 453422
 519204
 383484
 970422
 463159
 795235
 194312
 305013
 161348
 674701
 519968
 911971
 923520
 754392
 21872
 703392
 746408
 386301
 589587
 852202
 279397
 38530
 864002
 182391
 707234
 591713
 632592
 196681
 885677
 856256
 850924
 14969
 501216
 1043826
 423864
 378314
 751690
 131722
 586923
 336305
 111407
 961241
 142812
 635454
 95142
 223062
 701185
 461306
 357571
 307685
 681778
 567203
 994365
 805933
 929827
 747827
 825309
 591109
 362552
 319465
 503236
 233174
 134862
 741810
 410822
 791331
 715626
 648120
 528807
 416162
 746388
 383497
 64570
 914548
 125570
 153923
 955848
 370999
 856221
 1028923
 171915
 818062
 75375
 66476
 395690
 683595
 307883
 773049
 129630
 573215
 1016102
 605346
 709356
 690884
 577759
 839086
 1093810
 597052
 82990
 445794
 1096068
 432561
 661728
 1043457
 912796
 870405
 969883
 1060502
 191833
 499619
 741382
 975684
 384620
 419521
 1042662
 400015
 695099
 93913
 648579
 705179
 320058
 324640
 933371
 586979
 1075417
 414978
 789541
 13414
 20068
 116926
 1003085
 67239
 373740
 455950
 396023
 616527
 350273
 522292
 531028
 849021
 192896
 119495
 1049143
 988526
 1020949
 528880
 93850
 138284
 400400
 134264
 386383
 499216
 184246
 867173
 966983
 584150
 282098
 770305
 946027
 85330
 243063
 901293
 545324
 674733
 606564
 731558
 1002042
 145212
 168569
 928880
 684493
 1030888
 131601
 322650
 971989
 439800
 680626
 437611
 754283
 691349
 442863
 1083093
 926689
 84850
 287614
 446037
 1063334
 346470
 957423
 499790
 180304
 288639
 240478
 320712
 229863
 819397
 532722
 336309
 890688
 620547
 113719
 913027
 682703
 475131
 619832
 956539
 151647
 583494
 821158
 545395
 212603
 942583
 221145
 754484
 142195
 196273
 33991
 1042629
 215740
 530461
 818439
 933533
 45324
 860531
 54971
 13920
 267971
 876862
 288732
 634745
 687323
 491016
 465700
 297977
 404612
 551961
 332899
 549341
 597515
 7162
 857814
 599541
 179870
 869859
 162055
 816146
 601460
 196374
 424884
 47207
 1001225
 468510
 505280
 626024
 825569
 331530
 911042
 149565
 1075919
 102616
 500843
 889393
 114077
 329062
 975925
 995867
 216549
 160793
 1025072
 150042
 678106
 719847
 579964
 31426
 1012998
 730526
 851411
 351427
 1097969
 574761
 1038232
 210423
 108424
 379232
 191387
 326367
 628799
 534530
 1092082
 537989
 601293
 1014153
 968810
 1065828
 310110
 627293
 387419
 1008476
 902788
 1045357
 782020
 860471
 1079864
 1091090
 167712
 406785
 917968
 757569
 847518
 469636
 278838
 528515
 1040226
 647490
 1047781
 117510
 285485
 754405
 878468
 198288
 25171
 831871
 723669
 285069
 1082327
 854992
 1092659
 270090
 669520
 560063
 116100
 123936
 181181
 785099
 943047
 629477
 121659
 606842
 11363
 303653
 1071532
 1018708
 1068647
 431527
 112562
 507320
 945020
 790914
 630333
 600494
 466994
 703545
 926580
 453704
 1035984
 833026
 885735
 433915
 266398
 145199
 276861
 533621
 361210
 529772
 153306
 564333
 658910
 660625
 731818
 53901
 6509
 269241
 363889
 750380
 185774
 780980
 206808
 93314
 401248
 694087
 383941
 430506
 690223
 635451
 401112
 395005
 472501
 1043790
 993278
 747107
 909472
 540862
 724489
 25003
 573061
 797460
 632199
 862507
 265235
 971937
 1075365
 222043
 456679
 1089208
 420062
 589138
 1034596
 797648
 592505
 307927
 476168
 542476
 275464
 696164
 571168
 173512
 426417
 88018
 938253
 519797
 669541
 297127
 662719
 217845
 817120
 1002708
 696567
 955450
 97027
 842657
 935938
 288258
 1019703
 853674
 969539
 975439
 1026197
 611356
 347567
 869500
 1051536
 406333
 520627
 1071015
 628700
 242396
 575327
 1099341
 767107
 358855
 816148
 192418
 287716
 49379
 793052
 684826
 543324
 750367
 255409
 1087996
 468780
 598328
 452308
 966768
 163453
 971443
 477499
 893252
 889973
 805095
 479457
 717516
 679936
 491959
 1042689
 578212
 71231
 786848
 271295
 498389
 273687
 119842
 125792
 622412
 1078387
 37963
 137213
 1000965
 505225
 964080
 237234
 1000448
 38707
 84670
 998482
 854842
 243073
 956486
 302627
 1081722
 985052
 110775
 592653
 1047280
 796014
 1079130
 611234
 370643
 671589
 923139
 192456
 247233
 331401
 404694
 605013
 421952
 126997
 817552
 208444
 69707
 49404
 210205
 874162
 742726
 724767
 483688
 1051910
 951162
 923929
 904342
 1003135
 693556
 71507
 28395
 987392
 1544
 741637
 922308
 430184
 296820
 407691
 90556
 788107
 543671
 204767
 415868
 571673
 495661
 368359
 990435
 566865
 1019667
 1016138
 13317
 1028971
 265881
 244858
 808536
 894354
 672496
 825876
 249044
 582317
 519439
 703194
 302244
 526542
 577191
 765260
 277153
 791131
 75661
 794261
 134577
 252716
 663281
 399489
 208318
 511989
 508955
 773521
 512168
 209087
 783925
 179338
 432858
 9412
 38484
 100092
 916030
 362014
 730980
 638891
 733688
 991835
 507936
 423341
 151854
 627770
 252591
 740220
 1029486
 913706
 35601
 768702
 181278
 696495
 845161
 92850
 191821
 347155
 1004901
 638305
 670697
 517966
 391919
 576357
 717430
 219715
 556010
 543799
 806843
 39503
 1035900
 316148
 350608
 695927
 279490
 76201
 920564
 145796
 866345
 518146
 629765
 1034957
 719907
 77831
 903829
 579109
 1000101
 1044742
 33574
 458260
 180346
 517621
 1096637
 584526
 564619
 68480
 244261
