1035010
 402478
 540357
 842020
 222460
 724760
 853454
 684049
 39759
 795107
 511702
 435866
 161563
 89414
 910849
 848164
 720320
 968723
 1052570
 234993
 756754
 354527
 738023
 834741
 998939
 7334
 328227
 182091
 536933
 931975
 610278
 619177
 1067465
 488331
 554172
 53759
 816704
 78465
 639377
 554380
 619514
 956863
 353322
 338444
 65690
 864629
 937555
 751324
 508189
 819444
 497165
 926461
 1093909
 834597
 63176
 569527
 10746
 726085
 896458
 65152
 987803
 329528
 105867
 87606
 334133
 1007219
 329469
 526551
 184615
 823803
 143981
 962145
 726205
 179521
 276410
 390760
 504210
 290262
 415608
 118200
 304468
 474682
 437998
 477922
 756902
 173156
 485108
 901201
 297735
 723337
 481084
 678640
 650941
 870260
 1086810
 3981
 316871
 1040448
 588419
 468138
 81425
 39148
 636306
 90412
 40965
 578408
 167828
 484890
 345951
 324588
 332173
 575183
 680809
 234009
 804451
 144607
 9461
 21271
 720910
 717555
 619889
 510114
 628187
 777914
 738180
 1097265
 629240
 314229
 1026724
 872547
 78774
 948453
 503306
 353812
 350474
 83228
 969243
 1097551
 701968
 494518
 493964
 818538
 25708
 234152
 797850
 395680
 385601
 220184
 416323
 67396
 1053891
 261221
 332761
 567622
 1023513
 404908
 694883
 192666
 654346
 1022960
 439419
 608892
 292953
 780899
 974823
 419995
 398840
 815524
 1039567
 548569
 914887
 326837
 233216
 1062671
 518308
 24813
 102770
 689688
 723531
 758654
 679459
 831066
 479248
 1098467
 358586
 232298
 200716
 80149
 83546
 424972
 850359
 1090503
 142614
 288287
 232885
 523744
 25548
 1066103
 202803
 618482
 419928
 714504
 374827
 316709
 202453
 1043613
 297433
 1001098
 852295
 340757
 909943
 887307
 748293
 1008537
 607426
 117528
 295639
 685838
 722042
 1030042
 218462
 703973
 746858
 122605
 903625
 1003349
 267223
 787135
 157229
 609760
 577988
 809424
 422591
 553312
 123715
 464798
 501418
 472205
 186246
 994175
 329820
 229309
 718239
 808963
 373771
 893351
 865372
 671559
 865728
 627192
 665486
 72392
 821974
 219385
 682410
 275898
 149496
 869452
 276768
 1092722
 668894
 496426
 219278
 303991
 820625
 760749
 402354
 57304
 476689
 546594
 1072391
 385608
 688148
 751857
 773794
 342159
 329428
 66047
 211296
 250927
 387747
 29460
 627049
 606491
 260989
 151696
 395050
 282225
 670724
 544684
 911166
 422386
 265657
 953313
 4804
 926605
 509279
 773048
 696532
 156861
 887727
 269172
 1087773
 282992
 735548
 332942
 165682
 698068
 315910
 973392
 533708
 225257
 94104
 124712
 890154
 660390
 1002011
 118063
 998853
 31836
 205784
 1062121
 591978
 645538
 689499
 236147
 112232
 655483
 997745
 277116
 422565
 653128
 827058
 746642
 720074
 209164
 857336
 261401
 1005835
 303707
 602848
 470433
 393842
 813136
 137744
 657371
 315211
 163383
 263740
 1011576
 268239
 118597
 408517
 490898
 701263
 1086502
 355499
 447911
 530931
 505944
 812269
 743494
 251941
 860614
 293310
 977850
 1058991
 216389
 159818
 10544
 1027281
 143120
 968299
 88740
 90826
 537702
 733864
 583626
 313216
 856136
 734964
 928542
 805682
 75243
 898514
 527398
 497636
 657464
 260615
 987568
 731986
 630456
 971534
 90041
 304774
 467115
 1048272
 282475
 1030179
 925862
 975327
 149073
 1078063
 743335
 674171
 568184
 500560
 321431
 3816
 473136
 1098968
 83297
 647066
 947879
 852803
 1045498
 456304
 899018
 774161
 894956
 777547
 944854
 608191
 693863
 940757
 132992
 266317
 522786
 382173
 617203
 524178
 429048
 796049
 426946
 337669
 756223
 190285
 369188
 1099905
 833375
 548356
 677159
 34638
 208363
 955830
 694736
 659263
 139916
 376507
 862539
 172457
 834237
 461668
 248240
 472290
 123904
 275068
 1090377
 744254
 507931
 568733
 770501
 102730
 1084500
 73498
 935162
 541269
 99630
 709956
 601132
 512302
 658502
 789386
 369103
 107932
 505440
 242695
 351404
 991178
 540046
 1053716
 30702
 1026201
 761888
 723392
 712435
 755289
 744885
 121724
 834824
 703630
 274971
 1045821
 465581
 493454
 940387
 58210
 58122
 582009
 1081046
 663423
 408344
 966855
 31194
 1021023
 331932
 120941
 868618
 1077612
 619724
 672091
 394619
 377616
 835887
 342891
 721326
 264158
 458736
 682783
 475665
 382997
 629589
 267894
 805376
 1098720
 35716
 380919
 132831
 934256
 327077
 535397
 249959
 200047
 1002157
 750099
 512459
 633495
 793601
 556356
 110985
 777199
 204818
 1053802
 709351
 640341
 922384
 389235
 164463
 423287
 658699
 190138
 212998
 973662
 330540
 249946
 552445
 167001
 250129
 233432
 915448
 374500
 947502
 233625
 567469
 750857
 904375
 631375
 515581
 369605
 570268
 1008630
 44942
 167277
 915752
 882805
 10171
 611639
 1064627
 458478
 663620
 755363
 69694
 905783
 637649
 130566
 933318
 410835
 36668
 578949
 453084
 195440
 349204
 441841
 739007
 956041
 702623
 316540
 187204
 246950
 506884
 363239
 188562
 876984
 200949
 206854
 984457
 286069
 20362
 923312
 737155
 879776
 830186
 491678
 271827
 378559
 86614
 250431
 142194
 869279
 529941
 593796
 57602
 654303
 78704
 703265
 225995
 185611
 865648
 602988
 346048
 414468
 19094
 443692
 960139
 465782
 595186
 540991
 940529
 440761
 914318
 250716
 548529
 450322
 577026
 961136
 550610
 93796
 171057
 982595
 260480
 875901
 702793
 469709
 985095
 799799
 572292
 405741
 4041
 358286
 61193
 785086
 475889
 378022
 16483
 1099673
 302197
 1036927
 989471
 736568
 193041
 894187
 799703
 697118
 200422
 226817
 910693
 646294
 582798
 444889
 1091252
 190201
 413479
 753184
 512111
 492994
 139946
 1033536
 278885
 27359
 763682
 130614
 732855
 920530
 727537
 212172
 198255
 68342
 653415
 1099188
 384056
 504294
 273362
 827221
 102396
 802622
 365630
 33883
 987159
 42293
 1025438
 1065541
 932387
 82722
 429728
 692627
 856545
 706355
 433114
 356782
 119977
 500290
 320842
 755081
 992301
 457342
 1029518
 690887
 635001
 982416
 563787
 414300
 413649
 1057615
 620962
 627817
 555077
 489358
 221060
 69515
 71519
 248562
 689943
 675550
 648931
 895912
 931839
 675494
 21547
 233840
 1035504
 127367
 875274
 662566
 837186
 571773
 116015
 1049422
 639379
 520367
 784204
 330987
 855635
 702340
 792538
 456089
 517456
 621904
 999377
 843595
 665230
 843156
 783342
 867860
 141807
 613289
 758204
 132739
 872270
 889244
 343660
 19313
 40937
 381120
 297130
 26043
 555449
 934458
 1005648
 463751
 921863
 411742
 925855
 313610
 997643
 687862
 472494
 66093
 129858
 512332
 638526
 326529
 76278
 1006603
 748854
 148796
 843957
 734032
 266510
 1093967
 571425
 474875
 1046594
 552914
 1050252
 767338
 275769
 417174
 612470
 826619
 420188
 388466
 82538
 654449
 345400
 186308
 177836
 1015475
 227995
 755061
 991306
 951949
 570948
 724907
 1066838
 1033670
 476912
 186703
 204962
 174296
 825873
 1076352
 189138
 1004599
 982692
 418998
 386745
 406211
 705786
 815602
 1074524
 465725
 302507
 820047
 1078043
 98365
 493718
 467706
 936502
 274941
 307883
 614840
 592335
 193528
 533859
 1019204
 678847
 571594
 762664
 581293
 1006539
 754109
 1058831
 727808
 476254
 22405
 963663
 939991
 245646
 806181
 1087524
 382032
 678632
 1055271
 1069722
 340775
 781339
 436909
 208765
 1007576
 1058753
 949139
 194677
 920373
 460166
 845548
 368631
 757508
 262779
 1080799
 628893
 251501
 39284
 259732
 849667
 35009
 47692
 858486
 531215
 330053
 934995
 724281
 409182
 114602
 340216
 895240
 799878
 127716
 850842
 831685
 481279
 248582
 584233
 561176
 212186
 452841
 29833
 471036
 287326
 277249
 436439
 181808
 506425
 505326
 642214
 570167
 104122
 1090444
 202851
 616026
 170175
 215184
 978471
 468544
 804958
 261202
 377104
 458471
 164612
 532658
 683916
 799156
 1098508
 578959
 22713
 554559
 658160
 786032
 278898
 954661
 156922
 468094
 387519
 644147
 610367
 846514
 13082
 85651
 518362
 722803
 42066
 824689
 297886
 298270
 778060
 94797
 224775
 1024793
 507607
 900368
 664621
 802376
 82054
 713206
 884357
 207095
 271039
 1094797
 311956
 424683
 790217
 350935
 1096755
 912723
 623193
 656486
 511678
 816064
 600616
 606894
 61372
 555933
 160316
 381555
 1093988
 582974
 604306
 539370
 152360
 676098
 506728
 566700
 318464
 106152
 351093
 348458
 14340
 132733
 903063
 361023
 1040330
 1068501
 119620
 61095
 979966
 903287
 823496
 616749
 1034580
 79092
 736583
 493272
 934505
 589250
 935612
 45868
 1081512
 668043
 84078
 379894
 41696
 634660
 109409
 860463
 864215
 761735
 850039
 995374
 240458
 1033033
 1011938
 492357
 393649
 165242
 1062521
 533025
 706571
 837033
 1065469
 435865
 918033
 963669
 484984
 954683
 237204
 217328
 485436
 520465
 554364
 935580
 890423
 413006
 778542
 97006
 390926
 445602
 984619
 380737
 876404
 307723
 593010
 803807
 944045
 11988
 291238
 178307
 820600
 1043339
 159457
 648968
 68137
 85892
 906999
 102394
 440685
 302358
 873028
 818796
 480803
 2915
 251433
 213483
 586070
 783230
 672129
 710681
 663965
 160434
 430003
 110981
 931785
 209731
 813009
 552656
 580366
 301739
 375308
 191117
 84722
 45958
 110363
 1023757
 291356
 50040
 691988
 249809
 377397
 901649
 276244
 573942
 1077112
 558891
 182864
 1008846
 285745
 208355
 855875
 112254
 724843
 1085551
 798278
 164382
 788247
 635023
 137475
 737846
 271116
 228724
 677966
 1098600
 498379
 653916
 395975
 388983
 580602
 118490
 24648
 224722
 257124
 723011
 172477
 330489
 971966
 39207
 931230
 103434
 988146
 579198
 290744
 140217
 918770
 988146
 631391
 545499
 1035428
 802306
 116752
 10077
 416788
 833354
 736301
 385094
 824958
 979463
 31680
 746056
 45714
 244727
 519962
 614465
 1078302
 851671
 489644
 706221
 661262
 258389
 236034
 515214
 540144
 290881
 694863
 393299
 499881
 664739
 168918
 467937
 538131
 1025266
 424265
 502418
 828353
 100768
 590726
 254621
 277147
 728914
 212362
 138741
 854683
 247238
 611357
 931972
 153525
 109055
 603636
 975414
 385124
 1095346
 977277
 1053533
 397481
 56392
 185952
 255573
 738574
 579745
 252872
 1079307
 918532
 509862
 849176
 474759
 117084
 246931
 199245
 570958
 159402
 36237
 39850
 601320
 128729
 257260
 963947
 1014801
 393418
 473496
 141540
 869326
 125134
 520482
 698905
 263122
 290538
 558951
 493733
 22080
 446478
 186466
 546713
 399902
 1009225
 465953
 1076585
 716541
 1096385
 552824
 790564
 42539
 108892
 741396
 646779
 217227
 163445
 1087832
 330443
 141152
 401395
 1009592
 147069
 636473
 152229
 642407
 469954
 717229
 1056717
 311046
 1071964
 994369
 547327
 228683
 412952
 127409
 101603
 929040
 295224
 1017540
 746429
 272946
 683911
 927766
 979850
 581937
 247683
 996466
 525402
 808394
 606500
 904174
 840233
 764171
 119855
 747451
 672610
 627104
 721455
 335637
 386582
 157745
 505373
 1053443
 761440
 625227
 183632
 604406
 917930
 1037483
 937573
 703841
 486754
 281364
 21386
 868545
 785106
 104735
 822360
 925781
 708523
 98062
 722944
 59567
 1017619
 603587
 1072628
 783667
 769814
 200388
 1011959
 1087491
 901623
 662312
 439851
 446279
 273827
 660303
 731498
 939209
 1093087
 50096
 920319
 773867
 47735
 183169
 779135
 29015
 12484
 388390
 12242
 603210
 592377
 45532
 100355
 717151
 758672
 82520
 354593
 1096176
 233880
 132413
 698505
 4724
 627195
 343584
 138609
 264684
 641889
 217162
 876042
 924046
 809486
 474846
 899711
 401764
 1015088
 832844
 292384
 75351
 1024226
 503844
 843311
 493832
 810360
 282847
 671522
 552638
 1049831
 638961
 195434
 71665
 651993
 189767
 381515
 263806
 381954
 291812
 538065
 434617
 524058
 210718
 1062816
 663420
 1007084
 960104
 965602
 501497
 877786
 551617
 503395
 956137
 1066356
 243768
 764873
 1039404
 427281
 610881
 300585
 691766
 1053936
 566017
 488010
 267675
 470760
 438989
 1010276
 742065
 88170
 691490
 83943
 156831
 622751
 1079124
 685241
 929310
 324550
 415735
 688818
 574613
 808920
 490905
 87682
 993255
 724173
 292069
 512299
 63043
 890322
 491001
 838635
 120270
 622601
 185263
 274173
 455671
 333752
 11616
 881385
 146974
 603955
 964550
 960075
 550665
 444517
 241633
 111424
 34992
 279376
 357702
 534762
 1023980
 364967
 1079197
 161883
 147740
 322852
 256974
 698716
 725645
 1015261
 1037066
 539442
 353028
 834549
 287098
 607906
 599058
 856898
 667263
 137643
 975404
 601265
 408091
 435097
 487231
 1003291
 410678
 142434
 902953
 427268
 9949
 769771
 740854
 83328
 147581
 109249
 291966
 995209
 807739
 189734
 454149
 873066
 94913
 588033
 790767
 209765
 1024897
 886885
 221510
 303509
 261232
 993031
 464978
 850134
 730287
 876122
 563177
 920702
 648833
 1042258
 612350
 272257
 1027439
 477217
 407291
 663571
 445672
 481855
 755370
 526684
 259837
 345983
 902849
 511666
 827591
 263537
 520273
 70285
 390353
 1063494
 1001598
 723471
 77185
 887063
 439511
 16986
 468470
 110932
 551134
 942112
 426435
 71755
 845242
 970502
 1004471
 27970
 813957
 905225
 470211
 522001
 939099
 701083
 549373
 724622
 382259
 409177
 761049
 962625
 941435
 178286
 78523
 346597
 616304
 1094163
 356314
 636877
 187812
 396883
 915376
 1039146
 928266
 558989
 54371
 543089
 939938
 197857
 609165
 844183
 380458
 713560
 182314
 1034973
 915133
 457110
 790497
 235338
 957540
 165494
 1034405
 234543
 343614
 706658
 543376
 1039193
 1060404
 599221
 264234
 739449
 496416
 1073401
 445359
 33998
 1011827
 992012
 816694
 906875
 474189
 313280
 937310
 389753
 409347
 864551
 830881
 2701
 1071428
 37566
 1094198
 912811
 169435
 234919
 254934
 832838
 709289
 58236
 99425
 739575
 421342
 526157
 881480
 374795
 878171
 437569
 1072806
 380190
 887961
 313608
 219491
 890199
 89440
 134959
 562714
 501493
 133714
 993045
 875059
 939534
 501299
 649763
 106816
 138194
 451807
 582901
 255379
 374540
 590041
 808030
 77066
 808562
 301806
 182370
 1078768
 399516
 204535
 1014946
 25350
 848222
 716023
 681908
 166469
 307113
 879195
 949029
 453446
 614314
 565006
 1065425
 378834
 638813
 98787
 166624
 624112
 487045
 977278
 837895
 104506
 567467
 799516
 71178
 1029052
 469408
 525272
 1090255
 1082207
 568318
 143322
 172004
 795627
 926139
 1036867
 553650
 818831
 283730
 640502
 1015014
 835060
 980564
 427962
 451963
 570520
 17389
 301014
 812767
 176902
 340293
 372095
 958544
 517982
 325169
 665950
 580713
 18487
 532328
 333459
 215424
 715216
 104642
 198249
 966038
 735297
 659091
 919142
 56437
 921557
 838231
 876470
 53010
 1017214
 9175
 337151
 128235
 449999
 733363
 1012421
 237329
 1039316
 105132
 653069
 418528
 105603
 721287
 589821
 307227
 331811
 242588
 454324
 513577
 167505
 555687
 274692
 1010408
 775258
 19579
 797027
 673611
 366190
 170760
 808506
 825661
 228091
 1048607
 275748
 834767
 242341
 292039
 1042804
 624329
 503669
 131626
 782748
 396405
 182844
 474791
 413981
 397603
 953633
 459645
 754034
 542053
 167175
 87231
 322021
 716733
 27164
 1074355
 918699
 202499
 126759
 293860
 739325
 714736
 926122
 619573
 950989
 242751
 289490
 71088
 633740
 714408
 17496
 726732
 354319
 320555
 29831
 1061638
 1080053
 514263
 975230
 897346
 574612
 1077730
 592124
 984791
 237888
 91429
 818682
 155803
 87665
 850219
 976778
 1094114
 860134
 408566
 36150
 708990
 622242
 1025049
 131029
 759764
 690028
 936287
 932422
 275240
 159811
 968123
 74027
 489768
 525221
 294069
 523308
 795990
 992416
 177630
 604232
 25097
 408606
 239454
 774397
 1001868
 93176
 82316
 839963
 1094724
 1033936
 305701
 848314
 789024
 136327
 58736
 930187
 177182
 1083678
 444150
 177604
 1035646
 855784
 466616
 557775
 929884
 1072037
 260464
 293468
 646461
 611496
 1058038
 636977
 1046178
 923803
 520623
 21401
 1053991
 172051
 368217
 1072681
 1044692
 883936
 124583
 386708
 70155
 92906
 389546
 379491
 752164
 701231
 914281
 505459
 962984
 141111
 352666
 958015
 21546
 870927
 32188
 414489
 526709
 273915
 764815
 105278
 921263
 724133
 994308
 452538
 483626
 859726
 822420
 745620
 161769
 579311
 242028
 476529
 785904
 643371
 159839
 718388
 541258
 1006616
 270979
 434180
 232356
 621802
 981225
 1051264
 421651
 1076218
 60398
 104568
 1017548
 188204
 19516
 692351
 489020
 79812
 245095
 433634
 179349
 85739
 721093
 960512
 841053
 319805
 854637
 286739
 331213
 962950
 89623
 668471
 511128
 646803
 1040596
 283569
 429540
 532400
 912549
 113015
 351793
 213887
 148134
 253594
 994173
 1012596
 743781
 590128
 676853
 908315
 327606
 887178
 569528
 57476
 424737
 820817
 784045
 426921
 1076687
 866778
 719335
 436306
 671147
 616112
 797647
 432463
 873800
 781394
 819014
 158177
 804602
 543853
 958698
 563334
 208571
 126447
 565108
 500160
 988196
 397990
 161628
 1092610
 514600
 848756
 896222
 655749
 990693
 807802
 296624
 754376
 286751
 887826
 748677
 373482
 1093500
 787219
 686398
 989695
 1036432
 599724
 432000
 724848
 425011
 510922
 543974
 989373
 1085485
 780360
 114108
 1088096
 663798
 814896
 640556
 623159
 1011192
 942182
 7273
 108053
 348087
 259671
 756201
 361583
 193930
 206548
 906086
 495569
 907794
 182544
 146082
 307263
 606996
 946913
 366530
 847513
 546428
 579104
 1059579
 746429
 696543
 955685
 188586
 550797
 70005
 369955
 259951
 1068970
 18093
 228507
 308470
 564162
 226809
 358372
 802833
 368502
 239445
 1044316
 358245
 508385
 581304
 1040349
 536957
 162040
 374182
 379235
 1094427
 187391
 891843
 265989
 731547
 550442
 775243
 910771
 771872
 632697
 235638
 143975
 906043
 114450
 671088
 445146
 20128
 2056
 871730
 631136
 387711
 724024
 582679
 1097034
 407639
 895280
 983523
 687983
 932364
 111672
 331688
 634081
 875469
 195346
 744123
 74755
 570524
 127921
 124215
 771421
 189707
 24971
 989552
 605029
 555932
 598981
 496030
 1097528
 800126
 961024
 347501
 154263
 648171
 1076852
 21842
 604665
 157815
 1074498
 352398
 193452
 919148
 741442
 630080
 575401
 237389
 191693
 645649
 232795
 514452
 168402
 994097
 230458
 493747
 309652
 991812
 1014409
 263250
 971639
 599813
 515382
 1056253
 512377
 235279
 1052284
 306
 26601
 31062
 541661
 68632
 869854
 423121
 1027677
 383725
 9376
 179075
 159652
 454769
 1073568
 954714
 619062
 490783
 99995
 867793
 204148
 807469
 161356
 53026
 295875
 557090
 439836
 347874
 870601
 973564
 955053
 922650
 108735
 352217
 226234
 692576
 222400
 831233
 828103
 230961
 823744
 885981
 548533
 526621
 438930
 807829
 438187
 855846
 204159
 927367
 251657
 881422
 544571
 885823
 250919
 528557
 260700
 638999
 1056989
 158058
 541229
 692720
 32337
 676599
 976896
 709749
 112175
 397895
 347820
 253792
 299883
 455894
 522982
 481066
 165224
 519775
 750834
 606599
 1060311
 106293
 631686
 708219
 814387
 996461
 998231
 980614
 491004
 108563
 572807
 127744
 315587
 234185
 440362
 1091772
 533154
 299296
 825851
 889922
 571279
 698469
 216790
 752070
 893272
 682353
 38573
 422981
 1000505
 718024
 485379
 858084
 857273
 395962
 700250
 518763
 62795
 75885
 435246
 148075
 656613
 450447
 370476
 941667
 426075
 411698
 1064660
 1065351
 853947
 976658
 410132
 495034
 1087381
 762788
 933477
 49242
 703018
 842467
 156785
 319341
 776182
 35201
 96130
 594159
 862514
 482702
 668781
 431620
 902014
 670776
 1095532
 71229
 165462
 523038
 944926
 413797
 1085505
 658743
 1022346
 840687
 53457
 217725
 492664
 559237
 214626
 756998
 756413
 666515
 507700
 238641
 268816
 1064950
 45497
 1067900
 113440
 180476
 512974
 810685
 508658
 908611
 876824
 615455
 906444
 602409
 266353
 1011220
 813696
 312596
 233078
 588669
 449074
 657539
 567930
 668058
 264668
 1032820
 16609
 189595
 674997
 990042
 988718
 817653
 660668
 51825
 311939
 25501
 797908
 825444
 271646
 463235
 1042999
 616859
 321719
 893711
 661459
 1042373
 506267
 127564
 152472
 898821
 509800
 892538
 435468
 635224
 1088652
 785124
 283253
 666375
 314307
 1067833
 839537
 21445
 835159
 925275
 940366
 535305
 816813
 857721
 646242
 208869
 1052693
 208304
 603570
 298424
 281308
 852799
 587457
 820184
 683082
 719268
 162482
 645500
 64026
 337200
 250723
 1092619
 961954
 420628
 698736
 839616
 50035
 651036
 374417
 826398
 55666
 128340
 1015891
 21419
 18451
 187725
 629745
 917553
 774627
 1011688
 448641
 89392
 521514
 600219
 576569
 471064
 374883
 657555
 406987
 583477
 14392
 313190
 843818
 192626
 405605
 946162
 938052
 649756
 634288
 581806
 1069634
 576283
 101677
 614521
 702696
 403487
 830356
 314194
 620303
 603382
 282198
 698471
 661586
 124229
 910398
 1097915
 937682
 917853
 355156
 486892
 328291
 425333
 884809
 240175
 870229
 287266
 470813
 1096145
 324905
 489556
 505844
 520724
 162322
 965027
 498590
 935961
 770411
 1086342
 1078646
 381143
 424954
 708933
 1040844
 948728
 70433
 1080309
 1050559
 956897
 323096
 760823
 272729
 1052206
 42853
 968747
 217137
 68526
 406748
 639067
 566439
 1040905
 370467
 713193
 587160
 920707
 402862
 1091056
 571166
 186170
 468859
 229589
 1090090
 1049068
 775490
 1024846
 640144
 97601
 709469
 947311
 60163
 676287
 1023762
 328671
 608971
 99058
 285370
 140902
 158786
 1017290
 55202
 337672
 811427
 961819
 29515
 599291
 396451
 1032453
 86630
 824547
 21773
 1096873
 895438
 194986
 855467
 684097
 467451
 250124
 930826
 277738
 368951
 742443
 593160
 115468
 903892
 687625
 253468
 607049
 913401
 748250
 82915
 269089
 712482
 1050772
 54028
 222018
 1054233
 646710
 714527
 595040
 602723
 1093467
 334996
 1084646
 147800
 9348
 570231
 270804
 947548
 739629
 930973
 884400
 709277
 182163
 138147
 904148
 297610
 667555
 443410
 980645
 859006
 1071620
 761183
 901175
 419344
 528360
 232468
 108808
 539003
 272499
 14994
 517596
 384897
 394605
 436161
 363874
 456065
 724012
 155904
 211929
 859457
 500288
 379955
 14273
 122573
 691527
 944608
 354786
 907476
 365765
 116406
 459531
 255290
 500067
 588670
 158974
 208935
 231721
 215922
 553466
 159390
 471649
 729083
 318256
 179575
 318361
 1073016
 820198
 225872
 444606
 371245
 680517
 57110
 939283
 336815
 645631
 526608
 586607
 1012120
 835350
 54102
 761801
 758224
 119293
 884784
 258366
 648186
 59113
 765730
 1074746
 911175
 632008
 98747
 913637
 105692
 722860
 737637
 875433
 551093
 723515
 1000350
 879581
 271700
 36532
 1060253
 1088784
 749934
 240847
 171768
 712455
 268938
 475008
 553976
 462934
 951119
 336528
 80760
 970604
 325415
 734563
 404700
 276788
 886592
 806965
 618716
 169596
 781271
 736440
 67826
 694103
 908800
 630295
 4174
 868535
 910644
 538604
 813512
 891307
 14673
 305528
 943817
 974003
 313592
 710556
 301277
 803022
 277238
 694801
 246539
 861900
 1095914
 429426
 754346
 428155
 905428
 465958
 1016050
 612513
 510029
 1074223
 926840
 1041186
 259664
 600271
 706695
 271392
 436446
 735774
 724820
 292199
 1086209
 833373
 420443
 539592
 1081398
 97978
 729401
 454356
 301698
 297339
 703346
 92409
 924842
 418923
 930190
 828831
 156337
 761681
 809530
 1085419
 520760
 768102
 515615
 225829
 15942
 565910
 1038200
 850712
 977445
 3729
 163379
 355801
 601345
 598874
 528465
 90403
 905357
 1028178
 983476
 998928
 812508
 558400
 600381
 347606
 299686
 518564
 611088
 834193
 203415
 732118
 530836
 201060
 616332
 444176
 880664
 1039585
 963998
 79688
 579508
 394328
 213672
 720133
 527130
 675981
 252270
 568524
 214559
 30546
 834592
 234917
 700812
 152279
 17372
 126728
 379457
 184239
 412057
 712695
 661630
 257112
 386592
 302469
 162722
 895483
 281341
 512283
 264121
 683454
 420736
 617112
 80607
 304972
 13213
 818171
 688812
 938288
 293718
 923401
 247723
 852676
 1017252
 208586
 805124
 555997
 286373
 24643
 1083981
 611572
 143174
 272948
 257714
 752798
 337765
 688460
 880861
 314554
 1017789
 830380
 919707
 443453
 624086
 512459
 537604
 997941
 993138
 873739
 551564
 720408
 15828
 210007
 986743
 556422
 821120
 97157
 322042
 659287
 294882
 1073627
 433204
 161811
 668592
 898020
 330656
 459329
 760480
 110483
 1023461
 781922
 651487
 705964
 986657
 644986
 137795
 729588
 418229
 78814
 781392
 6554
 572943
 735445
 827377
 964623
 920098
 177128
 817453
 96200
 566527
 193913
 903316
 65160
 594864
 478424
 387344
 436439
 323911
 684520
 1078416
 327362
 587795
 1010860
 1053650
 1023507
 585115
 216304
 815654
 532058
 873583
 411761
 93937
 399651
 554508
 881742
 526399
 194430
 901126
 392052
 675610
 656285
 261256
 73646
 413993
 266665
 734735
 1048796
 475036
 126303
 184180
 718871
 756005
 370343
 608826
 699332
 1055144
 613107
 101815
 637542
 616590
 312889
 659330
 928095
 942560
 539974
 326884
 722464
 689321
 19632
 713316
 188916
 158377
 1036874
 94733
 877513
 1081633
 663107
 471461
 720892
 895384
 837441
 778768
 550199
 599411
 992994
 550706
 728467
 866029
 242891
 243710
 85023
 179327
 360113
 48674
 861905
 47500
 286037
 55655
 934045
 228742
 925056
 1051856
 706928
 65191
 1019035
 797543
 1008772
 46080
 939425
 1003364
 1060523
 784128
 565869
 146302
 647844
 174754
 899511
 678062
 398711
 915642
 79698
 293473
 633684
 898359
 970247
 26042
 1027202
 583587
 727802
 923546
 367350
 1021884
 353892
 289546
 154899
 583547
 569151
 720574
 873549
 231930
 551718
 798882
 375470
 1044575
 1081768
 34630
 284482
 870156
 1050808
 781225
 526587
 152871
 553055
 1040802
 337413
 685754
 92110
 241442
 980930
 91487
 557162
 329393
 312084
 784517
 68427
 702845
 458415
 653571
 755401
 1016098
 4544
 819645
 797069
 898267
 351429
 229516
 121313
 939871
 50899
 595909
 989675
 81073
 953420
 834113
 1015752
 316303
 535813
 903279
 295988
 639895
 912383
 933901
 813299
 549441
 105195
 221681
 399088
 65049
 350166
 535117
 1007393
 245468
 985330
 905857
 859710
 350160
 943335
 906253
 321841
 124534
 740702
 982093
 588982
 49525
 719013
 78154
 207535
 170512
 156693
 1032061
 376386
 138351
 784187
 259873
 316969
 886936
 155608
 565563
 893656
 19585
 487152
 279361
 493306
 747946
 823265
 466938
 1058667
 997630
 367926
 656971
 742919
 727235
 781412
 609630
 552530
 855133
 272327
 147926
 402934
 62049
 60642
 165906
 577948
 419660
 607805
 976028
 5862
 956021
 46453
 688656
 888273
 1011397
 152007
 814001
 518103
 231302
 104263
 1086427
 76091
 486340
 342489
 535396
 630245
 70955
 591151
 1000337
 501313
 568650
 579813
 549072
 112565
 144733
 237599
 251750
 1021014
 425363
 433086
 355537
 349576
 695142
 38614
 915685
 402528
 810789
 528169
 670817
 106421
 1084713
 326344
 832390
 15111
 983330
 872567
 725234
 978078
 124818
 6536
 767068
 287328
 289630
 203550
 703102
 1038721
 357506
 315096
 521036
 709411
 306651
 374540
 299769
 365133
 649412
 1000633
 114386
 852290
 923734
 234322
 463409
 993298
 785715
 38752
 93632
 431733
 881179
 849226
 626828
 749638
 1079429
 313953
 22406
 750629
 1043189
 991986
 176601
 585132
 953822
 631719
 67972
 639068
 138156
 669698
 323667
 149889
 447931
 497740
 603987
 392379
 494290
 91982
 341416
 1021871
 1059638
 762851
 69811
 250350
 435374
 456572
 82652
 11598
 1077176
 995429
 899370
 236555
 44707
 436684
 393844
 155869
 561549
 748711
 400451
 941207
 135587
 538400
 683077
 674110
 258207
 105489
 1058343
 355208
 769722
 300313
 855682
 1070477
 383209
 509935
 1035541
 683017
 990838
 908943
 229092
 392528
 225171
 411352
 81434
 795549
 621705
 83938
 230753
 898651
 22977
 587738
 542215
 810513
 261302
 276646
 693022
 81301
 1016700
 769812
 174786
 506914
 312387
 163215
 668722
 141668
 639826
 885595
 359077
 463050
 674928
 632086
 853958
 1062392
 600916
 711346
 666674
 844526
 76248
 189240
 828537
 863703
 603206
 452962
 661049
 897998
 687054
 1039892
 651945
 796181
 982960
 55630
 772700
 181639
 57080
 29637
 657408
 963607
 551695
 121697
 438472
 766158
 402127
 1077566
 220817
 410213
 851134
 736062
 1032225
 136375
 933807
 522128
 978370
 440603
 701426
 386254
 789606
 871276
 7101
 250801
 245139
 1048448
 1021740
 776725
 12921
 635750
 640930
 665447
 772789
 512870
 944376
 621169
 180821
 1075402
 608136
 445300
 82219
 73392
 415391
 189449
 740841
 37774
 81996
 976222
 65176
 333834
 651628
 299425
 8365
 965447
 1017046
 117494
 554980
 290715
 595304
 979251
 764465
 778369
 8728
 107130
 758164
 140374
 207212
 376368
 82340
 80206
 432473
 363625
 517072
 423066
 967048
 468124
 295982
 340915
 1088392
 788405
 67964
 502970
 160673
 931263
 155640
 1018505
 900214
 861904
 1092151
 1098477
 615164
 969199
 242406
 1038989
 183670
 795093
 330373
 770086
 315248
 603389
 211568
 992242
 702206
 199121
 46941
 501667
 355243
 752200
 192660
 421817
 714808
 834553
 326468
 603927
 1076051
 229045
 749032
 144167
 508843
 167511
 824018
 75135
 660951
 1038836
 401162
 332278
 307824
 663822
 36203
 481320
 75521
 574560
 753956
 716672
 510826
 884552
 844439
 950604
 856825
 461161
 449795
 34681
 649138
 868994
 842203
 812008
 1046716
 464375
 2401
 268473
 368604
 354176
 761705
 245072
 1031197
 995352
 1005519
 703897
 52390
 619530
 926224
 1030461
 446293
 798077
 58802
 655829
 715417
 1040238
 128098
 930902
 636325
 487667
 808714
 823626
 229206
 112452
 584035
 54145
 536329
 69028
 351511
 156231
 252368
 160409
 598833
 491144
 484890
 412773
 636109
 906651
 99432
 1062301
 279609
 1064570
 814758
 92494
 965181
 30118
 248621
 126512
 1056173
 1092639
 162741
 590913
 97792
 394400
 745039
 469427
 1062935
 588732
 874593
 1084992
 452191
 686323
 1051442
 93351
 947911
 275192
 566328
 289034
 379030
 1039345
 1035596
 79297
 378338
 244387
 292330
 12803
 542684
 349419
 434795
 727613
 237797
 799217
 459334
 685722
 839577
 1033831
 1007123
 224167
 403171
 524707
 101716
 701029
 143545
 911332
 522441
 316926
 641772
 750192
 606165
 323027
 887940
 619459
 249716
 164646
 415767
 643652
 729097
 234981
 390935
 264141
 1025407
 631346
 430960
 939048
 121108
 302571
 730371
 210096
 504487
 631951
 280977
 106132
 507899
 804538
 418345
 386547
 440517
 949509
 833636
 131323
 588190
 55873
 403067
 945749
 331075
 351753
 743348
 371022
 673232
 1061444
 48071
 787286
 697902
 680006
 406684
 42046
 182309
 915511
 496855
 944005
 758134
 26419
 12771
 257779
 70565
 189813
 35084
 471430
 280545
 980487
 453490
 89715
 329142
 681398
 211091
 805647
 377446
 860511
 124986
 232551
 443334
 368728
 281376
 532082
 842946
 911018
 821814
 614250
 344836
 894272
 192130
 153226
 427710
 748700
 113371
 815847
 643943
 599804
 726219
 958356
 720850
 725237
 437300
 78564
 742091
 924057
 385084
 156384
 216695
 579883
 500696
 849526
 429205
 311187
 680
 178396
 50841
 459398
 465269
 312941
 291281
 77362
 538909
 618686
 469911
 889344
 458699
 17538
 796107
 2327
 993674
 602364
 558093
 695160
 255456
 12734
 509654
 23043
 953054
 605252
 165799
 175809
 266913
 402037
 1078156
 853818
 125059
 813791
 725346
 215203
 781957
 540794
 962071
 574544
 758827
 381437
 1097395
 726544
 1084935
 359089
 704111
 240233
 990638
 112853
 733114
 893362
 662733
 738460
 514061
 849661
 170904
 206947
 605124
 520927
 983381
 744967
 1006586
 550397
 921386
 772445
 54757
 302448
 241150
 690371
 407626
 365678
 122220
 1010306
 601111
 1016169
 742789
 388955
 20764
 546339
 600089
 433484
 198460
 925832
 683064
 519771
 837546
 931886
 870179
 12773
 614114
 897829
 1047996
 31620
 710156
 590476
 228789
 872930
 648481
 934790
 674818
 34638
 674431
 539828
 843684
 127945
 276038
 846717
 266441
 1093510
 126821
 579286
 265924
 863200
 242879
 1099004
 320286
 596155
 807623
 962199
 1042914
 392150
 290684
 153659
 197383
 572785
 46212
 465043
 613791
 642754
 1064685
 394281
 832224
 565138
 790654
 125843
 339324
 988204
 973298
 658390
 629516
 919140
 209481
 947129
 182053
 822756
 13602
 427374
 773449
 552620
 541053
 632329
 1026334
 431680
 208436
 705248
 654324
 365821
 621070
 748910
 107135
 158038
 400403
 597384
 89336
 375093
 750883
 943162
 429469
 1007149
 988232
 637933
 62530
 101744
 974757
 328794
 114313
 817351
 794697
 583020
 600914
 1013473
 907111
 729600
 361910
 107389
 239697
 547444
 2119
 746312
 56220
 999356
 233895
 618995
 146403
 428379
 1082375
 338172
 1031585
 434756
 558128
 701058
 145893
 705100
 1012545
 1014794
 411809
 423776
 997286
 140585
 454984
 197383
 494179
 1027631
 245668
 802140
 4828
 896120
 428121
 927680
 1046880
 303224
 679375
 205560
 546082
 884858
 413967
 97752
 932573
 321797
 462231
 753250
 798036
 582641
 368206
 204129
 247017
 235566
 475037
 1072049
 279263
 387248
 4521
 950247
 903574
 1031972
 809779
 182067
 83955
 198207
 554839
 601557
 791566
 510086
 610320
 687644
 380279
 45433
 567142
 770550
 56787
 360773
 376953
 248028
 441043
 812269
 396776
 59486
 670554
 859707
 29865
 681773
 452038
 73777
 237209
 626621
 262655
 1034348
 650834
 572923
 479686
 802787
 886424
 821741
 278468
 321097
 807253
 427802
 1094786
 215854
 659271
 5834
 628136
 56859
 569515
 863197
 603787
 493467
 50042
 888854
 512076
 728649
 688277
 1401
 284373
 647986
 369218
 549487
 147326
 668240
 352944
 170383
