613299
 392702
 315480
 3407
 391514
 820223
 927447
 1099981
 473546
 559431
 701815
 347460
 885245
 189348
 545314
 291349
 194336
 1080300
 556873
 122851
 541625
 170455
 247619
 930854
 687736
 522324
 672846
 918771
 511746
 918199
 630385
 1089724
 377262
 191687
 670143
 527452
 275865
 770554
 854933
 375596
 1040344
 683731
 2917
 440573
 1077406
 151468
 572689
 674720
 435571
 171961
 1067979
 309815
 864118
 147374
 472014
 841360
 357093
 888693
 10917
 209731
 196290
 1023112
 804098
 539287
 739499
 1043008
 370916
 115821
 569915
 658074
 1057184
 735448
 951810
 394667
 842806
 543593
 559842
 212799
 1017127
 211248
 759534
 683461
 555786
 758540
 850528
 597174
 732567
 69861
 273644
 543332
 449769
 515999
 317543
 528845
 136445
 753009
 384274
 1038859
 64901
 751942
 1080067
 1059254
 21209
 908672
 194456
 999942
 355094
 1083121
 697014
 410013
 842946
 857045
 907881
 406063
 763978
 249418
 901510
 647260
 468096
 793143
 634926
 328060
 579534
 171721
 696724
 750949
 684366
 908277
 928012
 910960
 493259
 599926
 135832
 497299
 582144
 34504
 924937
 548378
 384939
 189752
 790191
 422692
 651725
 584396
 969418
 452793
 695102
 935145
 61066
 165192
 409977
 560622
 355413
 999702
 1015483
 461335
 365329
 775630
 136907
 937122
 555757
 53336
 926812
 539160
 26406
 30522
 839859
 524810
 875421
 104303
 100377
 421388
 229985
 566195
 340771
 724772
 60681
 757961
 909034
 101047
 565354
 194560
 366474
 415232
 771602
 493909
 528879
 1098008
 293209
 505947
 20762
 609560
 507202
 457927
 642855
 492351
 875638
 351144
 1036130
 77991
 555293
 789881
 752272
 777775
 527005
 560736
 583400
 1033089
 340721
 556673
 89109
 300374
 10367
 912334
 177495
 634416
 826451
 317561
 843042
 123992
 942357
 564861
 796441
 52526
 388162
 159115
 1048920
 513976
 988614
 735966
 156660
 608707
 973936
 125093
 1002329
 1073535
 790553
 305399
 631413
 501278
 994464
 794241
 706564
 315607
 393181
 457252
 932495
 819980
 1021623
 119055
 58646
 391839
 860604
 1068011
 1074819
 986205
 886410
 988633
 624854
 613617
 882541
 98606
 325893
 1066059
 333527
 950113
 440885
 9317
 57187
 906766
 596547
 640169
 658332
 321152
 802953
 165136
 860141
 717282
 406216
 842586
 399767
 420137
 219552
 120530
 713513
 93671
 172735
 1020660
 840433
 418795
 1087411
 1366
 417081
 870448
 1033982
 231104
 670505
 359715
 510663
 457108
 328567
 227165
 330961
 191642
 897119
 1085121
 64770
 289761
 798317
 411653
 226028
 706502
 709194
 1099785
 545495
 712046
 866796
 640828
 787383
 536258
 117106
 743090
 73963
 653723
 1086504
 1018166
 429441
 485000
 632035
 575366
 781411
 317287
 951403
 596540
 250144
 248112
 392878
 1017473
 562617
 146894
 573964
 1046338
 248016
 782186
 611495
 454815
 6853
 857328
 1049493
 550632
 27096
 526459
 933675
 471396
 710614
 560507
 467168
 540422
 933811
 335284
 659851
 693424
 304332
 724662
 960391
 121844
 288530
 617308
 619493
 1024958
 225224
 602027
 244523
 271135
 958362
 326882
 874618
 341599
 56840
 691369
 98736
 665247
 270
 550409
 99041
 188089
 658115
 232024
 636122
 1092178
 240940
 504660
 140244
 544314
 177484
 608425
 644576
 1099814
 146353
 260934
 246745
 205283
 940421
 424022
 967289
 447054
 1006380
 759869
 379167
 517708
 427511
 943728
 636886
 865325
 19845
 1043348
 416756
 933458
 249872
 910007
 381667
 308079
 421091
 1080927
 198791
 421868
 302948
 474313
 94121
 186458
 1065611
 808092
 1032328
 562659
 528361
 825514
 579909
 775797
 983545
 648178
 95664
 520590
 276921
 13759
 932242
 599087
 708152
 378364
 528009
 727770
 248435
 599568
 492147
 175241
 346944
 708514
 189155
 1062059
 925816
 934947
 313571
 797899
 211005
 417515
 842804
 583363
 1083512
 728207
 858675
 725903
 88293
 706915
 615016
 28878
 191814
 709911
 246851
 279020
 991647
 862657
 117369
 1084561
 998976
 381437
 168374
 47885
 939559
 438386
 463789
 665910
 456434
 102843
 538342
 1150
 595101
 114302
 345465
 820432
 307104
 1077657
 558405
 845489
 326654
 193094
 918629
 525706
 798730
 318401
 969027
 12342
 915878
 928715
 980566
 1008129
 218425
 120179
 136211
 969931
 471930
 979693
 783849
 919795
 301391
 781846
 1080880
 1043146
 591587
 28691
 946471
 323161
 556933
 950538
 347876
 938996
 90810
 980381
 336611
 416336
 994225
 488735
 359774
 511711
 955112
 805897
 602526
 789540
 398058
 467805
 673252
 734419
 329551
 182409
 30794
 340027
 1058303
 614968
 411141
 477422
 621124
 1074499
 190251
 421554
 134426
 731047
 902770
 44434
 586979
 203490
 750153
 427675
 497627
 324908
 631912
 637249
 902073
 737392
 224951
 469495
 1061419
 243471
 944678
 595039
 219686
 1086708
 83380
 535185
 725517
 40249
 289525
 728838
 614615
 253816
 1047560
 945453
 1052433
 768242
 598668
 671788
 327682
 648194
 181187
 709131
 749253
 186974
 503701
 817147
 349637
 153910
 936558
 9187
 875514
 1014475
 749534
 698379
 545073
 728608
 800949
 917573
 125102
 1095275
 91896
 462235
 992901
 38081
 144908
 890391
 1001919
 1059769
 101258
 144296
 309936
 883938
 885260
 941121
 1085524
 990742
 297028
 987470
 950604
 841999
 681908
 722374
 753692
 489243
 101982
 631016
 222436
 856124
 124928
 795431
 514604
 1018035
 857551
 487367
 128652
 878824
 488217
 406783
 185664
 839922
 177762
 748664
 499736
 834648
 434135
 526326
 875634
 834314
 505516
 235270
 294263
 505197
 55334
 543887
 791657
 1036075
 524178
 768643
 294111
 718001
 385555
 126845
 64610
 821345
 562589
 972120
 270300
 672860
 793538
 17578
 1034116
 835270
 98232
 447940
 470021
 803617
 613069
 196111
 834282
 464128
 952813
 54632
 721967
 139505
 318421
 494308
 752343
 490350
 765054
 184876
 132766
 991240
 715091
 963157
 836027
 1009264
 732071
 463650
 78116
 472599
 485498
 872738
 444356
 676909
 982
 22021
 280979
 386687
 1012735
 635966
 446469
 1075182
 909336
 709288
 1078985
 272467
 462529
 109390
 214913
 602583
 233435
 334132
 538906
 674572
 458335
 83558
 438307
 692861
 707616
 408509
 729504
 617716
 228246
 798831
 12583
 1003759
 966029
 491367
 401837
 1096153
 369440
 277442
 228512
 950395
 501082
 498618
 38023
 928673
 102955
 123052
 1099806
 783019
 1084355
 209014
 146277
 512715
 650518
 1068448
 1044169
 850429
 1098879
 277874
 710253
 700845
 632557
 433234
 1051335
 710630
 1074307
 974573
 845865
 404912
 252864
 48969
 23959
 100885
 372857
 1060620
 710724
 217064
 354754
 863311
 719811
 355501
 13460
 878672
 561137
 632252
 251351
 29369
 519724
 115227
 721901
 719918
 34253
 35980
 513004
 357555
 613038
 186302
 341322
 436091
 342081
 588471
 16098
 96170
 293162
 861918
 427151
 646409
 5720
 401652
 486207
 202244
 917486
 722123
 117076
 1007323
 647967
 587560
 251480
 469197
 403839
 332092
 472357
 355708
 478990
 585164
 807909
 124699
 1038429
 911828
 32149
 840390
 716854
 29512
 1011713
 248052
 12732
 1001517
 590329
 540829
 121145
 497861
 270484
 941771
 45026
 305828
 714680
 868418
 136544
 1005537
 716581
 936782
 80100
 737198
 592543
 608673
 404494
 988780
 361341
 558643
 1046084
 183423
 115053
 345588
 142446
 603609
 348201
 178974
 369992
 687329
 885076
 481339
 382855
 550181
 592032
 526191
 394782
 318972
 627829
 1022504
 102887
 711898
 95372
 139903
 59959
 816619
 609637
 700802
 303318
 498129
 1004707
 122731
 359230
 978860
 1035715
 1089499
 538464
 282396
 242021
 824561
 670305
 5467
 928855
 200006
 644997
 907077
 326371
 444569
 558285
 772366
 187501
 32762
 439400
 248382
 369747
 266709
 212219
 18534
 484774
 704705
 470163
 900346
 684509
 43281
 73941
 124823
 5948
 543608
 942375
 4968
 67759
 724765
 529905
 1032780
 1006073
 586509
 451415
 790467
 273036
 797459
 75854
 1055483
 183867
 396081
 440042
 950006
 84317
 317710
 494587
 380868
 216673
 1090768
 554333
 51086
 76886
 491267
 1015467
 751955
 321792
 575950
 957793
 760838
 40729
 377536
 374707
 633343
 330681
 1005028
 30
 526133
 23030
 374506
 247208
 128252
 864946
 695258
 549616
 395855
 1011504
 1060881
 1058867
 762385
 265661
 625973
 1068456
 261858
 160505
 260130
 197124
 958580
 438657
 23769
 533195
 321123
 597777
 680882
 761697
 737901
 749632
 138955
 634375
 1090158
 11661
 759846
 707238
 419092
 537466
 704961
 496509
 538977
 292419
 240964
 748026
 3356
 433597
 647382
 741323
 704666
 495514
 550452
 592676
 121737
 924256
 802094
 469605
 976572
 928458
 101922
 120395
 997870
 138745
 388959
 254839
 332418
 440097
 927535
 639555
 700688
 328029
 644473
 1075283
 542284
 29777
 691782
 810519
 731526
 243661
 299611
 702385
 806229
 95967
 884027
 1085246
 722316
 413105
 642537
 699161
 119111
 267760
 388640
 1013548
 452839
 229879
 614322
 1037885
 575465
 582750
 1057793
 992831
 920512
 821606
 398941
 707982
 537716
 490999
 748790
 1020627
 4751
 396637
 324624
 784861
 1015585
 178501
 360762
 131703
 594754
 1066120
 417140
 486530
 475867
 320387
 648406
 649927
 809596
 460744
 1009644
 1006070
 291331
 677681
 247803
 587871
 494177
 636177
 217442
 288269
 929411
 876567
 25575
 860113
 173452
 1069674
 994795
 658355
 696426
 376571
 1098520
 410215
 491232
 244376
 77219
 722772
 591948
 360117
 691669
 914316
 297305
 432927
 505913
 990318
 695866
 308651
 762802
 1016864
 846135
 778131
 1004494
 999591
 494879
 773135
 266453
 829377
 795823
 1076796
 1004482
 955658
 505712
 552697
 932895
 900025
 500095
 511496
 865957
 354255
 743073
 343435
 1036768
 722411
 181491
 50789
 876388
 256700
 967385
 630865
 952351
 1015535
 942224
 771729
 605709
 835704
 912311
 1059648
 182105
 145326
 555044
 240741
 73137
 1036187
 858898
 410228
 746931
 134160
 90611
 196739
 240554
 547001
 489831
 601100
 557468
 366248
 185398
 249167
 645371
 869129
 849556
 903620
 598794
 353786
 10605
 562246
 897439
 928441
 942061
 730383
 361390
 370534
 212715
 605827
 107742
 26411
 402388
 199808
 557904
 444992
 679638
 308542
 282803
 981421
 1049198
 637942
 84648
 233641
 67301
 538221
 705992
 658336
 917315
 956070
 738564
 724275
 217279
 872469
 21476
 1093962
 296613
 481990
 396035
 270787
 280777
 874503
 463547
 844814
 1036062
 107804
 769424
 833672
 156654
 639441
 569314
 918948
 215353
 168652
 860006
 1005198
 113880
 283865
 1033596
 1045428
 356272
 909025
 1056194
 144276
 560342
 528719
 825468
 23732
 606175
 958371
 495918
 76206
 519973
 823696
 955061
 649913
 125155
 883282
 467383
 152253
 249858
 62233
 642840
 900658
 341
 915086
 251184
 454211
 613226
 557758
 593302
 702492
 367566
 289814
 576459
 190875
 455685
 844307
 844122
 145640
 722463
 515844
 968946
 575854
 403952
 205493
 644674
 143651
 921998
 557844
 366877
 942764
 752878
 715163
 619976
 1078498
 328434
 1009594
 411515
 598850
 231
 1095408
 958702
 430590
 401826
 920750
 71942
 317568
 773002
 565160
 177253
 445851
 985629
 521479
 315487
 1094336
 142885
 576674
 794263
 442533
 75529
 346425
 217838
 21402
 203495
 178310
 684800
 1058245
 558678
 813695
 606640
 1052716
 945515
 412731
 615707
 766699
 1066974
 160748
 675550
 1040041
 820734
 125688
 595843
 940700
 493474
 1001383
 205827
 286316
 634747
 176138
 202928
 552078
 286123
 129860
 124721
 178648
 865269
 15423
 956383
 219691
 113002
 381773
 12176
 115104
 384628
 547717
 868263
 972646
 733337
 515745
 81387
 417759
 669088
 588623
 373762
 417128
 777460
 716241
 605569
 21779
 781968
 280733
 436182
 713335
 732514
 514304
 905013
 920579
 1046945
 883620
 733681
 536744
 110498
 229260
 870889
 512586
 1083643
 568678
 620572
 494112
 450642
 3321
 687586
 263167
 639401
 534311
 767677
 664356
 294179
 103406
 384052
 642920
 885586
 218292
 582508
 559113
 380555
 734597
 522925
 697784
 403584
 213036
 487178
 599445
 604492
 890166
 164905
 790000
 1010428
 60129
 996373
 830204
 658523
 172140
 340575
 969902
 777249
 409699
 377588
 350051
 753981
 535348
 677027
 337125
 1055921
 714263
 734609
 556365
 49063
 898098
 187315
 871209
 572736
 637149
 998461
 680740
 895736
 656583
 488892
 301332
 1005765
 1088169
 55239
 455482
 647713
 1068365
 767574
 635527
 34551
 1095466
 1034085
 632967
 818939
 443467
 447467
 1099839
 267488
 633462
 587332
 791432
 521877
 915321
 883491
 115124
 182297
 836729
 706059
 764935
 1060689
 206039
 875509
 229572
 140461
 988997
 572048
 551972
 1069459
 69690
 344929
 1097980
 624651
 190767
 486190
 534649
 417772
 387827
 616807
 511655
 556607
 739798
 939028
 178948
 195648
 541578
 415935
 576066
 841871
 663928
 1029210
 416524
 328467
 585273
 489830
 254021
 224740
 615322
 200719
 994633
 544027
 473516
 189947
 252453
 606038
 657939
 1055602
 39563
 58979
 148443
 527725
 139140
 489988
 115286
 622941
 726452
 646537
 533161
 533876
 171760
 1087244
 773267
 857564
 1056944
 563354
 70068
 537501
 363116
 1023868
 103354
 504219
 100775
 275137
 139209
 849714
 198360
 151218
 639076
 431579
 744750
 31546
 754283
 117349
 926368
 457303
 395333
 859868
 625766
 49937
 1096958
 797987
 175689
 486204
 129639
 611989
 144005
 1052895
 646510
 634153
 136946
 822423
 150886
 411485
 165377
 463595
 228297
 593617
 229028
 645383
 421389
 545717
 788173
 719406
 268700
 570894
 218435
 788875
 705269
 431006
 769924
 358478
 749813
 38313
 215522
 254737
 835194
 496573
 281113
 880405
 43601
 1045604
 796797
 175860
 1042520
 1069246
 900444
 379887
 1010673
 224355
 432544
 868543
 1070412
 698327
 38849
 890701
 1035432
 947870
 610793
 887257
 1081303
 1008739
 931964
 929297
 782783
 582766
 1035093
 1059474
 915720
 566923
 892803
 359389
 772560
 1054860
 212168
 248275
 584454
 390860
 788555
 90324
 272671
 434396
 161736
 262376
 148496
 266822
 693463
 2196
 972587
 984983
 851628
 953765
 614183
 557493
 9807
 695328
 303721
 645133
 949128
 764895
 602190
 260274
 804375
 896228
 181141
 547208
 695660
 653346
 5495
 439320
 974715
 805585
 890269
 138998
 838455
 918033
 316812
 679158
 1040187
 546091
 361488
 407069
 795978
 193438
 121724
 1081478
 259589
 881113
 317445
 320501
 687299
 1036487
 36317
 454926
 1073418
 896988
 666204
 380352
 1071059
 528567
 491324
 73001
 315566
 273001
 213079
 919202
 120
 260551
 132070
 983751
 899243
 415842
 901682
 350908
 643464
 632415
 1033537
 849024
 119969
 294968
 937728
 449728
 387640
 820659
 378602
 78677
 948077
 615770
 724303
 835625
 185996
 378098
 493644
 729378
 714406
 1021568
 374068
 589800
 711446
 253174
 167327
 872137
 365978
 775517
 936050
 924038
 813595
 553978
 116942
 190387
 682208
 504356
 855530
 124775
 293629
 608923
 936294
 800782
 600762
 920759
 255084
 323778
 247062
 165031
 63758
 457717
 106052
 490034
 509215
 366410
 729762
 204780
 1014723
 563340
 507652
 249246
 925776
 459833
 990185
 497922
 350707
 129730
 860251
 847331
 612881
 564599
 851872
 545060
 958966
 71922
 596823
 344989
 248402
 916836
 974537
 940712
 1030990
 421776
 623739
 504239
 384651
 268442
 557423
 11263
 193324
 294465
 620469
 274096
 1068395
 975855
 998801
 1048017
 45406
 285459
 714449
 498886
 776782
 208597
 108714
 1019605
 303679
 966916
 45736
 111309
 131957
 311185
 1070039
 610759
 438163
 580677
 618467
 699569
 875156
 300241
 1069976
 968047
 885597
 267749
 491621
 439741
 858097
 636277
 143450
 729637
 105615
 449586
 93935
 545818
 822836
 569344
 785207
 915924
 528883
 629624
 478153
 1022120
 561449
 889135
 40236
 212990
 467974
 860956
 133871
 531916
 929195
 202915
 528116
 705012
 296401
 171061
 796600
 668219
 305470
 1008941
 57262
 824317
 1034517
 332913
 53262
 688427
 1020729
 163652
 500482
 563250
 325390
 190028
 689794
 883747
 313190
 665729
 99594
 409047
 737858
 58888
 829049
 624489
 462675
 496781
 470072
 117740
 809975
 1016679
 1094403
 863247
 62677
 912702
 234490
 1095196
 599209
 889608
 780484
 762603
 276480
 376896
 63792
 1013929
 743310
 396343
 1083431
 711686
 512066
 50802
 347380
 954406
 916281
 88768
 1078751
 892804
 283954
 1033752
 1047130
 113608
 421682
 614082
 15187
 944211
 706551
 978719
 45641
 176521
 622041
 540901
 818936
 1005403
 1010528
 801583
 14089
 1066110
 262165
 930023
 410375
 286302
 614808
 858913
 649003
 450928
 647994
 994327
 103535
 144435
 832871
 18672
 646547
 277594
 283185
 317637
 217137
 102880
 169753
 9427
 422994
 153796
 450793
 912541
 415241
 31459
 752116
 194973
 31679
 422353
 16249
 598531
 216421
 806503
 156583
 33807
 142735
 857423
 294413
 261556
 295011
 769765
