494782
 221852
 730410
 75818
 878412
 306625
 408029
 570896
 997785
 1066509
 392420
 390399
 223298
 345442
 546355
 150696
 191561
 216761
 967715
 193455
 637151
 385657
 813723
 484540
 348141
 674778
 493797
 993411
 959350
 846382
 931233
 662977
 847307
 857092
 947296
 207188
 182812
 612864
 860739
 487482
 58920
 718079
 796377
 958988
 811731
 763030
 320902
 782661
 461375
 511022
 728474
 63094
 409418
 1006532
 461384
 583780
 181749
 1094625
 311415
 1005172
 382535
 374999
 1093094
 956706
 585455
 698825
 467523
 770401
 557775
 130399
 389325
 1054004
 1040816
 600571
 646651
 845739
 455165
 1072324
 820348
 258159
 810407
 933270
 784536
 720407
 539135
 591835
 954988
 204137
 306236
 471281
 754089
 657531
 198977
 523053
 98014
 754090
 371692
 62831
 219284
 246378
 754759
 512974
 350263
 684118
 821903
 41175
 338218
 614191
 836333
 70285
 447953
 944173
 1008052
 727127
 358588
 495554
 957024
 840974
 93791
 850906
 711104
 1090626
 948668
 422598
 410622
 814321
 595713
 587876
 533942
 560411
 105032
 938932
 76791
 67396
 152160
 105718
 812092
 641024
 1080960
 641180
 1003396
 741841
 118659
 107483
 940365
 346077
 169805
 561994
 391571
 883071
 707949
 185361
 814623
 421181
 686031
 9649
 696469
 442050
 495785
 936130
 131655
 504549
 750031
 1093367
 336382
 678135
 473141
 578888
 556442
 737980
 400108
 881
 596896
 226699
 836485
 445834
 912126
 751061
 184761
 239527
 574709
 287045
 730835
 342388
 75134
 633491
 498083
 1093702
 300700
 133351
 90329
 911036
 790754
 833413
 391560
 675120
 450148
 153462
 373284
 403663
 407534
 127823
 113096
 677288
 551139
 1076022
 135864
 933070
 844826
 342995
 55428
 450387
 703135
 309049
 275394
 903011
 797009
 521037
 336371
 821345
 520594
 223206
 392143
 976805
 1065670
 227638
 277424
 17719
 1054681
 402446
 208510
 623002
 934962
 757802
 689423
 660131
 800276
 537996
 2272
 179094
 973031
 479709
 1087902
 115211
 1074330
 140321
 575205
 1955
 789887
 509190
 525669
 298269
 920508
 965770
 932099
 612991
 1046905
 74151
 701444
 825789
 239711
 714116
 853463
 282726
 387184
 246013
 315218
 878993
 603990
 466425
 1039211
 942257
 569562
 537092
 816057
 407892
 509934
 510938
 55007
 58966
 109866
 704124
 627900
 442158
 155594
 422215
 477628
 844967
 102472
 965749
 603989
 309595
 894229
 102336
 473939
 19222
 140452
 783964
 1010407
 572815
 662740
 227166
 847649
 731001
 365069
 229130
 1034294
 917151
 382528
 99703
 282730
 671909
 751743
 43637
 411810
 135640
 172882
 211263
 915392
 304808
 358623
 1078730
 746745
 1066875
 339163
 933815
 577598
 304218
 626125
 615569
 756894
 846013
 635891
 344286
 239943
 923744
 348796
 68954
 747610
 476410
 65598
 958270
 476300
 687782
 215358
 660595
 425612
 751026
 371861
 127097
 982737
 809797
 643505
 1028622
 235254
 127134
 158402
 685784
 1018878
 422371
 126660
 636295
 314757
 91560
 427221
 1016461
 1055923
 856173
 380504
 460231
 189391
 74769
 221808
 281014
 809226
 1038741
 457302
 248601
 1080796
 558387
 928912
 820570
 144443
 183667
 926157
 526392
 11317
 692462
 1040168
 31462
 948299
 493012
 346022
 69113
 63195
 446219
 540618
 1073609
 67399
 972871
 108226
 401490
 877800
 157639
 832415
 918393
 662772
 362559
 820997
 421061
 288820
 895018
 1014182
 517970
 615987
 1056277
 1074366
 1041053
 650819
 570334
 417677
 541373
 29755
 998297
 851463
 404127
 830671
 213571
 284229
 690863
 598511
 195633
 1082241
 376476
 343680
 909001
 758394
 676508
 971157
 515656
 145567
 527331
 782352
 452523
 823463
 932044
 557378
 35266
 667984
 1086862
 883539
 945635
 217104
 869973
 935082
 624912
 1082707
 321062
 210179
 1053789
 981317
 121497
 129576
 226315
 271305
 1018405
 286487
 444270
 147700
 417964
 1089985
 994590
 841921
 940388
 492356
 94098
 905422
 918112
 72380
 1046924
 68550
 730429
 8179
 341856
 1042816
 295165
 896635
 428972
 478249
 630010
 82487
 27080
 946988
 1063386
 361208
 373401
 215637
 515652
 438125
 443798
 309460
 678133
 336624
 930230
 512979
 192783
 35889
 853359
 570439
 805793
 426112
 111749
 74556
 993812
 654634
 869546
 763274
 906174
 956339
 573330
 800478
 67943
 516974
 721314
 217490
 90706
 294683
 379049
 979049
 25523
 889401
 813481
 27367
 395946
 658489
 492094
 1099963
 502967
 950111
 170069
 37187
 851632
 702909
 140776
 129270
 471183
 517352
 829414
 1013058
 987754
 116121
 448257
 1093363
 975155
 1013942
 413319
 865686
 40706
 821484
 161562
 368069
 818576
 98397
 880246
 136134
 565388
 611655
 710022
 753985
 1020216
 81573
 738537
 1051518
 514920
 393217
 180135
 952972
 262836
 2584
 1091817
 383955
 458374
 500545
 149945
 1097535
 1079203
 363109
 892362
 34282
 168189
 330225
 337275
 325075
 936027
 971418
 323388
 909895
 553939
 313965
 515067
 209163
 272983
 1012632
 972042
 250602
 927553
 926268
 1054187
 401297
 492931
 240347
 368370
 785297
 217120
 1023693
 767783
 477904
 450751
 576339
 337900
 886815
 736275
 335045
 698225
 550876
 938066
 662517
 169228
 948037
 56885
 1067852
 822728
 644929
 515734
 104921
 493017
 347434
 655421
 1089350
 599809
 655020
 544926
 1098613
 1079702
 720903
 563079
 1078932
 231812
 1039575
 394168
 1016173
 835414
 884150
 638432
 914541
 1099441
 1048134
 973683
 633164
 674157
 348495
 238257
 1043321
 836906
 211605
 714706
 118199
 433501
 367020
 603675
 960346
 247059
 302719
 154402
 322421
 734638
 472671
 31202
 718311
 812198
 452482
 331804
 109886
 650991
 119542
 756296
 852397
 614458
 638606
 5593
 460024
 1023974
 638028
 454300
 1020213
 704027
 443573
 379539
 727246
 526574
 267944
 248556
 192672
 71012
 913463
 1024690
 8161
 70097
 659251
 1089988
 956477
 507569
 529823
 917215
 710593
 276891
 22869
 401731
 215827
 594628
 622483
 864994
 395471
 772217
 129771
 846440
 940618
 740270
 413558
 182080
 498081
 858771
 145249
 974698
 158465
 1044708
 381417
 730505
 2242
 1096460
 310058
 188522
 161944
 931434
 536177
 162402
 78523
 749186
 146712
 295605
 309897
 175550
 957861
 672940
 806488
 49259
 661635
 1048080
 529709
 591443
 550521
 240692
 1029950
 138938
 535743
 1047935
 568420
 1087988
 914775
 817458
 253524
 860731
 480487
 845673
 87808
 1013734
 634378
 498327
 952470
 892794
 808535
 228414
 25579
 294246
 115571
 687974
 801219
 379527
 783019
 613102
 131945
 677486
 741218
 850345
 12843
 749416
 101042
 887188
 1093473
 221455
 570267
 252327
 764297
 631696
 368997
 602663
 111720
 380950
 349823
 536909
 797848
 300715
 531313
 642773
 1026932
 785931
 35605
 908041
 975399
 677076
 793577
 391839
 339354
 935052
 770484
 160843
 404359
 833682
 366817
 1015779
 951768
 419082
 277706
 38947
 656678
 842206
 22202
 24780
 806701
 586595
 594112
 959003
 1010096
 521053
 573621
 841271
 837247
 983558
 1049285
 226132
 936660
 838036
 904682
 270496
 353010
 755827
 748399
 281718
 533562
 1062555
 816759
 842505
 722407
 548916
 797564
 19486
 594013
 995829
 568066
 333486
 637680
 691526
 119684
 690215
 309886
 801345
 521526
 155855
 169792
 76766
 120723
 713621
 868643
 747912
 626852
 320727
 72731
 289614
 535292
 609175
 91778
 807710
 694656
 628922
 341113
 977349
 1084092
 133525
 420074
 411658
 168661
 225880
 680446
 183679
 594258
 919907
 929399
 186477
 408217
 96507
 37671
 40889
 821208
 717582
 4410
 26391
 252359
 981266
 439472
 215677
 768493
 496755
 180254
 510231
 665600
 671904
 175303
 230386
 87066
 800620
 725882
 714002
 1062312
 787995
 368501
 646073
 196163
 303770
 940929
 186934
 904831
 808798
 948772
 166182
 785190
 599583
 193449
 1014553
 1054463
 661348
 418056
 110321
 369547
 28868
 99024
 700116
 37800
 563778
 901797
 962321
 550747
 26215
 875558
 1047075
 1090505
 30178
 49064
 889761
 1066207
 286386
 1073116
 36600
 166004
 408320
 86641
 156511
 3665
 672577
 267186
 291417
 475549
 522046
 47669
 293994
 15366
 49243
 953177
 553845
 934018
 832499
 981979
 879572
 515383
 157372
 383520
 1022264
 968004
 691528
 812358
 471522
 974172
 755380
 78456
 591402
 971612
 102154
 509690
 512824
 398741
 535888
 751311
 567248
 546125
 540803
 282923
 938892
 388032
 552174
 148109
 175102
 636944
 782072
 656728
 454184
 1059518
 844493
 1097434
 1081103
 608624
 218413
 772762
 694489
 706563
 425753
 110333
 226767
 1026555
 765823
 738505
 848683
 860295
 781610
 227239
 37853
 187143
 428842
 137974
 30431
 409208
 586996
 893602
 946607
 398071
 236228
 300599
 905449
 124391
 149894
 965046
 967447
 749285
 120020
 1032608
 445525
 98805
 89796
 579954
 314588
 523087
 220541
 87125
 311091
 209875
 737894
 527424
 333134
 60908
 320941
 504897
 70310
 969296
 976689
 413079
 980774
 742496
 1048311
 1021057
 837756
 1072306
 498109
 127593
 870442
 758644
 42386
 717624
 90797
 849755
 626553
 958859
 92415
 1071045
 932170
 1009775
 596005
 331928
 487627
 580445
 72262
 372536
 381444
 227228
 1020602
 617786
 1022838
 264096
 827683
 62332
 914113
 444505
 443586
 887194
 382874
 1001644
 631543
 45870
 93326
 1007214
 137669
 768129
 920290
 896886
 790404
 59302
 747274
 977985
 904216
 67968
 973116
 858780
 1055600
 775105
 96522
 106377
 50988
 1093084
 880780
 499174
 753381
 980721
 207421
 389010
 514173
 709763
 613606
 253324
 435727
 725807
 563874
 46644
 28994
 581541
 386712
 318229
 817324
 597110
 1057241
 936851
 237808
 127944
 335445
 1085428
 223116
 735056
 99722
 647691
 482119
 558996
 406503
 33597
 844241
 320184
 760147
 842762
 762602
 370983
 69664
 1065600
 568263
 454008
 629586
 888749
 144569
 376436
 121966
 161660
 925015
 503787
 635628
 338532
 38599
 814939
 482146
 621892
 403345
 145496
 503505
 783296
 521730
 394641
 602136
 295486
 975193
 241515
 623420
 758961
 300983
 873868
 954860
 469712
 846726
 661224
 911160
 29437
 817368
 856721
 197957
 64602
 585283
 1014309
 538677
 1062324
 490892
 272649
 316588
 869922
 798143
 533651
 899203
 256795
 948994
 396193
 855650
 567056
 788868
 787403
 787659
 305617
 147482
 905580
 984288
 209582
 904570
 940235
 206195
 1087008
 373153
 185437
 860257
 914008
 1044544
 499143
 882314
 319690
 455566
 51397
 202246
 843168
 269666
 990279
 378212
 64503
 201996
 919438
 234452
 338478
 832613
 208619
 595949
 774719
 1065126
 341965
 160591
 132023
 69578
 1073900
 709965
 171539
 1077611
 40006
 799639
 283572
 263809
 169937
 104497
 778833
 1052944
 183417
 860550
 648588
 515650
 42810
 810838
 214543
 809523
 264212
 685535
 730745
 967457
 840416
 970351
 319051
 134254
 937737
 153453
 698469
 434871
 808227
 352090
 549009
 59907
 778959
 382166
 872072
 354856
 15347
 743367
 291032
 777804
 421051
 717481
 20393
 807186
 889846
 50414
 280033
 94129
 317374
 560070
 730656
 113703
 1056513
 1043958
 1011208
 569094
 743876
 450728
 623024
 290183
 100827
 475070
 1070202
 863429
 595031
 1029312
 597565
 30904
 916657
 377278
 858431
 247930
 946075
 801792
 318203
 296473
 11556
 779765
 464633
 489084
 1034703
 659278
 1098824
 76931
 817223
 689391
 1059305
 212086
 488822
 609827
 843648
 362191
 552239
 348898
 424069
 1015120
 1098793
 524095
 8086
 647657
 384458
 454547
 261822
 198336
 315012
 854944
 161579
 1082121
 660051
 681184
 917062
 770782
 286194
 892496
 127850
 87650
 874653
 661970
 742741
 890913
 159447
 362368
 859446
 1031667
 804374
 755
 1091791
 1032869
 386738
 599738
 352858
 815380
 912895
 473337
 515738
 724746
 885301
 948343
 608363
 860545
 732655
 156979
 761894
 792404
 1038454
 986316
 243341
 148808
 169220
 864013
 460112
 1007428
 530439
 264568
 517964
 529562
 670792
 74125
 945984
 1087770
 60937
 550318
 143038
 410354
 691793
 437905
 19865
 58673
 417516
 184526
 376219
 760232
 305049
 1025540
 619476
 191974
 26862
 630979
 78302
 815504
 133225
 173912
 108765
 259675
 541513
 516810
 184610
 146353
 375191
 1056115
 179472
 667876
 1000558
 974518
 150498
 58855
 555793
 106424
 263437
 522916
 8777
 516491
 269385
 422806
 1045761
 410168
 170639
 679574
 206732
 410396
 1065609
 689582
 934700
 964093
 626216
 753896
 698693
 156772
 485048
 676595
 424710
 469145
 382302
 259586
 821815
 795905
 373157
 818304
 158173
 629603
 650354
 559027
 185730
 810486
 937392
 619874
 792658
 295695
 738071
 478262
 564538
 99632
 781160
 286135
 584975
 973015
 439707
 1084453
 185615
 654555
 753766
 1079185
 14037
 662964
 799047
 661960
 182738
 971896
 716518
 116579
 870997
 481782
 882274
 957505
 887634
 476277
 369826
 876348
 924876
 498442
 360699
 278698
 148680
 1029733
 285998
 761810
 590739
 1042822
 541578
 744780
 170015
 1067216
 87926
 1035435
 412124
 38211
 315750
 855113
 502092
 388502
 523876
 553716
 1050681
 391524
 795243
 279392
 89339
 224018
 699185
 439161
 488303
 340600
 955010
 671594
 325421
 212556
 858414
 435488
 695648
 749277
 1020716
 171618
 313197
 168123
 603470
 458528
 7022
 1043349
 324274
 872341
 739894
 349885
 640356
 524678
 786736
 149058
 702811
 494034
 320606
 23867
 241280
 842732
 199058
 950569
 117591
 627156
 859573
 913301
 139154
 330078
 96159
 93036
 422705
 1018621
 175223
 519886
 56342
 38589
 893168
 1068715
 406238
 37666
 38810
 605376
 663265
 242406
 366970
 932477
 639586
 132925
 454024
 431155
 239287
 1095143
 795074
 199721
 732438
 860830
 126759
 777970
 221891
 247296
 795825
 131995
 506303
 701472
 116352
 414600
 910223
 543016
 82926
 883079
 255033
 656207
 1007950
 291074
 735900
 451396
 453883
 702383
 202220
 91351
 282846
 894420
 336687
 226691
 156356
 613673
 760526
 1068103
 420912
 1000110
 282910
 670663
 202036
 193741
 741645
 351080
 1065624
 148619
 732831
 560211
 771893
 563391
 491775
 796144
 712645
 876078
 293577
 761801
 27024
 928607
 594025
 682850
 169568
 933833
 380834
 851722
 327956
 236406
 586321
 743875
 392425
 1009868
 266472
 62917
 849633
 55662
 519566
 274939
 148628
 565804
 820396
 620467
 206965
 292541
 509997
 55344
 73235
 802101
 428983
 740638
 661075
 494641
 664796
 159404
 475657
 623133
 447735
 654710
 518707
 671323
 291312
 95711
 182094
 815593
 512462
 200609
 312253
 135577
 254953
 158033
 844416
 424045
 992195
 717960
 892750
 335466
 801536
 404584
 996248
 720962
 911381
 980731
 650263
 29608
 494506
 419568
 1042085
 969531
 97668
 364466
 822473
 187697
 757927
 118659
 529096
 597862
 701523
 144045
 826429
 656569
 486818
 684067
 1091234
 641366
 391556
 678176
 348694
 733501
 953440
 910112
 829511
 261682
 383144
 740762
 993407
 555886
 821000
 535402
 373480
 727805
 312064
 160324
 150951
 795698
 81844
 171771
 736002
 57994
 224180
 973857
 733260
 848278
 105066
 1077435
 573726
 699089
 408169
 1056753
 1092705
 82207
 138849
 672268
 105863
 504458
 342135
 519380
 1016962
 239066
 173393
 1063154
 744654
 799959
 766479
 513854
 634682
 638169
 669631
 964697
 1070453
 1073360
 558448
 760344
 936627
 706710
 695991
 611822
 564745
 841357
 946892
 21487
 153436
 946978
 549198
 637746
 752691
 161010
 760109
 683971
 316822
 968234
 957870
 367398
 284083
 566379
 110787
 433415
 637163
 937680
 635786
 390164
 208015
 106785
 961019
 284251
 242591
 120580
 502347
 1097961
 717682
 355955
 591528
 285418
 445220
 106552
 463042
 606228
 384875
 62759
 242094
 1005788
 971925
 633982
 502309
 96333
 35216
 44672
 1011081
 195222
 1033055
 450115
 1042516
 557473
 162769
 632572
 287874
 1024507
 45994
 974019
 727774
 60992
 546343
 90988
 935567
 131385
 41578
 162990
 829444
 316015
 232651
 364308
 549694
 366067
 750560
 28219
 115314
 36949
 925215
 202494
 796224
 533196
 1022564
 280178
 462719
 858867
 126301
 449736
 1040268
 767500
 220409
 636465
 904826
 302467
 571840
 242333
 686113
 442691
 286170
 691046
 408587
 205957
 597994
 37931
 307680
 1053174
 228775
 879861
 156568
 868950
 969230
 7833
 228431
 220986
 361224
 1018707
 349976
 883631
 563528
 199242
 554771
 964731
 823140
 1000950
 450541
 369936
 539754
 613897
 707223
 425494
 137511
 964963
 59760
 869771
 930889
 387624
 173499
 1065714
 310250
 574250
 660313
 150425
 126766
 180507
 931733
 50880
 260515
 906750
 312460
 80907
 461875
 560000
 657184
 1090472
 311157
 196449
 501442
 961764
 525394
 427271
 1082916
 117170
 408258
 122999
 280836
 182121
 287785
 909296
 377305
 915821
 60138
 824248
 99104
 771844
 309902
 489599
 1089834
 330855
 498540
 1067547
 684963
 579126
 776462
 441745
 466641
 637497
 683693
 305765
 1089125
 488408
 48605
 327260
 239704
 644845
 42469
 480347
 1067273
 593697
 566501
 972818
 682366
 781848
 642352
 325474
 736362
 208628
 806221
 334450
 655237
 23383
 39307
 128413
 567496
 262266
 416115
 77907
 751803
 297000
 98471
 818414
 89486
 864025
 648431
 274744
 144539
 885585
 53676
 526568
 160544
 168282
 1019101
 965650
 139908
 754493
 600539
 241513
 134016
 73129
 381112
 1014114
 92968
 124606
 247286
 331918
 133040
 764212
 633917
 27870
 1020407
 54079
 796193
 774376
 277246
 793840
 910090
 599242
 405438
 860447
 1072676
 944240
 146323
 887612
 36098
 422547
 385300
 317327
 156792
 365937
 101245
 1049551
 545321
 1046968
 382531
 850546
 988192
 126527
 945313
 249038
 820525
 67176
 252036
 269363
 425911
 150817
 318972
 90713
 215396
 5611
 419734
 488555
 313628
 652682
 491
 346405
 988253
 536184
 319924
 966598
 903832
 908761
 1093292
 208081
 796069
 417352
 574503
 45228
 208376
 696191
 82884
 540355
 834307
 330219
 37395
 524720
 434989
 503087
 779385
 907930
 1005872
 667390
 1087068
 568251
 103221
 589525
 1044238
 424480
 285188
 729970
 951052
 1044251
 722594
 231737
 371439
 963976
 244765
 408220
 1056820
 839907
 231437
 441274
 132488
 49904
 586443
 859188
 1058314
 310389
 487277
 67043
 1038567
 241372
 440007
 342425
 28197
 24625
 302504
 241549
 823502
 9673
 568055
 836067
 358492
 460090
 784061
 53061
 46869
 1066153
 649913
 473966
 249723
 1016348
 70166
 431394
 612801
 13510
 370939
 853871
 244558
 165331
 971597
 928475
 726017
 902359
 360537
 491263
 153866
 3848
 738729
 1001212
 944406
 639123
 589337
 745374
 310516
 483544
 525203
 761400
 358275
 890349
 346669
 409339
 239806
 288026
 463829
 225784
 232677
 354287
 184144
 656389
 1056638
 520785
 339369
 68689
 249732
 494215
 849642
 135929
 208269
 595914
 494561
 201562
 266446
 69879
 241644
 353713
 877945
 616264
 885435
 560308
 147591
 86317
 897792
 58842
 862579
 678564
 920600
 633946
 196844
 1056781
 728721
 851278
 948752
 906007
 1037404
 227296
 82913
 102109
 761768
 795424
 457772
 554731
 1014393
 888796
 664757
 188449
 979813
 274239
 240258
 881894
 875434
 26038
 1699
 39073
 800366
 209957
 610575
 587230
 858429
 994743
 939825
 295690
 653593
 792562
 808511
 214175
 208647
 463670
 1046222
 701464
 94943
 904203
 970491
 5210
 929862
 31480
 796429
 823415
 923701
 518048
 289063
 793026
 562958
 43817
 582851
 908047
 770954
 1046448
 34992
 853612
 240846
 980529
 683058
 1053401
 356354
 780403
 982524
 782479
 801894
 192704
 759051
 180083
 817906
 781968
 674386
 645650
 72493
 538952
 1015458
 537594
 440041
 929748
 318220
 827959
 233029
 129446
 113193
 175120
 704515
 824917
 389330
 125715
 860310
 217163
 523642
 623933
 224588
 940705
 658165
 606891
 551579
 372685
 959596
 1006180
 434236
 888856
 395918
 725325
 287271
 250825
 568000
 932466
 653869
 152512
 119887
 820131
 889975
 752879
 132213
 1043141
 386140
 126095
 808742
 1089338
 1061134
 31579
 244585
 256925
 90370
 1047415
 237276
 138996
 589345
 976652
 461325
 556639
 452595
 809260
 909718
 954839
 485267
 1084956
 619355
 627928
 57436
 301945
 838352
 38878
 166908
 1056376
 482449
 581434
 973089
 969998
 493874
 602139
 118543
 334197
 268195
 163074
 1073114
 135554
 1018656
 900907
 1078574
 664078
 935432
 812815
 114090
 866543
 777674
 409204
 919879
 887943
 289302
 75117
 999636
 341828
 210766
 592737
 617085
 180393
 729825
 560606
 769253
 294658
 150788
 609063
 154901
 876388
 636734
 680033
 861117
 205381
 526456
 638493
 407757
 120038
 669828
 191871
 987207
 479130
 262077
 533446
 151419
 467061
 1068191
 776054
 686197
 163331
 707486
 156602
 309315
 204036
 94435
 910806
 1085004
 354164
 963625
 325264
 209604
 628867
 591391
 925755
 514250
 50135
 293804
 912341
 97464
 285965
 305492
 461498
 413756
 741268
 182114
 571918
 1025755
 32750
 731402
 508552
 335660
 647144
 224866
 530895
 278361
 65048
 291348
 647583
 107205
 689104
 930411
 704601
 594300
 482293
 165420
 543717
 1054084
 496285
 522671
 1074871
 96800
 997668
 155261
 565271
 985557
 240819
 942578
 538326
 1084970
 575906
 617891
 117556
 896436
 248525
 913930
 667562
 276322
 266502
 78507
 621578
 95902
 123670
 780928
 891574
 936017
 714051
 765753
 1033651
 568447
 385147
 165075
 604896
 898371
 737317
 740713
 301958
 355951
 1053465
 67389
 181303
 975713
 364056
 900371
 349458
 997789
 654431
 292299
 311830
 872856
 803974
 437014
 626936
 640335
 379214
 551544
 233867
 694965
 434488
 142549
 721377
 671125
 895884
 1031845
 128421
 128496
 68866
 48979
 397235
 929718
 1024118
 709371
 627318
 235777
 542201
 892320
 957282
 518150
 341840
 65602
 807943
 32002
 574021
 42035
 511182
 587166
 45655
 520594
 362713
 911331
 891493
 330096
 75561
 278115
 552643
 752183
 720072
 114571
 872764
 913554
 269239
 218819
 1001216
 928263
 1082070
 481871
 884999
 452579
 618687
 98898
 1034700
 903091
 148682
 739878
 714641
 255726
 149783
 509874
 973475
 468869
 691198
 1022002
 569271
 857527
 788566
 1038099
 612672
 429808
 567940
 259459
 307559
 72539
 695251
 585385
 160652
 677498
 793685
 702660
 165354
 725593
 587083
 531242
 70466
 490083
 1077804
 309159
 33704
 683705
 1019604
 699812
 772180
 349814
 987240
 580878
 275523
 415452
 273066
 1068678
 500034
 144169
 778018
 862482
 761292
 922533
 237524
 172531
 466264
 692461
 42605
 643290
 345620
 467171
 788515
 190087
 354409
 910254
 681855
 594547
 483738
 271610
 244274
 776657
 681500
 739078
 1056030
 598265
 660911
 509332
 130919
 712124
 214534
 947520
 978020
 485819
 824823
 766946
 458646
 1056008
 955180
 614627
 796782
 839729
 666237
 1009829
 298096
 161064
 440471
 422448
 223565
 41334
 545990
 134996
 147447
 432432
 407631
 222689
 426502
 38883
 527622
 508521
 353152
 929408
 927469
 403866
 883741
 1048374
 660425
 1065651
 798040
 540330
 760746
 74300
 702412
 153311
 986485
 776737
 1017995
 856219
 203185
 1050887
 43255
 885113
 815032
 112435
 166960
 372909
 490378
 453146
 254125
 217215
 953987
 723682
 133459
 526913
 13956
 17690
 1018310
 936372
 997065
 626094
 447210
 47745
 179799
 645839
 649914
 1073013
 819093
 867457
 118933
 208708
 374629
 479918
 639688
 368262
 378397
 812494
 81291
 377117
 415878
 126182
 349648
 813480
 585680
 526955
 667714
 960743
 138654
 771620
 365060
 900089
 1055470
 904649
 114813
 189606
 139528
 661868
 668689
 206153
 671510
 642832
 158166
 696617
 53643
 1073497
 83203
 1061429
 494928
 1095851
 752140
 803371
 625279
 19835
 1030071
 466783
 152056
 91530
 251792
 1092504
 502064
 651406
 382498
 326891
 469969
 1013172
 74588
 943899
 879928
 34405
 406290
 660024
 315145
 977258
 289004
 224376
 699634
 680962
 952031
 22657
 2332
 748939
 740362
 467660
 513706
 1081720
 324793
 896769
 271876
 719170
 1035191
 1006876
 477792
 654758
 470118
 915787
 17826
 807763
 76468
 671740
 377573
 947173
 987507
 790487
 311758
 67080
 754705
 581282
 161642
 640488
 1003645
 900756
 332736
 999061
 362285
 131871
 194542
 365213
 679869
 945461
 478557
 87441
 726503
 818274
 689203
 237174
 325624
 337539
 997487
 970166
 884922
 223608
 1053179
 113813
 91274
 978857
 777397
 199545
 912982
 585337
 479955
 362943
 520760
 255007
 537177
 713268
 341895
 484516
 1033792
 77759
 748412
 933738
 131382
 941132
 43237
 862071
 357964
 1042006
 79985
 337276
 490023
 834447
 123721
 314830
 564924
 721258
 534253
 660624
 584339
 208052
 335443
 860756
 199764
 61164
 32984
 1071912
 1010107
 1083006
 536781
 1046846
 1063963
 768452
 142652
 955878
 391821
 284114
 298141
 964713
 712806
 809005
 69564
 700647
 162855
 653690
 441210
 213972
 938216
 552850
 584982
 223334
 891041
 924564
 217138
 183443
 345990
 499294
 63732
 58521
 27312
 912464
 307653
 978588
 622180
 324065
 728199
 775394
 750865
 23188
 967666
 49823
 697687
 1079586
 809190
 411837
 598668
 215866
 705571
 948892
 437172
 6279
 517928
 307603
 1039346
 141711
 466977
 942698
 786220
 405834
 844088
 1038528
 547845
 1081587
 32294
 916469
 9020
 443247
 968817
 714634
 883718
 100736
 956125
 131975
 95504
 654513
 333265
 387615
 787830
 953273
 245968
 194289
 166660
 395309
 244360
 1097179
 530402
 494935
 902313
 746181
 1073042
 172343
 889936
 752253
 708148
 214605
 611752
 326957
 612163
 323958
 851162
 7391
 112540
 515987
 983603
 336837
 207651
 354915
 1060776
 866441
 285716
 730733
 852292
 168594
 182143
 209078
 1003274
 549770
 280901
 603364
 697787
 801700
 240977
 1022635
 536617
 774070
 997404
 257616
 910634
 406574
 621084
 1034581
 516294
 274465
 51564
 916652
 83823
 27551
 385141
 414458
 1063942
 688230
 713585
 155820
 253938
 60622
 722781
 77466
 374254
 788872
 1014986
 288530
 558702
 244721
 672172
 86981
 618345
 659786
 999147
 504785
 1052753
 660729
 553084
 51851
 544611
 118283
 333810
 1054003
 140013
 566803
 46755
 952152
 995530
 333581
 705684
 357035
 417119
 173236
 1088291
 586387
 185339
 560642
 308558
 859734
 483776
 38170
 407211
 47062
 209616
 1063520
 567422
 13527
 459520
 1066456
 855626
 791355
 626771
 516397
 950625
 330324
 495657
 905569
 887567
 263269
 869071
 561003
 967350
 732739
 780255
 649347
 1080935
 59257
 430071
 255138
 240433
 9178
 1074862
 1074243
 173432
 313752
 607516
 84957
 150231
 884435
 170862
 601484
 158342
 808135
 932994
 987514
 780919
 399005
 561180
 503781
 788396
 605758
 498500
 206917
 144928
 470935
 535746
 728987
 23160
 220760
 199494
 134279
 514575
 725615
 254494
 644421
 285845
 775160
 656962
 961233
 327982
 177122
 354511
 996650
 927305
 104768
 211417
 173601
 58037
 608053
 311057
 517773
 732526
 108977
 403104
 99537
 348877
 389313
 327089
 490497
 986683
 677560
 708902
 830660
 660263
 106787
 380691
 691822
 806664
 622663
 693098
 400756
 512614
 960937
 705063
 188778
 1068319
 246345
 1016904
 1020806
 89189
 696460
 885883
 198816
 183714
 785301
 1071018
 922285
 583417
 825785
 1042151
 351354
 776967
 434409
 577892
 1020563
 48699
 223740
 76824
 93785
 1064879
 58284
 818682
 534170
 958295
 426591
 926115
 828389
 531940
 161375
 6091
 856682
 991732
 649132
 948940
 556526
 464876
 285159
 762003
 510878
 374027
 624637
 507819
 121864
 292468
 712913
 538760
 15730
 557722
 463413
 478333
 383378
 1067623
 343823
 3161
 184562
 245236
 482184
 34047
 600339
 754514
 127965
 290810
 889587
 381344
 721026
 843454
 728481
 591627
 1068074
 1003762
 126307
 700176
 1043201
 906698
 691531
 54985
 4216
 952829
 185390
 370128
 1076225
 401174
 954554
 1095194
 1013427
 878275
 439050
 643075
 924226
 718152
 219794
 915426
 966561
 668232
 104237
 879772
 1032643
 178415
 4978
 382522
 572763
 781901
 1086212
 733580
 749085
 986325
 173839
 861885
 866972
 255673
 330138
 36270
 427823
 1012927
 179171
 739551
 1008053
 540748
 471060
 70953
 1056441
 540871
 470228
 465437
 348369
 224230
 1075334
 1013687
 865799
 125351
 1028636
 804027
 42301
 1098108
 384404
 915121
 966500
 981837
 404087
 435438
 357384
 134014
 776713
 997310
 999644
 630685
 279070
 724189
 494657
 961751
 426045
 706129
 508404
 1097610
 177285
 320622
 249452
 760007
 699227
 170229
 460723
 1025372
 15817
 651823
 553545
 1046559
 8302
 480359
 875059
 20088
 786719
 689390
 619469
 909624
 1077826
 650684
 818971
 559903
 744730
 447707
 43854
 612067
 89265
 124697
 716185
 786787
 423414
 929410
 1080068
 481487
 78211
 837172
 370365
 1009151
 775662
 286097
 563146
 766569
 472120
 699766
 722740
 862944
 840018
 887235
 392099
 47508
 769569
 995593
 127193
 22826
 1081928
 283676
 255641
 54459
 200527
 122118
 1052026
 750345
 425347
 979443
 1027420
 734986
 1088900
 500702
 1071176
 553569
 520689
 396189
 890623
 1020045
 51341
 180249
 1038392
 611403
 740224
 581534
 252094
 467695
 1085181
 15087
 224484
 417518
 792744
 350203
 966495
 905146
 112416
 405236
 478040
 627020
 973282
 314720
 1058659
 638241
 25342
 262235
 944385
 42260
 943716
 378236
 930657
 760446
 580290
 637764
 1022393
 947321
 383814
 481759
 683558
 520125
 795651
 572278
 264562
 357422
 671490
 284277
 832692
 781338
 896227
 775824
 456694
 449601
 153823
 108052
 223043
 438716
 557632
 244216
 424906
 589248
 853867
 269363
 1038830
 150962
 854589
 183698
 874377
 479141
 498091
 340050
 423999
 760334
 695518
 588205
 1027260
 566987
 1079386
 1062644
 721991
 654678
 397938
 481061
 179967
 979267
 805789
 46957
 676755
 639788
 907481
 1095928
 927587
 702708
 21994
 474415
 374504
 343946
 4224
 741063
 40363
 833799
 1001665
 409154
 714752
 801186
 110494
 731861
 369368
 952549
 1096064
 250484
 1030453
 967564
 611738
 131498
 550548
 116884
 721431
 872582
 532663
 643372
 1004420
 499528
 416713
 306383
 941061
 918451
 279228
 12383
 67200
 645323
 366236
 17614
 951418
 1097822
 497413
 175202
 700737
 135569
 743371
 944285
 64148
 1066462
 583110
 953130
 327082
 1000960
 284076
 798120
 962700
 1071531
 514347
 136056
 606477
 621787
 251132
 1070272
 53271
 856401
 955632
 108963
 98657
 591596
 833830
 750643
 601550
 696869
 599123
 49163
 242535
 537662
 1094320
 535819
 639376
 225379
 831129
 994583
 843644
 400650
 576550
 913482
 690996
 619783
 611716
 1007031
 313748
 111290
 754451
 656779
 254892
 601050
 628657
 825340
 427478
 993253
 959740
 805443
 936842
 992183
 276822
 453351
 890506
 356127
 467864
 767587
 369127
 129657
 466857
 841241
 485008
 716626
 1039211
 912248
 129994
 549342
 354135
 453727
 894070
 870907
 77666
 42821
 213598
 359805
 326413
 1069132
 193937
 560769
 200744
 1068732
 831740
 801815
 751989
 548006
 51574
 870164
 449982
 1060903
 718821
 743158
 145540
 219612
 801480
 689357
 664857
 300570
 566993
 719072
 908139
 568218
 56782
 966942
 895799
 926422
 810802
 348126
 798806
 993802
 993984
 596202
 466355
 22318
 193710
 547338
 168961
 5025
 1027908
 355298
 159569
 1019040
 768589
 1038448
 163978
 703874
 903998
 614779
 853066
 232347
 629648
 879153
 68197
 679986
 192663
 727484
 637404
 191906
 464488
 90681
 519516
 778561
 491362
 905139
 236431
 660698
 217694
 944497
 1027332
 1056358
 256714
 1027388
 987577
 648435
 1045027
 9924
 295886
 781294
 396917
 972349
 316489
 842141
 1089264
 1017339
 124057
 489688
 542894
 1020147
 125621
 1009617
 881787
 412154
 34521
 665103
 916900
 1035296
 932168
 421865
 1098831
 120727
 605723
 256177
 59443
 436353
 99365
 16176
 977909
 916752
 246
 501086
 1035671
 350251
 791147
 1041686
 821682
 1076037
 810312
 919833
 372370
 1042630
 1085645
 240909
 226907
 665785
 682688
 918335
 447350
 797632
 401782
 1050442
 781482
 637976
 243450
 261330
 920172
 112163
 696762
 30596
 485645
 558586
 90331
 304793
 21222
 581447
 313915
 677879
 564537
 950590
 728817
 806221
 148634
 643529
 111299
 549331
 284193
 492090
 231381
 443642
 310440
 714418
 985463
 65944
 672121
 311881
 567075
 714338
 310982
 39098
 826048
 492761
 849434
 376684
 258450
 761427
 864808
 58095
 104468
 585174
 173625
 26095
 1006102
 144276
 555632
 901536
 138523
 288963
 667198
 803848
 803458
 188750
 1055244
 203813
 478946
 689722
 234806
 825917
 259770
 872036
 976943
 437249
 1038277
 858918
 48151
 438282
 946553
 618284
 117896
 1030362
 794661
 1075318
 257231
 625818
 237707
 1056447
 946818
 805036
 155828
 1031971
 221066
 345434
 1055898
 457883
 942185
 577488
 109533
 410909
 1040610
 722036
 61682
 360569
 94394
 505634
 921785
 226495
 478238
 382402
 100189
 765318
 490605
 12705
 465237
 926695
 1047858
 314954
 819673
 1027015
 20948
 162878
 18582
 637505
 596140
 27887
 828058
 277886
 271758
 863230
 1022093
 775013
 516477
 849277
 346059
 680267
 439089
 282137
 434342
 353591
 242779
 834871
 276036
 415180
 407972
 170675
 479476
 1030498
 73560
 121893
 1027163
 842100
 855828
 603873
 4377
 266632
 709736
 454080
 97680
 1001557
 250878
 994356
 749133
 790441
 898596
 476021
 604403
 849410
 416026
 400965
 983084
 848157
 37082
 363043
 1023944
 347029
 591668
 292222
 843893
 236309
 833704
 733213
 217511
 775594
 1008617
 169783
 491540
 164295
 91005
 293567
 820398
 354574
 934287
 985989
 281230
 544021
 780083
 630737
 223531
 846844
 844812
 58927
 341131
 1046442
 411869
 853659
 306739
 1010121
 577064
 1013026
 309714
 294925
 530597
 678290
 388993
 372806
 657547
 618857
 42174
 75570
 827143
 892367
 507539
 898533
 924800
 261394
 306935
 563040
 1068922
 192686
 1024109
 713414
 261260
 148829
 391354
 1083669
 259152
 85898
 1085495
 390947
 226915
 426581
 573238
 528811
 644518
 234044
 434977
 27165
 169016
 930384
 619274
 693880
 946968
 302813
 1021641
 18929
 512170
 768750
 69575
 1003594
 501565
 355221
 832310
 420866
 272032
 217129
 262877
 718481
 659596
 838687
 678325
 12888
 104032
 474806
 413960
 276664
 628231
 795485
 348481
 692082
 1005514
 366852
 988520
 881199
 235445
 657615
 82570
 234042
 898886
 845634
 40158
 794632
 1076840
 257262
 275591
 889341
 1056692
 3136
 653111
 968742
 271145
 597106
 647320
 479499
 750709
 234378
 287421
 1012851
 851187
 960637
 525439
 620735
 612468
 441312
 643045
 996623
 615775
 345444
 726284
 746550
 446591
 230127
 908450
 922797
 396672
 812584
 807157
 247664
 874443
 56222
 197311
 297836
 506439
 805537
 343014
 1056605
 35086
 663652
 705754
 398608
 97609
 750287
 995763
 476387
 554421
 400265
 602790
 1024886
 296725
 289469
 625376
 153980
 222802
 44692
 285873
 5525
 961299
 443385
 914674
 793856
 905167
 800862
 109899
 1001595
 1013113
 859760
 1003366
 40080
 265465
 215030
 23896
 955668
 650963
 818793
 746391
 560949
 449461
 631016
 612995
 612984
 845356
 229283
 46821
 261550
 687973
 34699
 6980
 1064470
 362427
 631439
 390749
 1092779
 254404
 454259
 119395
 539412
 167437
 924762
 999890
 596492
 1014603
 305858
 548853
 14762
 236849
 896002
 502624
 1032812
 542516
 786405
 739127
 12491
 381409
 432514
 353538
 365082
 1002922
 215759
 354722
 51969
 890721
 762373
 70032
 88748
 995636
 934650
 457007
 97580
 973829
 841835
 12750
 71296
 567204
 1036210
 544250
 459827
 341173
 831133
 410890
 582393
 151538
 759602
 1011155
 259044
 740649
 216776
 144513
 641094
 647598
 774931
 1073682
 838191
 315356
 736707
 449073
 830447
 287366
 99651
 660526
 1075085
 926155
 368495
 358609
 18774
 866062
 345203
 473098
 471051
 761247
 368623
 474513
 406274
 942585
 1015520
 1084174
 765738
 936549
 676689
 1063368
 25908
 421199
 10439
 513906
 425339
 177224
 1152
 989156
 90803
 963990
 732156
 1018802
 622317
 43307
 979316
 267192
 170649
 661085
 829306
 495382
 456871
 259886
 124940
 634460
 66605
 179591
 974132
 954075
 837245
 377248
 1078414
 912979
 119826
 651062
 162346
 816031
 358711
 1008975
 141545
 271605
 1007044
 1087497
 647862
 77235
 910689
 272795
 400031
 1031658
 982227
 278577
 311065
 567910
 140189
 331404
 397767
 962402
 1016790
 618235
 1028478
 955283
 728689
 211549
 690849
 756068
 833558
 467801
 506332
 941840
 758386
 583064
 108317
 970440
 113835
 680804
 1093988
 635645
 507361
 292925
 454016
 202376
 760681
 305174
 555433
 187234
 426531
 364787
 854467
 647566
 928025
 654406
 1053043
 679640
 39947
 482399
 699762
 681929
 601278
 643707
 238069
 991027
 580868
 805383
 211495
 740969
 638667
 252399
 652375
 739200
 498046
 686274
 763658
 687077
 26843
 188202
 861028
 1037976
 1022931
 690650
 601161
 192232
 445322
 897009
 879746
 265905
 661904
 404734
 588745
 330681
 13272
 292442
 434450
 1067291
 1082174
 319161
 827635
 96064
 300521
 206299
 720522
 546932
 425523
 879213
 1080742
 354588
 76238
 976641
 199205
 353282
 321972
 895249
 794937
 91908
 1053415
 1040358
 101843
 50774
 604409
 801757
 1051188
 735714
 312388
 309288
 936820
 94193
 288820
 1008905
 99636
 510193
 247623
 508198
 570839
 422448
 515974
 366005
 263380
 709508
 383497
 809601
 33776
 205922
 195165
 849074
 515021
 114520
 315288
 1020394
 22895
 146965
 551262
 245113
 140594
 437348
 244864
 1008016
 52880
 899778
 271010
 1070175
 217092
 937651
 877225
 357236
 856639
 1001784
 958142
 878225
 44949
 450613
 652996
 682492
 221058
 590573
 176951
 836361
 360028
 294303
 229963
 308559
 445213
 458112
 275855
 9313
 980352
 985340
 653377
 578508
 925915
 263293
 35950
 293219
 468545
 925700
 558129
 748334
 969946
 1028271
 602667
 697076
 1073546
 962875
 75922
 774454
 1019083
 846344
 487889
 633728
 325222
 502151
 889925
 141894
 450581
 975374
 20565
 187851
 442361
 1050396
 797872
 1061421
 211992
 1079835
 359794
 304981
 516625
 280993
 674195
 692832
 14704
 755344
 26846
 947197
 1009832
 287153
 146480
 168252
 456748
 930622
 649714
 1054409
 469757
 468272
 310164
 293646
 221158
 513101
 1003976
 916970
 1068123
 200188
 648080
 572722
 194264
 118663
 579349
 516913
 154739
 208468
 138388
 679005
 313253
 402404
 465375
 951127
 700400
 615465
 321024
 677287
 259389
 959883
 301048
 557802
 564602
 106964
 646588
 203210
 174943
 49143
 619690
 384775
 921781
 585453
 181996
 850272
 839092
 823326
 778902
 362911
 20471
 747575
 754892
 67013
 611011
 48869
 69445
 726767
 268685
 716763
 1020220
 200924
 239057
 159245
 1017186
 329907
 402156
 91720
 945348
 46153
 495082
 148513
 449934
 747898
 489432
 1037745
 978981
 700321
 519727
 77019
 106402
 913157
 560391
 447949
 691963
 387804
 562421
 851937
 195802
 122452
 294881
 595388
 699318
 852616
 1092963
 271939
 846331
 256444
 217303
 148942
 544585
 211525
 993848
 332242
 1055897
 913821
 533872
 851088
 542879
 23189
 890599
 640997
 794199
 961598
 165451
 174961
 664933
 400955
 648350
 499543
 620358
 250622
 879688
 1009348
 546405
 673502
 336978
 186017
 1170
 632313
 189226
 406289
 1030100
 962030
 1048646
 224755
 750581
 665185
 892447
 971045
 575645
 10174
 229725
 489693
 55979
 252367
 939176
 904935
 861978
 262925
 198498
 544053
 164989
 308434
 273785
 676850
 716304
 88738
 85386
 54621
 937117
 288800
 575666
 957602
 89752
 458275
 379078
 1037163
 658687
 425658
 824980
 193851
 322849
 686141
 844009
 518338
 820372
 978508
 417146
 210807
 195375
 1089967
 53056
 355738
 1031642
 806855
 874127
 793690
 739813
 770918
 724620
 20450
 185740
 179886
 2891
 162116
 1092184
 1067597
 567309
 722561
 253045
 727595
 98179
 1003673
 970439
 738377
 699607
 120278
 290055
 17313
 690085
 884006
 934441
 909240
 812788
 828794
 928863
 524576
 506709
 459443
 668471
 413138
 931603
 865087
 489597
 1037503
 266967
 769843
 107235
 1004651
 291013
 1061856
 298203
 4791
 363566
 311536
 237020
 945748
 422848
 85063
 1060621
 818985
 593829
 1024747
 239768
 536222
 369069
 76573
 260809
 591053
 233700
 1069797
 865660
 225937
 849597
 497235
 433292
 911002
 92705
 884847
 649715
 671806
 888880
 392103
 527993
 1079716
 24080
 620305
 379350
 790068
 282689
 437441
 989099
 550024
 540936
 761764
 186496
 151132
 983952
 669579
 408297
 455239
 491095
 62862
 808551
 727188
 847554
 910275
 443231
 802654
 473841
 166946
 438961
 1075719
 934381
 360875
 896297
 921312
 728253
 437984
 629039
 830931
 278092
 335363
 459
 972390
 1081063
 120517
 591181
 873259
 286997
 721000
 701347
 296024
 1010878
 258082
 1091848
 772849
 503608
 832562
 173702
 692621
 289891
 508158
 972702
 54968
 1003635
 86805
 30484
 519780
 266953
 991139
 49636
 790432
 1020030
 901559
 323770
 870170
 123855
 1013638
 811449
 606082
 929260
 105381
 625905
 554567
 445853
 441436
 355092
 272012
 724360
 1009265
 15921
 186169
 185334
 359616
 1051102
 537762
 255068
 246614
 372518
 843950
 824407
 853670
 531060
 1017221
 812439
 210023
 1091921
 3216
 131033
 722389
 397747
 207699
 451968
 1051929
 464669
 449800
 655224
 565869
 84116
 890666
 653629
 942625
 1055115
 275570
 132861
 211488
 1070137
 400458
 1023539
 1037297
 595205
 768101
 82135
 256528
 1052901
 723427
 544442
 228173
 854924
 463187
 776702
 243836
 243657
 476885
 586011
 819519
 167694
 472341
 485814
 584276
 408781
 883935
 375260
 435410
 739583
 196145
 926478
 148295
 819795
 640315
 168620
 825859
 537332
 1099410
 279060
 964268
 63439
 169495
 583103
 927092
 132052
 821116
 537503
 609684
 514616
 541608
 319449
 892267
 338750
 645508
 330513
 914396
 133006
 271427
 406433
 478029
 795584
 440086
 585798
 315423
 304977
 662805
 1092512
 377058
 958707
 549979
 616868
 645210
 803088
 1049287
 619498
 357215
 561501
 410078
 790608
 250975
 457550
 554460
 121149
 210362
 520382
 597875
 602510
 802506
 452604
 309042
 650139
 1058460
 585172
 1047414
 965865
 523704
 465731
 96278
 25646
 152274
 626974
 859266
 676511
 205577
 356763
 365320
 410739
 340027
 528646
 1023716
 26972
 111076
 826006
 904205
 366188
 465354
 164023
 823122
 210543
 223480
 638256
 148810
 1023095
 306007
 531573
 801567
 638184
 980611
 471522
 3652
 288657
 860755
 362956
 903037
 731650
 769624
 492716
 223814
 1055503
 282480
 751295
 170027
 405058
 190304
 1029957
 390030
 815881
 420727
 462122
 484221
 44476
 646140
 553318
 844880
 645934
 730300
 781885
 865493
 257810
 688201
 694789
 412954
 425760
 816804
 384303
 29444
 19085
 893737
 458231
 1058554
 481068
 381218
 386916
 1093097
 345269
 497844
 154297
 833746
 344299
 211800
 253282
 186307
 565224
 320761
 1008412
 1057526
 127239
 724414
 594168
 168812
 884260
 229831
 749127
 321707
 632105
 337148
 1049548
 1073488
 480491
 766766
 152019
 560467
 371254
 83998
 705950
 27379
 512217
 789816
 536297
 764530
 425097
 981022
 681582
 119188
 192905
 586878
 139974
 555945
 908719
 190409
 990388
 571191
 543167
 388929
 691702
 766688
 121358
 1071010
 471301
 231088
 34511
 1056841
 784080
 330962
 813099
 768311
 536981
 912733
 567757
 996324
 991394
 13160
 543470
 394357
 883015
 122065
 213376
 837391
 716291
 754103
 712127
 831265
 1018215
 568874
 13742
 608385
 846767
 406702
 267144
 1063338
 1070778
 47681
 109395
 222757
 415156
 564561
 252544
 602893
 1049344
 981478
 365413
 803480
 384331
 631656
 289178
 412382
 326500
 396737
 378935
 1042943
 134852
 894194
 982807
 283878
 169519
 1024148
 633050
 745236
 990077
 514312
 706241
 248735
 223597
 1050061
 648317
 258647
 99797
 604223
 443065
 1047257
 399462
 1023451
 597661
 245294
 932337
 368429
 596248
 932696
 256537
 358592
 333926
 598176
 9286
 936823
 755832
 95895
 480113
 1022604
 879180
 1038751
 491199
 1090553
 312633
 250248
 350274
 594752
 395554
 595923
 817858
 509133
 1046301
 704387
 989077
 715581
 101756
 184059
 15741
 554243
 834339
 110925
 772435
 548278
 394033
 31563
 763188
 716311
 808949
 240411
 590971
 299111
 143482
 229053
 266484
 34018
 199112
 723582
 504944
 856595
 625478
 502161
 743351
 841225
 181389
 86629
 655696
 990307
 600190
 275989
 528371
 942607
 564956
 370784
 758565
 796591
 655762
 290354
 927441
 749064
 795468
 439288
 910788
 244925
 947636
 580477
 226785
 695041
 645646
 455060
 643989
 436983
 387840
 674664
 309783
 360553
 941387
 617219
 1095735
 715635
 796512
 376316
 576145
 260476
 2620
 823458
 239205
 379535
 679544
 992807
 354279
 824294
 800161
 598568
 900657
 1008312
 902519
 769756
 803988
 364764
 61960
 567970
 63126
 515281
 943499
 542908
 434012
 978555
 385742
 153536
 924660
 853788
 374444
 891359
 516175
 976110
 736530
 680958
 755119
 210360
 416456
 924758
 131483
 543863
 272920
 633305
 820351
 843969
 1002897
 165762
 1015496
 651911
 868989
 553277
 186482
 456460
 285746
 615340
 144015
 817819
 569197
 678429
 958449
 1059102
 601491
 1078610
 384474
 103944
 133131
 781899
 504807
 864639
 945523
 973203
 1099079
 1087635
 805449
 285359
 702361
 366795
 799662
 243154
 487081
 504097
 900788
 662207
 47373
 196605
 355759
 647391
 936188
 872602
 77719
 761171
 555650
 353323
 1042091
 799709
 56592
 66268
 683936
 1067168
 598998
 576638
 62885
 876147
 818798
 390194
 49084
 98049
 177608
 95014
 816493
 226689
 731752
 984982
 710886
 626254
 1069836
 702918
 178785
 3388
 1010545
 685222
 1041490
 13892
 152987
 590673
 471365
 537169
 457770
 915927
 187510
 406674
 815396
 258409
 1048117
 461413
 170793
 1076849
 818833
 491227
 196349
 938456
 433328
 82664
 840953
 891926
 112606
 916747
 366779
 366138
 537285
 170183
 449464
 961584
 331737
 996517
 424109
 260385
 1041554
 406921
 740600
 427029
 448623
 566236
 494400
 790321
 313190
 738511
 1071273
 968469
 107096
 184521
 32451
 116852
 1021939
 497262
 945950
 527187
 341970
 938479
 45135
 399728
 697111
 781253
 378683
 1070158
 893540
 620385
 533227
 355422
 103216
 625778
 43185
 186600
 848727
 373302
 160708
 1096723
 347734
 518887
 866289
 425134
 1084247
 839992
 854547
 597335
 180059
 278695
 710370
 494785
 783035
 884423
 760120
 244858
 847967
 790329
 1085892
 101210
 204277
 833802
 120803
 118852
 292303
 229235
 579581
 173801
 817299
 51630
 652140
 831467
 541200
 305760
 533244
 597933
 900790
 343861
 430440
 223003
 789423
 445293
 31331
 117844
 59920
 1023855
 360529
 92127
 497200
 559635
 316086
 308213
 840261
 680807
 109815
 1085542
 825076
 446197
 444923
 831734
 720281
 436930
 1027900
 429052
 1080749
 233783
 35520
 492850
 253841
 836420
 769530
 175954
 203258
 187557
 234675
 324193
 1080971
 1058503
 438206
 626172
 736078
 489786
 835142
 253720
 76181
 664603
 295974
 820100
 1027570
 874384
 1016525
 757825
 114417
 677742
 980084
 724178
 230354
 853149
 805419
 913142
 476223
 783678
 857784
 555154
 120757
 511805
 1078613
 352047
 42224
 49159
 418890
 1075222
 374354
 337381
 314164
 705840
 1008268
 644017
 184095
 910696
 223899
 959462
 826150
 492011
 91526
 225724
 183821
 131426
 386180
 364535
 664037
 271669
 663614
 872757
 1064013
 916170
 349665
 142565
 1022865
 697650
 22400
 287247
 214381
 173356
 924508
 693207
 475568
 400895
 979409
 446651
 997235
 676465
 803796
 1001286
 175855
 1000907
 637972
 266453
 673240
 117161
 775098
 315140
 687014
 773275
 427885
 1021730
 495121
 342105
 113799
 958504
 404503
 289146
 524193
 478656
 1055322
 718893
 483575
 529496
 631627
 1007949
 694236
 747467
 1045893
 1081828
 722245
 809594
 979843
 9092
 879716
 728723
 849237
 684358
 973477
 102027
 130563
 1018231
 74516
 665827
 675076
 142867
 253924
 337953
 251753
 366980
 56571
 25561
 777134
 1047209
 999745
 737889
 56882
 388130
 735136
 68258
 88153
 739763
 370111
 877780
 430664
 544751
 341874
 743323
 1082025
 1087434
 203540
 427478
 807113
 839759
 846906
 498346
 377687
 492753
 180169
 94849
 974551
 874937
 26129
 290665
 357980
 1069805
 711085
 1028163
 429017
 318303
 269770
 405069
 564076
 45857
 679855
 913045
 463987
 1040988
 355300
 29199
 454445
 308300
 27419
 577365
 891533
 842049
 179389
 199995
 510466
 781981
 969881
 577600
 806899
 3349
 650979
 313797
 1017504
 974675
 350841
 1089661
 843404
 83985
 705983
 184461
 732206
 274048
 589447
 598972
 176753
 1017960
 870610
 547335
 1008704
 294893
 1040655
 781700
 186266
 72172
 234949
 624483
 58978
 880996
 280021
 896902
 553363
 781050
 355512
 1052751
 1002827
 76763
 319829
 759783
 868782
 212119
 728785
 50276
 387564
 857668
 686615
 158471
 403989
 5166
 1005503
 906210
 346959
 5602
 327316
 888968
 942144
 286495
 103960
 231573
 24105
 659206
 414930
 695035
 482073
 731108
 769267
 521840
 840872
 1041799
 130483
 795243
 544141
 345409
 147099
 880510
 478366
 1016277
 287393
 962259
 486893
 339395
 58377
 685543
 233259
 494264
 475248
 421490
 612
 418856
 240722
 573246
 369112
 985605
 722927
 88875
 675547
 365143
 970322
 397463
 457583
 1025091
 466093
 651466
 631068
 556859
 819207
 864316
 643371
 527138
 765808
 22718
 146826
 663650
 167453
 263824
 826624
 30680
 574280
 713409
 600081
 145702
 5721
 174073
 1049929
 253720
 867703
 657402
 767925
 55623
 626135
 465760
 298068
 554969
 841509
 25323
 385761
 897548
 554717
 807570
 332503
 661229
 144020
 768719
 563961
 712022
 448414
 750226
 775366
 329186
 136093
 207500
 228755
 114772
 892651
 643678
 165393
 53573
 331193
 316504
 296379
 301638
 420580
 714706
 831224
 1015117
 144276
 87055
 965935
 14604
 146125
 186196
 1073047
 306383
 148245
 833810
 299229
 825045
 388455
 109000
 368974
 121440
 381623
 942439
 988698
 527325
 10703
 83597
 1033616
 378977
 616851
 745804
 330694
 1063134
 717917
 1010164
 530305
 453729
 343752
 945941
 546769
 156493
 412644
 498085
 1066104
 343863
 734173
 911631
 88858
 686711
 1011730
 865612
 807477
 923532
 79106
 105845
 509811
 670481
 33791
 979655
 36539
 273412
 633465
 749222
 343960
 567065
 711220
 562391
 1045592
 306767
 327870
 891740
 262197
 659256
 638052
 372384
 210283
 341382
 625890
 364772
 690446
 944750
 85429
 135081
 136149
 77012
 540839
 275734
 235389
 71371
 139573
 1085164
 25684
 628076
 734974
 570932
 963067
 1022525
 56858
 764586
 905453
 885707
 635850
 866472
 650126
 382950
 750085
 1075905
 274270
 523498
 1008573
 798607
 125083
 7858
 1024155
 654272
 569426
 362637
 636459
 457955
 774284
 535898
 214317
 414861
 622230
 722431
 156663
 688022
 900745
 1060894
 928496
 1043979
 824172
 10364
 196696
 274348
 930193
 1738
 337929
 681067
 652153
 234160
 360514
 643116
 924735
 597529
 1089806
 134393
 1090082
 6456
 924221
 1062836
 729524
 604096
 802713
 504649
 117451
 659921
 284346
 186288
 1081760
 154327
 98263
 1037165
 1065762
 161035
 883020
 859022
 467764
 308124
 623639
 217089
 60431
 756302
 998993
 315498
 380209
 531335
 270075
 128536
 859642
 272757
 500007
 241937
 334889
 864510
 977525
 593358
 1017837
 284391
 574338
 151055
 112547
 328015
 730026
 341897
 1099617
 922842
 956492
 496115
 598965
 61162
 744251
 593862
 832027
 503651
 606616
 45136
 427061
 844248
 630438
 264690
 662075
 222832
 748640
 752650
 450945
 181391
 759918
 544677
 691978
 1024641
 427579
 355258
 1045992
 891290
 626465
 584033
 357216
 746430
 553017
 1017345
 172750
 8721
 378381
 217169
 1023034
 624407
 626050
 163800
 730
 739564
 144437
 153641
 993537
 155065
 327901
 767315
 208516
 759295
 839862
 861019
 922801
 260320
 758138
 646768
 604152
 1079745
 285570
 423161
 299107
 233749
 1043136
 330347
 274517
 188430
 848746
 1020037
 944167
 168415
 855852
 59138
 476005
 627271
 534242
 786798
 451660
 1010032
 319365
 694273
 352718
 52278
 276259
 1015498
 1059282
 336485
 239610
 574529
 38762
 696995
 223642
 465526
 512720
 919007
 811432
 332156
 299813
 187526
 419365
 325062
 16975
 697639
 588749
 893877
 732061
 290772
 710168
 130117
 632141
 539203
 120185
 81918
 735733
 693108
 797833
 659172
 176095
 509584
 594243
 1071444
 244783
 556072
 421362
 522159
 178667
 63837
 654529
 535431
 1070675
 247889
 959734
 108409
 675244
 1013230
 314637
 877868
 1088113
 336939
 609207
 574272
 292251
 458326
 946934
 1003312
 469729
 94765
 152015
 737489
 208763
 376165
 558720
 236516
 778279
 581947
 221285
 56592
 747632
 581015
 148973
 75320
 579422
 984084
 199069
 946224
 483590
 512699
 786572
 386049
 326382
 365304
 818188
 964359
 291754
 188795
 943790
 893554
 766614
 1038896
 801595
 172410
 1087769
 72556
 593100
 467643
 932258
 293614
 870482
 841748
 217657
 777274
 925364
 926582
 836964
 924717
 742688
 969389
 419734
 1066060
 1031053
 1063322
 318638
 535390
 605224
 671878
 812837
 171442
 1054718
 793526
 928870
 1092469
 8629
 568111
 366394
 541434
 155401
 797393
 962857
 789307
 823253
 199209
 330901
 1065071
 1001141
 703735
 902752
 607571
 21684
 947262
 123310
 256799
 335145
 108758
 774031
 463687
 953970
 382055
 191796
 911085
 894299
 53441
 334393
 182856
 1049669
 844048
 776165
 152172
 37029
 134821
 1027279
 667139
 482444
 872838
 363831
 56914
 636687
 1090437
 690007
 172153
 633391
 328599
 332091
 671431
 895334
 27414
 271849
 143018
 280041
 219929
 777024
 339361
 354954
 538894
 566219
 1047933
 955471
 655837
 215471
 186665
 626139
 915823
 728098
 223684
 396956
 683722
 375314
 561185
 236262
 807065
 1083336
 631351
 192108
 384574
 1068253
 360560
 802851
 1023066
 109436
 571589
 94756
 537493
 711233
 615611
 694563
 657283
 1044604
 962596
 65797
 136965
 1076840
 577080
 653870
 323792
 963201
 955251
 305199
 559370
 669125
 457333
 867342
 274694
 117164
 77658
 13945
 991448
 977898
 117478
 122038
 24131
 1056364
 122796
 841656
 674009
 1027459
 583960
 1015454
 288567
 986084
 47981
 476906
 1081267
 862463
 993588
 839309
 921828
 228185
 408023
 725663
 342500
 83220
 712655
 589391
 558456
 1007705
 1016146
 767684
 761138
 591577
 213837
 1060841
 215638
 984698
 270841
 1014078
 111310
 325480
 1089016
 71843
 135703
 229637
 940442
 806179
 462843
 1060263
 320368
 921820
 548808
 765194
 349072
 695922
 227616
 936916
 777746
 735968
 147821
 739105
 466470
 604495
 177314
 1008271
 1017693
 1028816
 554966
 721218
 477720
 702341
 107771
 678104
 1045343
 289994
 346053
 996033
 161711
 843910
 469976
 592511
 688350
 626287
 36034
 41110
 437363
 571555
 151199
 712415
 886593
 328817
 1077381
 320169
 208565
 283674
 217147
 87241
 289663
 505586
 767771
 158532
 782499
 854313
 126201
 534956
 778978
 486798
 105090
 1041887
 613399
 666169
 1065406
 184807
 413294
 418871
 63270
 538306
 1053894
 259468
 45717
 167745
 646084
 1074284
 254744
 499974
 389582
 11106
 442747
 823753
 951827
 115763
 462456
 838340
 900429
 145369
 983596
 1090307
 911352
 420770
 717195
 261495
 951751
 1074900
 999185
 152508
 104508
 353221
 830027
 779681
 318642
 461590
 864841
 36870
 522909
 841014
 783227
 466032
 440074
 447899
 294148
 465752
 33957
 32401
 1042662
 186512
 636398
 974220
 698133
 79861
 1052915
 1081447
 897272
 995503
 637670
 434168
 36613
 647277
 923982
 437186
 994414
 1037997
 287326
 970710
 791199
 288365
 1056619
 851332
 18227
 566471
 901288
 432307
 99034
 317159
 598291
 902810
 418501
 556572
 422864
 824736
 872452
 589162
 99316
 162350
 665691
 583546
 696447
 579538
 847952
 938592
 1035091
 478868
 360599
 19285
 952112
 519966
 325250
 1029793
 1052583
 412585
 322436
 175261
 581387
 74210
 383805
 459942
 596724
 389066
 781794
 725367
 253692
 642095
 300432
 710759
 582018
 595825
 237812
 192948
 744939
 218200
 53467
 518491
 384763
 1005949
 719736
 792384
 352200
 952173
 34929
 395092
 370012
 755849
 356723
 261396
 447271
 474838
 65055
 312229
 939899
 345431
 282511
 850538
 831003
 436203
 196356
 469807
 917610
 1094257
 255472
 425893
 825875
 476860
 467484
 190476
 636838
 583412
 234101
 92540
 611936
 653886
 288976
 159428
 1059490
 86066
 147693
 314927
 253674
 710545
 820726
 192556
 804007
 593196
 170203
 759083
 961888
 698101
 977753
 621683
 415612
 416262
 766452
 47136
 729874
 63374
 170445
 429788
 31164
 168501
 581535
 367582
 422892
 542261
 280313
 784068
 906514
 900510
 574690
 622491
 860955
 342131
 534719
 957269
 303844
 951162
 566287
 328288
 731757
 829027
 559244
 1010951
 98746
 1015516
 577608
 245266
 462777
 644748
 701370
 1030099
 688193
 719638
 854738
 1050671
 961737
 436376
 514466
 576214
 1024178
 687928
 576258
 702724
 385518
 294727
 258706
 657171
 737130
 25946
 453356
 1003861
 453996
 941633
 240204
 186950
 4438
 783267
 238624
 450560
 597945
 796436
 128976
 268576
 196520
 338069
 97160
 350056
 708368
 659061
 624892
 1038039
 2856
 833270
 852937
 1081622
 235200
 848654
 72886
 839417
 644459
 166506
 724227
 608963
 940249
 252353
 229481
 289065
 488489
 927232
 697762
 869285
 690137
 245997
 932780
 551899
 527821
 998616
 144132
 34790
 989863
 147109
 956743
 722063
 229516
 575482
 253194
 828813
 833166
 1051350
 279680
 475192
 293391
 68857
 642236
 855270
 161358
 333059
 5588
 75829
 670045
 149954
 502055
 155456
 777754
 88959
 793019
 1024256
 173578
 540638
 62468
 765461
 117810
 869589
 936885
 1022859
 200562
 507886
 745948
 682673
 124092
 305935
 284647
 1013790
 497995
 850283
 482341
 875021
 789187
 755714
 923957
 93027
 936830
 648655
 544284
 298593
 712617
 960896
 464996
 216073
 340968
 1013550
 232896
 918417
 131405
 378155
 82428
 330205
 288906
 582095
 834668
 928398
 76767
 664710
 306325
 7127
 122879
 146787
 832586
 578003
 457758
 541122
 574776
 919504
 112545
 857329
 48146
 66260
 372536
 603102
 665733
 873786
 372836
 167308
 825779
 801686
 678118
 112486
 718706
 172015
 443525
 80336
 664621
 572072
 361845
 741401
 484430
 753781
 548892
 708708
 271098
 952949
 755521
 961329
 550392
 240276
 677556
 54626
 987050
 1061232
 521674
 253418
 937278
 529016
 915351
 280351
 640480
 157932
 442895
 596268
 565647
 514292
 139175
 914442
 718190
 422136
 329390
 106218
 36321
 86258
 780025
 478432
 738775
 46111
 438825
 563927
 678169
 616009
 214422
 230104
 338057
 1056696
 436966
 1064014
 697003
 725863
 428795
 147217
 950367
 172982
 236636
 113136
 472846
 218601
 807446
 677427
 26348
 521980
 79498
 141150
 520193
 173549
 272350
 269922
 541341
 157829
 119319
 492823
 9962
 238942
 489962
 187325
 828257
 384430
 5008
 520455
 936235
 332912
 848750
 133614
 305432
 675343
 147958
 667478
 671268
 83522
 355866
 979577
 510370
 273236
 857101
 821630
 244225
 612911
 179094
 586285
 711881
 663018
 244449
 718015
 477929
 366891
 225203
 1052616
 818800
 1099691
 830557
 1017518
 524660
 974564
 636722
 413379
 257428
 389548
 127691
 768657
 1025914
 616098
 686011
 366454
 636947
 862795
 745209
 889373
 60705
 783899
 774881
 710304
 478429
 706132
 719869
 781087
 757207
 1053955
 1048834
 1089179
 845233
 499322
 325524
 855752
 838005
 411046
 698069
 481251
 943348
 628683
 660350
 1024062
 378313
 786077
 226133
 799815
 1059896
 885036
 1010198
 654336
 1042564
 535026
 701804
 705400
 765066
 667779
 324602
 720771
 690426
 266997
 375474
 36805
 881387
 352911
 1095765
 53278
 545619
 435992
 963938
 357833
 200112
 207381
 347505
 853255
 248403
 746451
 86199
 272371
 810743
 144022
 768627
 872224
 266603
 938311
 536296
 38035
 632667
 344506
 57330
 911086
 775800
 575835
 72673
 661541
 363191
 599327
 206223
 488201
 872115
 362387
 921187
 374821
 1006264
 280710
 743278
 826683
 591285
 1098480
 483776
 986940
 558394
 1082636
 52804
 446468
 728489
 463251
 887569
 254142
 507955
 982352
 1065861
 213479
 183436
 21400
 1051515
 330370
 883603
 448567
 1091235
 969279
 862180
 684660
 53982
 119510
 678609
 1071560
 632012
 858119
 50680
 33775
 762593
 812218
 1083451
 1034755
 339723
 230613
 835161
 407413
 159904
 378666
 899776
 330514
 67113
 979727
 331497
 538545
 902047
 959236
 956136
 41293
 281308
 863932
 748708
 731891
 53892
 599915
 743161
 432119
 584372
 584571
 449857
 708328
 913841
 1372
 307257
 28656
 1018531
 517609
 305157
 3510
 560734
 1050936
 1024562
 478094
 792584
 1023513
 252492
 942689
 40858
 504513
 961458
 410318
 1058051
 632114
 680856
 316424
 832679
 567517
 87798
 962469
 62085
 3197
 353480
 985414
 377424
 953538
 754197
 19546
 358232
 100035
 1033219
 57198
 403616
 371742
 971442
 366823
 654400
 586212
 808038
 241059
 98429
 639994
 921588
 958273
 304419
 721050
 505855
 653737
 690636
 666240
 491695
 1023764
 342760
 1095551
 514813
 5639
 963898
 25958
 115084
 610318
 657075
 216235
 331961
 473059
 480754
 52930
 281646
 299554
 407178
 693386
 33987
 250207
 949045
 546790
 541333
 1015602
 236696
 726001
 931142
 912741
 337109
 912449
 90513
 910726
 398287
 618374
 290667
 31787
 102954
 493389
 754322
 986452
 1072913
 591036
 768733
 386627
 137503
 1072105
 847563
 874687
 109623
 1037153
 811135
 516165
 1083480
 710545
 643676
 669081
 763291
 448488
 895258
 534017
 965291
 864774
 938543
 981850
 117986
 1070717
 1091734
 690625
 248672
 378678
 5538
 1046469
 664169
 1064617
 908815
 11209
 460421
 467526
 883240
 283285
 151321
 301919
 815341
 943858
 75689
 879427
 570620
 138787
 636817
 1042109
 317536
 540494
 1088998
 472046
 969871
 439401
 12264
 67952
 55401
 501225
 1087778
 27667
 637570
 326041
 524788
 1013801
 40358
 276971
 1040522
 1069842
 163397
 50254
 442797
 493784
 616839
 792599
 1089931
 120685
 318640
 821160
 437187
 977023
 1078262
 54995
 553564
 299041
 298694
 344965
 664398
 47204
 111355
 808198
 828975
 741346
 681364
 441400
 903268
 144781
 209211
 830332
 1002720
 434661
 501426
 516931
 1076580
 835301
 891184
 416286
 867953
 717626
 172701
 162046
 472322
 945867
 832556
 41402
 570897
 554497
 450533
 546183
 3795
 4420
 571502
 859606
 247162
 335718
 1017575
 143317
 965637
 740833
 755994
 536691
 928433
 845907
 254366
 479550
 961942
 944783
 113712
 1011857
 191677
 728173
 30713
 629187
 342385
 869402
 400259
 826309
 1055780
 900190
 392371
 795556
 387647
 908205
 664697
 1072518
 982068
 416281
 200366
 368695
 525188
 724702
 176656
 552501
 729151
 903717
 22995
 259240
 152190
 483366
 1086493
 1005892
 724227
 452640
 367361
 364773
 812170
 131145
 232584
 175699
 483116
 1066672
 453287
 540648
 17775
 521093
 852638
 265185
 1025447
 266649
 521712
 308828
 377525
 215944
 540181
 148056
 735916
 124074
 1027137
 622451
 642062
 470893
 188989
 2857
 320569
 810827
 809518
 623979
 921948
 970891
 280675
 151156
 1062099
 244527
 1068522
 106243
 368547
 105176
 451541
 22190
 384257
 996347
 901615
 754707
 1092226
 434229
 879442
 734181
 587792
 695078
 259015
 443487
 701136
 920853
 835835
 18066
 376900
 917305
 684263
 412145
 407098
 810084
 39242
 766386
 98272
 1003038
 501159
 220321
 351579
 188532
 845095
 390613
 751490
 703733
 438110
 365148
 1079239
 570587
 284087
 881942
 104838
 192391
 532278
 96349
 221780
 1092022
 198310
 336154
 541432
 106326
 538206
 498908
 993205
 233943
 1069454
 789100
 889854
 958283
 612176
 596190
 755544
 121392
 251734
 824002
 812573
 633455
 511721
 173904
 420643
 547497
 114105
 222320
 723186
 417139
 410874
 251685
 943591
 995819
 959953
 365761
 221899
 932085
 433533
 76311
 162266
 835937
 467084
 148197
 186605
 334374
 318620
 1028053
 931074
 168751
 816229
 1073252
 172866
 186149
 154466
 854088
 166949
 680941
 335164
 806100
 322802
 451316
 90911
 600334
 816146
 637510
 535128
 44460
 630757
 5011
 26739
 665221
 952505
 588803
 437903
 712224
 628221
 600101
 813369
 128925
 198471
 617676
 752232
 741647
 88925
 97559
 195204
 384754
 99731
 548203
 1048559
 96678
 984775
 877746
 1021197
 988311
 572057
 371790
 914674
 323685
 245396
 176045
 899237
 862174
 514632
 881037
 906822
 546186
 996656
 522873
 59835
 475711
 41710
 510556
 465896
 407800
 720969
 669401
 704665
 690969
 100392
 543150
 101185
 865136
 952756
 84077
 873158
 16621
 956264
 162617
 834718
 804042
 171316
 101663
 129091
 435222
 527774
 471090
 1030644
 445223
 41123
 342117
 318694
 1090357
 595546
 676902
 1030024
 925082
 306027
 496299
 1059794
 180229
 742980
 353172
 941409
 247337
 157320
 450070
 474048
 600329
 497331
 194760
 558804
 819047
 299760
 98346
 485618
 369983
 354783
 896522
 636445
 112849
 1091396
 813611
 673277
 1091710
 739616
 785221
 176667
 698047
 407508
 933535
 169644
 504801
 352734
 45574
 428462
 1050274
 512025
 160748
 1009872
 187131
 456505
 38709
 51223
 1076672
 540191
 761372
 968315
 1095173
 326553
 3351
 1004665
 30662
 761721
 1006189
 267017
 357224
 311551
 685709
 118607
 664775
 396673
 189702
 1093864
 719189
 832316
 112078
 660405
 353222
 377340
 567327
 662128
 512394
 643850
 1009744
 181069
 912710
 170369
 285597
 841061
 1097370
 488374
 1014543
 745681
 916248
 693084
 551895
 214833
 500044
 404461
 983913
 278537
 759652
 817902
 555826
 955467
 37646
 915636
 101286
 488605
 567064
 877332
 72715
 922118
 84176
 506154
 742939
 766258
 520707
 518190
 1084027
 946662
 463544
 586063
 302096
 316374
 177860
 521911
 592634
 87844
 746657
 460453
 590503
 958003
 295893
 677182
 991176
 515976
 635768
 930848
 511957
 162226
 559447
 714877
 94450
 729388
 708158
 600150
 673668
 632198
 15398
 73466
 521051
 66414
 1010061
 491223
 726987
 544193
 71330
 888135
 221781
 690559
 671712
 445955
 470399
 213992
 1098524
 892980
 283865
 618488
 452651
 283261
 990144
 454405
 560107
 637819
 280968
 507051
 810047
 276156
 162975
 117901
 986083
 1081778
 991819
 320332
 926662
 380163
 786163
 41895
 1016809
 569647
 880054
 202719
 469364
 541131
 297067
 101421
 326431
 556055
 285370
 832483
 444256
 1029062
 987841
 40657
 549323
 654440
 482952
 609476
 631860
 827993
 874170
 709146
 384009
 119193
 326696
 239785
 1040472
 727395
 354233
 392121
 1025341
 291242
 44460
 43653
 50661
 553427
 322733
 494472
 162472
 209980
 486750
 869310
 14621
 826966
 94950
 192664
 984357
 695651
 234259
 631616
 1069482
 754903
 822046
 606134
 325905
 532241
 883020
 1080140
 168300
 834989
 112945
 558312
 211947
 646569
 588927
 772342
 864530
 144984
 158957
 127758
 152352
 352294
 175515
 511430
 680487
 584945
 164059
 1047257
 748169
 841410
 878442
 736955
 553882
 908000
 939604
 915752
 208896
 973610
 115364
 931983
 251891
 302688
 946265
 1018713
 863458
 1054064
 604041
 930140
 725452
 1075216
 164699
 140449
 933781
 391320
 987732
 1046605
 446705
 39345
 274653
 395282
 200303
 648363
 68551
 293920
 641929
 564660
 315138
 1089463
 991118
 2796
 691054
 500041
 187239
 1067259
 795461
 969751
 770418
 756760
 1061089
 160927
 737453
 873565
 81607
 220370
 1012471
 103633
 502019
 564256
 33621
 711870
 531308
 122857
 129035
