853554
 456039
 959758
 331200
 261130
 481295
 554650
 899678
 96041
 866583
 858775
 684948
 806155
 1094951
 286212
 695782
 850980
 25904
 841586
 546028
 685731
 453729
 719058
 352066
 448469
 57717
 1060042
 995983
 533437
 849778
 171648
 705263
 292096
 908344
 5930
 538819
 902609
 956089
 30618
 975937
 206271
 1037308
 988681
 844338
 680967
 193436
 835120
 740598
 1082650
 254010
 235945
 228874
 132295
 435442
 1007157
 169858
 437946
 186466
 837421
 392312
 1075836
 980384
 102868
 267938
 286541
 668053
 818940
 779394
 288067
 509270
 456439
 544759
 684962
 398746
 988288
 636682
 567042
 796729
 941050
 330579
 604680
 68543
 1086545
 307015
 1049485
 1055677
 974027
 616392
 713646
 87437
 99246
 592754
 139648
 1043423
 595758
 91214
 6485
 1096366
 529819
 5921
 32846
 918988
 716016
 909958
 117388
 973388
 619317
 9338
 837270
 1060647
 282356
 786030
 909521
 860170
 565874
 751323
 1060396
 371913
 2475
 584359
 528837
 993444
 663449
 373254
 1070964
 490712
 554156
 894451
 458150
 488673
 437849
 826073
 669297
 433438
 73138
 944544
 507600
 1003537
 720651
 455917
 215843
 891737
 989075
 308691
 814340
 608678
 124002
 374452
 599165
 855015
 149032
 492238
 142570
 957612
 360606
 83936
 306494
 298938
 924332
 250635
 1072394
 965109
 1008782
 1099819
 110001
 21315
 386488
 419950
 319320
 470860
 197177
 2416
 149451
 226748
 434966
 210846
 772942
 905352
 687816
 1071082
 166053
 475833
 584800
 368341
 696350
 1083245
 104417
 917210
 272253
 368848
 431526
 1073921
 285088
 304333
 834781
 443694
 227328
 869380
 1008875
 246743
 667096
 265923
 349960
 170337
 848713
 784180
 650078
 573101
 1080111
 285266
 855668
 639896
 366699
 891844
 903764
 694196
 972227
 214001
 779324
 353372
 89629
 718190
 925078
 130360
 55797
 437585
 109420
 692386
 212398
 790621
 584329
 1067043
 862589
 562863
 234603
 902078
 751346
 620286
 488163
 251838
 219656
 66240
 829349
 298596
 103128
 903420
 474893
 844059
 651813
 757520
 1048796
 272174
 1021800
 645680
 1074609
 255508
 244427
 192214
 822535
 310748
 231063
 314649
 554947
 408373
 194947
 976025
 426745
 408160
 514390
 864363
 526863
 462862
 37939
 989967
 913788
 1009280
 721624
 304427
 46066
 113589
 104508
 672333
 225363
 352241
 307251
 41997
 1079135
 912289
 325829
 603164
 652014
 418811
 1009214
 708039
 37256
 548014
 933313
 934082
 518413
 802496
 773373
 346445
 982494
 367460
 444839
 264802
 904271
 1013903
 843432
 520169
 278281
 332463
 141349
 146066
 921674
 965425
 499097
 399776
 418548
 1079072
 290670
 67791
 1063503
 358580
 993051
 935140
 136359
 919797
 954696
 459798
 418705
 601535
 898576
 552779
 35323
 364014
 507561
 392735
 357325
 383199
 890807
 567649
 770870
 949154
 313471
 116575
 780351
 938897
 479137
 910110
 584251
 862558
 416665
 780232
 463421
 733066
 987402
 862331
 805265
 248080
 473430
 748969
 335040
 281973
 314704
 425927
 773855
 318376
 467060
 749856
 691195
 925174
 150910
 558691
 92229
 459182
 498686
 928375
 1050146
 421798
 257648
 324945
 960510
 168734
 1016955
 511784
 970853
 925586
 410186
 1029735
 481031
 950119
 843416
 196684
 357955
 977013
 1045889
 726479
 123152
 416222
 558269
 825683
 436853
 1043030
 611164
 364108
 356752
 796564
 424484
 782593
 149805
 615590
 709379
 641136
 683838
 879244
 528619
 1080821
 672254
 1068602
 488555
 282564
 257523
 657637
 786811
 458124
 399070
 196223
 943906
 402489
 948705
 1029146
 113047
 1033313
 106755
 818006
 761920
 59064
 414059
 1039726
 1036116
 460781
 407052
 140390
 299674
 700405
 70636
 848542
 81262
 714075
 646290
 709158
 812555
 929105
 862784
 490011
 170223
 410393
 442198
 750004
 295885
 155039
 163156
 517222
 733823
 958348
 858259
 270042
 419523
 991255
 42133
 205064
 470764
 585612
 956367
 804618
 505848
 679390
 628819
 102845
 1071785
 764207
 256876
 663035
 581642
 547915
 706438
 619230
 1057579
 402972
 386236
 225711
 1067158
 379781
 259787
 744868
 484132
 344947
 941175
 415710
 71309
 103204
 577940
 168973
 671730
 365743
 690915
 1041980
 1003068
 396782
 191098
 515974
 950118
 961210
 983186
 249685
 449510
 396183
 127900
 506629
 33672
 578474
 445125
 371296
 128720
 243960
 826347
 807927
 391981
 299626
 306438
 792054
 694453
 350158
 695983
 344309
 261915
 219987
 897352
 1035631
 64310
 835481
 172165
 1095431
 988860
 378867
 345986
 766467
 613280
 17496
 61582
 674055
 123892
 449755
 202289
 839813
 914652
 752248
 619939
 627410
 297993
 763921
 520563
 1036318
 903726
 798078
 1009585
 158926
 888394
 912279
 362007
 465104
 689058
 951346
 885697
 440929
 918719
 856178
 733231
 985867
 426066
 355495
 635937
 492726
 462350
 636815
 280560
 261353
 165242
 27106
 961839
 446106
 243357
 1017388
 371298
 784641
 691526
 470747
 645347
 347379
 93456
 234783
 1051396
 1066270
 767889
 931088
 928993
 680499
 757305
 646758
 1037417
 834142
 346613
 393415
 790770
 260781
 108654
 1098014
 875549
 651038
 632403
 376213
 139110
 136065
 502482
 1078185
 1030095
 636898
 1071221
 16865
 909604
 199358
 533653
 860757
 262353
 1054852
 376015
 1055848
 933800
 27388
 304450
 453590
 355763
 755323
 705063
 562705
 841448
 465258
 717437
 609909
 267288
 611618
 134906
 733627
 872462
 86346
 910337
 910433
 122011
 199139
 749337
 1076164
 608876
 353315
 744669
 157956
 696071
 192054
 1027024
 534117
 868124
 855661
 702198
 886456
 278318
 255145
 4643
 738376
 523748
 1019385
 727397
 823375
 65411
 244283
 69612
 941910
 1025025
 675410
 158593
 131587
 676397
 324034
 1020785
 1035472
 767944
 445064
 534132
 520271
 759603
 1022414
 532052
 187305
 779699
 286490
 401885
 1054405
 495317
 970823
 275863
 89352
 180798
 253666
 779510
 644524
 143139
 273841
 1065087
 945829
 583146
 257238
 47900
 546612
 222722
 297911
 765028
 326151
 787249
 399107
 921806
 1003397
 25504
 332457
 174377
 964092
 340596
 608367
 820180
 898789
 299752
 269242
 519508
 271104
 251722
 475572
 311895
 631371
 1017825
 702180
 360428
 514339
 921931
 218048
 210565
 199164
 740847
 659000
 1050142
 409600
 532069
 230302
 213718
 570502
 532130
 618798
 702170
 927758
 55453
 739817
 169858
 779817
 974216
 965568
 1006761
 144360
 373446
 332275
 853159
 280751
 187931
 1002454
 734534
 282907
 730016
 574004
 136168
 761989
 935984
 137628
 731968
 611970
 930622
 915379
 1037841
 581961
 491343
 8138
 598726
 466068
 654110
 820196
 183795
 498543
 1842
 532067
 997643
 971371
 931495
 444690
 312020
 278522
 293422
 463397
 959202
 271847
 820839
 4067
 636537
 837136
 199439
 203712
 639386
 976370
 943468
 401429
 781567
 696837
 541466
 132423
 625624
 475733
 750622
 737421
 559703
 6376
 86260
 791930
 36532
 1052838
 606041
 1064312
 361847
 1016829
 1037841
 119428
 476349
 386852
 237728
 1013539
 1021499
 284537
 291406
 277030
 632103
 479764
 558851
 907825
 232161
 611346
 75813
 462666
 365519
 992525
 397689
 541450
 963176
 895992
 160528
 894967
 457473
 973857
 870767
 1069430
 244256
 443602
 88094
 589281
 388971
 956473
 73208
 1087621
 339537
 775541
 553723
 600258
 1008540
 304724
 876736
 748497
 135948
 591347
 1036301
 1022055
 245323
 528322
 164282
 554753
 892741
 574386
 699832
 537005
 646078
 147142
 54642
 440212
 1079127
 191933
 844731
 516260
 61287
 988371
 577373
 869435
 856930
 558835
 557257
 93030
 791398
 1077251
 691661
 289632
 709552
 382430
 800380
 366239
 596435
 180104
 13015
 580646
 401904
 340581
 617130
 463741
 775864
 724950
 396180
 623204
 1060490
 716117
 425720
 598019
 1023992
 452609
 978814
 302367
 992553
 271187
 593132
 331124
 620590
 739715
 188396
 143660
 1036734
 847553
 561426
 1016409
 33081
 44188
 127643
 285199
 1039137
 868764
 838820
 1069602
 731311
 667598
 988541
 1025246
 228761
 298899
 878663
 809985
 660495
 341475
 789573
 573247
 817564
 969256
 1087207
 516050
 404830
 1048175
 623048
 172281
 1022196
 816012
 309124
 913491
 546340
 282373
 916953
 131776
 858033
 993259
 975621
 574613
 1008622
 723816
 1041785
 291342
 438678
 944468
 474725
 889406
 106590
 558093
 842312
 689587
 562918
 442593
 1082310
 721489
 834744
 728491
 102097
 99235
 505281
 597931
 860206
 539873
 885773
 72950
 4083
 308460
 982557
 779216
 523491
 404326
 930241
 816291
 538548
 603828
 1051583
 874390
 502278
 861909
 268174
 287969
 809838
 521093
 874492
 965008
 77482
 661470
 778768
 251299
 554243
 384441
 61452
 168027
 586677
 504737
 283114
 424772
 45432
 975269
 1031549
 1088318
 364884
 84156
 469614
 214598
 976057
 856571
 379521
 420225
 335245
 720503
 80207
 1003070
 304088
 489371
 300564
 182651
 120956
 63335
 962973
 211505
 765733
 55481
 833650
 731667
 916089
 106483
 314482
 511400
 727723
 311428
 679696
 459510
 755334
 659094
 500918
 1053100
 19591
 712126
 908704
 166767
 104016
 264730
 83795
 199815
 682311
 258298
 279236
 1014926
 50181
 293975
 1082088
 775687
 758074
 155974
 521749
 535696
 79059
 62180
 209437
 669546
 596852
 873018
 321532
 428837
 26673
 8219
 648950
 818725
 908799
 82654
 405688
 799755
 978982
 514769
 1088332
 726036
 443647
 611544
 404652
 718534
 621551
 106546
 403643
 796590
 447436
 542837
 750259
 175652
 357387
 795746
 53855
 335939
 751520
 866988
 906635
 869932
 207066
 72369
 131669
 562583
 988774
 422303
 354181
 989586
 817532
 541891
 407818
 456973
 179378
 617140
 1067823
 94494
 586696
 116823
 374919
 712704
 600183
 110209
 583062
 815623
 853669
 567332
 526662
 101597
 154687
 425194
 887579
 451851
 889646
 172791
 104829
 664618
 827529
 696164
 919633
 983616
 1005933
 408104
 340176
 352725
 615110
 684541
 272204
 279059
 861651
 430611
 540327
 135193
 842847
 1042864
 277163
 1020218
 438927
 181139
 589
 816337
 988467
 8851
 630075
 617840
 200273
 916677
 331139
 212595
 835039
 347104
 202220
 580921
 912242
 87041
 231249
 1065132
 667296
 144666
 87129
 814350
 958892
 73721
 457077
 26412
 995108
 12934
 1011204
 226515
 197423
 941897
 161303
 1003192
 73944
 255311
 627133
 1020703
 230768
 995996
 696122
 472884
 609097
 762238
 152192
 521039
 940475
 448113
 290801
 432319
 460694
 689028
 104993
 151662
 353186
 655252
 436556
 816159
 348163
 1019179
 650519
 451098
 506693
 843381
 520018
 463741
 289556
 632816
 299244
 942620
 604381
 905805
 704093
 339509
 1017860
 853603
 468496
 116044
 430866
 867252
 470443
 726063
 891566
 680381
 512317
 989852
 535646
 986832
 306213
 5940
 28854
 955664
 281805
 816193
 489474
 1050490
 866069
 799629
 986160
 556146
 845710
 976253
 803396
 750193
 1074127
 757720
 126498
 32515
 990864
 1083279
 598020
 322256
 1070068
 272491
 98995
 256566
 449023
 556556
 211210
 721647
 273771
 116090
 994539
 826904
 491367
 546900
 722579
 564555
 335860
 84476
 975486
 525832
 748611
 798029
 219880
 806402
 339000
 802553
 42235
 287016
 53776
 572066
 153301
 203733
 312795
 215676
 946069
 653712
 360954
 761281
 466382
 512460
 454069
 577205
 202047
 46070
 844326
 163173
 844432
 565214
 581489
 983368
 192897
 226391
 483915
 590937
 814127
 682922
 835358
 609887
 582906
 343204
 881557
 438291
 886995
 32577
 698838
 990236
 920235
 915945
 397608
 874432
 148015
 664433
 622477
 486646
 893353
 885449
 154583
 928356
 113657
 464241
 113981
 713135
 668167
 988431
 1078213
 128986
 582159
 237924
 1023452
 378090
 235938
 123379
 554694
 490023
 644316
 248876
 544251
 1039253
 628208
 776598
 30077
 442739
 118746
 689721
 538008
 594601
 369015
 97108
 638006
 691620
 278816
 206050
 283023
 653455
 342771
 769628
 846046
 202282
 672480
 1036350
 98756
 365728
 888657
 1058314
 265388
 325700
 93377
 501753
 100898
 188191
 1062285
 227698
 510814
 646183
 673775
 293307
 497165
 620618
 9587
 59297
 695932
 68573
 616694
 496284
 1056083
 934585
 761346
 605364
 127560
 441234
 448402
 119384
 196908
 76907
 375646
 540139
 378495
 46865
 405476
 114003
 379785
 84514
 96082
 710694
 1013847
 574211
 751135
 807457
 477368
 133850
 789231
 602418
 457867
 484880
 345299
 47811
 539737
 862830
 578685
 488983
 374797
 858359
 375989
 1054699
 1087954
 575790
 186349
 416862
 632848
 170441
 347274
 32279
 182158
 264809
 249239
 233166
 564577
 263795
 455941
 842200
 290190
 432992
 10169
 899314
 427992
 109379
 118862
 98383
 759332
 882182
 1079427
 639522
 857278
 688065
 451276
 431344
 661854
 1070277
 649760
 760309
 40805
 104684
 143853
 148434
 200310
 332327
 732550
 399968
 952940
 987991
 120565
 493958
 1092723
 271434
 101130
 1022053
 279007
 110203
 433671
 823947
 361863
 70564
 1061180
 1097607
 19573
 65008
 27174
 171382
 1077038
 715800
 296811
 238345
 288879
 982514
 913873
 398127
 60046
 633459
 398068
 523093
 605528
 123441
 622952
 99136
 950262
 755014
 547940
 455212
 481839
 1088125
 119678
 520082
 958819
 580465
 591488
 130357
 194046
 548026
 148681
 645624
 726558
 630286
 116933
 246867
 341708
 677513
 184220
 241866
 270744
 527479
 856499
 582134
 448084
 408438
 967823
 568351
 268609
 276328
 83037
 1055443
 1031425
 570296
 1057602
 82647
 987449
 222395
 105039
 387375
 194727
 792062
 385846
 576054
 879489
 13235
 273057
 18258
 907339
 150808
 15813
 926787
 488881
 982430
 390875
 1056929
 1012054
 281520
 1074418
 879991
 743262
 917082
 268750
 248021
 895786
 943670
 586992
 166041
 976471
 688791
 450316
 528233
 349650
 766041
 517761
 376993
 863986
 420946
 440197
 773924
 862810
 761939
 84516
 782302
 754499
 677781
 639381
 1029257
 886871
 892735
 354296
 930982
 939723
 375831
 151255
 218559
 383423
 425043
 1025503
 477357
 958986
 454762
 394990
 916147
 1055897
 897507
 695163
 83374
 877087
 148329
 1094268
 791037
 589166
 439427
 182215
 607975
 577619
 134948
 1081127
 428902
 520156
 155781
 1018016
 285088
 809671
 756070
 723063
 695594
 739981
 865480
 148722
 133004
 738935
 976980
 312323
 894123
 293347
 568415
 180306
 684012
 53158
 151988
 685285
 997241
 42317
 940666
 797762
 971233
 273686
 349949
 117630
 345793
 450714
 497939
 6135
 400045
 410371
 428114
 169164
 3948
 1052871
 122536
 55095
 641772
 69504
 690159
 639137
 137810
 238465
 634433
 383686
 156451
 589399
 610126
 720597
 494196
 283132
 907322
 205239
 792439
 1083018
 351070
 318568
 533244
 901387
 6395
 883134
 40815
 116364
 405236
 95567
 546719
 886290
 510646
 451552
 14115
 600961
 128643
 790727
 707784
 271127
 645781
 1082995
 823389
 687619
 1048261
 177467
 471188
 176637
 311177
 269560
 556353
 390797
 1080938
 766121
 392153
 263436
 285196
 203441
 756338
 484478
 1012075
 597609
 555071
 650663
 69067
 874620
 517319
 575379
 1054605
 641143
 572150
 994089
 950368
 319813
 241925
 434767
 562693
 997586
 483295
 782016
 820596
 415422
 1056444
 447041
 244949
 707044
 995805
 993381
 637730
 546392
 411472
 327562
 442081
 336222
 857355
 628033
 200632
 755907
 1033239
 1021154
 413648
 858339
 724672
 494535
 821978
 342830
 367318
 238064
 344782
 999187
 288678
 199518
 767984
 514427
 362458
 555111
 183498
 591749
 1062765
 228495
 241173
 1046965
 465927
 834440
 487741
 624899
 170325
 481862
 338060
 612051
 336504
 402114
 63615
 241300
 1076308
 917599
 955688
 946708
 331868
 744472
 213899
 217989
 419525
 545454
 158653
 159383
 335135
 906132
 281112
 263236
 345104
 540504
 102041
 150463
 1224
 242294
 997024
 1085566
 1078530
 696201
 379384
 289200
 801036
 767304
 207765
 196965
 589690
 291450
 102286
 598312
 695790
 999258
 206939
 841124
 1002351
 470478
 1052441
 262571
 5496
 487562
 333949
 151460
 608198
 76299
 927869
 719846
 140007
 431489
 184417
 111373
 46442
 687422
 626908
 818714
 879701
 993586
 1145
 517778
 390314
 797915
 655781
 527288
 152938
 544854
 812855
 407001
 121835
 207271
 836975
 499249
 732902
 479953
 82613
 493734
 29904
 187901
 9864
 466727
 787205
 271715
 285870
 1047534
 574782
 11969
 252388
 75044
 671409
 174760
 124585
 163332
 300384
 240520
 640125
 704270
 359345
 823528
 377128
 1072521
 311804
 378528
 324532
 767428
 73371
 27324
 352563
 468004
 114998
 841287
 698376
 822920
 909982
 874114
 834628
 259779
 556020
 572140
 565317
 761830
 511219
 572807
 808572
 478781
 582244
 679486
 1046015
 281034
 1028239
 974129
 981981
 786043
 287163
 486342
 864772
 803470
 803555
 441656
 1050859
 208915
 645486
 696172
 128674
 271500
 1025864
 239393
 940265
 865696
 376628
 682537
 696456
 191299
 96541
 246014
 664576
 696001
 854499
 134647
 939921
 386488
 311968
 958884
 996732
 125344
 321905
 249914
 323062
 330703
 434467
 515732
 512984
 530835
 69658
 201147
 73300
 1009340
 993209
 507970
 3690
 610565
 200240
 215437
 1092828
 179465
 926886
 447234
 750546
 631859
 255878
 464395
 580703
 620593
 723532
 580694
 908943
 112071
 7428
 751713
 524409
 86010
 849067
 647836
 258195
 755361
 437482
 822717
 275460
 949383
 23091
 823715
 132784
 592821
 966317
 913060
 661586
 601325
 91637
 245672
 212624
 676661
 545529
 410523
 448356
 389521
 432193
 495488
 725571
 526840
 859127
 741032
 424772
 1033619
 845375
 353191
 569893
 57480
 387141
 415223
 377931
 435893
 948872
 821609
 1040507
 760522
 273038
 589172
 398331
 473353
 354557
 303108
 206772
 1078842
 822696
 747577
 549174
 135574
 454107
 727787
 823699
 480546
 455994
 1025837
 368386
 881764
 455727
 858739
 58544
 926652
 333868
 776031
 853469
 597306
 305265
 338444
 924776
 578617
 870606
 351341
 457123
 1081784
 145400
 691753
 494858
 855163
 1089262
 832381
 1096800
 791921
 899902
 432758
 952022
 553713
 717510
 136576
 916394
 936880
 806621
 186472
 410687
 83561
 1019260
 410896
 681017
 997383
 472434
 473134
 881241
 308021
 1076770
 736883
 399337
 128408
 510881
 433437
 638256
 661868
 483206
 530110
 852039
 630504
 621771
 709717
 522564
 509245
 26499
 461915
 83757
 407224
 932219
 683063
 466635
 878409
 623988
 133615
 991057
 38166
 944729
 253524
 1096959
 630346
 953283
 239880
 624245
 554297
 372715
 1094127
 210814
 730157
 983650
 712671
 405417
 623955
 1063407
 152083
 282795
 137183
 195303
 845600
 606320
 152660
 567153
 46756
 800636
 1070900
 180933
 668231
 92097
 755011
 992458
 861262
 798150
 198174
 1001762
 1047509
 675795
 920146
 291072
 265204
 612050
 292072
 891059
 808083
 797079
 653589
 137182
 1082578
 5468
 166115
 826381
 929046
 553734
 208292
 1021802
 890900
 957990
 726305
 823978
 821184
 126945
 756969
 603025
 722391
 788191
 216539
 98578
 34493
 564567
 79736
 170684
 40015
 759249
 920000
 27826
 976220
 61327
 918005
 552612
 615760
 415666
 1030437
 39009
 38193
 612229
 332467
 810794
 735560
 583091
 75149
 1003696
 784456
 947007
 844347
 523719
 622954
 979504
 1037387
 981877
 734514
 184926
 1091451
 168565
 550978
 699975
 760061
 288005
 762026
 411219
 654424
 355214
 1008382
 426396
 313626
 963658
 1089536
 742830
 763002
 1093219
 439251
 801058
 179756
 455107
 126952
 486720
 104984
 1028692
 907267
 200804
 635512
 761805
 528392
 542768
 363105
 793534
 284605
 604470
 977097
 61167
 533860
 707333
 802157
 745983
 191529
 203430
 952324
 857055
 788922
 831437
 498684
 1074866
 784042
 953992
 741737
 774937
 273265
 1038798
 148626
 590400
 943450
 619868
 179028
 831465
 82244
 44927
 1075105
 777487
 513146
 672712
 66927
 167762
 427161
 834375
 475929
 255422
 355733
 606960
 363731
 619759
 484232
 677735
 231968
 957940
 181106
 1007454
 796526
 1082580
 543161
 921939
 1040573
 379498
 278278
 452416
 477971
 276444
 148815
 272565
 694228
 461305
 1062332
 924818
 231005
 34247
 68389
 824211
 957769
 341601
 414206
 923610
 167036
 670850
 840340
 475292
 791424
 1086397
 788511
 230099
 20196
 86259
 286719
 408086
 51429
 587981
 544802
 618844
 653465
 544788
 813605
 705762
 503650
 623265
 601270
 966851
 511488
 251394
 510769
 331981
 907730
 95664
 326599
 1021341
 564757
 1072925
 503894
 328297
 680854
 896940
 766629
 160710
 88643
 1018775
 208467
 1045606
 963479
 144820
 734194
 730506
 923201
 362475
 597679
 669063
 812390
 4832
 1038423
 967625
 166508
 206188
 981878
 903526
 200699
 367975
 611358
 389140
 511271
 10613
 290600
 666561
 1057540
 256680
 499046
 932295
 936829
 803288
 494702
 685981
 963079
 23395
 833426
 550547
 479853
 548439
 666346
 508897
 304677
 831087
 1080981
 733008
 1057210
 406893
 964106
 996803
 373681
 418163
 985026
 387523
 20797
 918002
 890039
 999824
 1006215
 654436
 887800
 795188
 286200
 122376
 938038
 49264
 1054022
 690988
 206722
 1085722
 358397
 256075
 36551
 821662
 362736
 801108
 953480
 204552
 123769
 89123
 95342
 839074
 629148
 411806
 447938
 300469
 1037872
 798802
 150753
 925931
 1029571
 80319
 905721
 1025327
 596242
 469027
 364057
 178090
 770807
 194931
 292326
 94647
 854519
 914842
 485728
 66441
 65980
 119154
 593275
 235864
 999756
 324596
 804399
 578750
 262578
 514055
 839510
 853486
 926691
 689632
 344941
 129250
 241220
 225380
 250760
 731318
 558645
 81836
 12657
 687525
 623759
 1090320
 1080900
 989515
 802661
 739800
 803584
 302630
 802710
 948183
 614709
 539880
 649153
 207045
 724254
 436983
 386565
 547743
 719020
 444642
 12510
 692084
 1068136
 1093825
 783213
 621361
 823418
 483837
 127579
 55157
 336686
 743497
 182278
 712092
 112527
 921889
 478991
 743871
 621401
 47019
 826883
 83828
 522326
 1069023
 96495
 458276
 162178
 713349
 971108
 938187
 1051508
 808178
 1001315
 73512
 554445
 1078681
 843237
 1044765
 863890
 716811
 615843
 544114
 900706
 400716
 618591
 84613
 111962
 919643
 426925
 812768
 42115
 948011
 1032324
 991865
 523946
 580436
 73958
 651336
 597214
 664605
 232605
 233506
 835017
 37416
 1036629
 21946
 963253
 1049700
 789205
 1069226
 1062784
 618244
 718761
 975027
 473383
 1003295
 309678
 500815
 560213
 2150
 737318
 551729
 952676
 259506
 818180
 285692
 344582
 48074
 857897
 320147
 1027628
 304437
 244869
 791263
 533536
 998261
 539435
 769246
 946995
 174988
 501170
 1024066
 881836
 244400
 337886
 766655
 43390
 693310
 814547
 696355
 416688
 801045
 412714
 1096015
 59576
 865344
 702037
 730270
 490602
 983372
 471368
 1068656
 664210
 915624
 605870
 494198
 966983
 704057
 985071
 485044
 32679
 396209
 538641
 186279
 807344
 297416
 221072
 294278
 701599
 871283
 916529
 341083
 412649
 692972
 22336
 631877
 182726
 318791
 956792
 716276
 1041113
 668134
 797593
 341971
 450595
 772232
 1015879
 433556
 700254
 109628
 572760
 515149
 180534
 412319
 1015191
 212992
 52996
 879091
 474561
 351674
 404827
 978099
 722724
 601347
 477318
 331039
 713949
 30174
 663811
 901816
 8725
 88998
 18008
 505144
 291874
 391929
 348678
 337805
 646271
 1091880
 621433
 831516
 758049
 970497
 574383
 599185
 630585
 82511
 743185
 339152
 1063443
 581209
 657129
 308190
 128268
 873933
 946345
 308193
 696587
 544845
 186800
 42803
 273741
 1088849
 717611
 840858
 1028727
 1023757
 521202
 379924
 78780
 9927
 131778
 452200
 212385
 160604
 260183
 58092
 393042
 144204
 727978
 1093832
 614325
 609473
 243213
 1011336
 555041
 930087
 139433
 765103
 459604
 887407
 374928
 578768
 546101
 65887
 662921
 873483
 409229
 536159
 1048025
 189829
 882649
 302779
 614542
 590391
 216836
 947542
 1066458
 358649
 8780
 605922
 438066
 401553
 519663
 222021
 987459
 403494
 249568
 461727
 661052
 924882
 753554
 752853
 49580
 134014
 239935
 261657
 1012822
 188323
 1037824
 166608
 1076348
 589318
 1011963
 398058
 1015444
 517432
 748123
 89221
 78207
 566223
 18832
 571014
 500916
 409703
 225037
 122809
 349494
 457065
 913866
 939637
 1030302
 437316
 726098
 875992
 964714
 759016
 223008
 594238
 473208
 618398
 737320
 961427
 764106
 622771
 412273
 838732
 811096
 428127
 733914
 555341
 391425
 280778
 489565
 533744
 157580
 579300
 843417
 757979
 490547
 275900
 1017989
 128756
 802147
 744076
 824523
 638470
 449767
 468890
 892894
 507526
 617157
 550675
 415857
 171683
 816245
 543542
 752563
 467711
 424092
 353952
 187079
 139346
 149329
 948869
 288741
 451903
 857377
 226251
 696798
 1041242
 267650
 17924
 965884
 631286
 741734
 746866
 184142
 853131
 940940
 1073175
 215419
 282603
 201981
 653662
 842881
 186271
 1012671
 608698
 333990
 298668
 748069
 725668
 757946
 114453
 576670
 394856
 423801
 501371
 260497
 919918
 560728
 329592
 617912
 529560
 149031
 961613
 718892
 711554
 684901
 484897
 418113
 42788
 343059
 823737
 633148
 398083
 608332
 914114
 277033
 476442
 410496
 903619
 1043219
 140485
 808006
 652986
 780648
 765526
 506377
 1025490
 1004997
 255250
 408555
 147351
 657167
 249880
 432643
 927238
 461813
 368433
 161900
 515127
 390646
 679487
 935337
 195189
 211922
 545013
 37927
 868147
 227571
 306375
 760463
 709165
 749241
 819321
 603045
 197056
 18044
 1044567
 841866
 356249
 851107
 1089705
 1095098
 726904
 318791
 533528
 508866
 831344
 558123
 425051
 604487
 409767
 554988
 634524
 1026480
 823338
 835153
 600051
 603482
 959722
 708287
 717981
 328215
 27496
 514310
 1078423
 223616
 166486
 708572
 472418
 1097818
 425958
 469380
 449006
 159992
 477447
 919557
 195471
 372447
 471690
 665486
 233809
 945545
 21327
 395240
 81442
 1022839
 842131
 318387
 862800
 256795
 846770
 792810
 474576
 1032051
 851500
 812388
 1044685
 50191
 83973
 387736
 56542
 300173
 514345
 333868
 702599
 213463
 3011
 849400
 201446
 124035
 388836
 131759
 303768
 843202
 628126
 668777
 968871
 141535
 340559
 680912
 1002768
 578662
 306086
 847125
 552388
 984755
 758519
 1065548
 430814
 526704
 600252
 1052424
 609454
 92779
 892403
 103692
 275156
 946522
 1082957
 977531
 40418
 674676
 237347
 606629
 656216
 280437
 875880
 886555
 999682
 260152
 684224
 173980
 990389
 179855
 570045
 738584
 725865
 384766
 261281
 194779
 829259
 788207
 748466
 932955
 990381
 114196
 344010
 600888
 77827
 198736
 925188
 117673
 808040
 638984
 787501
 187554
 723569
 79785
 589944
 540735
 570122
 986214
 601186
 240717
 949294
 411535
 951277
 653898
 1098144
 637023
 1037499
 994230
 1053427
 640440
 227992
 821294
 1041010
 646508
 453086
 441552
 409782
 605623
 299513
 959
 82030
 163852
 640174
 493697
 146930
 895471
 672719
 144842
 45094
 221054
 484030
 549389
 180222
 539343
 687564
 674117
 55795
 290144
 195060
 518713
 295746
 519906
 960053
 280264
 395440
 791486
 180174
 682107
 817330
 204933
 217378
 509711
 975039
 494925
 359687
 1067943
 138075
 919757
 14074
 428762
 860861
 427625
 525084
 1039725
 710011
 967555
 225177
 664751
 767337
 989171
 130135
 837776
 93062
 559541
 1010362
 218196
 618295
 1062660
 439187
 1090299
 798929
 304436
 233649
 240714
 1098059
 124854
 683720
 83728
 437580
 272911
 67760
 911677
 609813
 765412
 678732
 147611
 397924
 331715
 821422
 208715
 812949
 1055724
 126366
 1022394
 285918
 459806
 295225
 184448
 194072
 1077827
 497984
 897630
 811336
 795279
 53434
 804041
 856340
 164349
 243660
 11592
 981407
 986172
 419354
 846569
 1083988
 98253
 871322
 917131
 972274
 536401
 141339
 184722
 389306
 155526
 26243
 109937
 934626
 910775
 173967
 959422
 53188
 451486
 921031
 291821
 638429
 838701
 830115
 740973
 89970
 88198
 987579
 390476
 810994
 451283
 391017
 304159
 981282
 634582
 382480
 75148
 1077037
 406817
 82827
 240598
 1009137
 785384
 787089
 261292
 1095134
 927576
 180927
 327745
 152283
 267591
 807065
 320286
 644163
 1082812
 58796
 407604
 1057690
 405989
 1037028
 499023
 178636
 162136
 905265
 112591
 951485
 397322
 1088296
 521905
 493396
 853025
 683786
 832388
 668104
 419765
 956865
 13920
 552020
 38616
 306699
 287373
 25201
 821971
 258041
 39543
 131045
 276277
 1092699
 523126
 779500
 1064813
 968487
 325014
 1011739
 1072181
 173358
 768442
 313915
 970789
 976611
 574122
 665540
 43920
 589222
 896478
 266094
 680309
 373621
 247563
 463038
 426238
 23928
 362808
 799733
 287307
 154688
 1039431
 750042
 913849
 924884
 368688
 467410
 639504
 518862
 613459
 345813
 304959
 996442
 824290
 490389
 1040701
 492105
 631342
 157950
 966449
 737940
 90205
 126347
 697669
 922531
 736428
 1028265
 676799
 444326
 2093
 302996
 886400
 1032402
 48194
 1078190
 453296
 807939
 400526
 1039669
 111718
 914291
 923632
 478808
 958656
 363556
 845301
 133999
 602598
 622282
 946374
 615039
 171354
 1060526
 671113
 276093
 339526
 1032254
 459692
 461961
 623945
 806439
 147723
 241536
 194952
 719211
 750029
 769460
 664651
 182449
 1015406
 438572
 926087
 942692
 81869
 799396
 290142
 88386
 1089265
 33202
 466830
 560393
 828019
 50745
 267414
 752407
 623910
 800617
 388837
 339906
 717722
 897028
 726792
 761401
 251248
 867593
 383028
 490021
 998602
 1049073
 30144
 784375
 408964
 493245
 653069
 993086
 1065209
 82637
 965132
 571338
 527578
 303282
 283809
 437137
 930377
 752250
 385613
 849034
 671634
 362126
 18797
 156744
 866783
 729857
 1075711
 842544
 1041860
 322455
 636211
 51195
 20500
 185212
 183381
 624989
 384992
 83554
 903896
 1085364
 408833
 462866
 712072
 119284
 795573
 661606
 405177
 24247
 580901
 381549
 141444
 1063684
 379138
 41305
 121981
 533314
 36995
 211283
 258191
 910205
 1037555
 346368
 955060
 759304
 495129
 299702
 129157
 116217
 784177
 380452
 531923
 154575
 452866
 638963
 758825
 681329
 830400
 213912
 347286
 626408
 664430
 5350
 254571
 409049
 127743
 93010
 551233
 131713
 492054
 1061854
 868027
 376759
 903306
 415417
 185891
 1062564
 359755
 323365
 356299
 490942
 1004145
 316814
 178869
 1090621
 599089
 1077305
 254344
 191675
 531696
 1076588
 390708
 635511
 151745
 1061132
 893309
 26436
 976489
 1063530
 46201
 894922
 845246
 533612
 281049
 991349
 36698
 210094
 467357
 143079
 748633
 692547
 248387
 971337
 925922
 572495
 1097630
 536020
 682733
 715667
 833294
 469706
 949362
 550974
 796209
 374385
 688969
 92414
 551556
 611156
 700203
 1012736
 29279
 961309
 713819
 100342
 998102
 484615
 212343
 513511
 328713
 232366
 1008269
 43465
 46143
 971239
 500553
 161180
 544656
 213288
 691810
 303805
 808567
 31637
 107826
 988946
 697370
 730127
 1072175
 239450
 594911
 703933
 952769
 544619
 804102
 285302
 186722
 1018296
 135191
 816325
 935573
 690205
 413408
 453834
 937718
 828821
 1066545
 178823
 420801
 939013
 610461
 77357
 245451
 68192
 542393
 268117
 715813
 418364
 418065
 920093
 567480
 936601
 502615
 314837
 873949
 143842
 850198
 627910
 93107
 320349
 488854
 63023
 370391
 593767
 550902
 417971
 254834
 1063774
 254142
 715651
 139438
 488219
 615601
 180
 672656
 615787
 546952
 880200
 147391
 875476
 271110
 424014
 441175
 1080394
 534716
 18571
 1045672
 594033
 61325
 296970
 631595
 296792
 276121
 655358
 1019105
 261261
 640604
 778568
 97876
 197110
 747066
 820581
 530302
 891629
 244830
 534058
 624448
 1064708
 563430
 767999
 18993
 792456
 380355
 88573
 615706
 769407
 952832
 65892
 446847
 817679
 668238
 1020735
 268528
 496946
 495501
 50097
 233395
 523771
 1086544
 135124
 65688
 78062
 852054
 62992
 45568
 1009404
 630814
 913412
 1087799
 1069793
 754939
 778765
 1061500
 526547
 249040
 136638
 187455
 158920
 1081902
 496889
 381323
 528458
 902737
 749601
 123914
 260449
 143592
 214585
 972785
 857974
 1014933
 785508
 741101
 473081
 379664
 432932
 91013
 129399
 1085294
 917078
 671483
 804328
 1082047
 134741
 1092956
 1051256
 1048692
 667130
 669430
 533518
 23161
 484071
 673140
 430801
 317334
 876997
 581479
 564317
 275201
 264542
 408606
 1091352
 175484
 295528
 955052
 414209
 869014
 180433
 20933
 670372
 212887
 415649
 229325
 132939
 134699
 351582
 1051875
 883948
 516005
 690059
 1031634
 508761
 730810
 425111
 364954
 96141
 282562
 695716
 20828
 23301
 492182
 277211
 22643
 546089
 314159
 148167
 55647
 979006
 523417
 354769
 483822
 992009
 300816
 590902
 653226
 1027160
 803799
 168305
 385747
 429333
 174823
 318027
 51557
 468949
 613161
 248206
 485399
 201941
 918729
 89815
 274037
 256152
 1087734
 433956
 597191
 564513
 522591
 929074
 890043
 560437
 474793
 47480
 62034
 413559
 375121
 195265
 260786
 1024985
 391452
 1078022
 637520
 649392
 609149
 261011
 823556
 500256
 538864
 399176
 507537
 564888
 324695
 176678
 169651
 1098613
 949867
 609465
 320259
 629947
 71892
 301470
 241109
 767407
 579345
 153062
 503197
 1019370
 1061925
 171966
 268971
 816244
 236578
 829312
 620137
 572642
 6306
 607650
 208537
 728878
 1025619
 713896
 626546
 1037741
 288976
 1003265
 694715
 915828
 484070
 1080614
 313123
 774020
 796951
 114335
 925200
 296876
 610722
 670820
 719346
 485913
 489626
 203320
 239817
 20238
 288595
 1051617
 785646
 85624
 206631
 407898
 289458
 942881
 229275
 799159
 548629
 1014779
 786736
 780769
 446714
 492416
 521351
 325776
 795608
 618176
 992013
 685225
 580951
 835740
 926836
 357606
 706746
 525961
 241231
 252636
 348076
 713302
 264123
 581492
 154690
 748102
 977743
 786234
 387638
 96484
 634271
 1039887
