426962
 868233
 915039
 578491
 670438
 865654
 598684
 971916
 599352
 1061946
 840834
 527809
 33294
 156864
 406444
 708323
 817710
 904894
 56799
 86675
 607797
 225999
 727242
 625575
 564985
 964917
 438253
 107985
 300627
 750754
 10473
 135215
 861221
 600932
 79557
 127324
 685297
 680010
 524677
 512331
 453735
 366
 456000
 322152
 194212
 428739
 403559
 746517
 293578
 69290
 254526
 695909
 353167
 640272
 85928
 1095878
 716587
 213547
 714720
 762735
 768462
 913883
 100596
 925379
 55171
 25073
 716770
 894637
 573368
 914209
 490721
 557609
 934691
 314654
 919646
 218096
 523856
 218093
 238672
 937586
 356894
 742103
 415827
 772468
 786627
 415504
 1071723
 374550
 847492
 463669
 1004115
 290179
 731326
 324766
 984470
 984142
 689865
 287840
 183961
 2710
 821980
 1020654
 810173
 739679
 973949
 850933
 889182
 106180
 562292
 708105
 64499
 1027726
 126013
 381129
 657804
 712144
 518914
 587915
 844614
 5468
 944623
 39375
 461674
 1065168
 453929
 24698
 758278
 83527
 1076061
 355397
 105633
 775954
 766221
 749072
 333507
 928380
 862385
 504823
 1025683
 87577
 273659
 314661
 88908
 356454
 77264
 1042365
 404730
 58054
 478316
 922429
 497392
 783209
 765821
 701465
 1096021
 315717
 783479
 621010
 742346
 441084
 721529
 208487
 513895
 927530
 181391
 1081697
 842130
 380684
 647393
 216698
 900966
 100332
 493767
 172358
 1039507
 715770
 922743
 367854
 220428
 2571
 556904
 114455
 919749
 743748
 359469
 822982
 786077
 168306
 199647
 259194
 126581
 15265
 420688
 670861
 914916
 106931
 209501
 1054867
 177381
 106387
 781423
 336431
 310177
 282811
 644324
 385792
 687435
 561665
 466419
 401501
 100476
 323170
 221484
 811773
 224278
 789434
 358925
 334979
 378081
 900249
 481001
 265476
 70032
 904164
 781366
 305512
 314414
 532432
 839378
 170237
 524755
 374392
 29451
 943625
 939614
 772404
 742118
 399292
 413338
 202314
 846391
 534539
 35461
 448269
 660244
 615155
 297771
 737249
 737550
 486456
 376809
 213192
 845133
 290193
 266842
 416381
 179700
 457936
 610978
 720038
 583666
 513389
 266240
 933286
 229988
 481811
 731460
 906730
 415742
 975581
 30655
 6883
 464631
 127406
 440839
 493950
 358286
 6425
 185332
 46186
 469565
 142304
 374164
 564937
 652730
 710381
 894312
 147695
 534620
 95075
 527890
 776688
 462084
 6062
 263712
 402625
 44165
 862616
 527166
 241953
 568057
 424128
 387404
 314830
 170727
 955327
 1031104
 759661
 401343
 772342
 123274
 1063054
 398401
 1043045
 592764
 246470
 612411
 650597
 771798
 330108
 344773
 786471
 53583
 413254
 58258
 979833
 2874
 990037
 302099
 733917
 212509
 289362
 1031074
 1060739
 1006673
 102769
 843222
 19345
 290118
 755836
 423732
 803543
 703186
 290146
 330900
 812917
 137025
 748790
 352557
 192231
 379875
 856150
 293600
 894709
 619738
 296030
 136468
 946717
 124958
 802509
 802795
 788608
 349960
 100951
 120337
 97033
 1038417
 354547
 998422
 642030
 616091
 174472
 285481
 360945
 395181
 792770
 140481
 612534
 144372
 461536
 735537
 1035304
 651243
 715989
 465160
 185205
 207516
 1096277
 341754
 160207
 509091
 293832
 625436
 816194
 1069110
 782826
 1089112
 214247
 813284
 286918
 264505
 188254
 868142
 122775
 686852
 901364
 937863
 850737
 866745
 641994
 907764
 911516
 279306
 562857
 35534
 733064
 1070890
 151542
 656605
 4695
 943096
 340282
 595226
 115440
 379833
 784787
 806831
 13702
 201802
 670020
 1010597
 136461
 807972
 133843
 170336
 231150
 585497
 210361
 520600
 728648
 373374
 499998
 241325
 1033416
 254826
 593631
 152776
 643337
 850767
 943544
 609138
 897568
 555103
 679816
 476652
 1037883
 650986
 749103
 200319
 487018
 216165
 119026
 575433
 887756
 697725
 585109
 240886
 609808
 664543
 1060213
 742089
 11060
 421335
 252045
 543728
 150854
 463900
 948437
 812833
 143262
 162095
 302879
 816470
 374132
 353662
 541562
 155043
 343281
 664381
 266875
 973783
 606391
 465846
 419789
 794778
 696448
 967814
 1014680
 345015
 268943
 942796
 864474
 543181
 312051
 580707
 129976
 1030895
 319546
 710552
 769386
 507599
 519729
 545367
 800210
 64289
 609216
 143627
 916673
 202595
 706284
 360603
 475495
 125943
 127364
 538755
 1026410
 498672
 201923
 1095747
 299091
 432617
 304693
 271493
 762063
 369551
 357788
 623490
 756723
 246918
 214135
 192278
 1025990
 995
 1082517
 586997
 393841
 701559
 738346
 884713
 688953
 1063119
 730925
 687150
 536258
 772416
 39695
 891561
 1082568
 731665
 155501
 703509
 753905
 752596
 366365
 865689
 318882
 348420
 1046284
 308098
 709572
 327561
 60642
 184666
 669580
 95176
 150420
 750733
 517780
 734948
 282800
 721242
 512044
 865786
 953270
 757675
 1000208
 147419
 53204
 964094
 375878
 1007072
 435381
 138189
 423323
 8770
 949904
 979683
 93656
 983326
 376565
 506546
 1004951
 282720
 715108
 1095828
 292088
 328718
 943635
 597964
 623816
 40231
 95434
 34552
 806474
 358958
 626968
 806541
 773138
 633029
 485905
 48196
 173595
 61367
 957812
 496631
 796610
 51070
 741962
 240535
 710188
 569480
 548248
 360167
 567539
 228981
 523895
 180928
 214079
 635162
 905868
 192446
 21969
 305081
 702389
 549418
 155131
 942506
 287481
 256397
 120407
 296560
 540576
 969136
 45412
 43937
 110025
 509170
 70551
 455481
 576419
 266938
 664611
 197916
 1040065
 335843
 854200
 5316
 269963
 206471
 817540
 776001
 91945
 205438
 601023
 32616
 1013771
 944617
 385997
 696983
 869423
 416340
 222410
 151944
 706452
 956116
 165759
 106057
 344457
 625701
 275469
 2498
 708753
 590052
 1058056
 836449
 287168
 251580
 964984
 622682
 69312
 874389
 1033595
 149252
 282264
 99837
 695680
 112105
 16841
 151131
 729640
 661292
 154016
 67599
 584587
 762211
 551126
 378950
 548265
 465769
 476498
 645569
 343318
 760232
 957868
 495858
 506610
 593452
 628062
 665926
 599874
 554521
 458368
 786195
 760753
 822213
 153784
 342624
 143755
 98436
 364725
 192729
 526910
 837045
 541509
 1000874
 812782
 599395
 442002
 561009
 416377
 276648
 683267
 511145
 480074
 31810
 649169
 994836
 686710
 560473
 43120
 332285
 532372
 512955
 222095
 82000
 625387
 126885
 860563
 815995
 398437
 377174
 569677
 221360
 88965
 454611
 313223
 882505
 237546
 978793
 561576
 664252
 1054044
 75750
 65129
 300760
 433583
 899370
 809456
 51088
 295496
 931713
 980389
 284953
 1015145
 343266
 219855
 15668
 287511
 212506
 696210
 922698
 886848
 684954
 987489
 515398
 480786
 411867
 207328
 389615
 11662
 170781
 483216
 948543
 567519
 188310
 14959
 674541
 558404
 416913
 54231
 271622
 634
 984898
 320273
 568976
 298963
 556259
 220138
 373837
 768556
 686677
 624313
 632382
 311238
 474434
 600923
 109046
 121274
 911799
 603247
 583386
 425057
 170803
 533114
 562718
 135311
 858216
 352948
 121189
 857434
 268355
 232576
 915869
 5559
 397350
 271204
 385521
 624680
 103702
 375508
 331250
 873608
 862328
 639218
 636932
 598160
 125602
 368546
 632090
 882114
 251392
 166455
 523960
 680097
 384025
 30768
 503536
 916723
 475764
 234322
 307203
 559196
 911743
 673867
 849773
 881880
 864814
 703533
 437728
 196566
 216343
 620480
 1091518
 278125
 318141
 313907
 607174
 687842
 123693
 298678
 148342
 972295
 174711
 390715
 480558
 617955
 279848
 1097988
 329938
 405404
 796988
 36667
 232905
 314841
 892245
 107704
 942389
 982995
 735304
 1009531
 527484
 36266
 1041022
 263323
 171016
 114442
 240769
 695482
 96132
 785253
 779481
 211749
 430841
 600434
 477820
 368507
 652512
 116283
 239422
 476829
 575282
 42882
 624546
 598360
 368348
 735950
 65497
 1050980
 200683
 65827
 32479
 926247
 199880
 730111
 1064544
 121059
 1088112
 1021609
 894440
 1062304
 318493
 437425
 302979
 349167
 1031935
 813454
 583853
 519138
 738004
 672852
 425431
 1071040
 881364
 977234
 274850
 728292
 303860
 433500
 573395
 45875
 1026920
 1064520
 523027
 628017
 589372
 472342
 693565
 857510
 926553
 941412
 655344
 967997
 1082267
 991130
 1010745
 507629
 836757
 65394
 329168
 167654
 166202
 785404
 776513
 1092819
 534325
 447629
 686611
 646681
 252500
 687585
 674054
 725276
 238451
 707552
 254326
 474578
 990545
 473385
 476843
 676645
 1082910
 227016
 658803
 310677
 824814
 47504
 966506
 841493
 161576
 995314
 764686
 603667
 105825
 885283
 361234
 967553
 910251
 166408
 612726
 346593
 481486
 181049
 118556
 261845
 926058
 185141
 350719
 1001812
 93727
 693225
 115908
 748727
 868110
 846930
 856341
 742372
 364587
 165702
 1002829
 843094
 605526
 509189
 789189
 264449
 716866
 479847
 279827
 50156
 162947
 282391
 135342
 2826
 419186
 759376
 488139
 42470
 659819
 504972
 671705
 221672
 305476
 272129
 738439
 394243
 399364
 1015331
 810757
 99141
 323688
 780886
 1055231
 229468
 791125
 333873
 399603
 292243
 761333
 673081
 375812
 1092704
 312523
 547794
 524588
 102710
 807364
 833739
 742070
 395005
 79518
 201292
 977183
 448871
 964359
 776638
 110287
 575199
 577700
 862107
 327262
 604732
 1060981
 1056322
 512010
 664969
 384978
 934156
 209267
 1000246
 976563
 199852
 695403
 546343
 647551
 400538
 357474
 372740
 206373
 222232
 286152
 397779
 639296
 390720
 713965
 873578
 252639
 381742
 36978
 882805
 730222
 1083629
 118889
 187433
 755457
 1089487
 55120
 111071
 438874
 846051
 249328
 220461
 88702
 908479
 362920
 823512
 647166
 151363
 22996
 327983
 218174
 425036
 1032785
 994915
 595101
 573164
 835134
 209841
 742940
 598609
 915240
 470340
 616965
 907033
 680526
 532466
 513100
 743468
 946783
 931323
 94662
 573351
 596452
 8103
 588858
 479753
 558327
 12004
 1070512
 16955
 578703
 994399
 405464
 721579
 907089
 401848
 236993
 810214
 432561
 924103
 838987
 29346
 1033156
 714897
 674058
 757881
 410162
 294976
 688657
 993827
 535397
 305149
 170337
 177470
 119281
 488601
 330272
 282748
 981896
 2827
 1072147
 254572
 97118
 993508
 300881
 1060971
 906681
 755792
 623970
 873578
 1027666
 530988
 223928
 881774
 28919
 656369
 406393
 905955
 981541
 248240
 1034302
 600236
 421107
 463419
 1034860
 181081
 604839
 459031
 208880
 354625
 652362
 629590
 1095156
 759326
 29050
 419898
 129133
 929979
 533485
 743156
 280729
 1041291
 1068580
 207878
 1053215
 95293
 11003
 1064866
 581027
 196247
 791000
 457718
 240026
 631032
 835409
 760880
 216717
 722036
 468368
 650736
 425509
 41206
 873708
 412912
 458883
 132608
 756395
 749141
 596739
 428379
 335187
 250290
 1012463
 660230
 1028216
 256748
 278734
 4637
 91721
 251744
 590147
 6569
 13667
 936709
 484074
 766147
 200340
 980138
 610571
 482423
 214052
 569575
 564134
 110817
 900741
 235929
 801850
 515389
 633859
 1000593
 957142
 917328
 992574
 865806
 344755
 745441
 581619
 1088317
 804111
 534767
 920534
 237622
 32938
 428637
 762186
 583523
 681456
 122397
 823886
 356345
 667483
 408103
 433165
 890700
 1026133
 900930
 600818
 359747
 61912
 554976
 541148
 530406
 971645
 982995
 914187
 1075158
 521446
 938487
 449787
 502123
 227392
 71725
 867449
 350816
 61757
 729156
 213398
 362253
 1082078
 131906
 998502
 12080
 263335
 976791
 506304
 1072020
 254741
 188298
 270874
 656156
 607945
 351879
 467871
 248485
 579994
 541243
 105879
 536539
 317359
 507130
 748670
 436243
 81059
 743609
 93311
 537541
 255749
 606273
 56333
 131585
 258793
 1090544
 746206
 841376
 580144
 1062375
 155950
 762100
 734073
 294576
 762497
 1062342
 586597
 254812
 622979
 880169
 929429
 353388
 883445
 882784
 1092969
 415022
 1065576
 103259
 501189
 693607
 383039
 281490
 13608
 942398
 896471
 9498
 142028
 381905
 799475
 744527
 563677
 681439
 570215
 208053
 458982
 969099
 719505
 258131
 953137
 754504
 178483
 611076
 906619
 1082558
 685516
 712895
 496461
 669905
 603927
 440517
 245360
 955041
 445850
 424189
 1020432
 148925
 177933
 759834
 904759
 1021111
 1009257
 18349
 825367
 940506
 10819
 513992
 1010763
 55234
 1053412
 763995
 1059319
 137122
 687890
 557724
 1044486
 1081276
 279753
 222867
 835279
 59694
 499999
 946706
 685209
 729007
 728813
 95729
 387655
 190620
 495955
 79527
 953724
 72453
 672014
 326387
 582735
 132352
 1049233
 905086
 352538
 601063
 90347
 664413
 979377
 732733
 687323
 73881
 225822
 344511
 457488
 321282
 110163
 284210
 130006
 753502
 128614
 623431
 483398
 223896
 99513
 724896
 134576
 719761
 715803
 213900
 215806
 675311
 404747
 612012
 1052908
 158408
 862402
 500394
 165982
 184451
 126072
 764960
 679150
 845357
 871491
 358406
 316170
 688861
 730210
 424069
 1028656
 156671
 260778
 341342
 959708
 125635
 854975
 177731
 315187
 610655
 232018
 474042
 129659
 192179
 678995
 899427
 730401
 854070
 1066827
 257403
 394960
 1045336
 926160
 712547
 514620
 332150
 78802
 199261
 756276
 665111
 257590
 284500
 909425
 697742
 497810
 1074786
 345384
 1091403
 918997
 399681
 49562
 325315
 263998
 451168
 997777
 896552
 446909
 456180
 270263
 816788
 121173
 563451
 361039
 988511
 853647
 184191
 469076
 552190
 834589
 1062087
 847490
 857522
 581496
 903331
 295730
 713359
 956483
 906585
 733355
 426857
 357090
 832651
 536959
 786473
 437642
 161589
 1032503
 931780
 324309
 26638
 380188
 552735
 791804
 60232
 176332
 478206
 346031
 953316
 178065
 932927
 611875
 246814
 1054618
 172594
 1094526
 352492
 891035
 157068
 705503
 398651
 710781
 7861
 110003
 1010093
 61378
 635615
 761619
 554385
 229590
 727136
 445959
 315800
 663239
 537748
 260071
 445868
 1071585
 1000787
 208484
 294227
 951952
 84541
 536252
 569720
 316926
 470774
 643166
 118566
 584026
 592559
 806791
 668659
 587344
 169568
 502240
 164506
 935277
 745786
 806739
 45342
 1060999
 701858
 355480
 670708
 1098451
 634611
 342900
 235584
 678321
 321821
 1093059
 447805
 936574
 247041
 933936
 780454
 29084
 181534
 504858
 771657
 566765
 983599
 1056150
 807446
 250584
 642740
 914078
 703376
 960100
 137272
 746584
 854825
 18708
 684185
 293739
 434878
 993063
 396844
 1000281
 840525
 559532
 745379
 83339
 656695
 766368
 757824
 969582
 225185
 698228
 664937
 556917
 101059
 819698
 485928
 938118
 417040
 867276
 817283
 846537
 875442
 420784
 1020812
 937436
 76305
 855522
 143998
 605324
 8475
 1032002
 334836
 803996
 274126
 608217
 679122
 510375
 413973
 473375
 651469
 339053
 450936
 942735
 924552
 926773
 167127
 442988
 18935
 797340
 791392
 1070267
 610780
 293046
 226313
 590967
 715549
 542305
 598041
 981553
 720701
 969224
 686602
 799722
 780880
 1001752
 366040
 343146
 902130
 1015168
 967906
 333347
 502579
 564953
 752099
 443960
 366957
 26963
 719539
 40683
 687038
 618706
 1077863
 1093566
 651801
 614551
 382857
 143200
 628561
 820450
 585793
 1083471
 1060776
 1056102
 598235
 956710
 573065
 914287
 745969
 475309
 445040
 630676
 185368
 326019
 1081213
 47941
 141387
 70751
 1067767
 1090157
 431030
 754026
 868193
 869091
 305406
 607571
 983174
 100631
 556106
 184317
 240782
 543759
 879739
 976975
 840492
 330174
 1080073
 1001301
 996470
 106432
 563902
 354632
 3336
 968670
 335729
 223820
 70109
 290344
 133190
 308025
 1009128
 648112
 465843
 339719
 131741
 262910
 386426
 748388
 132585
 17529
 281833
 781371
 121832
 1009809
 898546
 215204
 991320
 703230
 249453
 893462
 701892
 317592
 1099750
 775437
 343502
 311231
 635575
 213678
 915293
 547119
 377149
 994189
 298353
 670145
 826503
 124668
 584812
 513299
 67780
 1037668
 511594
 414238
 147173
 946602
 101474
 626812
 385555
 936460
 545478
 576008
 730486
 247710
 110497
 999911
 633111
 160472
 994777
 192609
 282405
 583463
 529021
 307485
 281933
 859098
 539605
 76670
 919747
 182011
 598761
 496094
 67294
 94651
 663748
 1025209
 672269
 71133
 379613
 549219
 56679
 841595
 676388
 786461
 790048
 489972
 880923
 915268
 63145
 205341
 436938
 710537
 517998
 367050
 764706
 1002487
 912982
 569322
 49340
 286954
 219416
 520950
 334524
 365903
 718122
 596145
 772847
 83824
 933189
 712680
 656277
 341221
 181220
 219569
 638997
 611119
 710544
 246928
 682772
 185030
 716592
 955414
 1024749
 932730
 711407
 390541
 425449
 127261
 3175
 917140
 140230
 101253
 236282
 1067555
 189858
 934215
 752983
 960768
 744032
 612920
 66752
 1062702
 597800
 425652
 1057140
 89175
 533333
 1098008
 710750
 966665
 510760
 68980
 664231
 392721
 505423
 625238
 79003
 627697
 707069
 1010449
 543029
 482908
 958392
 563018
 1025694
 240763
 470699
 563500
 611071
 398867
 488572
 988695
 915026
 63021
 1083888
