1039335
 478142
 864102
 580555
 535285
 1043811
 901237
 705687
 236776
 41063
 1021520
 172437
 84033
 443214
 242979
 457093
 240552
 1009230
 1049741
 967044
 419964
 801982
 262214
 1056625
 1086511
 640700
 875709
 831531
 472858
 621514
 117473
 153108
 907420
 994128
 375652
 1079051
 392474
 173348
 364742
 803015
 367558
 278497
 947140
 880646
 552557
 490820
 885855
 596267
 1041645
 289113
 655111
 50640
 1026314
 55385
 517284
 729361
 238183
 466820
 306657
 316833
 776030
 765098
 105831
 826044
 494821
 619324
 846307
 455014
 964988
 292986
 864300
 715386
 713626
 276929
 2444
 601654
 872332
 926746
 686141
 1076714
 323271
 396978
 383346
 215419
 970719
 73352
 194999
 744913
 911452
 1052449
 1024135
 181163
 772780
 336161
 951438
 1010168
 1045635
 727829
 436701
 55244
 369961
 1090261
 975426
 547411
 493051
 716200
 664312
 59463
 1006868
 902897
 72509
 309436
 202393
 486896
 839309
 949052
 855577
 760653
 597216
 267867
 695309
 172019
 755331
 124637
 936256
 1016571
 107077
 1025488
 537470
 376254
 939183
 472865
 559040
 312890
 789973
 658365
 405499
 278872
 712631
 714499
 955827
 330507
 537008
 647124
 1056198
 19567
 155819
 1002845
 422641
 389056
 161275
 934134
 251554
 139258
 492511
 732669
 152271
 647863
 771732
 630693
 1011174
 918664
 341570
 737098
 845643
 12581
 723392
 330882
 398529
 899799
 618959
 277423
 430778
 1017320
 564583
 112641
 260451
 751754
 975012
 1048545
 528674
 98713
 827361
 443334
 776572
 96826
 774722
 748500
 613040
 493096
 916699
 371650
 964576
 847853
 382201
 1037787
 9320
 615804
 1025440
 831860
 633366
 533806
 859154
 305617
 644628
 769558
 521605
 629917
 695163
 931813
 609450
 521701
 5000
 190888
 446331
 575939
 392943
 1007353
 560330
 277378
 572099
 524517
 953106
 923292
 752686
 35788
 773405
 382353
 75515
 692128
 17523
 664709
 879218
 519455
 1059557
 988699
 1042013
 1094822
 367243
 842655
 336353
 175558
 653401
 634490
 750219
 757080
 713172
 829253
 871909
 933037
 328321
 578770
 69338
 852599
 19721
 267016
 767913
 1021675
 991915
 636463
 939864
 846387
 87536
 645536
 497289
 11716
 364179
 238340
 46199
 699026
 407216
 103665
 68525
 816518
 134414
 302683
 303325
 509794
 1027133
 595815
 391647
 378746
 293173
 1049778
 146135
 698913
 688444
 619608
 226412
 69871
 635593
 377847
 430997
 764036
 632104
 925967
 974769
 10146
 545207
 960766
 599983
 901169
 140483
 330062
 98734
 203333
 233952
 426454
 708652
 436048
 981855
 34503
 318782
 972303
 89500
 330283
 962843
 583952
 1033412
 500787
 902122
 978607
 151359
 863325
 537211
 802839
 1043769
 688798
 992782
 855459
 1010425
 584975
 1036987
 761522
 550269
 753439
 992756
 457907
 640249
 698811
 1019409
 243685
 359746
 313666
 931381
 562842
 732531
 688597
 542718
 883699
 865006
 671168
 542265
 743321
 907931
 110904
 774170
 640602
 191992
 871575
 194011
 118627
 224414
 428796
 189042
 36828
 707715
 825382
 334779
 317035
 192435
 356190
 513028
 743830
 774581
 289337
 433644
 968476
 339420
 254979
 55899
 1058269
 426204
 63673
 573292
 495641
 185263
 54574
 141649
 594621
 744671
 764029
 494033
 499062
 115439
 50215
 339052
 993095
 2060
 994447
 299023
 824598
 881022
 744236
 790022
 710403
 920451
 1054275
 973635
 387279
 448805
 728006
 469704
 955899
 401564
 30899
 794064
 676973
 295153
 501590
 550595
 590309
 723196
 423955
 129156
 130097
 969692
 388682
 101653
 528650
 49876
 788605
 188875
 28788
 951051
 488203
 553617
 339334
 815952
 45817
 1029215
 844183
 321749
 791600
 468960
 712284
 592278
 570646
 405676
 23021
 118087
 578875
 815779
 548584
 854108
 701182
 765913
 450694
 880328
 311669
 373938
 117439
 256553
 575027
 78372
 374264
 932644
 334475
 1081747
 870951
 104914
 161482
 716504
 798687
 610095
 1001338
 47875
 821734
 45908
 762418
 817323
 985471
 350189
 926914
 575947
 10772
 804431
 594107
 894377
 451014
 604777
 444863
 962949
 430189
 607595
 447145
 527819
 506842
 791036
 1024651
 1004229
 400148
 654798
 135166
 313220
 11939
 694353
 331447
 86141
 586546
 1071521
 577511
 328969
 505420
 159428
 237716
 911216
 423384
 1023637
 503024
 349647
 456547
 283281
 265967
 780591
 985349
 8748
 332027
 296682
 779865
 265191
 82527
 477711
 322552
 31862
 1078406
 159988
 369134
 371027
 1001150
 749815
 431452
 466097
 516146
 244781
 432314
 793476
 525133
 392696
 94718
 547972
 589655
 834763
 219024
 71360
 84607
 257305
 351680
 313116
 660445
 1018385
 1041517
 877335
 956894
 845700
 830539
 183006
 143136
 860506
 781236
 736408
 316476
 71887
 385088
 875974
 400795
 808245
 758182
 553434
 201914
 1013650
 392374
 891856
 678823
 403328
 846948
 28824
 802963
 748054
 412622
 859038
 1030280
 215996
 351306
 270599
 21070
 588310
 517383
 984946
 705750
 1079125
 618593
 217520
 535231
 783252
 317482
 641204
 1060221
 1094003
 504743
 190032
 788366
 166956
 380475
 972431
 961062
 373406
 448110
 380626
 556305
 448820
 610575
 294820
 598970
 263298
 100316
 1077077
 642264
 474384
 418267
 599963
 926380
 631243
 848317
 573098
 914589
 658333
 483424
 104217
 147366
 871469
 1068147
 368347
 447493
 335493
 1029201
 680799
 507340
 696629
 794442
 984530
 214378
 114239
 1096689
 118652
 91086
 416638
 485318
 884272
 305180
 9214
 638875
 43195
 141878
 258962
 512644
 638539
 1094792
 481477
 373352
 804816
 1067848
 47599
 159618
 543033
 848633
 791223
 301954
 610672
 504752
 46654
 612363
 42199
 276834
 833735
 303751
 477046
 42992
 676479
 420729
 548520
 412448
 446139
 945522
 691052
 115368
 481466
 436229
 387771
 283544
 1040681
 610287
 401633
 902215
 276754
 944370
 490884
 902828
 319224
 916491
 458330
 302233
 273747
 760387
 714527
 913543
 1006161
 139828
 1095158
 98025
 250171
 119001
 268020
 831332
 322918
 763007
 836619
 359129
 600797
 883757
 702613
 657296
 582638
 614536
 1031628
 889348
 650591
 436606
 871815
 19627
 396978
 208062
 857588
 475182
 173748
 417474
 344188
 86434
 14278
 383377
 794635
 706196
 951736
 679001
 601303
 1057775
 841298
 195075
 108904
 260248
 950560
 1097183
 774844
 991565
 281996
 979770
 758604
 129346
 1023022
 822384
 815068
 269945
 822427
 479795
 1060889
 921893
 524198
 991112
 341603
 203012
 1000228
 295064
 1017312
 966566
 411555
 2560
 439536
 591893
 533022
 601727
 728160
 333514
 563113
 970561
 534122
 937063
 248619
 355731
 45038
 723029
 750150
 171007
 544053
 1017846
 442742
 114131
 182006
 307274
 708757
 596345
 447085
 967605
 1005511
 1063247
 1099845
 388227
 775476
 534198
 316812
 97792
 767510
 413
 163274
 190959
 575648
 298483
 1098207
 1051929
 25755
 321560
 351890
 862324
 554623
 92929
 115805
 66715
 189053
 868780
 265273
 1073094
 298930
 319125
 445411
 1078883
 639711
 893720
 9280
 39687
 367278
 447362
 696032
 285919
 224768
 986940
 271896
 37529
 585208
 1081608
 589386
 39848
 51905
 326842
 152232
 983796
 745186
 401339
 436891
 133363
 500305
 359132
 871071
 166728
 121616
 1044441
 194836
 462157
 1028339
 1023907
 421943
 446568
 813567
 743075
 135876
 262804
 837858
 62998
 22465
 528635
 247898
 904134
 395455
 39834
 802848
 755921
 875015
 313251
 60675
 238533
 849053
 1058738
 602318
 1076542
 271584
 943206
 525020
 1023736
 526681
 221801
 955209
 812662
 187698
 715240
 424826
 441969
 990855
 559161
 787444
 334726
 701629
 660258
 704533
 1002511
 285095
 141397
 401959
 468354
 176869
 705180
 445220
 145473
 1016732
 980025
 404248
 503008
 1035402
 745650
 352610
 518266
 969302
 784818
 240919
 858550
 997362
 1045705
 745352
 289923
 642381
 660379
 819090
 37821
 854260
 810597
 631385
 143429
 96852
 949794
 94290
 855226
 412838
 330144
 178007
 692194
 1098794
 939099
 390056
 433210
 414903
 331205
 888036
 641644
 489387
 81298
 926025
 200782
 536212
 850670
 846504
 968035
 878261
 236028
 566102
 305972
 785145
 584066
 255543
 519707
 315516
 653995
 568594
 658624
 422146
 5514
 618680
 698267
 186440
 280655
 965592
 1054876
 287997
 489729
 664251
 1075425
 682046
 523560
 668357
 1037463
 750597
 521632
 854206
 681518
 1010211
 700616
 950779
 102593
 1028493
 1074618
 722497
 109066
 259777
 1071857
 977678
 721031
 639148
 38217
 146030
 494326
 614697
 1044338
 769899
 1096018
 107711
 1026035
 317373
 306378
 497372
 767523
 243543
 122125
 770902
 886791
 915587
 95270
 1025982
 280458
 824817
 829839
 502861
 330045
 697974
 865395
 163886
 173374
 224057
 956939
 442920
 912989
 983859
 449789
 432987
 400658
 524172
 900979
 751504
 496151
 533578
 414197
 458965
 745664
 718173
 118412
 296486
 549033
 186581
 204967
 25342
 758689
 305597
 861461
 995559
 455995
 1035031
 743366
 828237
 45941
 316468
 702407
 69602
 672206
 935112
 209949
 262222
 767087
 767721
 479890
 480575
 1004947
 228963
 335130
 432919
 611149
 688776
 217689
 315671
 716601
 754260
 127275
 34610
 610801
 854435
 900572
 156568
 508172
 1003649
 671412
 450270
 397396
 638935
 681414
 1089856
 932491
 1052599
 959150
 792734
 329955
 835877
 394922
 433128
 862828
 451186
 486048
 83541
 1000689
 26582
 513156
 453849
 515974
 756459
 114335
 615218
 958803
 369037
 222441
 484144
 536155
 697118
 442549
 110234
 828340
 406851
 79650
 843715
 149167
 1031523
 524101
 314561
 494109
 879313
 958877
 839193
 850910
 559477
 660240
 1036445
 177899
 861941
 189289
 1075679
 306417
 1061720
 590642
 309294
 293701
 21790
 825000
 96443
 764398
 407595
 1075610
 709582
 768383
 429123
 257814
 575425
 487910
 615105
 743978
 436431
 1001772
 803642
 544430
 346287
 743037
 551477
 55273
 181646
 36830
 705452
 264767
 634136
 883715
 723466
 806453
 985535
 419735
 674605
 823390
 97717
 554464
 597378
 250113
 102348
 704137
 459654
 916668
 220429
 626627
 1056848
 608858
 434254
 687982
 473240
 843711
 76108
 698544
 847369
 670124
 606072
 18400
 314725
 306941
 867936
 737142
 1021568
 570957
 515638
 1043965
 281077
 210810
 43732
 464473
 1064143
 1079451
 825123
 570460
 593029
 301189
 991249
 354848
 520121
 717800
 331641
 527451
 329238
 203447
 197250
 307391
 922167
 552788
 394756
 526670
 494978
 492349
 304787
 57225
 69390
 429948
 692905
 255041
 864999
 297957
 68780
 161140
 101159
 11297
 971853
 286656
 877194
 955647
 69126
 858565
 1037881
 1006487
 342303
 24617
 886175
 579566
 486384
 320577
 561849
 1069466
 247456
 908706
 993303
 276237
 712359
 396467
 272050
 616420
 643739
 647815
 863891
 667824
 666895
 204879
 837284
 911599
 596432
 614321
 607155
 938606
 344223
 266344
 4719
 398446
 12233
 274825
 616449
 850262
 458122
 112486
 379704
 749842
 112077
 804199
 421209
 825924
 86270
 506783
 436250
 496382
 561073
 241251
 739484
 725182
 630184
 985285
 443489
 1087095
 96938
 42552
 903246
 71037
 10038
 727786
 10265
 1098986
 374473
 625913
 882422
 614751
 442901
 230230
 369331
 608900
 779421
 126376
 943532
 373585
 460692
 490598
 653986
 803720
 734903
 714612
 1017988
 852981
 239275
 904760
 175440
 813104
 502841
 543464
 1035565
 945083
 809810
 68436
 271867
 634071
 762493
 231511
 236904
 854370
 95429
 367741
 663431
 758601
 651585
 230368
 299233
 13866
 345681
 247359
 979192
 247656
 296380
 560396
 433865
 1004626
 844087
 273254
 598110
 780839
 222763
 390728
 763538
 149680
 579717
 966341
 1045912
 925136
 500564
 126096
 319351
 528458
 911266
 367197
 178126
 94988
 346537
 87101
 408145
 180960
 1096120
 699391
 382046
 778707
 1051989
 336061
 1012177
 715525
 731787
 1082064
 945277
 423593
 364438
 453053
 60364
 657928
 1021810
 112660
 580512
 634726
 914473
 443476
 102752
 338112
 728798
 140552
 322522
 785243
 412991
 1017126
 1062682
 970338
 988625
 133859
 727216
 51043
 306676
 220805
 793689
 189152
 239183
 859914
 1053836
 389161
 854971
 874425
 8721
 759554
 460766
 918290
 248854
 114710
 310894
 405077
 118420
 1029737
 157120
 344590
 475806
 443454
 603811
 702522
 757424
 103052
 528485
 634272
 1110
 310556
 860955
 896064
 871908
 672032
 210328
 674464
 584536
 32909
 133556
 976635
 931296
 97997
 602401
 900338
 131260
 815301
 252911
 497540
 445795
 334248
 962441
 648041
 241534
 710927
 969720
 202040
 571304
 332178
 838773
 157869
 633868
 271295
 944035
 364893
 212455
 801944
 770569
 909467
 433669
 466615
 500200
 747341
 979903
 12002
 356093
 301702
 2248
 139122
 988954
 982521
 282500
 907952
 451608
 710880
 262435
 682510
 764413
 136964
 82510
 856626
 691438
 707189
 83647
 808941
 143238
 43041
 1072318
 664220
 737022
 654288
 998530
 811658
 782636
 531394
 684813
 977963
 226880
 1083879
 560983
 535232
 255442
 376991
 901896
 589647
 880850
 700050
 744465
 401389
 319286
 76814
 880200
 385626
 421693
 91549
 19136
 1066026
 102415
 1039729
 68705
 1005779
 1022491
 907282
 692556
 391298
 208203
 812529
 160271
 361838
 676535
 1031912
 453374
 321037
 2783
 530628
 935503
 1030761
 183063
 1053535
 667344
 387247
 470833
 203816
 925390
 463811
 1094855
 743493
 1017661
 254281
 898
 849779
 1082863
 19449
 923421
 219112
 100391
 822592
 67746
 193610
 690432
 322023
 292900
 450240
 749443
 93734
 470279
 961573
 582644
 8457
 605142
 812623
 813795
 197900
 363938
 416078
 75665
 717169
 90688
 1096793
 535708
 300548
 666067
 973660
 650871
 1062541
 373603
 14898
 751281
 594824
 370905
 892210
 295374
 72215
 89331
 444318
 536705
 68980
 289524
 938380
 827554
 703282
 754198
 526880
 310258
 27745
 561753
 382384
 131074
 215934
 542802
 419082
 638926
 401275
 1087052
 2325
 821895
 657107
 1095386
 980270
 527997
 519660
 1085227
 399766
 1082367
 109000
 507033
 833067
 118525
 578471
 242142
 911081
 659660
 382867
 404813
 77243
 143842
 262117
 272800
 172698
 789049
 841201
 948071
 216457
 87164
 195304
 271724
 711568
 84509
 1080922
 358738
 201976
 705465
 308620
 859558
 978162
 208472
 129045
 566584
 180557
 501719
 944788
 604416
 91698
 268997
 514248
 973941
 517928
 292176
 441065
 55549
 21288
 109703
 201990
 764716
 367108
 1603
 602561
 319587
 148509
 446574
 864769
 1053505
 712890
 53519
 1064678
 790659
 335234
 1056892
 682381
 730496
 298089
 704320
 85352
 142204
 159406
 42830
 950737
 38882
 97513
 820389
 1003020
 623854
 191274
 692502
 564237
 580827
 273295
 734813
 1061773
 62348
 77772
 384144
 396248
 1004122
 760192
 482288
 1033023
 360292
 1038471
 748314
 706054
 833799
 853210
 178028
 854703
 152460
 1060909
 1087553
 4142
 176075
 280523
 91354
 293350
 245574
 477433
 568042
 358776
 503812
 430512
 343047
 255338
 1002040
 410996
 946014
 950776
 447277
 82812
 678102
 962705
 434283
 98460
 165157
 965186
 90038
 277461
 65309
 883140
 379250
 275765
 893607
 918930
 801990
 984358
 221252
 753822
 50655
 405299
 353722
 101544
 850363
 328467
 369891
 129583
 876302
 645675
 1043129
 570223
 214254
 527022
 592960
 586781
 710606
 1080371
 847980
 739760
 1007821
 634512
 1016557
 909913
 807692
 393934
 671103
 895916
 279321
 351024
 738681
 219186
 16092
 87742
 582083
 736016
 211962
 592070
 56001
 748099
 1032624
 403426
 886759
 150636
 829124
 442
 106558
 40656
 527990
 170093
 1021236
 561075
 164437
 641492
 23495
 660176
 681210
 284597
 595919
 982230
 1047912
 136198
 25989
 109448
 1018350
 980112
 289769
 60277
 212175
 832551
 115516
 264587
 684891
 838321
 991779
 887688
 694226
 69930
 245642
 588869
 249394
 338039
 54342
 507642
 87068
 1092674
 833728
 820358
 864920
 819423
 860203
 381217
 921085
 820435
 702805
 712067
 482713
 478193
 417905
 735852
 442211
 8779
 807742
 265004
 1007104
 953502
 685376
 422590
 1006554
 477372
 954716
 689810
 336011
 824570
 51220
 789153
 754812
 954205
 570326
 59475
 775739
 343155
 385776
 455337
 629027
 668777
 357052
 594503
 917433
 203986
 667729
 332612
 176364
 432759
 103745
 639602
 736471
 932348
 644952
 438817
 1063581
 19303
 322979
 634540
 902223
 735991
 427070
 775631
 826806
 514293
 509418
 575645
 789640
 145485
 335743
 868265
 227676
 951870
 980792
 44480
 818149
 169221
 988047
 410285
 670178
 551101
 986135
 1069363
 992488
 971279
 178139
 583856
 603824
 712889
 165638
 839617
 102964
 361830
 660971
 30908
 649028
 1095600
 12267
 39151
 626097
 722206
 355898
 794859
 836644
 32045
 284835
 1062491
 595133
 505074
 190284
 1052181
 639134
 681226
 651710
 937725
 1056888
 17867
 1087841
 288676
 221039
 387918
 89241
 271298
 559067
 461812
 973461
 571888
 854375
 472842
 428337
 132319
 719725
 839927
 724162
 144533
 821091
 216061
 377874
 643733
 157682
 577436
 19634
 604530
 737234
 845243
 612593
 64541
 620465
 756895
 183472
 627383
 8149
 718451
 402647
 600644
 748809
 254003
 185164
 990210
 343214
 198687
 43085
 241754
 784172
 805411
 743454
 27110
 49476
 760463
 269272
 223089
 179489
 1063922
 486318
 387704
 1009460
 615466
 489381
 894201
 850921
 634163
 567392
 697498
 14470
 502240
 363565
 572959
 552630
 440496
 688601
 315648
 684997
 879915
 381181
 2485
 687449
 573336
 958031
 859153
 295855
 591953
 1008919
 137716
 213876
 673619
 411757
 271362
 552993
 638731
 800486
 333754
 1028586
 612718
 870466
 1023983
 419666
 323055
 140950
 762896
 108905
 150119
 1006190
 693422
 538905
 87918
 250358
 893067
 631944
 289832
 633607
 327006
 253546
 1057954
 438016
 691668
 688554
 716268
 561077
 323106
 811000
 1001147
 304948
 941512
 644965
 1012216
 645739
 458120
 519955
 326587
 767100
 26937
 845453
 815789
 1024133
 187903
 842458
 825565
 997916
 477117
 900417
 1096543
 52531
 258764
 450960
 805088
 745260
 349762
 281247
 787486
 928717
 1099935
 380760
 47132
 58739
 663949
 834849
 391683
 72381
 39405
 402897
 803243
 81574
 576927
 815219
 863320
 297412
 130825
 308806
 72779
 9792
 650353
 349594
 1055035
 265307
 61801
 1085883
 161556
 301504
 611856
 761097
 9238
 403655
 981662
 670934
 894925
 36572
 114761
 526314
 540544
 57614
 624267
 597604
 368129
 497770
 341741
 422109
 258796
 669236
 143417
 480314
 712523
 621094
 176050
 741701
 62766
 73624
 1069803
 759886
 955001
 605951
 196739
 317815
 617133
 847937
 765297
 377108
 161243
 705777
 661438
 814390
 935700
 530199
 352037
 482751
 1095771
 229801
 259920
 786979
 402048
 407045
 380082
 666167
 228251
 738689
 716905
 936430
 410064
 181617
 66401
 794273
 171107
 757039
 453425
 370475
 382460
 158491
 914004
 689503
 520114
 843859
 184001
 512496
 1031329
 75701
 353476
 962469
 325500
 147982
 889568
 160536
 1048836
 779546
 203128
 687065
 728752
 537127
 988037
 408672
 232431
 58432
 348019
 898386
 29300
 109058
 423458
 1082604
 673916
 1005272
 209504
 1045895
 836720
 938887
 1071212
 366250
 539968
 929143
 398910
 1085941
 689078
 628794
 656439
 500589
 770692
 1007346
 950387
 1019573
 89630
 562622
 641009
 845676
 428767
 933674
 115168
 51359
 815505
 804458
 506286
 398455
 664856
 490545
 986534
 406698
 293939
 563123
 572980
 1087480
 736105
 472325
 1057395
 606379
 471386
 249550
 593667
 566542
 355114
 1082641
 685233
 816773
 385175
 199700
 609271
 433723
 166002
 175140
 70148
 183300
 853180
 1012570
 150316
 741161
 213024
 28064
 908222
 665581
 682229
 432772
 359833
 333952
 113204
 720092
 552650
 316379
 160146
 197350
 735861
 864263
 250003
 495671
 911304
 671956
 431779
 276176
 967008
 935872
 654126
 688855
 530555
 769995
 326507
 238992
 464179
 549068
 1021627
 18759
 732878
 881255
 539160
 155965
 834852
 407388
 32778
 359228
 815678
 308713
 262082
 808101
 6824
 327082
 40157
 334056
 245363
 836065
 165333
 291216
 156441
 967144
 1049340
 920834
 232191
 690293
 231358
 65707
 28461
 695586
 322507
 823084
 674332
 957859
 1015751
 521351
 994612
 611455
 226937
 658317
 305735
 452034
 136049
 820234
 1035491
 230181
 901851
 504496
 720905
 19072
 979158
 547842
 613692
 542590
 86308
 486191
 1058499
 759249
 30733
 590537
 582365
 908042
 1086872
 965064
 664887
 504211
 402196
 389693
 116706
 465141
 519762
 274724
 717170
 962933
 548941
 1091459
 462913
 698212
 953646
 284935
 147126
 583705
 209007
 861550
 746238
 1019906
 971152
 320107
 202218
 403168
 850105
 434982
 225694
 201170
 279279
 39000
 365442
 252049
 331258
 558108
 982112
 654957
 764478
 1076791
 610072
 184585
 1001908
 1007676
 983501
 37939
 1088687
 65425
 475413
 544766
 628506
 827968
 304138
 1039335
 161415
 227793
 546581
 1060136
 529585
 529346
 499107
 231679
 456542
 958595
 1037059
 270581
 395609
 732271
 36708
 128878
 67070
 77830
 87305
 316628
 665643
 966971
 1031697
 388621
 975238
 727959
 1060689
 781463
 21432
 694332
 881043
 412544
 954818
 692545
 288771
 555009
 671770
 490571
 416127
 502072
 856094
 521074
 266396
 775178
 502525
 92504
 446398
 853440
 364191
 435575
 799774
 309862
 725951
 108527
 782611
 187978
 391083
 657184
 302948
 750127
 624396
 956423
 821535
 661370
 2225
 211667
 796277
 1072720
 948959
 501144
 830251
 355537
 1086029
 399922
 1009049
 320327
 462190
 1058184
 965310
 216673
 99912
 784496
 904649
 464587
 306538
 983700
 71389
 685398
 735053
 26983
 882536
 617856
 715637
 705144
 413460
 519957
 85010
 616247
 784200
 1064041
 390251
 483613
 381987
 618623
 867270
 12405
 158861
 937440
 498195
 349500
 325409
 377666
 681240
 338856
 144292
 498708
 187986
 675906
 473296
 476174
 800603
 986099
 310760
 1047081
 821094
 659141
 477594
 1014147
 527139
 838899
 279054
 1001441
 890123
 611780
 620538
 523528
 1003800
 233037
 61091
 818837
 789722
 67901
 768131
 542698
 870468
 771371
 45190
 696525
 753656
 604199
 533717
 552642
 658412
 626213
 1049739
 964480
 1019440
 419954
 808484
 298778
 594410
 980341
 694147
 890910
 657020
 786193
 831757
 276897
 157326
 555961
 26194
 386553
 588139
 571178
 673756
 508678
 27003
 241825
 336073
 803074
 617327
 299108
 802159
 142254
 532865
 345973
 513253
 1032462
 162255
 769792
 767131
 105022
 293114
 931103
 708778
 190001
 110040
 638072
 443274
 187366
 29230
 894684
 188058
 305302
 173658
 242328
 787251
 984619
 798781
 277216
 665149
 53029
 999992
 702703
 114947
 352727
 1025791
 37964
 423178
 129011
 164367
 326473
 583872
 22013
 132176
 1071102
 1000950
 768657
 577554
 395329
 586268
 48771
 371474
 592648
 121204
 754365
 544173
 260487
 636011
 576053
 549024
 649343
 281406
 867406
 1039506
 80145
 560381
 668301
 115795
 107258
 586216
 1071023
 665794
 48344
 771538
 453919
 774476
 324747
 267238
 666280
 426500
 883136
 431922
 489149
 703409
 966753
 1054507
 332457
 7215
 26311
 177209
 890595
 89076
 518290
 24171
 528522
 620988
 808408
 802410
 140573
 601298
 628170
 706264
 896440
 659462
 861490
 678132
 669765
 1094508
 204520
 705313
 295275
 891164
 57605
 108367
 757696
 41905
 389855
 266310
 216190
 382803
 962455
 177554
 245420
 694032
 455809
 455046
 643126
 592061
 308771
 56424
 570005
 538432
 70651
 645545
 690221
 485817
 823617
 850784
 828098
 938850
 281172
 966924
 701577
 465950
 574246
 824513
 1029269
 822394
 490406
 738591
 345473
 867759
 889539
 1078722
 1072971
 387333
 117490
 670523
 946265
 452843
 131222
 159944
 651771
 806084
 609103
 222838
 1003468
 83602
 391669
 105242
 280403
 931216
 976283
 759733
 875630
 350586
 272935
 36522
 124008
 979552
 344918
 732985
 410850
 306119
 865820
 393066
 459926
 968554
 341707
 664534
 356034
 1097494
 135588
 462561
 755456
 982519
 836543
 829563
 925692
 995176
 4641
 83330
 563076
 983819
 691382
 78930
 145583
 1065329
 780837
 760288
 594341
 47156
 607895
 928290
 847838
 466506
 151191
 949436
 840631
 608288
 460156
 6970
 1098487
 621667
 752338
 89856
 765553
 182020
 920138
 941161
 419790
 948849
 950456
 254926
 831694
 1025902
 901668
 587894
 684625
 949937
 1071141
 808563
 909635
 744490
 630597
 1089531
 24442
 1039613
 1029187
 447717
 245216
 269256
 978057
 264957
 844800
 616234
 565879
 486073
 575079
 104142
 82756
 599693
 985617
 833848
 681370
 767055
 303312
 734601
 863600
 854888
 902161
 992456
 1070375
 76002
 1073051
 523766
 203296
 435783
 926746
 708170
 806644
 525333
 969388
 356383
 113470
 97045
 460334
 389150
 727273
 481903
 700957
 605896
 540029
 67888
 1090926
 310175
 229137
 746462
 520714
 322824
 1063749
 1002286
 486301
 225087
 1041148
 531396
 396599
 301
 851491
 739160
 232962
 1079003
 295694
 797102
 326683
 1049035
 157696
 557635
 787700
 367222
 799764
 793986
 121370
 170888
 5549
 866240
 1078383
 395784
 188170
 555951
 888629
 718297
 653254
 667753
 3767
 947814
 889249
 782411
 538587
 535369
 533284
 135448
 773468
 556029
 325762
 381808
 434547
 284676
 575333
 206957
 943151
 117242
 864971
 410131
 272672
 948243
 542917
 97109
 854058
 358560
 665001
 369654
 582378
 22315
 986774
 361944
 787081
 1068698
 1050580
 290208
 667747
 858839
 705901
 736717
 1086991
 282391
 135709
 978758
 153054
 843553
 798495
 442796
 21766
 747030
 421507
 599373
 205053
 513126
 779984
 430797
 882309
 474985
 539921
 458591
 888441
 235388
 76988
 153708
 1055570
 1058130
 822355
 578397
 432888
 236504
 99018
 928277
 728354
 1029687
 815909
 846170
 278193
 316897
 794238
 109920
 1085224
 564592
 288001
 442859
 454457
 77310
 842429
 299015
 249749
 943520
 368795
 339918
 347436
 280266
 936020
 390733
 628779
 349452
 424649
 970500
 456541
 960310
 771590
 366825
 1046209
 651748
 109047
 308587
 60857
 244925
 79358
 1098644
 432197
 12211
 616808
 704908
 244482
 1073929
 221782
 921894
 276892
 602406
 198952
 54018
 1022968
 1060754
 153260
 190301
 660175
 483301
 4216
 674281
 601015
 981753
 818945
 1055985
 280371
 1029641
 867208
 426405
 775074
 928009
 1093294
 422650
 846490
 1050124
 103398
 940966
 977130
 15526
 89319
 634565
 806238
 670065
 77009
 236932
 1318
 83066
 337782
 677088
 427157
 186404
 440065
 898884
 887757
 290339
 449062
 94277
 864157
 937310
 86303
 516224
 416213
 44528
 376901
 752402
 557674
 977482
 500615
 308518
 260903
 672811
 1002347
 67832
 537537
 423925
 340744
 664789
 925407
 651656
 980804
 956926
 542330
 167661
 473656
 822522
 787602
 454481
 585749
 505088
 681723
 85484
 760769
 178764
 236369
 951029
 599129
 292323
 724528
 992963
 739785
 147963
 22190
 343216
 440959
 774488
 195949
 721831
 1052560
 374734
 371200
 476728
 379035
 904759
 250863
 439521
 1009836
 171269
 527568
 262368
 800023
 240035
 864148
 149326
 341
 758689
 875281
 117547
 677028
 270000
 20919
 986844
 541515
 876791
 876751
 633927
 81302
 300273
 701213
 459307
 833874
 503410
 64888
 814469
 895001
 79467
 126712
 475118
 294004
 458009
 988406
 199937
 421679
 576459
 543639
 622978
 145024
 295202
 373237
 943073
 707248
 180159
 843756
 352673
 244119
 288343
 16885
 969499
 733473
 174789
 684660
 333704
 867516
 356232
 293776
 663390
 112137
 671130
 429140
 457747
 783055
 164997
 707046
 178257
 470196
 370328
 127240
 878010
 748264
 197095
 713739
 821036
 271721
 843805
 793632
 782524
 280173
 96888
 251492
 39839
 808003
 678460
 1002494
 991077
 517079
 954793
 1097596
 376652
 808591
 319027
 705054
 851244
 765709
 282598
 954290
 618679
 716081
 96163
 812199
 634687
 259267
 375668
 167266
 957577
 932904
 380529
 131080
 35764
 943891
 836106
 7231
 353097
 178726
 1081967
 482576
 538525
 207590
 721000
 1094259
 98890
 293157
 1095769
 701458
 97110
 709249
 815976
 556677
 3545
 360390
 893310
 625537
 649108
 1015451
 126625
 588249
 48270
 524983
 776201
 472572
 728233
 147363
 232113
 185161
 255349
 297548
 18458
 848111
 690563
 286731
 698880
 1041345
 252591
 674719
 245103
 79120
 303398
 620749
 286503
 415950
 1076044
 778154
 521524
 653358
 2711
 38211
 159196
 697279
 839577
 820898
 481221
 1083390
 785855
 372213
 300107
 84290
 312629
 463938
 700358
 785404
 343567
 361586
 874793
 739740
 285304
 960349
 50183
 1025319
 843321
 446672
 181206
 993878
 219924
 86687
 1070309
 610319
 676649
 644186
 771491
 46968
 540000
 683124
 142335
 1068572
 308956
 1094881
 1037503
 104743
 788023
 344012
 795687
 618932
 170036
 11908
 864103
 47308
 160430
 382756
 643784
 940044
 227076
 117523
 438654
 760712
 201234
 83632
 623529
 1058616
 820382
 299733
 59747
 243577
 1029314
 384290
 934067
 66758
 78835
 667993
 535494
 987254
 173363
 308943
 323143
 904426
 715477
 174289
 583042
 78319
 907698
 100143
 714619
 235616
 560222
 799434
 788311
 616803
 245021
 80331
 817572
 392217
 734140
 306133
 454310
 186734
 700970
 78728
 692240
 482980
 89895
 436172
 836236
 655999
 542130
 567135
 367045
 521593
 221866
 337526
 835887
 581709
 465446
 740833
 564895
 494570
 410770
 322535
 674639
 247673
 11708
 786437
 1058453
 231172
 51796
 700384
 42708
 448586
 265724
 244728
 928027
 46087
 951500
 963666
 674170
 1062515
 932175
 638790
 143437
 168022
 902629
 89168
 182439
 595365
 661117
 811206
 752449
 7459
 276440
 274729
 280134
 608365
 682209
 142859
 804268
 404091
 9540
 1045061
 861384
 653423
 1022255
 84819
 843440
 132863
 530694
 642247
 68600
 231258
 1063678
 1009991
 995845
 357412
 78000
 839103
 551188
 511871
 54043
 1019323
 554902
 974086
 1014658
 704800
 127653
 89589
 543620
 778090
 124912
 781692
 818042
 460784
 942924
 45604
 618701
 971343
 1052831
 956641
 493514
 811129
 196384
 94702
 314379
 395876
 989507
 917750
 825692
 353668
 920283
 672479
 893273
 732695
 342238
 904241
 59685
 944402
 500528
 224351
 935445
 555197
 776172
 827335
 814326
 894314
 941631
 646253
 239412
 503096
 425036
 274039
 929992
 354379
 335053
 564208
 882340
 557255
 12815
 389509
 531971
 1041236
 566196
 215059
 1049150
 786062
 451482
 110362
 850702
 537247
 722507
 682975
 227795
 766819
 116259
 453997
 482268
 785612
 421446
 544550
 238917
 44161
 682217
 131131
 807417
 473624
 699224
 335466
 3426
 188188
 67662
 312078
 734246
 93660
 25835
 1003769
 690852
 445898
 272339
 694979
 364151
 32741
 409503
 921779
 1014658
 462065
 283848
 776576
 1077273
 49919
 606790
 1094589
 558256
 483144
 1032856
 421635
 1036678
 741592
 978718
 437101
 100541
 876424
 397446
 864072
 932385
 826173
 529886
 332709
 650708
 778243
 579553
 178197
 356044
 603162
 881569
 879241
 570968
 386595
 97884
 349062
 707494
 1053263
 940851
 1043332
 858185
 118990
 730203
 866001
 976812
 399016
 313413
 907721
 492687
 132391
 176251
 514224
 838566
 301824
 960419
 385784
 685734
 693907
 600805
 905218
 610286
 463953
 306153
 628692
 460462
 1071614
 911636
 835535
 888130
 55739
 683533
 352657
 906818
 481878
 920898
 271222
 147941
 789624
 185572
 261089
 538795
 1085491
 600839
 867158
 817163
 140554
 322762
 455570
 500499
 307693
 524387
 326594
 1035532
 115240
 1033334
 542829
 456711
 660501
 558579
 831574
 166021
 1007914
 370026
 375788
 195486
 484666
 523858
 147099
 489069
 792084
 766670
 253295
 719992
 660257
 482591
 457452
 1064823
 500715
 626079
 259644
 416514
 998362
 714145
 1019930
 121752
 889849
 447926
 776216
 21901
 555100
 292866
 483932
 410676
 655616
 973376
 448082
 662579
 940733
 656084
 551132
 59607
 229980
 992592
 509087
 548243
 475525
 713621
 986960
 913081
 978083
 709257
 538550
 935358
 934976
 38583
 432119
 912272
 603267
 184292
 812391
 3535
 562094
 27277
 287742
 252207
 352951
 257890
 308434
 1024437
 226330
 231759
 889241
 315850
 461539
 257866
 755736
 961575
 364263
 544050
 921797
 118988
 247352
 358606
 177765
 678229
 1015047
 163894
 471578
 453940
 244893
 394262
 63863
 1053495
 589274
 733976
 636086
 1041029
 670078
 884238
 990150
 267083
 756996
 1044236
 603960
 200622
 967664
 888433
 803527
 974812
 592348
 266010
 105601
 969856
 414
 51725
 839855
 830740
 182932
 775066
 152121
 726542
 898770
 903707
 794865
 803544
 32222
 103884
 943987
 308870
 345597
 395391
 803207
 796392
 788364
 409323
 482711
 373994
 1052259
 148628
 856935
 412724
 1020866
 909899
 565447
 813477
 830377
 1092375
 994004
 621883
 840982
 701035
 69544
 86521
 115573
 953091
 465281
 120688
 592377
 1086673
 324265
 1041723
 571654
 688350
 125906
 696564
 162932
 962136
 309552
 250068
 911835
 226734
 2245
 261206
 983738
 902989
 217553
 651908
 238950
 93081
 452243
 364027
 269226
 365393
 1080396
 465413
 96158
 967447
 462625
 783750
 834732
 538430
 1008426
 951389
 656093
 1080334
 724319
 418703
 1079108
 394975
 881990
 720281
 254827
 89955
 32844
 523959
 541906
 106817
 688921
 499556
 267072
 684025
 168971
 115429
 552842
 315959
 908568
 884649
 291707
 619624
 985638
 392458
 256905
 1062336
 798981
 882093
 768664
 444421
 661233
 104039
 434798
 501703
 555402
 137079
 856392
 903739
 412559
 739904
 371417
 195645
 72446
 24318
 960242
 114022
 637738
 614407
 183684
 749617
 795794
 256387
 628461
 977101
 669853
 627630
 1079592
 401408
 277109
 1095923
 566801
 973879
 434038
 1004357
 38621
 176767
 69409
 327975
 305910
 81677
 7528
 236736
 712437
 944129
 779675
 942573
 839032
 1026559
 475672
 225351
 200781
 1012810
 532404
 8351
 703868
 551311
 649058
 411138
 177821
 561679
 160736
 863639
 1009411
 234908
 300659
 984100
 869068
 774460
 309369
 158851
 751121
 614120
 619468
 989856
 203831
 396429
 451750
 89398
 733149
 390119
 997402
 724280
 166888
 808667
 876257
 1098229
 939112
 275712
 884969
 177088
 956702
 548537
 818790
 215931
 393811
 951530
 824514
 167910
 500217
 515889
 687737
 778896
 1006741
 405108
 367270
 31054
 304013
 606086
 571067
 929363
 602881
 83669
 551487
 995566
 901474
 607812
 734981
 1065205
 466557
 862396
 526667
 470694
 73257
 599825
 335927
 745535
 689201
 751796
 1038507
 456778
 68259
 194436
 917516
 146959
 644864
 332465
 279141
 285791
 1027768
 1015004
 964020
 69371
 101088
 283175
 118990
 978137
 277841
 222172
 248924
 872265
 359468
 557199
 866318
 95788
 456188
 860800
 404099
 25867
 441962
 118239
 1011980
 143003
 277958
 137386
 653934
 239146
 629139
 373731
 501380
 379382
 295407
 991409
 1002946
 378472
 718939
 999520
 353740
 1097325
 287138
 707224
 961009
 1075759
 842992
 11689
 891942
 470966
 124842
 221882
 810764
 857454
 465695
 668728
 512718
 912973
 616604
 664593
 259457
 664478
 1011512
 23627
 830619
 1011801
 24880
 746268
 498850
 681350
 635214
 125444
 668321
 176257
 26584
 23282
 844382
 721420
 368282
 715164
 877942
 104559
 612770
 864846
 82145
 421998
 293587
 714050
 342029
 619996
 901312
 387868
 863273
 528144
 48617
 445912
 953136
 482886
 188075
 804910
 754371
 68017
 10582
 29724
 623947
 155277
 673848
 381431
 71727
 587516
 962700
 417700
 989364
 1178
 842803
 368515
 977242
 511314
 961197
 628166
 605903
 121866
 480891
 302053
 227338
 1042301
 911422
 742890
 921425
 533319
 327992
 164563
 1023468
 919186
 339025
 1084507
 714774
 948356
 532194
 734154
 990646
 245611
 658986
 1059776
 625163
 211610
 904814
 1024742
 749088
 987795
 828422
 885997
 352492
 647597
 983556
 1036977
 413703
 452187
 548997
 759480
 65051
 666385
 495645
 694592
 896566
 56558
 850797
 723754
 996910
 479816
 674731
 865391
 155377
 96771
 485499
 899231
 91876
 1041287
 855485
 857889
 214845
 870252
 1031047
 775961
 977324
 892798
 1024642
 571522
 191279
 571697
 774596
 57190
 369766
 468579
 515562
 339872
 921096
 66182
 507416
 635283
 391872
 323066
 743683
 417582
 519845
 310408
 235769
 488782
 9213
 256367
 725540
 724496
 839168
 196209
 911430
 374234
 676105
 339351
 401645
 197392
 117859
 1081699
 268992
 515628
 676980
 653368
 418816
 316618
 696831
 481318
 570312
 965699
 233501
 29631
 436324
 747986
 866397
 65260
 907542
 1084406
 932358
 476637
 875994
 725676
 376430
 866774
 1022954
 889873
 98241
 579753
 532704
 199895
 905590
 209467
 219873
 778631
 313492
 831878
 981509
 404865
 20719
 1084688
 1026342
 494463
 640105
 587982
 1087151
 986360
 234183
 87272
 364164
 578363
 1068208
 737803
 167893
 537634
 715442
 442313
 828322
 572803
 287051
 988860
 187800
 821674
 544094
 900182
 804176
 678015
 493283
 497219
 909902
 520619
 868113
 306235
 1043191
 45643
 903740
 749780
 723973
 1042481
 551292
 876230
 271003
 232948
 260467
 415864
 426785
 618347
 545805
 66063
 240082
 348249
 963554
 732689
 990894
 656722
 464855
 888510
 657625
 83889
 1004768
 119888
 267594
 754046
 409509
 834429
 622655
 633142
 905428
 62402
 833656
 818639
 802167
 644753
 238841
 574665
 212150
 899516
 372450
 498638
 320583
 960383
 291534
 520665
 549094
 583989
 639655
 584780
 703986
 555032
 979921
 968982
 301585
 968701
 620170
 524770
 1010900
 216933
 753383
 1096611
 340375
 267222
 395393
 6352
 85998
 366870
 234003
 530641
 1001185
 787568
 216480
 666554
 379859
 576587
 4494
 677443
 298873
 322544
 970720
 113605
 575934
 401564
 485930
 941698
 410703
 273673
 853931
 167542
 611233
 980114
 1064090
 631481
 466257
 319678
 254388
 626567
 294192
 1094931
 1055896
 370329
 602907
 468334
 891069
 219819
 516481
 880959
 888947
 318723
 660426
 81428
 654108
 148160
 184462
 877066
 1083191
 338419
 747897
 396563
 916813
 624610
 202359
 447574
 22258
 461047
 16634
 730183
 896964
 1033845
 758428
 888532
 854411
 1009834
 342839
 241564
 446563
 780532
 21933
 474561
 653061
 545307
 100460
 479568
 1002902
 747278
 940371
 284743
 703364
 155155
 1002726
 314593
 694376
 49824
 284708
 566498
 909333
 676025
 478518
 1073224
 349671
 433630
 313158
 625037
 775673
 986248
 1304
 141191
 211366
 496881
 858619
 700467
 485088
 852428
 296585
 199453
 555040
 979457
 479059
 671332
 722845
 229826
 609851
 1033457
 976692
 135475
 337108
 248540
 357062
 1053929
 180706
 96783
 16943
 394743
 507374
 225850
 901484
 379628
 924026
 715038
 466215
 965320
 489905
 257147
 244624
 460135
 239765
 410614
 813479
 1089467
 180568
 449612
 818610
 836138
 394527
 575982
 1089241
 644927
 115635
 563816
 154128
 609365
 1099918
 621176
 745836
 870597
 1043733
 912360
 288108
 442699
 764338
 654753
 18441
 492005
 450363
 433618
 325250
 512222
 140804
 788630
 303600
 281978
 294444
 574695
 1059978
 754249
 782268
 925577
 920004
 883998
 905824
 27434
 223986
 737999
 486451
 16726
 437795
 96968
 868145
 874426
 1010231
 1082534
 75283
 139940
 29701
 146952
 814066
 895632
 482819
 162100
 146786
 85582
 95315
 944836
 474205
 1049061
 866700
 1071536
 88993
 8218
 869991
 687346
 833224
 1025395
 360777
 1094557
 253384
 458796
 823502
 981368
 875312
 587483
 562351
 570301
 7067
 806399
 591885
 209124
 512109
 276426
 74271
 888743
 328406
 227609
 644915
 866135
 636284
 251732
 71701
 1074123
 606876
 491375
 74105
 880328
 413846
 83500
 66213
 879992
 253966
 413816
 639074
 229257
 508674
 153970
 981382
 839818
 190050
 798525
 807323
 910539
 900301
 499161
 338977
 855694
 744908
 213892
 677086
 450325
 258578
 965701
 834880
 286610
 548755
 53745
 470317
 571162
 48202
 863608
 891529
 369402
 37527
 67807
 877155
 219541
 899322
 1063880
 674360
 1013206
 617269
 251409
 213305
 513079
 592402
 294874
 374012
 603560
 646799
 742153
 942588
 17419
 313363
 736010
 478746
 1010516
 456676
 750953
 55369
 532247
 414272
 996127
 320606
 289845
 240312
 731546
 885266
 754144
 542853
 709326
 211918
 378746
 632594
 578071
 425615
 105526
 472509
 893054
 784773
 46289
 992465
 508835
 502640
 409853
 165363
 597925
 356406
 993846
 249117
 702231
 362195
 229870
 382895
 362980
 1007437
 665712
 335742
 78073
 4735
 378917
 257659
 846745
 610570
 1096141
 758789
 872420
 471414
 426301
 366448
 117296
 715467
 127399
 734723
 646046
 791331
 90090
 648404
 44863
 380596
 895939
 38132
 491152
 68303
 943009
 688841
 506916
 515772
 966485
 480728
 200202
 83528
 760195
 898354
 145467
 313857
 328879
 247703
 1022864
 595787
 613694
 976288
 274291
 186417
 900495
 786177
 60736
 430516
 584233
 176467
 449234
 363521
 485518
 128198
 248530
 122149
 19578
 376874
 755006
 673217
 1018145
 431959
 74525
 985752
 955193
 524015
 247222
 517320
 49406
 598878
 794488
 909450
 801491
 358234
 1077490
 1033969
 16076
 469642
 699728
 966005
 886581
 655564
 593830
 51544
 781020
 854513
 750340
 987734
 410672
 505044
 571867
 527846
 1013195
 1040958
 286693
 399590
 63052
 715697
 30133
 566658
 530959
 981209
 223787
 75932
 754645
 119120
 92632
 875359
 126694
 683049
 486156
 197833
 1077698
 461218
 718005
 553780
 724262
 54579
 689070
 184934
 238011
 181767
 711621
 1052941
 603669
 543530
 92277
 891072
 221595
 1027495
 1068362
 326215
 240958
 28464
 86802
 183331
 657773
 475054
 326446
 25489
 195472
 48237
 772569
 963940
 964170
 907868
 290704
 759376
 239708
 427336
 492282
 811579
 922530
 816956
 190928
 424335
 89761
 562325
 392033
 324898
 421676
 1086502
 113177
 30174
 63795
 673027
 1086742
 951201
 865242
 792166
 669374
 327197
 205836
 926831
 1098632
 305294
 964991
 12530
 277187
 914626
 282859
 1058928
 690925
 397558
 1047667
 685298
 719018
 640667
 707218
 1026697
 684368
 87518
 818809
 746505
 31468
 576721
 1036488
 523433
 1089786
 284282
 794588
 778376
 993555
 170656
 1078000
 679588
 880815
 852237
 1088130
 764694
 709887
 878763
 803977
 70101
 112784
 677842
 673936
 753738
 893938
 1059976
 1078881
 401636
 299653
 1042835
 43836
 599137
 446277
 578045
 145770
 63556
 360448
 814382
 1047136
 1067067
 677411
 954266
 457831
 1016007
 1085499
 806000
 1006436
 887132
 141105
 1087370
 923595
 925440
 4316
 85288
 168502
 374443
 1049945
 197846
 559812
 168962
 576911
 526812
 480642
 68879
 414669
 257097
 282160
 225750
 808001
 826248
 92979
 339976
 144511
 234003
 700936
 629360
 1033387
 499785
 809023
 1030260
 511763
 275322
 577919
 121692
 392928
 255978
 213936
 43999
 1041236
 786921
 568423
 921188
 106385
 310078
 195045
 1036631
 726397
 178227
 196169
 602070
 772773
 925747
 928118
 430466
 1077519
 356080
 25890
 478242
 560151
 676873
 127847
 430835
 769889
 899721
 325175
 135371
 518569
 445954
 294756
 163421
 173797
 614253
 740612
 264746
 543605
 70052
 822871
 685455
 1089136
 246743
 625020
 1046216
 583611
 94211
 766726
 633035
 340502
 580856
 707948
 1048253
 624870
 44019
 85552
 863522
 843774
 153356
 306184
 349918
 62168
 877496
 961272
 576087
 399913
 65714
 957895
 305338
 710421
 666829
 353766
 692730
 285295
 859228
 393167
 623465
 1065292
 93216
 490312
 960085
 151531
 229097
 162737
 879090
 540089
 1012381
 425271
 628564
 860239
 1046320
 585548
 295392
 261069
 822149
 261984
 942227
 1024501
 88002
 1075538
 1007470
 1049111
 1042611
 867702
 414239
 596917
 337986
 606621
 401737
 6169
 56089
 165859
 364052
 992643
 653183
 29369
 297358
 613418
 742152
 66404
 104048
 1050748
 201651
 207059
 620054
 827552
 862635
 869609
 91080
 1093201
 186394
 100407
 266302
 574675
 938356
 343165
 703863
 986803
 362650
 1057001
 1062553
 983737
 134078
 89916
 779623
 695194
 872073
 432363
 824255
 523541
 722410
 252197
 822093
 897976
 723491
 400746
 517017
 1072670
 60560
 445058
 921572
 708397
 292508
 1008335
 840027
 572787
 771590
 114116
 481669
 726402
 144442
 1083110
 674004
 786126
 251596
 628560
 664596
 234704
 737480
 211823
 621508
 976670
 447827
 896502
 852854
 251593
 128885
 731892
 74349
 518931
 365597
 905155
 147622
 70928
 83555
 341185
 62649
 1034829
 977805
 159086
 351103
 327911
 460515
 75611
 667119
 894036
 601309
 461802
 35148
 491328
 405902
 586359
 201709
 169141
 758411
 385879
 898644
 169010
 808564
 16038
 103838
 77264
 46626
 416255
 154622
 634800
 3377
 885810
 1013107
 370686
 753884
 341096
 458617
 159153
 37682
 75760
 925581
 528017
 1052267
 1000560
 711268
 830280
 338345
 892424
 250726
 828464
 1049369
 746965
 930765
 369991
 722030
 930346
 67628
 795015
 426438
 595562
 906276
 581837
 881645
 963003
 316966
 209367
 313799
 425901
 17769
 615623
 664328
 1085086
 828031
 806445
 28489
 1031112
 348359
 1032923
 593247
 680490
 298290
 326599
 531166
 426464
 799680
 565285
 1003418
 883477
 827643
 920770
 689554
 177484
 365153
 964738
 196472
 756409
 851269
 322472
 318621
 443276
 894991
 485750
 740462
 564717
 370899
 565691
 591633
 322925
 156492
 262541
 560311
 637516
 962151
 129437
 648541
 495444
 995783
 918672
 539661
 477123
 298050
 820431
 49109
 580843
 152496
 415197
 257505
 1053417
 118339
 36123
 912995
 702723
 171459
 323439
 296464
 139243
 782058
 875979
 419553
 497108
 237109
 173084
 603882
 688002
 135757
 112128
 196359
 1077839
 822340
 823730
 1088893
 39508
 990849
 686808
 878226
 978760
 32190
 885882
 66077
 894603
 191375
 63489
 348100
 223885
 1058721
 469261
 260694
 38333
 1086731
 263784
 519984
 946772
 945895
 156238
 514036
 809842
 112488
 1059162
 178511
 720432
 564336
 868410
 931042
 258600
 40391
 1089523
 552817
 828164
 363023
 1008270
 1063177
 593294
 62152
 327853
 786378
 145936
 804539
 333565
 8807
 261424
 837122
 68319
 674357
 893745
 650095
 597547
 475978
 1096725
 602593
 1038383
 20195
 228359
 580489
 394632
 568308
 250960
 4787
 405616
 262051
 349469
 285198
 257205
 39323
 253172
 117880
 178435
 165334
 909239
 1032924
 856830
 695968
 1068339
 1050717
 678884
 76764
 623645
 469147
 606652
 703583
 58786
 242395
 958679
 296974
 316665
 1033620
 433649
 1062793
 12048
 276787
 619811
 835669
 655847
 186673
 74401
 895990
 1085968
 892825
 280709
 73997
 55046
 654220
 912101
 54577
 41726
 466546
 756431
 527880
 246382
 605502
 118674
 643956
 386390
 1072564
 1079910
 441228
 457959
 407304
 941124
 968691
 81767
 53832
 654284
 709327
 565715
 445428
 321679
 30427
 149764
 813608
 675113
 105735
 374598
 574501
 1052926
 756062
 1702
 411720
 3168
 372787
 860427
 270215
 622894
 307079
 823987
 981456
 126866
 511864
 419450
 597492
 1046594
 357225
 448681
 237425
 317313
 214893
 63125
 577875
 986739
 1017594
 199482
 33815
 916517
 402146
 1055222
 394848
 775410
 813129
 755959
 510933
 93594
 890623
 424215
 260672
 1097379
 423709
 67986
 938713
 1043903
 149500
 527193
 106594
 157254
 464233
 1034479
 404917
 783106
 373443
 783933
 507009
 314316
 581226
 137165
 728575
 588694
 439223
 682665
 391382
 475968
 294201
 374701
 244235
 628384
 375321
 604775
 371038
 364006
 668286
 572811
 179657
 339358
 677776
 476641
 104226
 1091245
 601201
 909699
 141697
 548780
 436812
 591474
 694787
 641448
 768991
 310525
 877041
 82438
 221715
 411230
 426311
 313909
 541019
 302373
 462011
 1040996
 713891
 802367
 650556
 611292
 826352
 523494
 578698
 308394
 810318
 191405
 890857
 205592
 16571
 241516
 534115
 559535
 1052819
 550629
 523433
 132983
 944769
 72542
 138498
 1066804
 560554
 445451
 851886
 286396
 827530
 151176
 806976
 883714
 607154
 668313
 754506
 874824
 807461
 260829
 906242
 562097
 57133
 199242
 167659
 468260
 179549
 1012262
 635808
 89125
 249583
 209961
 790966
 121390
 652349
 997263
 269615
 483282
 707671
 112605
 645516
 243293
 845653
 956350
 560071
 773523
 190564
 426749
 951488
 855029
 53217
 399512
 501657
 8065
 523158
 405548
 916338
 243940
 607177
 353686
 514928
 558586
 531557
 84643
 154172
 1021849
 1051236
 261967
 607373
 396222
 850709
 308913
 994806
 964074
 188056
 1059511
 560379
 617501
 386190
 141256
 95908
 336018
 387632
 407750
 564358
 481273
 914087
 393836
 898032
 494443
 72020
 509430
 129396
 99093
 671079
 913389
 655871
 787211
 8780
 527105
 109734
 1094450
 518257
 195860
 1088681
 625115
 111666
 245219
 1025861
 849314
 68637
 624447
 814832
 431627
 436302
 737849
 544892
 843462
 378435
 1059138
 243379
 1039859
 449832
 329853
 969857
 288126
 1062372
 486368
 695368
 157533
 870059
 143786
 1088395
 336720
 458353
 1035731
 119644
 2058
 637166
 619437
 507395
 413326
 480304
 337467
 881117
 1049193
 484717
 640748
 604108
 462646
 1064843
 270757
 699811
 276550
 973268
 306082
 57298
 882173
 594850
 860706
 518926
 833304
 455496
 123308
 634591
 82326
 448882
 504105
 1073860
 699891
 1096267
 828710
 223277
 913974
 974563
 376985
 885772
 378769
 42970
 336093
 1021682
 75749
 1001804
 8303
 822279
 413490
 986302
 1016188
 250800
 482720
 870111
 726156
 547938
 574856
 961224
 403111
 650095
 751471
 226073
 821521
 896614
 335758
 1023628
 469717
 335084
 382036
 1096754
 1004385
 325832
 737370
 350150
 19649
 650088
 892076
 593363
 770339
 22956
 465172
 760854
 102371
 89354
 1083600
 654279
 416149
 168684
 397874
 58470
 781330
 737249
 100326
 775991
 729292
 187233
 365978
 908425
 963729
 51313
 1040692
 586175
 1060887
 136873
 240776
 1066108
 45645
 572619
 629750
 609636
 231932
 596339
 492200
 469661
 729505
 932171
 310883
 165499
 1033552
 648750
 1014025
 1057190
 166523
 695753
 108839
 557791
 317332
 957893
 145270
 236408
 30832
 95395
 1095531
 180565
 997553
 646082
 494442
 878762
 1046062
 124165
 188309
 604228
 129115
 565967
 249161
 643028
 622732
 911174
 839684
 410231
 319659
 931328
 163971
 679490
 519447
 502995
 442111
 48816
 582377
 1015243
 513969
 984630
 368010
 862980
 813796
 791908
 954389
 69929
 974561
 48905
 696323
 920100
 624212
 765090
 886307
 856204
 460078
 67243
 705371
 102933
 1017441
 639893
 26222
 457156
 192385
 224192
 1092684
 1083338
 706827
 995731
 1088299
 620683
 247670
 682951
 497823
 745888
 690101
 367366
 4751
 430326
 536771
 482261
 61029
 489966
 452312
 633236
 432200
 54564
 62751
 746182
 1067319
 382897
 325553
 274571
 612216
 742777
 474351
 241085
 501824
 579735
 378742
 364523
 836548
 599429
 669235
 622312
 699737
 247156
 543594
 363994
 256056
 206330
 783686
 991137
 171697
 56065
 429073
 936763
 1050491
 847328
 505606
 485502
 816625
 384466
 1032202
 78560
 752420
 388170
 855606
 811090
 387709
 4082
 397683
 218755
 958354
 991565
 939767
 1018211
 198758
 120542
 606441
 597921
 881819
 127977
 862027
 8157
 932207
 266480
 174655
 606853
 303786
 956470
 650169
 863090
 344532
 49310
 842464
 969610
 483655
 32979
 807578
 820908
 950306
 236985
 177081
 160209
 1051013
 1002254
 47878
 148764
 1044222
 116315
 387025
 461225
 214890
 175866
 275753
 786888
 446816
 751864
 915996
 980972
 620310
 438488
 458609
 100207
 582553
 604765
 620611
 497018
 975830
 308387
 1022702
 803622
 312091
 478868
 826420
 509917
 496332
 917776
 504133
 1024179
 392850
 814773
 476251
 85989
 494681
 820337
 272238
 69502
 989903
 1074112
 145041
 1014866
 154282
 246424
 47553
 38155
 476412
 242726
 360345
 44213
 434943
 286271
 534051
 629991
 684827
 191438
 903052
 698702
 1068870
 727655
 120072
 189422
 167180
 714203
 276367
 1091961
 417419
 274706
 184596
 1072410
 549489
 708733
 42146
 71917
 319497
 687328
 365748
 696123
 132316
 828114
 980225
 229335
 612629
 129463
 166016
 714091
 966217
 505229
 664738
 319533
 965068
 7589
 752222
 1025405
 600835
 328279
 677521
 284175
 87854
 584877
 804112
 844182
 800179
 919692
 461481
 450700
 131386
 403646
 183453
 579547
 109493
 882846
 646490
 672319
 607129
 510756
 187162
 195789
 943685
 669508
 756959
 1051970
 344033
 54464
 231146
 224758
 917004
 1070631
 720258
 533493
 344963
 718034
 393136
 460703
 988427
 882626
 660454
 539619
 913437
 883661
 726469
 560673
 838972
 780609
 766056
 941581
 910204
 523263
 233398
 338587
 1069582
 1044033
 942357
 122203
 754044
 452340
 823624
 969783
 803662
 211853
 178350
 988886
 849060
 42511
 66807
 525809
 770830
 298883
 728357
 729272
 23969
 972802
 902253
 799604
 8402
 486649
 935194
 138800
 659959
 1077953
 278976
 1058647
 186794
 1071704
 740222
 127684
 924201
 734917
 455025
 758234
 88745
 862056
 453903
 253853
 210414
 242711
 554711
 290147
 708160
 856048
 1067211
 967000
 828579
 861615
 471001
 706807
 627104
 803965
 642607
 594687
 644244
 889439
 652697
 1031411
 862272
 534972
 1095855
 977230
 822412
 65100
 1004336
 330048
 64546
 20866
 1047178
 825391
 744074
 1077423
 845366
 816329
 42559
 639206
 282508
 166271
 521884
 428450
 911928
 432687
 481705
 427602
 207843
 182385
 272510
 997385
 473681
 627640
 409525
 1014350
 94348
 751534
 699816
 979829
 534701
 870536
 833531
 447240
 458666
 112583
 779065
 995542
 839427
 1013405
 594828
 327684
 249724
 66419
 385920
 204040
 633359
 605302
 1058156
 969829
 795714
 320767
 828449
 614575
 754858
 2482
 235516
 124969
 841059
 347370
 754961
 590103
 103973
 26219
 948892
 849326
 868924
 900328
 1089981
 675696
 835398
 272269
 129108
 833265
 1023272
 728377
 196952
 484358
 537693
 787517
 420513
 683423
 302828
 961370
 654621
 570324
 411541
 128465
 849015
 52454
 1025131
 939755
 612789
 313814
 494461
 123365
 941535
 843581
 98403
 761754
 896376
 923536
 222486
 142879
 538572
 175799
 170872
 779198
 1028185
 260792
 293375
 660091
 987236
 197088
 549155
 657589
 1067830
 898358
 1072693
 630389
 300677
 928471
 1001446
 466150
 835142
 366614
 782609
 569275
 639658
 954524
 776342
 420117
 1074927
 1056372
 681324
 241827
 736844
 431432
 596142
 343784
 816717
 281187
 838944
 937433
 805841
 251363
 609652
 769063
 540820
 909579
 242335
 989902
 970726
 56074
 408773
 39932
 1032483
 739751
 848725
 1042440
 400623
 149281
 618695
 965825
 848632
 539668
 497161
 854053
 1028914
 866075
 471386
 877120
 624355
 275282
 203779
 165602
 231388
 337502
 222958
 546436
 746950
 87970
 71234
 115006
 478355
 182760
 675567
 100108
 210152
 371473
 157009
 1032693
 483845
 381488
 775343
 244584
 341373
 246369
 44561
 565633
 231753
 557842
 358898
 997835
 477049
 336093
 49944
 126395
 829118
 770098
 121273
 368139
 1024025
 466569
 601058
 563551
 941542
 1004717
 598560
 727906
 488937
 834464
 1063799
 220007
 817667
 209974
 167190
 321258
 1065876
 952876
 178875
 186294
 498408
 420902
 577025
 700662
 346777
 510983
 391069
 236617
 357644
 1072385
 596900
 331719
 267417
 938172
 558400
 551473
 731421
 475527
 1072248
 820155
 1049842
 170444
 1048289
 356923
 47837
 132307
 569930
 935545
 1061599
 343089
 359713
 619378
 600139
 538448
 715275
 150802
 186946
 300323
 1056555
 539598
 690696
 114883
 1025090
 354470
 556974
 422801
 135308
 665842
 292110
 714617
 868095
 572027
 778909
 82702
 395970
 685455
 557142
 344602
 838148
 55382
 83859
 742166
 1073998
 521750
 69705
 1069329
 171727
 656540
 181019
 688532
 1048734
 111579
 779094
 163144
 233609
 232358
 31874
 628851
 473801
 14291
 952139
 957941
 417707
 749486
 938732
 311958
 688249
 554262
 719085
 431746
 457536
 186418
 727679
 30165
 264003
 645493
 586277
 174081
 581699
 313764
 432058
 660153
 702902
 341922
 324586
 108772
 710747
 412408
 467276
 623076
 290535
 957989
 199835
 5174
 403906
 843878
 564534
 816872
 989299
 1085557
 617199
 408829
 1005093
 195895
 303836
 1046810
 1011735
 767783
 702768
 332291
 1067643
 1013709
 973868
 195642
 16231
 609458
 585825
 828968
 201551
 690838
 193021
 791407
 775640
 845429
 709838
 888342
 631700
 428942
 108713
 960237
 722508
 541028
 26153
 321060
 274315
 487065
 612234
 571078
 798743
 864470
 111428
 267133
 928094
 660239
 664974
 347252
 566227
 606673
 13537
 1079478
 780324
 91741
 1077613
 142834
 494452
 488200
 49328
 339723
 808607
 618548
 901245
 584358
 65112
 688026
 673180
 837587
 933905
 865914
 689145
 589237
 207834
 1008964
 39817
 19526
 687562
 413422
 830631
 155902
 357360
 444505
 549857
 887664
 1031469
 991467
 1004331
 330828
 1054273
 5639
 260353
 13739
 274860
 135345
 360103
 600937
 1074353
 396908
 834774
 896399
 481251
 615026
 222592
 308624
 126398
 856713
 747411
 370777
 488361
 896598
 1002911
 497711
 491953
 516608
 820790
 904719
 334908
 947273
 824023
 360699
 705368
 311657
 1074963
 734606
 1057495
 979758
 686479
 1003188
 197694
 433552
 1038553
 579880
 858717
 949111
 518299
 730467
 651028
 261766
 956543
 791393
 428418
 133467
 804558
 853026
 348149
 874841
 477923
 623439
 409247
 448931
 562094
 352644
 903755
 329362
 78390
 748266
 174274
 890756
 1073462
 107715
 178887
 238811
 552055
 1036055
 934211
 138547
 594768
 216094
 356839
 135257
 798788
 256274
 475320
 771709
 112377
 469975
 120601
 420125
 1005229
 835510
 688444
 452725
 1011987
 300966
 801593
 471972
 613096
 737460
 453075
 234631
 494267
 30348
 771131
 396018
 177745
 998230
 712805
 717918
 308128
 314676
 819925
 498654
 108474
 971302
 654622
 333916
 216806
 911103
 387681
 539028
 1016473
 903991
 306081
 1065442
 84414
 554805
 1062088
 418529
 511713
 18281
 163622
 922258
 33792
 534763
 104375
 436104
 436940
 461073
 357752
 1009832
 844527
 403048
 192577
 350552
 913857
 607181
 14576
 480360
 323547
 732646
 268100
 460903
 531502
 638945
 120175
 689114
 1027585
 137811
 456629
 345830
 209693
 266496
 233594
 224580
 516799
 1028489
 350537
 681964
 990842
 823544
 202884
 872657
 124993
 855666
 539836
 99699
 331372
 961232
 647958
 654309
 204415
 638607
 887321
 960580
 545450
 1032557
 542118
 622551
 394443
 230468
 204605
 922227
 136995
 660085
 501756
 902122
 280394
 1090927
 366491
 573478
 26084
 183913
 691720
 729588
 887729
 319289
 405650
 1075273
 61454
 9688
 282711
 222466
 1099688
 204999
 862971
 863054
 1090793
 721203
 414546
 312221
 571432
 725938
 180323
 330016
 661611
 564659
 803417
 821443
 391989
 1027191
 89610
 575839
 667774
 43208
 269232
 107634
 450284
 869773
 292051
 286021
 117250
 103881
 213680
 332525
 716215
 803811
 539667
 544172
 157453
 826559
 167406
 812931
 438538
 1042413
 354733
 625944
 838540
 484223
 246108
 729595
 435966
 257992
 807490
 148431
 823066
 104183
 392801
 3523
 1009072
 185657
 794727
 918090
 222436
 893101
 549907
 968270
 257091
 519923
 970452
 56254
 771223
 560747
 788692
 763022
 323034
 590243
 603118
 38375
 801871
 360653
 128779
 909404
 548814
 39506
 391770
 84789
 744838
 1098502
 1020258
 696536
 943531
 361557
 562506
 226104
 940137
 909002
 483765
 810600
 932361
 669663
 857157
 128896
 175900
 406258
 182876
 11518
 122649
 950722
 408280
 249843
 463627
 902919
 912474
 745415
 513166
 863651
 625301
 305896
 247818
 616511
 871707
 525139
 960102
 633179
 721736
 965967
 858999
 457350
 1039953
 547517
 541095
 101581
 349425
 1005328
 255318
 68281
 971591
 1052318
 847525
 96147
 1042372
 32491
 183357
 409371
 698670
 811323
 95408
 143895
 116510
 484743
 20138
 196838
 831271
 340840
 889413
 611356
 90567
 457800
 88454
 927307
 790236
 715346
 1046218
 709364
 845092
 124892
 583075
 595682
 999646
 503324
 235262
 632423
 993984
 73010
 723016
 981624
 964166
 573297
 576002
 274270
 762328
 1084929
 612972
 410584
 934501
 632982
 365289
 677193
 100402
 891035
 538157
 279793
 1009474
 900414
 397853
 906337
 679354
 515468
 714353
 384407
 465982
 926902
 367840
 464321
 1000848
 156695
 1053791
 256847
 536747
 939114
 858332
 791647
 887142
 720872
 1027826
 771206
 988872
 948223
 721047
 3047
 736656
 253351
 610355
 615796
 835846
 573489
 914192
 436685
 701450
 35850
 203400
 816439
 293966
 8618
 576800
 953518
 736527
 741883
 149110
 208369
 451096
 589284
 195981
 924185
 765984
 780936
 621853
 557955
 510409
 127776
 367572
 107358
 163056
 1033734
 304786
 116844
 298772
 647692
 564126
 739389
 541480
 63154
 1029196
 178172
 786287
 611038
 738448
 916785
 433579
 930356
 1074850
 286192
 1068794
 551998
 655844
 185488
 933326
 1062686
 895482
 679978
 1044992
 402021
 911562
 540970
 792811
 1045973
 260260
 564351
 1018436
 46615
 23848
 740012
 405519
 537883
 255818
 529865
 473060
 613090
 829270
 713133
 903757
 989645
 431925
 410257
 506482
 143839
 716356
 867998
 866130
 808259
 808189
 1080267
 813740
 804716
 374082
 45636
 81747
 797615
 697875
 621211
 941541
 27399
 901035
 407189
 157397
 911761
 920953
 908737
 708695
 1046593
 724399
 1060559
 75400
 393941
 1071053
 718026
 780751
 858296
 911221
 66300
 423944
 397649
 261013
 1049961
 929542
 81637
 391660
 190901
 577096
 834608
 263240
 848977
 1024515
 1098710
 28577
 1066056
 352411
 1014422
 234732
 372086
 29636
 179909
 1034221
 1026584
 826599
 561636
 532677
 129966
 515612
 1093361
 284862
 41533
 277784
 847262
 1022372
 577331
 522068
 202168
 760370
 63901
 625823
 959216
 42234
 1005783
 452071
 508161
 1049421
 128951
 965333
 943933
 1046486
 798642
 343203
 124708
 197449
 11965
 265162
 102715
 1050659
 1086645
 669045
 811816
 138194
 980334
 347213
 1292
 547081
 670829
 86003
 45811
 1059741
 208478
 1066154
 347102
 469035
 1019056
 1013191
 1038613
 28408
 179002
 515833
 136571
 123527
 934745
 39218
 512160
 663746
 923257
 215962
 355418
 564853
 379851
 1023060
 516269
 81130
 879794
 1087049
 674800
 841144
 448242
 946453
 834786
 90545
 383800
 677035
 360412
 136027
 635222
 224125
 503776
 284051
 1096819
 623428
 331927
 971486
 196063
 69592
 152262
 465292
 1029281
 963544
 229031
 121651
 497860
 940775
 690951
 854532
 622013
 185610
 211248
 229886
 830118
 32835
 529229
 242063
 986743
 251843
 975289
 131979
 359983
 602639
 115522
 975081
 652562
 761579
 851305
 920883
 830892
 151126
 676362
 350656
 609389
 355686
 709821
 553850
 335855
 1024169
 912430
 556718
 434904
 760153
 72221
 566837
 120628
 22996
 550753
 341156
 151786
 396789
 927799
 938919
 760561
 476893
 788683
 806345
 819016
 700034
 233096
 824514
 140676
 422433
 260449
 267780
 856161
 958727
 607600
 572738
 1074366
 965200
 1043523
 602685
 178786
 2437
 66333
 516801
 458416
 389826
 500667
 846461
 788046
 992909
 1084993
 653139
 962722
 52491
 425282
 59584
 565057
 50685
 479159
 267101
 429405
 1091723
 779154
 1003333
 93751
 961212
 631779
 153823
 56182
 129460
 1086960
 755006
 875414
 727968
 670696
 273325
 584366
 644415
 410483
 302063
 153386
 471362
 564552
 657072
 440170
 252773
 589959
 944182
 643400
 24351
 635159
 933916
 27672
 325511
 612840
 744651
 21397
 897947
 183514
 487715
 221057
 688579
 49353
 454783
 210061
 665018
 1099722
 886101
 276690
 369000
 107909
 22143
 82360
 491186
 1028242
 907696
 963392
 664067
 596653
 595866
 392457
 806026
 500477
 948565
 719224
 839620
 892475
 179080
 116955
 440909
 1034055
 679122
 72263
 1037603
 439217
 1063208
 735947
 956167
 956936
 962813
 187242
 145416
 278636
 332757
 1047208
 813286
 66149
 106380
 68201
 726455
 118178
 918909
 636477
 592045
 761660
 324245
 1069667
 219738
 842973
 312162
 1068547
 428749
 971293
 1001040
 315446
 328534
 1030192
 281221
 1024813
 1049889
 907486
 31122
 701349
 347799
 239801
 996020
 677474
 126543
 384243
 710555
 300807
 16958
 889855
 974719
 1021124
 615801
 413349
 117040
 438762
 471931
 426130
 1097955
 241489
 799181
 515509
 770623
 201280
 593670
 587679
 974006
 251617
 1087844
 891766
 680266
 1014878
 8786
 1087154
 699795
 757522
 895371
 704165
 796534
 882140
 549151
 482169
 24664
 322815
 350144
 883755
 95486
 297866
 212140
 327024
 893541
 675957
 517863
 898701
 822064
 891268
 1015998
 103305
 174231
 879256
 542179
 234092
 186558
 1007078
 328539
 142400
 750617
 136696
 523257
 584564
 205349
 1094100
 78856
 516877
 258022
 76976
 146571
 1056131
 798886
 697598
 969893
 959237
 414371
 594498
 114856
 821106
 812505
 910325
 538589
 608418
 752645
 785382
 404902
 665072
 287731
 980481
 199384
 1089571
 479685
 635110
 369271
 956618
 309748
 119253
 763288
 524086
 289381
 38048
 970473
 181700
 149095
 542486
 448250
 482825
 987982
 816663
 891559
 1040043
 24280
 688458
 911291
 817033
 984339
 199108
 340867
 190726
 532746
 907435
 667881
 435138
 435863
 1091512
 156080
 123562
 683489
 738384
 916311
 1013072
 669573
 728038
 675290
 42363
 610260
 913242
 602751
 195590
 942976
 783844
 865555
 549365
 930012
 243878
 326001
 724667
 358334
 1011270
 233479
 779159
 184201
 771979
 636397
 246127
 445634
 661306
 413628
 966940
 746468
 135105
 366096
 110181
 67636
 340657
 360650
 845849
 1058697
 992158
 806554
 1017969
 867938
 772714
 438046
 355353
 956080
 812964
 396999
 1043008
 299570
 970060
 905739
 111779
 557713
 462527
 695871
 636014
 714418
 404406
 445278
 472894
 125933
 190563
 1038713
 982578
 1024908
 484963
 264214
 599981
 475117
 20279
 1075505
 510941
 429147
 708906
 325929
 743256
 860029
 425353
 1083904
 149054
 539683
 834469
 769572
 718968
 1014522
 444553
 1042713
 178730
 63532
 900888
 121356
 620302
 25792
 186669
 994733
 811202
 125737
 174462
 51409
 610021
 107096
 602964
 894581
 157776
 692900
 411263
 99128
 280171
 743154
 10118
 597996
 446678
 434593
 952718
 946339
 1096625
 222265
 556187
 290278
 189908
 1083351
 1001103
 629602
 479464
 401667
 488010
 169629
 272668
 361385
 936869
 1038249
 1095631
 933352
 621191
 459903
 314766
 814934
 354762
 310415
 853804
 32487
 432653
 280284
 266961
 211931
 91538
 293804
 645484
 106950
 1074008
 661435
 190443
 771074
 598515
 805205
 445509
 14198
 330392
 660428
 604098
 296584
 328170
 170675
 321183
 367169
 209299
 678243
 517949
 401789
 116774
 102778
 260571
 413772
 30003
 986814
 310184
 605352
 823891
 459042
 822388
 788247
 356701
 170681
 807560
 1082082
 533058
 933023
 204012
 386989
 699936
 706790
 534949
 99121
 365147
 665030
 924155
 354841
 214215
 224454
 725860
 282060
 881339
 469085
 654540
 456773
 1099038
 850588
 1017411
 457413
 656997
 654571
 189030
 745157
 1062632
 302293
 1011821
 597555
 350647
 226140
 229170
 879164
 446589
 938163
 340467
 339866
 650353
 24890
 808978
 474452
 174308
 908622
 997052
 980021
 19756
 804732
 235721
 1002039
 766013
 767315
 996180
 635426
 19503
 158491
 697633
 811612
 786525
 855575
 835936
 1020192
 678072
 758257
 80277
 73877
 111713
 882706
 28345
 248858
 493199
 301930
 285559
 947628
 859851
 550054
 521319
 221089
 565541
 914219
 474973
 326785
 178366
 13193
 521201
 808665
 874131
 721592
 963364
 114526
 603309
 174055
 335494
 583154
 1002280
 766352
 255345
 785295
 46413
 770113
 81477
 23075
 823433
 409640
 78677
 324750
 449500
 824020
 760798
 26625
 81343
 1094988
