954276
 238703
 739973
 431991
 696586
 1000002
 667487
 207204
 503488
 532730
 683993
 395943
 232154
 225510
 484698
 223487
 535263
 884178
 346575
 826914
 130909
 30173
 1010099
 45601
 1039608
 619195
 1092333
 17428
 900805
 5898
 20912
 265515
 1079764
 110712
 328945
 339677
 42731
 693992
 1027922
 93553
 93429
 716615
 218074
 370966
 893970
 227344
 356753
 779243
 669332
 846026
 700004
 384129
 467195
 271575
 351061
 527697
 159955
 957281
 1072566
 709950
 281282
 1081726
 776184
 168624
 266318
 209154
 318400
 68015
 518081
 77944
 456370
 36348
 790739
 437679
 958518
 62950
 150370
 792386
 826787
 315093
 740460
 343332
 1030315
 1071656
 609159
 999666
 215655
 228582
 486176
 123052
 481112
 598813
 151596
 511675
 234331
 366970
 939803
 811850
 598894
 29931
 306665
 649507
 418924
 776200
 1061109
 1021100
 299214
 1035663
 711842
 162275
 217420
 327049
 390241
 1033623
 553292
 746441
 781111
 141471
 340436
 43826
 460114
 739245
 1099155
 391060
 1042856
 136041
 994215
 99210
 341677
 423740
 775167
 100183
 1017473
 33077
 582173
 709111
 598786
 875921
 1071908
 398402
 49787
 1009550
 567172
 239114
 1062645
 766683
 1098025
 1090152
 564232
 716707
 938998
 289492
 246114
 536451
 407364
 441187
 341891
 956180
 1040057
 361204
 317183
 128562
 133900
 686713
 397662
 346909
 665858
 758052
 721374
 364679
 1066827
 844521
 363257
 998914
 65583
 15414
 681257
 764394
 8299
 914083
 582137
 590547
 458099
 45737
 179215
 581192
 870530
 799249
 126135
 710313
 525445
 467699
 3139
 591389
 895652
 347598
 116972
 402851
 888452
 736760
 301246
 702838
 27667
 626424
 213462
 291271
 93605
 484604
 488780
 263557
 626522
 38576
 71661
 1033542
 308871
 398466
 923666
 7744
 342578
 351245
 818281
 392485
 325124
 1089150
 985783
 62102
 833607
 378053
 314954
 431062
 114217
 762075
 440388
 782546
 464717
 257981
 377831
 96112
 88677
 864617
 149876
 827599
 606468
 776360
 1098318
 135929
 1049953
 997267
 1056209
 16931
 242201
 1087923
 949616
 299674
 690868
 72513
 64784
 850411
 528628
 619272
 483115
 973761
 300617
 97622
 829807
 735684
 600655
 533258
 121270
 100107
 441635
 91305
 82958
 289608
 709456
 490812
 975608
 92081
 478959
 515139
 864387
 559120
 809405
 293699
 317210
 146174
 991522
 939068
 116899
 1066299
 936608
 671446
 541646
 570152
 957738
 939209
 78833
 710446
 844383
 244888
 672977
 1085049
 842076
 1045510
 198067
 799485
 1052400
 809064
 494516
 765072
 427784
 226553
 772045
 185341
 613861
 792931
 920157
 45825
 51980
 963065
 157474
 825473
 653414
 164811
 797213
 243900
 567400
 843659
 630261
 224448
 662730
 1013891
 480618
 610627
 398186
 85074
 449579
 784122
 665422
 229211
 47663
 352862
 343646
 680755
 564480
 1082778
 588176
 78181
 881765
 254007
 658930
 291044
 653754
 686010
 700821
 412926
 832404
 121230
 607978
 278707
 778014
 677326
 150340
 390949
 320514
 325379
 231769
 144635
 130753
 315973
 987526
 126653
 670677
 858406
 120196
 642773
 794651
 973665
 37988
 454585
 4483
 61473
 121998
 1075303
 357854
 709594
 341377
 858109
 327952
 899406
 593808
 826333
 591242
 526062
 750957
 336836
 337684
 61954
 1002461
 339832
 436073
 251457
 732946
 204354
 611934
 1095370
 465691
 772662
 22716
 1034679
 594388
 1058942
 627776
 368216
 815895
 575687
 914737
 173261
 290248
 8107
 501491
 227552
 455132
 50547
 1038917
 554790
 458902
 1027379
 885315
 820065
 355886
 155727
 157899
 701642
 307819
 561790
 89904
 898788
 491588
 1054294
 613306
 1008018
 635605
 219588
 956955
 47643
 487397
 844215
 773621
 921070
 898150
 1033018
 410004
 1010846
 907036
 401812
 253785
 223788
 678776
 892635
 588730
 105083
 805420
 865216
 374161
 989865
 520268
 470767
 608190
 45854
 956645
 398676
 25442
 83887
 1098960
 937622
 1039777
 665592
 1097512
 842735
 640939
 104904
 337373
 433284
 864493
 678714
 398413
 1009506
 686354
 250442
 326899
 101746
 529140
 785514
 44218
 471285
 904249
 828726
 298715
 822010
 1083660
 380165
 651408
 824368
 1032408
 542678
 591437
 260899
 550847
 996237
 775867
 111002
 63054
 900162
 1084359
 25104
 750994
 231692
 816350
 1002584
 218696
 308648
 1082421
 623430
 702724
 1047734
 257759
 815785
 407930
 710993
 425465
 614438
 803947
 900067
 823017
 817383
 1098547
 132776
 663596
 13096
 283812
 4237
 106933
 174489
 570323
 146953
 794679
 18601
 493337
 1097120
 765988
 396191
 1071561
 959206
 220338
 758902
 335433
 703258
 799968
 961071
 967494
 577666
 744555
 824663
 507590
 334094
 200548
 571842
 204576
 540766
 119652
 1072795
 151284
 240385
 1061640
 942664
 1089786
 436298
 736867
 252496
 223372
 594556
 296391
 66074
 417303
 161225
 521494
 821188
 652204
 405842
 665082
 55318
 1022002
 932232
 1025643
 238418
 97703
 1069239
 540625
 78236
 813861
 142373
 15657
 949407
 240151
 771292
 965106
 680090
 867948
 79026
 597354
 230704
 226738
 973238
 343165
 86943
 126309
 906891
 879224
 644837
 327303
 418047
 1091496
 767498
 344674
 469692
 871557
 426193
 247973
 374630
 687734
 149495
 802977
 149366
 245373
 1041105
 1069988
 296929
 398701
 192887
 404078
 971371
 210990
 120664
 29578
 419777
 472730
 38077
 1007218
 306512
 327208
 290584
 220376
 823865
 641501
 1050257
 148968
 265553
 879119
 154068
 1075525
 515511
 1066193
 452577
 233366
 927273
 50250
 605877
 492760
 561317
 241883
 502207
 357823
 19188
 945594
 313707
 104895
 672320
 26258
 964017
 907664
 225111
 623110
 252525
 343957
 25879
 673916
 838381
 346678
 985896
 377823
 39950
 835479
 443454
 734885
 1080209
 282287
 501080
 642767
 198345
 195575
 491501
 581309
 699699
 298345
 5843
 116460
 954680
 505789
 638776
 382791
 354494
 890746
 327381
 782377
 696172
 863198
 565457
 1047874
 1063805
 400481
 245055
 173570
 828403
 294285
 731225
 1061558
 65624
 444339
 402742
 586350
 149926
 913822
 876513
 670569
 1006234
 1035642
 144913
 875364
 13379
 423955
 138946
 291106
 976934
 437696
 683781
 317295
 315215
 1029890
 797589
 1044728
 824970
 128081
 591028
 68302
 146853
 488777
 165172
 277749
 821710
 157888
 844956
 944332
 294590
 240179
 630699
 370527
 260100
 966491
 232457
 254228
 149139
 171961
 930278
 240359
 633212
 856775
 912294
 742442
 959641
 404811
 158194
 316032
 900761
 560896
 944765
 418192
 118206
 130317
 180441
 480057
 248978
 733246
 903865
 206528
 772442
 539478
 494097
 693386
 907167
 544337
 677183
 170511
 90584
 968183
 814840
 793940
 402165
 749417
 337050
 847900
 65546
 792871
 798259
 559359
 11043
 174410
 477717
 1095867
 192920
 196476
 552086
 457762
 596509
 647961
 510109
 128765
 10757
 1074236
 761722
 991600
 211297
 743939
 770454
 981209
 173704
 926089
 140924
 833436
 607095
 398190
 528946
 437245
 844618
 931495
 797452
 558695
 208325
 942433
 921974
 911131
 209511
 1027909
 595529
 513384
 785830
 431551
 664046
 399976
 50722
 889698
 83479
 395526
 76080
 768775
 437896
 70609
 31752
 578024
 1045949
 441327
 256411
 679488
 400027
 358317
 165840
 1056588
 1081500
 1029660
 901701
 1073336
 760509
 1044585
 340841
 34338
 986029
 1074036
 837712
 703654
 308693
 187113
 302784
 868644
 1013888
 735260
 1044998
 290231
 1074277
 295536
 695376
 712001
 311540
 185665
 936718
 537831
 38575
 786422
 145425
 112487
 119587
 996117
 626190
 10828
 1038999
 821345
 684984
 34539
 814198
 1088689
 347086
 384283
 101334
 589234
 2834
 448840
 961940
 1021456
 327438
 820124
 228982
 989767
 549906
 985153
 580673
 691548
 1026368
 928406
 220817
 1088927
 166022
 337989
 126216
 1062205
 288542
 764900
 973996
 956390
 256244
 664928
 1001089
 77253
 308649
 363287
 1079599
 120962
 84805
 1029008
 584296
 1002751
 439405
 1040443
 228508
 1051036
 601899
 800658
 506541
 553678
 58066
 306495
 42869
 410786
 443730
 659789
 667932
 95393
 803490
 246581
 295584
 714143
 932812
 823757
 174665
 1048540
 206571
 818049
 236142
 769012
 1033914
 1009974
 994389
 744046
 964743
 987725
 231925
 982495
 491147
 161464
 377833
 613237
 393543
 408203
 278146
 292898
 926701
 418762
 630888
 1087442
 38113
 728981
 17611
 1008950
 30650
 108586
 96950
 128121
 196545
 95776
 249911
 977556
 414053
 995708
 688307
 414566
 545846
 136234
 184202
 730135
 330157
 1024768
 416171
 560419
 185014
 24717
 576500
 903761
 817315
 594883
 811821
 390706
 442690
 161109
 486857
 1086807
 1097648
 271660
 568368
 30880
 121049
 323177
 845577
 997066
 148511
 216558
 1093731
 314840
 22700
 235930
 126652
 222607
 72131
 882146
 1090401
 312711
 949018
 566626
 1002897
 57400
 154583
 1099230
 122420
 48412
 143154
 810289
 585893
 451345
 988664
 82831
 155019
 699918
 675821
 526611
 887525
 246483
 991440
 656277
 805171
 394077
 113351
 2397
 246740
 824568
 674461
 568107
 733139
 75589
 716759
 72933
 705188
 218853
 454881
 556760
 633748
 901777
 845356
 228870
 1046347
 434096
 949084
 698719
 258539
 468062
 548412
 1011202
 894248
 289715
 907849
 322516
 637357
 622587
 700688
 678357
 928289
 402240
 778329
 537792
 506499
 590434
 243657
 471138
 168625
 693900
 504370
 726339
 1048159
 379652
 1049975
 1031588
 217458
 358956
 528618
 807333
 169389
 776845
 583046
 115429
 862133
 37244
 937233
 178362
 648615
 382282
 212043
 436791
 573287
 872319
 552375
 644964
 506469
 881733
 71876
 120544
 479494
 976919
 423398
 375031
 336801
 751338
 489711
 357793
 1054917
 113212
 1038899
 559179
 950957
 581624
 743893
 916316
 23562
 378880
 211676
 982734
 952203
 790359
 534882
 549951
 502761
 606472
 996101
 513782
 448090
 293332
 87942
 875802
 447464
 221826
 145853
 1027818
 98187
 813166
 913456
 277981
 233797
 413087
 153108
 927614
 967713
 307687
 606119
 293932
 547897
 317281
 77422
 692471
 277805
 1087668
 622222
 739019
 706203
 938546
 101880
 864834
 1095820
 332697
 185886
 366513
 529013
 350896
 498857
 995509
 282884
 535565
 898675
 918729
 404455
 291237
 129963
 726768
 974304
 975845
 1066167
 1093051
 555576
 592333
 398381
 431272
 127367
 503621
 271084
 1045299
 985021
 921188
 1063062
 896294
 337818
 175092
 647542
 813566
 819715
 1060461
 328016
 691367
 43707
 521977
 652229
 1057451
 738037
 320809
 988620
 339627
 698555
 945397
 1020098
 640826
 847297
 231006
 1057876
 859573
 240675
 250431
 184308
 808716
 522996
 641794
 889182
 508034
 58282
 604447
 111785
 888648
 26126
 459167
 631544
 713641
 1036261
 496652
 449501
 320270
 442002
 287577
 431698
 432640
 123512
 804708
 855571
 680228
 138436
 697288
 308732
 823786
 44739
 803597
 1055495
 567436
 316549
 149541
 837582
 567456
 992985
 933498
 1039813
 610965
 411883
 323350
 185944
 349644
 278752
 1049675
 843968
 250437
 278478
 1053921
 206597
 176153
 431376
 262581
 325040
 852394
 150655
 1095638
 1009502
 648157
 1096904
 577652
 213916
 86885
 92138
 868161
 126589
 180477
 232121
 747165
 917433
 1082148
 536437
 832636
 196997
 895738
 83441
 433738
 141217
 618688
 1021930
 757015
 393335
 254146
 728340
 82681
 405163
 1001160
 988261
 872801
 949907
 374326
 97482
 924848
 662221
 636141
 94601
 167564
 40621
 897721
 809096
 47739
 606365
 789674
 945703
 354701
 392808
 462536
 493518
 892931
 312090
 486810
 333028
 1068458
 1059135
 463650
 42329
 162204
 551440
 666306
 775250
 672272
 1049639
 339839
 7484
 464876
 75115
 793509
 526602
 127743
 128427
 589610
 967815
 968226
 630682
 116932
 300359
 690949
 857050
 708353
 991295
 179652
 433826
 335599
 940235
 426301
 1006818
 167276
 349343
 722306
 423890
 806221
 26792
 54096
 545014
 1054099
 1041642
 409519
 25012
 932436
 1078708
 349567
 49194
 684279
 589761
 714707
 649955
 45980
 442760
 975114
 665435
 819621
 507333
 959839
 899896
 267336
 1070995
 1008742
 343198
 22690
 532041
 615622
 156823
 709836
 524580
 533690
 256864
 1075043
 904310
 367302
 166254
 412688
 626730
 385222
 551732
 743542
 90989
 199529
 672181
 368110
 468897
 758472
 1046235
 704738
 915748
 619630
 367476
 1089970
 884676
 654280
 87947
 328980
 592700
 337816
 65808
 579697
 804760
 888871
 215084
 266114
 855028
 725935
 206249
 1004760
 559167
 399683
 65460
 356427
 139296
 127719
 696030
 144700
 107108
 349499
 871213
 95730
 927256
 468497
 804617
 59247
 909053
 828596
 92970
 94705
 959660
 768868
 910941
 775624
 1013623
 742186
 986816
 71246
 307050
 211050
 615390
 723421
 487561
 58078
 904396
 588050
 1094765
 558738
 973784
 931480
 878874
 440823
 649766
 53287
 481606
 185260
 843929
 524257
 1075472
 751160
 862385
 852058
 540714
 879325
 299028
 885563
 869424
 636960
 213231
 157372
 248077
 685577
 1062759
 1055992
 385725
 275071
 631168
 933283
 844799
 647955
 136302
 540759
 651498
 544985
 93597
 542712
 838984
 687474
 481406
 456112
 830761
 958314
 847712
 610517
 83184
 84705
 1002640
 732577
 6754
 379812
 170139
 433675
 527661
 837416
 792398
 678692
 1092645
 664514
 245077
 880088
 492462
 80308
 3816
 935994
 1005298
 398168
 836210
 92278
 483465
 344664
 285849
 939756
 993293
 96320
 505882
 619449
 507473
 688564
 31988
 759100
 446809
 218195
 722888
 749533
 344204
 285274
 618529
 43116
 357286
 1056475
 839704
 74058
 769735
 175455
 462698
 963710
 449631
 648085
 190232
 643305
 70275
 966570
 579070
 316331
 1045237
 177091
 23177
 795124
 474089
 643944
 56982
 781029
 668823
 744916
 816564
 107294
 12711
 67437
 307341
 89775
 289082
 143199
 407760
 918141
 516670
 406057
 82655
 881253
 90366
 256312
 736177
 773795
 724938
 462596
 909092
 910590
 600214
 435662
 938952
 591759
 573375
 770665
 962419
 533107
 609888
 870799
 999770
 660047
 313739
 682580
 223579
 467091
 126410
 490718
 601951
 546877
 252206
 41442
 1070264
 805555
 352600
 696972
 551268
 331484
 701392
 1011183
 1068673
 88550
 928352
 412276
 200889
 862336
 989491
 500532
 101795
 667554
 954042
 136757
 309972
 229014
 968927
 99536
 148570
 1006977
 851908
 653180
 909678
 275505
 168919
 297669
 308107
 673716
 244567
 358889
 1039171
 1077661
 748087
 1049057
 872298
 656273
 676620
 219294
 655039
 456036
 13183
 532627
 263154
 534307
 231052
 313434
 149051
 20953
 1073742
 375247
 67823
 636797
 980190
 863220
 933346
 776269
 668906
 250406
 524345
 976245
 900966
 747347
 54782
 946356
 1009149
 838040
 485004
 452559
 105482
 406367
 308725
 470617
 719001
 153707
 637647
 1022428
 613570
 598269
 749553
 52927
 465065
 55597
 307138
 272502
 543501
 796343
 719941
 524904
 33505
 568408
 686650
 902947
 442505
 324670
 344648
 816140
 912589
 130026
 485063
 1056829
 1014654
 687483
 486135
 474252
 1047130
 712004
 711629
 830988
 918463
 767760
 1077385
 955387
 198234
 913491
 574965
 837152
 947682
 587365
 607933
 1052675
 802897
 332151
 419910
 450097
 741313
 179838
 147699
 1004925
 310949
 296848
 281683
 417767
 40070
 659244
 744927
 278983
 508034
 987478
 703774
 354412
 148524
 798421
 1025979
 882236
 384089
 244765
 733536
 371262
 979473
 70253
 956472
 407561
 701410
 233058
 228117
 319975
 1044507
 36814
 831547
 60020
 343216
 481835
 123004
 1045929
 621077
 912661
 344184
 543018
 41667
 293010
 558435
 431909
 581556
 557486
 764913
 51420
 1032237
 643993
 368704
 131780
 1031917
 425255
 325151
 30616
 505183
 85657
 574115
 428602
 950985
 737206
 917985
 674100
 1008368
 907550
 335317
 955459
 661849
 562238
 218254
 851866
 333786
 1079701
 371228
 163651
 181505
 1004997
 221987
 69491
 878664
 706042
 911628
 547602
 637508
 567256
 920467
 156298
 263614
 462982
 391511
 886470
 454101
 521256
 224221
 320842
 193909
 392365
 772433
 58891
 193376
 775296
 764930
 978755
 1008173
 626567
 1075169
 370480
 264725
 303948
 702221
 103414
 1040849
 930624
 781810
 323642
 722218
 343019
 1079208
 37357
 920649
 128865
 366868
 860757
 115535
 73563
 67102
 524370
 730906
 796361
 307316
 309811
 171826
 1052202
 1016479
 591777
 981608
 410646
 57207
 763209
 351047
 306719
 200100
 487270
 451221
 669457
 373020
 732041
 547262
 518628
 665879
 914516
 432140
 774916
 795683
 722647
 236322
 144353
 128657
 883690
 585617
 789944
 724643
 977964
 150537
 542912
 78600
 931758
 845714
 790107
 41052
 147751
 159227
 835101
 590198
 336810
 320463
 903252
 991927
 1038795
 350201
 725527
 304695
 275569
 733201
 772448
 991376
 582057
 978616
 366408
 614444
 566273
 324691
 375573
 799350
 841438
 443881
 751496
 978027
 434382
 212147
 821140
 59211
 777981
 838221
 30884
 911594
 635541
 427641
 220058
 348399
