387990
 571099
 519303
 390241
 214517
 669973
 393139
 353438
 503311
 298719
 374959
 793597
 909844
 703805
 567314
 834646
 996761
 788677
 657245
 652743
 1014161
 970822
 729352
 353227
 532886
 1095331
 242924
 192088
 924038
 354187
 700279
 439808
 780980
 448943
 818945
 261709
 1037607
 786985
 173843
 619076
 771765
 601185
 427520
 162760
 898528
 471654
 1004056
 792415
 391172
 596462
 140252
 485259
 304764
 243619
 475229
 103616
 833960
 146979
 72152
 269291
 40124
 638837
 221347
 877120
 120745
 451001
 858834
 428407
 745483
 678242
 312613
 236579
 556513
 510545
 881690
 141818
 867867
 1074662
 381992
 715004
 690081
 130578
 775560
 730892
 933227
 16333
 525885
 1088223
 412794
 697590
 270790
 37539
 1075882
 815707
 978749
 350817
 198725
 325681
 1042556
 283774
 351678
 1002246
 771376
 371997
 301991
 747582
 257363
 864568
 952076
 963831
 626740
 661496
 1074057
 36196
 87023
 277316
 307973
 321983
 821125
 837870
 819047
 577962
 70687
 27511
 415943
 436034
 403193
 12706
 759650
 534711
 924766
 845216
 921150
 109295
 662942
 510366
 235505
 135947
 344595
 1035826
 58829
 995713
 1031811
 680346
 604936
 10418
 321084
 1071033
 567662
 860149
 601065
 108329
 157020
 494352
 715327
 54616
 826201
 140900
 1046813
 812921
 585131
 486180
 40971
 726837
 232988
 797901
 824868
 1087717
 284952
 937719
 10302
 679614
 1006739
 889084
 241797
 379358
 364441
 182415
 215199
 733587
 220848
 925640
 1062283
 929173
 38480
 338599
 390547
 871877
 1013048
 94123
 596783
 862230
 1088107
 691246
 464527
 807962
 842538
 741440
 656900
 204269
 92253
 236821
 1092119
 574308
 609553
 1049850
 402227
 711308
 220090
 190631
 827202
 714316
 886255
 392269
 523586
 1068319
 1037089
 118201
 543141
 389949
 198262
 40370
 588189
 164402
 344490
 856445
 368457
 200528
 581296
 425062
 785970
 182539
 869925
 597423
 905612
 272626
 747173
 1018830
 160041
 508529
 616498
 1078974
 350382
 378732
 326566
 20987
 383924
 36702
 684024
 825425
 147069
 576205
 669722
 466200
 298085
 309825
 623598
 796334
 297801
 355808
 505170
 658324
 1085610
 523216
 169753
 36023
 497197
 340642
 836435
 919750
 935519
 853898
 22580
 30026
 172341
 27982
 845923
 430450
 609156
 1099303
 21657
 1007457
 354228
 398086
 623071
 101484
 620102
 156198
 418459
 940371
 753314
 81769
 950734
 274675
 445439
 877235
 1018530
 919320
 79164
 123240
 650420
 136083
 660873
 502174
 875822
 987296
 1023416
 994427
 254260
 256651
 463745
 1019861
 995977
 464678
 131100
 669315
 14175
 250083
 1095816
 82084
 989109
 198426
 774822
 39703
 527984
 854337
 1059278
 670155
 315687
 491638
 637234
 985449
 1030419
 193908
 52528
 737386
 563735
 609607
 962465
 317809
 132485
 920066
 371911
 869162
 687298
 7711
 92548
 608702
 32263
 48131
 517693
 532617
 721544
 618080
 248425
 871593
 907360
 943050
 595428
 599679
 1092538
 849151
 950096
 301844
 167370
 13005
 479767
 473428
 88608
 268050
 294228
 236918
 914081
 120531
 361183
 921905
 395864
 371432
 167240
 384669
 564742
 224340
 943960
 1077635
 507003
 97695
 434749
 966435
 946901
 152554
 1004075
 648261
 174389
 993276
 625287
 920134
 939460
 661247
 290188
 238093
 653992
 343706
 819319
 598320
 747420
 326947
 641329
 1012334
 117459
 264550
 422479
 115411
 444814
 474055
 802989
 613257
 445177
 1060608
 372322
 809441
 480301
 266707
 948665
 71608
 551405
 982177
 25894
 169295
 281547
 22225
 185842
 287600
 357644
 424661
 312472
 366672
 864683
 448422
 476748
 56843
 263900
 477584
 917173
 1003633
 501643
 39541
 893864
 933697
 1016414
 695225
 916420
 304844
 625811
 115503
 262293
 153833
 269487
 321870
 684525
 121866
 70052
 784596
 898995
 655697
 262252
 311185
 894877
 1047784
 1051808
 126083
 945501
 1097775
 51243
 1048403
 972994
 960572
 444897
 809660
 846074
 52667
 537398
 483626
 377559
 47074
 41775
 605596
 330975
 111235
 315565
 888467
 905058
 1099390
 102666
 871602
 415122
 314409
 31310
 994881
 607239
 752397
 391018
 678226
 5696
 505498
 163800
 993329
 138836
 1063352
 209696
 280727
 770213
 389679
 552731
 882926
 231630
 912709
 885865
 532821
 346450
 1072435
 854305
 947106
 114918
 101673
 552817
 283742
 652378
 734628
 318990
 870073
 588725
 614249
 637623
 1088733
 792733
 828827
 1003819
 181684
 292297
 922227
 39304
 723222
 364885
 188670
 6224
 514603
 338918
 258707
 884168
 430021
 196955
 815193
 328446
 423191
 484644
 46454
 836941
 433479
 358872
 210857
 1030043
 760488
 463821
 375843
 924672
 919707
 953546
 752742
 146986
 834574
 796948
 396950
 104651
 903999
 714891
 865351
 111349
 54029
 474581
 62772
 509682
 985092
 928845
 601404
 103864
 814723
 958487
 137379
 108004
 993058
 867012
 536220
 434823
 988301
 882062
 598580
 862887
 146831
 163368
 546287
 669911
 319746
 348885
 335874
 669326
 621270
 121161
 894691
 578966
 983796
 906073
 605770
 98338
 967083
 596351
 566154
 101818
 444797
 513553
 505814
 712735
 581029
 924053
 523869
 777962
 156726
 589006
 129092
 220222
 29633
 952760
 967238
 212155
 309608
 1022426
 177238
 600198
 797522
 358353
 298240
 690171
 739173
 471982
 872562
 28113
 241700
 764926
 797793
 724762
 156719
 335535
 671207
 1077019
 927162
 796007
 1041889
 877593
 252703
 964202
 71373
 185937
 85717
 995944
 1088871
 632236
 1081229
 83040
 103836
 1013456
 380852
 619381
 561898
 770648
 861578
 957967
 906398
 226017
 713534
 228277
 972971
 715640
 701031
 156466
 753058
 183061
 943829
 874529
 344376
 387803
 158853
 1079293
 886185
 456512
 357769
 421964
 324871
 426455
 842817
 984394
 385274
 41718
 249754
 74245
 631796
 471159
 593636
 276065
 857485
 178516
 405482
 888040
 183681
 1007554
 1026807
 656852
 199802
 816228
 216096
 349324
 858247
 425547
 857241
 179758
 717878
 1005280
 960118
 706466
 799256
 924618
 692016
 424786
 179954
 117956
 858213
 864269
 264479
 199969
 836120
 248710
 726107
 1031061
 103290
 566930
 481602
 532479
 1044133
 908158
 703267
 709889
 648934
 324173
 170991
 1002171
 611759
 330270
 876127
 241179
 115325
 1065140
 633633
 970284
 80764
 871399
 483127
 469842
 44304
 410561
 427098
 409650
 724593
 660385
 912782
 139797
 286028
 397050
 460724
 160923
 655107
 6717
 540918
 334954
 867226
 843693
 66204
 473403
 722831
 13645
 592317
 73931
 380665
 546347
 397571
 1089822
 618174
 1087889
 610567
 210162
 939700
 661944
 43101
 1021484
 439314
 33122
 684161
 817809
 1007645
 556514
 524473
 1064831
 988732
 843265
 666930
 6698
 651454
 597000
 568369
 985137
 363402
 953838
 121818
 747907
 1049305
 813913
 840907
 993971
 827585
 541252
 283421
 957602
 659769
 421714
 461633
 975768
 814947
 821435
 935586
 1076920
 750849
 348640
 434498
 895838
 1046271
 537660
 983755
 417998
 935458
 1041694
 946519
 196755
 866128
 132789
 448508
 424527
 962412
 391588
 802523
 667741
 253186
 209890
 867558
 407544
 523719
 1049166
 657152
 398793
 734854
 831072
 1044560
 867950
 816797
 411625
 962767
 162286
 509764
 454458
 493657
 938466
 147894
 534084
 128224
 449887
 314104
 319085
 3586
 779899
 224258
 412753
 576596
 975209
 54573
 500745
 979343
 919076
 444202
 88880
 648270
 220664
 30916
 646864
 1064064
 851609
 182476
 431354
 579454
 864539
 688965
 502727
 548463
 229115
 34424
 657733
 21579
 576060
 869654
 503104
 237872
 360764
 747895
 1065848
 876088
 5690
 55885
 613709
 741673
 649797
 446532
 2742
 692236
 429715
 112232
 421197
 146664
 1091922
 409718
 416769
 6366
 215022
 255493
 1044696
 502815
 160909
 717399
 283940
 320091
 851001
 397479
 225354
 146348
 682564
 455053
 140825
 204067
 712098
 117225
 64817
 801496
 502692
 345607
 1017853
 702235
 696460
 1068250
 94577
 813671
 129910
 715937
 574709
 273364
 361868
 295912
 820577
 766266
 4114
 1065983
 306730
 532659
 892666
 79382
 113406
 389699
 569566
 187185
 131337
 887068
 386095
 958914
 481052
 763028
 189081
 525397
 518814
 909858
 375412
 66766
 247467
 291429
 698955
 291235
 437389
 600887
 861573
 61418
 127027
 48777
 644085
 614436
 393381
 1036493
 660909
 903732
 921968
 125728
 812597
 421769
 522218
 866843
 551678
 654957
 962043
 300204
 636373
 1010655
 854958
 776199
